34928	35048	35167	35286	35405	35524	35644	35763	35882	36001	36120	36240	36359	36478	36597	36716	36836	36955	37074	37193	37313	37432	37551	37670	37789	37909	38028	38147	38266	38385	38505	38624	38743	38862	38981	39101	39220	39339	39458	39577	39697	39816	39935	40054	40174	40293	40412	40531	40650	40770	40889	41008	41127	41246	41366	41485	41604	41723	41842	41962	42081	42200	42319	42439	42558	42677	42796	42915	43035	43154	43273	43392	43511	43631	43750	43869	43988	44107	44227	44346	44465	44584	44703	44823	4494264	170	2	2	119	0	1953125	12	0	10797	2	0	0	0	0	0	198	254	374	474	505	463	464	372	314	291	250	272	310	340	302	243	198	97	61	168	315	438	507	615	663	691	662	588	509	416	424	469	580	641	754	778	919	903	890	791	694	735	607	716	651	826	742	978	876	1000	833	796	831	858	725	478	895	637	870	645	870	789	695	715	678	632	562	575	497	528	540	526	508	491	418	402	359	291	286	250	219	211	187	142	133
64	170	2	2	119	0	1953125	12	0	10797	2	0	0	0	0	0	198	254	374	474	505	463	464	372	314	291	250	272	310	340	302	243	198	97	61	168	315	438	507	615	663	691	662	588	509	416	424	469	580	641	754	778	919	903	890	791	694	735	607	716	651	826	742	978	876	1000	833	796	831	858	725	478	895	637	870	645	870	789	695	715	678	632	562	575	497	528	540	526	508	491	418	402	359	291	286	250	219	211	187	142	133
64	170	2	2	119	0	1953125	12	0	10797	2	0	0	0	0	0	10	42	80	120	88	117	21	123	60	92	39	90	91	103	51	77	64	83	26	92	138	62	112	164	330	89	120	66	304	223	107	145	84	153	154	421	272	98	160	509	321	122	355	384	583	405	631	537	260	452	676	1000	472	523	612	987	750	84	394	383	331	219	374	326	73	77	205	296	70	220	140	135	89	184	210	12	104	74	153	39	126	145	60	54	57
64	170	2	2	119	0	1953125	12	0	10797	2	0	0	0	0	0	10	42	80	120	88	117	21	123	60	92	39	90	91	103	51	77	64	83	26	92	138	62	112	164	330	89	120	66	304	223	107	145	84	153	154	421	272	98	160	509	321	122	355	384	583	405	631	537	260	452	676	1000	472	523	612	987	750	84	394	383	331	219	374	326	73	77	205	296	70	220	140	135	89	184	210	12	104	74	153	39	126	145	60	54	57
64	170	2	2	119	0	1953125	12	0	10797	2	0	0	0	0	0	165	236	352	409	444	437	410	345	287	236	226	244	278	305	273	244	167	88	46	156	295	382	467	547	596	603	576	510	451	405	407	430	455	581	638	729	838	779	780	723	698	586	581	534	717	693	579	854	1000	810	763	690	831	658	570	902	342	457	964	728	611	743	652	647	598	564	495	462	464	518	485	447	458	418	381	363	328	293	211	215	205	206	126	167	75
64	170	2	2	119	0	1953125	12	0	10797	2	0	0	0	0	0	165	236	352	409	444	437	410	345	287	236	226	244	278	305	273	244	167	88	46	156	295	382	467	547	596	603	576	510	451	405	407	430	455	581	638	729	838	779	780	723	698	586	581	534	717	693	579	854	1000	810	763	690	831	658	570	902	342	457	964	728	611	743	652	647	598	564	495	462	464	518	485	447	458	418	381	363	328	293	211	215	205	206	126	167	75
64	170	2	2	119	0	1953125	12	0	10797	2	0	0	0	0	0	155	233	328	368	402	414	378	333	270	228	210	235	264	269	274	230	157	87	43	148	256	359	452	517	553	587	546	488	466	352	340	367	474	573	626	689	715	787	731	717	577	544	536	591	661	632	533	790	999	726	692	663	768	587	548	862	343	470	840	669	657	647	603	591	585	524	476	447	435	457	441	464	420	395	365	334	314	245	222	198	193	173	173	115	103
64	170	2	2	119	0	1953125	12	0	10797	2	0	0	0	0	0	155	233	328	368	402	414	378	333	270	228	210	235	264	269	274	230	157	87	43	148	256	359	452	517	553	587	546	488	466	352	340	367	474	573	626	689	715	787	731	717	577	544	536	591	661	632	533	790	999	726	692	663	768	587	548	862	343	470	840	669	657	647	603	591	585	524	476	447	435	457	441	464	420	395	365	334	314	245	222	198	193	173	173	115	103
64	170	2	2	119	0	1953125	12	0	10797	2	0	0	0	0	0	167	294	374	458	480	480	452	378	324	277	246	289	307	323	305	287	178	97	47	166	298	428	542	625	654	665	615	583	513	467	411	447	572	624	721	863	865	848	825	860	766	643	651	703	703	672	777	1000	987	791	848	935	812	807	670	719	665	765	812	714	713	849	838	670	657	586	565	553	520	530	513	528	491	490	471	382	335	303	263	247	225	220	143	144	155
64	170	2	2	119	0	1953125	12	0	10797	2	0	0	0	0	0	167	294	374	458	480	480	452	378	324	277	246	289	307	323	305	287	178	97	47	166	298	428	542	625	654	665	615	583	513	467	411	447	572	624	721	863	865	848	825	860	766	643	651	703	703	672	777	1000	987	791	848	935	812	807	670	719	665	765	812	714	713	849	838	670	657	586	565	553	520	530	513	528	491	490	471	382	335	303	263	247	225	220	143	144	155
64	170	2	2	119	0	1953125	12	0	10797	2	0	0	0	0	0	44	91	75	103	72	112	97	97	64	118	81	97	32	133	54	98	56	115	86	76	140	72	155	30	196	70	176	38	233	204	227	231	46	229	182	308	223	306	235	301	328	328	392	28	228	497	414	513	353	314	707	420	226	422	478	1000	709	545	268	183	331	378	445	236	268	140	298	256	229	255	174	277	162	239	150	212	137	173	173	156	155	116	160	122	142
64	170	2	2	119	0	1953125	12	0	10797	2	0	0	0	0	0	44	91	75	103	72	112	97	97	64	118	81	97	32	133	54	98	56	115	86	76	140	72	155	30	196	70	176	38	233	204	227	231	46	229	182	308	223	306	235	301	328	328	392	28	228	497	414	513	353	314	707	420	226	422	478	1000	709	545	268	183	331	378	445	236	268	140	298	256	229	255	174	277	162	239	150	212	137	173	173	156	155	116	160	122	142
64	170	2	2	119	0	1953125	12	0	10797	2	0	0	0	0	0	65	77	32	95	36	126	24	93	45	96	52	52	84	73	91	70	93	91	71	91	85	144	130	149	163	136	183	118	260	213	298	185	153	222	303	338	222	342	169	397	289	408	367	93	187	545	451	438	388	267	822	435	266	341	509	1000	667	597	252	195	258	440	431	252	279	125	315	226	251	234	180	257	147	218	120	201	107	134	107	108	91	91	132	130	145
64	170	2	2	119	0	1953125	12	0	10797	2	0	0	0	0	0	65	77	32	95	36	126	24	93	45	96	52	52	84	73	91	70	93	91	71	91	85	144	130	149	163	136	183	118	260	213	298	185	153	222	303	338	222	342	169	397	289	408	367	93	187	545	451	438	388	267	822	435	266	341	509	1000	667	597	252	195	258	440	431	252	279	125	315	226	251	234	180	257	147	218	120	201	107	134	107	108	91	91	132	130	145
64	170	2	2	119	0	1953125	12	0	10797	2	0	0	0	0	0	77	36	89	56	105	85	78	63	104	74	68	25	109	39	87	23	111	79	80	98	77	124	98	125	132	95	124	129	228	143	172	96	162	158	198	253	89	270	99	260	172	212	311	257	281	452	340	440	397	171	647	378	167	500	479	1000	700	484	296	304	268	307	400	194	151	60	212	217	128	236	69	241	97	164	118	149	164	119	181	124	167	120	110	87	66
64	170	2	2	119	0	1953125	12	0	10797	2	0	0	0	0	0	77	36	89	56	105	85	78	63	104	74	68	25	109	39	87	23	111	79	80	98	77	124	98	125	132	95	124	129	228	143	172	96	162	158	198	253	89	270	99	260	172	212	311	257	281	452	340	440	397	171	647	378	167	500	479	1000	700	484	296	304	268	307	400	194	151	60	212	217	128	236	69	241	97	164	118	149	164	119	181	124	167	120	110	87	66
64	170	2	2	119	0	1953125	12	0	10797	2	0	0	0	0	0	80	115	52	148	37	153	46	140	65	140	82	119	108	151	86	104	92	124	75	93	119	108	131	118	196	92	188	76	254	177	274	201	100	156	272	314	185	310	113	339	218	383	383	102	132	535	403	379	361	154	786	325	255	354	552	999	659	666	253	215	232	498	352	279	237	135	302	199	283	152	229	197	211	190	179	197	126	194	147	174	107	115	82	119	136
64	170	2	2	119	0	1953125	12	0	10797	2	0	0	0	0	0	80	115	52	148	37	153	46	140	65	140	82	119	108	151	86	104	92	124	75	93	119	108	131	118	196	92	188	76	254	177	274	201	100	156	272	314	185	310	113	339	218	383	383	102	132	535	403	379	361	154	786	325	255	354	552	999	659	666	253	215	232	498	352	279	237	135	302	199	283	152	229	197	211	190	179	197	126	194	147	174	107	115	82	119	136
64	170	2	2	119	0	1953125	12	0	10797	2	0	0	0	0	0	65	109	146	153	177	173	163	141	115	91	96	99	109	110	117	102	70	35	21	58	107	160	185	223	240	243	249	200	219	137	203	118	271	173	344	210	408	286	335	251	357	244	260	364	206	505	410	847	359	1000	371	889	238	830	124	398	221	326	303	292	295	338	308	238	282	168	262	179	212	168	196	191	206	191	162	146	135	112	102	87	82	54	64	64	51
64	170	2	2	119	0	1953125	12	0	10797	2	0	0	0	0	0	65	109	146	153	177	173	163	141	115	91	96	99	109	110	117	102	70	35	21	58	107	160	185	223	240	243	249	200	219	137	203	118	271	173	344	210	408	286	335	251	357	244	260	364	206	505	410	847	359	1000	371	889	238	830	124	398	221	326	303	292	295	338	308	238	282	168	262	179	212	168	196	191	206	191	162	146	135	112	102	87	82	54	64	64	51
64	170	2	2	119	0	1953125	12	0	10797	2	0	0	0	0	0	85	88	66	117	62	126	73	123	70	98	114	92	97	67	118	79	105	105	103	123	71	152	86	174	103	207	153	135	148	227	336	229	247	161	346	253	430	361	353	408	388	582	400	271	161	692	491	581	421	402	897	362	572	381	737	1000	797	684	118	318	428	661	423	448	282	317	352	334	332	198	281	197	280	172	255	198	154	133	153	163	103	128	137	207	197
64	170	2	2	119	0	1953125	12	0	10797	2	0	0	0	0	0	85	88	66	117	62	126	73	123	70	98	114	92	97	67	118	79	105	105	103	123	71	152	86	174	103	207	153	135	148	227	336	229	247	161	346	253	430	361	353	408	388	582	400	271	161	692	491	581	421	402	897	362	572	381	737	1000	797	684	118	318	428	661	423	448	282	317	352	334	332	198	281	197	280	172	255	198	154	133	153	163	103	128	137	207	197
64	170	2	2	119	0	1953125	12	0	10797	2	0	0	0	0	0	119	104	104	119	85	132	87	126	91	121	111	95	107	97	134	98	115	128	136	116	122	129	180	100	195	104	219	64	263	230	290	266	88	251	194	378	288	376	264	356	414	377	398	32	295	564	410	630	366	452	697	436	385	528	620	999	892	542	172	156	520	468	445	412	192	308	257	388	251	241	209	241	287	146	234	152	207	150	162	153	67	118	186	253	196
64	170	2	2	119	0	1953125	12	0	10797	2	0	0	0	0	0	119	104	104	119	85	132	87	126	91	121	111	95	107	97	134	98	115	128	136	116	122	129	180	100	195	104	219	64	263	230	290	266	88	251	194	378	288	376	264	356	414	377	398	32	295	564	410	630	366	452	697	436	385	528	620	999	892	542	172	156	520	468	445	412	192	308	257	388	251	241	209	241	287	146	234	152	207	150	162	153	67	118	186	253	196
64	170	2	2	119	0	1953125	12	0	10797	2	0	0	0	0	0	279	226	197	338	421	359	194	244	371	350	240	277	385	359	247	252	329	341	324	361	356	255	202	374	505	444	252	184	341	402	481	388	317	217	264	497	579	444	277	212	370	557	566	344	344	412	131	1000	530	835	621	167	893	580	674	510	259	259	709	563	581	290	202	382	569	502	448	306	208	376	516	493	421	260	285	409	454	440	372	308	320	391	418	414	357
64	170	2	2	119	0	1953125	12	0	10797	2	0	0	0	0	0	279	226	197	338	421	359	194	244	371	350	240	277	385	359	247	252	329	341	324	361	356	255	202	374	505	444	252	184	341	402	481	388	317	217	264	497	579	444	277	212	370	557	566	344	344	412	131	1000	530	835	621	167	893	580	674	510	259	259	709	563	581	290	202	382	569	502	448	306	208	376	516	493	421	260	285	409	454	440	372	308	320	391	418	414	357
64	170	2	2	119	0	1953125	12	0	10797	2	0	0	0	0	0	54	31	96	16	120	26	122	13	104	6	89	53	127	27	94	44	120	76	77	106	70	164	66	179	122	143	122	191	279	185	171	94	179	198	189	307	121	287	110	316	275	163	228	226	364	473	282	526	402	297	542	249	209	638	596	1000	911	598	193	287	430	334	340	359	61	198	115	282	229	188	200	128	239	124	207	125	139	166	116	149	92	230	215	204	131
64	170	2	2	119	0	1953125	12	0	10797	2	0	0	0	0	0	54	31	96	16	120	26	122	13	104	6	89	53	127	27	94	44	120	76	77	106	70	164	66	179	122	143	122	191	279	185	171	94	179	198	189	307	121	287	110	316	275	163	228	226	364	473	282	526	402	297	542	249	209	638	596	1000	911	598	193	287	430	334	340	359	61	198	115	282	229	188	200	128	239	124	207	125	139	166	116	149	92	230	215	204	131
64	170	2	2	119	0	1953125	12	0	10797	2	0	0	0	0	0	78	105	55	162	47	154	59	141	69	134	111	109	132	140	134	92	119	139	106	123	108	173	115	194	160	184	157	169	241	245	330	187	204	141	374	231	342	294	249	345	305	479	257	175	198	735	366	403	345	352	811	166	483	514	793	1000	787	627	67	252	479	593	322	442	173	317	254	349	263	263	272	225	297	185	296	139	226	174	270	199	177	181	271	328	282
64	170	2	2	119	0	1953125	12	0	10797	2	0	0	0	0	0	78	105	55	162	47	154	59	141	69	134	111	109	132	140	134	92	119	139	106	123	108	173	115	194	160	184	157	169	241	245	330	187	204	141	374	231	342	294	249	345	305	479	257	175	198	735	366	403	345	352	811	166	483	514	793	1000	787	627	67	252	479	593	322	442	173	317	254	349	263	263	272	225	297	185	296	139	226	174	270	199	177	181	271	328	282
64	170	2	2	119	0	1953125	12	0	10797	2	0	0	0	0	0	62	103	48	132	30	128	46	116	52	115	83	87	87	101	110	99	92	96	76	114	98	145	116	153	134	171	178	116	185	213	332	209	196	159	334	267	349	336	263	399	355	529	327	200	175	639	413	422	401	336	823	268	528	452	775	1000	729	584	12	320	402	599	363	416	206	302	331	318	287	210	310	200	272	159	250	150	194	170	157	149	159	171	60	122	195
64	170	2	2	119	0	1953125	12	0	10797	2	0	0	0	0	0	62	103	48	132	30	128	46	116	52	115	83	87	87	101	110	99	92	96	76	114	98	145	116	153	134	171	178	116	185	213	332	209	196	159	334	267	349	336	263	399	355	529	327	200	175	639	413	422	401	336	823	268	528	452	775	1000	729	584	12	320	402	599	363	416	206	302	331	318	287	210	310	200	272	159	250	150	194	170	157	149	159	171	60	122	195
64	170	2	2	119	0	1953125	12	0	10797	2	0	0	0	0	0	30	83	55	96	100	61	74	99	119	68	63	71	55	96	67	96	81	69	103	105	134	137	75	163	86	212	13	192	123	257	207	28	130	80	332	126	242	163	134	291	174	351	286	199	189	509	224	189	410	112	746	247	252	430	631	1000	639	522	324	376	258	410	348	173	247	26	236	183	261	238	59	222	148	278	113	171	117	144	161	173	230	169	171	139	104
64	170	2	2	119	0	1953125	12	0	10797	2	0	0	0	0	0	30	83	55	96	100	61	74	99	119	68	63	71	55	96	67	96	81	69	103	105	134	137	75	163	86	212	13	192	123	257	207	28	130	80	332	126	242	163	134	291	174	351	286	199	189	509	224	189	410	112	746	247	252	430	631	1000	639	522	324	376	258	410	348	173	247	26	236	183	261	238	59	222	148	278	113	171	117	144	161	173	230	169	171	139	104
64	170	2	2	119	0	1953125	12	0	10797	2	0	0	0	0	0	99	57	126	168	76	108	178	95	116	170	100	158	176	93	161	176	116	143	147	179	188	110	231	274	117	213	321	211	183	290	302	284	187	334	428	218	321	486	397	296	357	484	364	286	264	566	123	381	729	518	700	360	1000	589	580	655	625	547	341	366	461	265	298	470	433	284	381	441	362	247	295	365	244	198	303	267	181	190	226	186	146	217	235	219	235
64	170	2	2	119	0	1953125	12	0	10797	2	0	0	0	0	0	99	57	126	168	76	108	178	95	116	170	100	158	176	93	161	176	116	143	147	179	188	110	231	274	117	213	321	211	183	290	302	284	187	334	428	218	321	486	397	296	357	484	364	286	264	566	123	381	729	518	700	360	1000	589	580	655	625	547	341	366	461	265	298	470	433	284	381	441	362	247	295	365	244	198	303	267	181	190	226	186	146	217	235	219	235
64	170	2	2	119	0	1953125	12	0	10797	2	0	0	0	0	0	87	66	92	109	62	98	65	80	86	76	93	67	113	49	111	68	120	84	73	98	77	110	78	151	151	113	149	147	267	168	172	76	190	187	217	272	80	262	28	360	256	198	259	264	290	405	273	331	460	195	594	238	102	535	529	1000	712	430	242	386	346	313	380	180	178	66	201	204	132	203	51	226	68	150	88	156	135	111	162	82	110	75	123	101	41
64	170	2	2	119	0	1953125	12	0	10797	2	0	0	0	0	0	87	66	92	109	62	98	65	80	86	76	93	67	113	49	111	68	120	84	73	98	77	110	78	151	151	113	149	147	267	168	172	76	190	187	217	272	80	262	28	360	256	198	259	264	290	405	273	331	460	195	594	238	102	535	529	1000	712	430	242	386	346	313	380	180	178	66	201	204	132	203	51	226	68	150	88	156	135	111	162	82	110	75	123	101	41
64	170	2	2	119	0	1953125	12	0	10797	2	0	0	0	0	0	72	50	118	49	140	39	127	55	120	97	96	87	77	146	85	112	86	106	83	94	158	117	158	132	174	160	137	122	198	290	168	176	8	208	228	211	287	200	273	181	365	218	244	139	329	483	212	439	389	333	513	250	200	577	509	999	793	467	204	344	418	340	427	221	194	96	275	236	152	212	144	274	118	225	129	171	99	170	188	145	131	164	266	272	260
64	170	2	2	119	0	1953125	12	0	10797	2	0	0	0	0	0	72	50	118	49	140	39	127	55	120	97	96	87	77	146	85	112	86	106	83	94	158	117	158	132	174	160	137	122	198	290	168	176	8	208	228	211	287	200	273	181	365	218	244	139	329	483	212	439	389	333	513	250	200	577	509	999	793	467	204	344	418	340	427	221	194	96	275	236	152	212	144	274	118	225	129	171	99	170	188	145	131	164	266	272	260
64	170	2	2	119	0	1953125	12	0	10797	2	0	0	0	0	0	107	87	109	76	114	75	115	63	107	68	138	68	105	101	150	84	90	90	106	92	109	139	129	142	152	200	147	173	154	265	248	305	144	248	276	323	382	328	405	308	466	395	461	149	299	550	441	541	427	467	670	430	378	605	629	999	694	405	125	419	551	531	526	323	364	241	413	326	318	279	282	280	220	248	207	232	177	250	186	196	178	244	202	121	78
64	170	2	2	119	0	1953125	12	0	10797	2	0	0	0	0	0	107	87	109	76	114	75	115	63	107	68	138	68	105	101	150	84	90	90	106	92	109	139	129	142	152	200	147	173	154	265	248	305	144	248	276	323	382	328	405	308	466	395	461	149	299	550	441	541	427	467	670	430	378	605	629	999	694	405	125	419	551	531	526	323	364	241	413	326	318	279	282	280	220	248	207	232	177	250	186	196	178	244	202	121	78
64	170	2	2	119	0	1953125	12	0	10797	2	0	0	0	0	0	109	65	152	45	146	50	160	61	114	61	135	88	122	88	128	91	103	85	97	112	89	148	110	177	96	225	117	195	99	295	311	297	245	173	350	213	492	261	467	306	498	569	447	308	120	698	358	641	262	468	799	314	551	553	876	1000	850	605	98	272	538	683	415	474	234	376	312	353	299	254	292	210	299	150	245	165	207	139	138	155	140	119	100	198	238
64	170	2	2	119	0	1953125	12	0	10797	2	0	0	0	0	0	109	65	152	45	146	50	160	61	114	61	135	88	122	88	128	91	103	85	97	112	89	148	110	177	96	225	117	195	99	295	311	297	245	173	350	213	492	261	467	306	498	569	447	308	120	698	358	641	262	468	799	314	551	553	876	1000	850	605	98	272	538	683	415	474	234	376	312	353	299	254	292	210	299	150	245	165	207	139	138	155	140	119	100	198	238
64	170	2	2	119	0	1953125	12	0	10797	2	0	0	0	0	0	62	45	102	12	124	26	113	16	100	58	115	53	95	58	120	54	93	67	105	115	88	152	39	173	66	222	102	175	179	247	269	105	174	123	314	217	281	325	134	363	243	451	337	92	121	496	371	342	395	176	729	285	257	418	567	1000	664	512	212	330	385	472	488	205	274	147	324	268	228	287	152	300	158	262	176	237	204	167	200	157	166	61	128	172	231
64	170	2	2	119	0	1953125	12	0	10797	2	0	0	0	0	0	62	45	102	12	124	26	113	16	100	58	115	53	95	58	120	54	93	67	105	115	88	152	39	173	66	222	102	175	179	247	269	105	174	123	314	217	281	325	134	363	243	451	337	92	121	496	371	342	395	176	729	285	257	418	567	1000	664	512	212	330	385	472	488	205	274	147	324	268	228	287	152	300	158	262	176	237	204	167	200	157	166	61	128	172	231
64	170	2	2	119	0	1953125	12	0	10797	2	0	0	0	0	0	76	84	90	81	108	85	114	78	82	102	87	111	51	128	71	128	67	110	104	92	139	93	192	72	187	81	211	85	215	199	263	269	106	260	208	351	263	357	274	366	388	422	462	86	211	473	448	485	400	361	744	432	296	425	566	1000	682	466	114	365	455	520	490	285	324	196	356	261	279	250	239	264	196	239	150	190	143	233	176	153	152	207	190	92	99
64	170	2	2	119	0	1953125	12	0	10797	2	0	0	0	0	0	76	84	90	81	108	85	114	78	82	102	87	111	51	128	71	128	67	110	104	92	139	93	192	72	187	81	211	85	215	199	263	269	106	260	208	351	263	357	274	366	388	422	462	86	211	473	448	485	400	361	744	432	296	425	566	1000	682	466	114	365	455	520	490	285	324	196	356	261	279	250	239	264	196	239	150	190	143	233	176	153	152	207	190	92	99
64	170	2	2	119	0	1953125	12	0	10797	2	0	0	0	0	0	109	77	110	86	123	129	98	97	121	113	128	85	152	100	147	85	117	97	97	131	102	177	116	163	109	199	180	146	233	247	339	178	182	198	334	301	288	388	185	396	272	490	381	120	184	598	458	403	448	296	890	402	386	387	580	1000	619	481	99	377	407	526	488	292	349	182	374	268	273	254	217	311	190	276	170	256	161	223	189	124	129	194	253	159	132
64	170	2	2	119	0	1953125	12	0	10797	2	0	0	0	0	0	109	77	110	86	123	129	98	97	121	113	128	85	152	100	147	85	117	97	97	131	102	177	116	163	109	199	180	146	233	247	339	178	182	198	334	301	288	388	185	396	272	490	381	120	184	598	458	403	448	296	890	402	386	387	580	1000	619	481	99	377	407	526	488	292	349	182	374	268	273	254	217	311	190	276	170	256	161	223	189	124	129	194	253	159	132
64	170	2	2	119	0	1953125	12	0	10797	2	0	0	0	0	0	89	107	80	156	49	152	27	117	73	139	76	88	111	127	108	93	82	112	115	115	99	132	164	140	196	102	202	76	252	196	280	176	131	217	250	316	205	372	151	348	266	407	382	109	227	538	441	410	452	294	797	400	240	406	527	1000	629	432	146	413	426	500	480	217	270	135	349	250	235	240	193	266	140	252	150	202	88	198	182	155	154	147	173	104	167
64	170	2	2	119	0	1953125	12	0	10797	2	0	0	0	0	0	89	107	80	156	49	152	27	117	73	139	76	88	111	127	108	93	82	112	115	115	99	132	164	140	196	102	202	76	252	196	280	176	131	217	250	316	205	372	151	348	266	407	382	109	227	538	441	410	452	294	797	400	240	406	527	1000	629	432	146	413	426	500	480	217	270	135	349	250	235	240	193	266	140	252	150	202	88	198	182	155	154	147	173	104	167
64	170	2	2	119	0	1953125	12	0	10797	2	0	0	0	0	0	38	49	97	27	110	38	140	33	92	32	87	98	118	32	60	94	127	89	92	83	107	184	56	190	26	203	44	222	187	200	184	54	231	105	330	133	233	248	63	281	142	362	337	229	227	578	313	298	386	82	855	354	231	366	547	1000	595	561	341	368	236	468	375	181	218	32	251	144	211	176	96	194	100	234	105	195	83	154	149	88	87	85	166	84	54
64	170	2	2	119	0	1953125	12	0	10797	2	0	0	0	0	0	38	49	97	27	110	38	140	33	92	32	87	98	118	32	60	94	127	89	92	83	107	184	56	190	26	203	44	222	187	200	184	54	231	105	330	133	233	248	63	281	142	362	337	229	227	578	313	298	386	82	855	354	231	366	547	1000	595	561	341	368	236	468	375	181	218	32	251	144	211	176	96	194	100	234	105	195	83	154	149	88	87	85	166	84	54
64	170	2	2	119	0	1953125	12	0	10797	2	0	0	0	0	0	189	293	377	457	505	480	451	382	310	280	246	288	287	332	324	276	179	114	57	170	321	431	541	603	682	703	673	578	487	444	472	491	507	662	729	855	944	816	904	793	856	644	660	545	780	856	783	975	935	966	1000	685	846	801	754	890	590	536	979	773	832	807	736	683	709	622	594	550	492	554	561	523	510	468	446	408	372	295	262	265	243	213	162	111	138
64	170	2	2	119	0	1953125	12	0	10797	2	0	0	0	0	0	189	293	377	457	505	480	451	382	310	280	246	288	287	332	324	276	179	114	57	170	321	431	541	603	682	703	673	578	487	444	472	491	507	662	729	855	944	816	904	793	856	644	660	545	780	856	783	975	935	966	1000	685	846	801	754	890	590	536	979	773	832	807	736	683	709	622	594	550	492	554	561	523	510	468	446	408	372	295	262	265	243	213	162	111	138
64	170	2	2	119	0	1953125	12	0	10797	2	0	0	0	0	0	175	270	366	423	477	454	412	360	289	261	246	276	298	309	311	273	203	92	51	166	265	395	518	615	637	631	625	595	504	430	391	409	551	620	759	786	774	896	845	809	649	698	623	738	597	635	895	768	945	922	852	1000	782	678	650	522	834	872	553	789	760	765	775	729	601	576	521	531	529	503	515	492	491	465	447	391	314	286	293	234	190	193	134	204	108
64	170	2	2	119	0	1953125	12	0	10797	2	0	0	0	0	0	175	270	366	423	477	454	412	360	289	261	246	276	298	309	311	273	203	92	51	166	265	395	518	615	637	631	625	595	504	430	391	409	551	620	759	786	774	896	845	809	649	698	623	738	597	635	895	768	945	922	852	1000	782	678	650	522	834	872	553	789	760	765	775	729	601	576	521	531	529	503	515	492	491	465	447	391	314	286	293	234	190	193	134	204	108
64	170	2	2	119	0	1953125	12	0	10797	2	0	0	0	0	0	153	238	335	415	427	418	388	322	273	227	219	255	263	279	266	232	176	91	51	160	270	355	463	530	601	588	551	502	481	390	420	390	429	554	630	821	765	744	734	827	632	552	552	521	779	455	863	849	620	961	819	669	892	999	367	755	474	755	726	610	747	634	702	607	592	508	507	447	514	462	455	443	444	442	385	341	314	251	242	217	190	180	140	185	63
64	170	2	2	119	0	1953125	12	0	10797	2	0	0	0	0	0	153	238	335	415	427	418	388	322	273	227	219	255	263	279	266	232	176	91	51	160	270	355	463	530	601	588	551	502	481	390	420	390	429	554	630	821	765	744	734	827	632	552	552	521	779	455	863	849	620	961	819	669	892	999	367	755	474	755	726	610	747	634	702	607	592	508	507	447	514	462	455	443	444	442	385	341	314	251	242	217	190	180	140	185	63
64	170	2	2	119	0	1953125	12	0	10797	2	0	0	0	0	0	47	67	93	51	116	38	95	48	106	36	70	67	83	59	65	77	91	66	79	98	89	142	38	197	43	190	29	242	207	190	165	19	226	123	302	234	180	304	9	322	148	294	277	222	274	475	367	419	453	192	769	435	227	399	458	1000	768	495	296	310	346	312	451	275	164	150	195	303	157	263	130	235	206	145	205	119	202	135	177	164	124	149	109	161	96
64	170	2	2	119	0	1953125	12	0	10797	2	0	0	0	0	0	47	67	93	51	116	38	95	48	106	36	70	67	83	59	65	77	91	66	79	98	89	142	38	197	43	190	29	242	207	190	165	19	226	123	302	234	180	304	9	322	148	294	277	222	274	475	367	419	453	192	769	435	227	399	458	1000	768	495	296	310	346	312	451	275	164	150	195	303	157	263	130	235	206	145	205	119	202	135	177	164	124	149	109	161	96
64	170	2	2	119	0	1953125	12	0	10797	2	0	0	0	0	0	118	45	126	64	152	68	125	39	137	79	134	36	108	85	110	64	111	116	80	82	116	151	88	153	136	209	90	170	150	291	194	159	63	209	314	188	359	199	367	142	371	284	288	42	287	602	290	545	243	377	649	492	422	377	461	1000	889	562	279	170	341	311	470	338	257	183	281	321	188	281	157	284	144	240	179	196	172	167	172	115	176	118	129	103	162
64	170	2	2	119	0	1953125	12	0	10797	2	0	0	0	0	0	118	45	126	64	152	68	125	39	137	79	134	36	108	85	110	64	111	116	80	82	116	151	88	153	136	209	90	170	150	291	194	159	63	209	314	188	359	199	367	142	371	284	288	42	287	602	290	545	243	377	649	492	422	377	461	1000	889	562	279	170	341	311	470	338	257	183	281	321	188	281	157	284	144	240	179	196	172	167	172	115	176	118	129	103	162
64	170	2	2	119	0	1953125	12	0	10797	2	0	0	0	0	0	106	52	119	25	153	41	135	61	156	81	123	99	147	95	125	106	143	113	125	146	130	191	95	219	110	254	91	241	211	320	262	95	219	180	428	171	405	261	273	281	304	429	181	199	225	728	375	386	262	325	905	325	463	366	678	1000	830	746	159	106	296	527	310	412	216	229	265	269	310	188	268	184	259	182	224	201	180	208	149	186	126	154	113	120	119
64	170	2	2	119	0	1953125	12	0	10797	2	0	0	0	0	0	106	52	119	25	153	41	135	61	156	81	123	99	147	95	125	106	143	113	125	146	130	191	95	219	110	254	91	241	211	320	262	95	219	180	428	171	405	261	273	281	304	429	181	199	225	728	375	386	262	325	905	325	463	366	678	1000	830	746	159	106	296	527	310	412	216	229	265	269	310	188	268	184	259	182	224	201	180	208	149	186	126	154	113	120	119
64	170	2	2	119	0	1953125	12	0	10797	2	0	0	0	0	0	67	105	153	196	198	194	185	167	138	110	108	117	131	144	141	130	98	54	22	56	120	157	226	252	265	292	300	295	252	179	152	228	294	314	233	215	321	388	497	406	450	289	527	323	324	131	235	921	861	1000	919	563	459	417	317	878	237	440	96	510	291	475	274	286	253	286	278	175	196	211	286	277	263	210	190	156	135	109	99	98	108	100	70	89	58
64	170	2	2	119	0	1953125	12	0	10797	2	0	0	0	0	0	67	105	153	196	198	194	185	167	138	110	108	117	131	144	141	130	98	54	22	56	120	157	226	252	265	292	300	295	252	179	152	228	294	314	233	215	321	388	497	406	450	289	527	323	324	131	235	921	861	1000	919	563	459	417	317	878	237	440	96	510	291	475	274	286	253	286	278	175	196	211	286	277	263	210	190	156	135	109	99	98	108	100	70	89	58
64	170	2	2	119	0	1953125	12	0	10797	2	0	0	0	0	0	56	42	26	43	81	87	29	41	32	95	80	37	25	18	105	86	69	32	60	65	101	125	43	16	86	128	157	65	155	142	156	99	159	142	82	272	87	239	161	161	162	130	133	77	580	315	228	191	367	32	651	532	441	211	423	1000	540	467	267	181	242	272	289	180	58	143	202	37	106	131	123	17	125	135	82	42	87	108	78	114	114	119	64	115	98
64	170	2	2	119	0	1953125	12	0	10797	2	0	0	0	0	0	56	42	26	43	81	87	29	41	32	95	80	37	25	18	105	86	69	32	60	65	101	125	43	16	86	128	157	65	155	142	156	99	159	142	82	272	87	239	161	161	162	130	133	77	580	315	228	191	367	32	651	532	441	211	423	1000	540	467	267	181	242	272	289	180	58	143	202	37	106	131	123	17	125	135	82	42	87	108	78	114	114	119	64	115	98
64	170	2	2	119	0	1953125	12	0	10797	2	0	0	0	0	0	108	87	91	78	112	97	126	90	118	72	134	88	127	80	134	82	101	103	127	96	137	147	153	132	207	217	137	139	238	314	210	269	108	276	240	350	295	392	345	356	381	388	419	101	334	622	579	419	450	372	838	416	354	378	619	1000	728	658	117	316	351	584	395	446	274	302	358	344	328	242	339	207	293	182	294	171	235	176	191	161	174	181	196	213	166
64	170	2	2	119	0	1953125	12	0	10797	2	0	0	0	0	0	108	87	91	78	112	97	126	90	118	72	134	88	127	80	134	82	101	103	127	96	137	147	153	132	207	217	137	139	238	314	210	269	108	276	240	350	295	392	345	356	381	388	419	101	334	622	579	419	450	372	838	416	354	378	619	1000	728	658	117	316	351	584	395	446	274	302	358	344	328	242	339	207	293	182	294	171	235	176	191	161	174	181	196	213	166
64	170	2	2	119	0	1953125	12	0	10797	2	0	0	0	0	0	53	97	50	128	47	133	61	124	56	119	79	112	71	111	91	116	86	114	97	103	110	120	160	113	174	120	211	82	222	189	305	225	158	216	249	292	265	414	263	423	324	504	423	167	208	553	514	409	412	321	866	446	359	341	615	1000	717	624	204	289	342	547	464	350	332	230	367	279	321	237	272	246	222	210	185	217	148	198	160	191	136	149	149	178	177
64	170	2	2	119	0	1953125	12	0	10797	2	0	0	0	0	0	53	97	50	128	47	133	61	124	56	119	79	112	71	111	91	116	86	114	97	103	110	120	160	113	174	120	211	82	222	189	305	225	158	216	249	292	265	414	263	423	324	504	423	167	208	553	514	409	412	321	866	446	359	341	615	1000	717	624	204	289	342	547	464	350	332	230	367	279	321	237	272	246	222	210	185	217	148	198	160	191	136	149	149	178	177
64	170	2	2	119	0	1953125	12	0	10797	2	0	0	0	0	0	59	89	64	88	66	100	80	93	59	101	66	110	43	109	60	120	65	104	100	86	127	86	182	67	200	100	210	78	233	231	269	268	136	287	212	344	309	433	366	382	427	431	462	177	323	568	508	564	420	472	788	557	368	481	576	1000	785	511	333	259	508	465	540	348	355	300	356	370	245	335	208	299	198	261	194	205	188	175	185	140	184	122	151	130	180
64	170	2	2	119	0	1953125	12	0	10797	2	0	0	0	0	0	59	89	64	88	66	100	80	93	59	101	66	110	43	109	60	120	65	104	100	86	127	86	182	67	200	100	210	78	233	231	269	268	136	287	212	344	309	433	366	382	427	431	462	177	323	568	508	564	420	472	788	557	368	481	576	1000	785	511	333	259	508	465	540	348	355	300	356	370	245	335	208	299	198	261	194	205	188	175	185	140	184	122	151	130	180
64	170	2	2	119	0	1953125	12	0	10797	2	0	0	0	0	0	95	59	114	55	131	93	129	91	138	111	125	62	129	78	136	77	146	120	106	114	101	187	104	178	114	217	163	142	191	232	296	152	174	155	304	243	308	374	214	359	227	434	295	162	196	573	465	343	440	285	850	369	274	398	621	999	677	559	189	294	371	534	495	280	333	225	383	281	299	315	258	310	197	290	192	261	176	229	213	191	197	161	210	175	199
64	170	2	2	119	0	1953125	12	0	10797	2	0	0	0	0	0	95	59	114	55	131	93	129	91	138	111	125	62	129	78	136	77	146	120	106	114	101	187	104	178	114	217	163	142	191	232	296	152	174	155	304	243	308	374	214	359	227	434	295	162	196	573	465	343	440	285	850	369	274	398	621	999	677	559	189	294	371	534	495	280	333	225	383	281	299	315	258	310	197	290	192	261	176	229	213	191	197	161	210	175	199
64	170	2	2	119	0	1953125	12	0	10797	2	0	0	0	0	0	91	49	124	24	132	47	117	33	111	40	83	57	123	58	101	53	111	61	74	106	97	164	47	196	58	191	55	211	193	222	215	24	203	114	344	158	302	291	120	252	159	381	257	162	207	633	370	305	342	166	853	311	271	366	625	1000	697	697	249	197	215	505	367	273	259	121	296	182	276	186	213	249	163	221	155	250	111	163	139	181	153	114	152	110	125
64	170	2	2	119	0	1953125	12	0	10797	2	0	0	0	0	0	91	49	124	24	132	47	117	33	111	40	83	57	123	58	101	53	111	61	74	106	97	164	47	196	58	191	55	211	193	222	215	24	203	114	344	158	302	291	120	252	159	381	257	162	207	633	370	305	342	166	853	311	271	366	625	1000	697	697	249	197	215	505	367	273	259	121	296	182	276	186	213	249	163	221	155	250	111	163	139	181	153	114	152	110	125
64	170	2	2	119	0	1953125	12	0	10797	2	0	0	0	0	0	67	75	76	86	106	71	93	69	62	107	74	86	23	113	49	98	58	112	76	64	123	83	156	61	198	72	197	50	244	185	266	217	113	223	234	311	229	416	236	355	253	439	390	110	210	590	527	399	446	286	873	372	345	364	618	1000	679	620	118	334	354	603	427	374	301	261	373	272	326	206	304	194	267	192	225	175	176	194	143	172	148	191	107	158	153
64	170	2	2	119	0	1953125	12	0	10797	2	0	0	0	0	0	67	75	76	86	106	71	93	69	62	107	74	86	23	113	49	98	58	112	76	64	123	83	156	61	198	72	197	50	244	185	266	217	113	223	234	311	229	416	236	355	253	439	390	110	210	590	527	399	446	286	873	372	345	364	618	1000	679	620	118	334	354	603	427	374	301	261	373	272	326	206	304	194	267	192	225	175	176	194	143	172	148	191	107	158	153
64	170	2	2	119	0	1953125	12	0	10797	2	0	0	0	0	0	116	97	131	121	94	114	120	113	112	118	157	90	126	84	165	96	136	124	118	136	85	200	108	217	108	259	167	175	198	299	387	207	223	168	410	260	437	406	366	418	342	620	436	260	107	745	571	571	385	313	999	440	598	253	645	989	805	765	220	307	352	671	467	438	313	299	397	310	361	229	316	233	259	189	231	231	187	222	170	217	166	220	186	174	160
64	170	2	2	119	0	1953125	12	0	10797	2	0	0	0	0	0	116	97	131	121	94	114	120	113	112	118	157	90	126	84	165	96	136	124	118	136	85	200	108	217	108	259	167	175	198	299	387	207	223	168	410	260	437	406	366	418	342	620	436	260	107	745	571	571	385	313	999	440	598	253	645	989	805	765	220	307	352	671	467	438	313	299	397	310	361	229	316	233	259	189	231	231	187	222	170	217	166	220	186	174	160
64	170	2	2	119	0	1953125	12	0	10797	2	0	0	0	0	0	141	219	288	354	387	382	337	291	252	193	193	239	243	240	246	207	148	91	31	126	256	327	408	481	521	535	494	454	393	367	328	415	398	482	570	686	642	701	687	645	581	525	542	596	415	699	680	615	542	1000	746	707	456	955	618	260	625	563	571	686	586	660	625	529	547	476	435	396	401	409	441	419	392	373	362	325	281	241	185	176	177	153	158	110	102
64	170	2	2	119	0	1953125	12	0	10797	2	0	0	0	0	0	141	219	288	354	387	382	337	291	252	193	193	239	243	240	246	207	148	91	31	126	256	327	408	481	521	535	494	454	393	367	328	415	398	482	570	686	642	701	687	645	581	525	542	596	415	699	680	615	542	1000	746	707	456	955	618	260	625	563	571	686	586	660	625	529	547	476	435	396	401	409	441	419	392	373	362	325	281	241	185	176	177	153	158	110	102
64	170	2	2	119	0	1953125	12	0	10797	2	0	0	0	0	0	54	93	39	109	36	128	56	98	45	131	76	101	48	111	75	108	75	111	93	102	132	108	165	96	210	119	226	66	262	225	284	220	153	287	251	340	245	433	283	389	338	432	416	131	297	577	561	525	398	342	780	483	300	394	534	1000	718	561	277	269	413	473	518	302	360	239	387	323	287	307	237	310	189	266	173	239	165	217	195	188	204	185	214	153	166
64	170	2	2	119	0	1953125	12	0	10797	2	0	0	0	0	0	54	93	39	109	36	128	56	98	45	131	76	101	48	111	75	108	75	111	93	102	132	108	165	96	210	119	226	66	262	225	284	220	153	287	251	340	245	433	283	389	338	432	416	131	297	577	561	525	398	342	780	483	300	394	534	1000	718	561	277	269	413	473	518	302	360	239	387	323	287	307	237	310	189	266	173	239	165	217	195	188	204	185	214	153	166
64	170	2	2	119	0	1953125	12	0	10797	2	0	0	0	0	0	62	100	62	115	59	126	79	104	51	119	80	112	50	115	77	119	68	102	90	87	111	96	166	88	195	112	226	72	226	196	281	226	150	282	257	353	273	436	299	399	363	482	459	171	300	583	587	536	453	406	798	496	329	447	575	1000	733	578	327	304	453	483	524	310	376	255	363	303	275	308	238	295	171	234	153	227	158	185	157	129	116	91	128	123	146
64	170	2	2	119	0	1953125	12	0	10797	2	0	0	0	0	0	62	100	62	115	59	126	79	104	51	119	80	112	50	115	77	119	68	102	90	87	111	96	166	88	195	112	226	72	226	196	281	226	150	282	257	353	273	436	299	399	363	482	459	171	300	583	587	536	453	406	798	496	329	447	575	1000	733	578	327	304	453	483	524	310	376	255	363	303	275	308	238	295	171	234	153	227	158	185	157	129	116	91	128	123	146
64	170	2	2	119	0	1953125	12	0	10797	2	0	0	0	0	0	92	122	56	145	45	156	51	141	69	141	86	128	85	129	100	132	99	126	119	110	143	106	191	96	238	112	232	58	268	249	282	248	128	310	223	357	276	432	326	351	389	417	444	125	343	615	543	615	388	461	770	558	344	491	573	1000	827	488	343	215	532	446	535	378	323	325	309	401	222	333	198	288	227	219	217	160	200	156	224	171	191	147	124	89	118
64	170	2	2	119	0	1953125	12	0	10797	2	0	0	0	0	0	92	122	56	145	45	156	51	141	69	141	86	128	85	129	100	132	99	126	119	110	143	106	191	96	238	112	232	58	268	249	282	248	128	310	223	357	276	432	326	351	389	417	444	125	343	615	543	615	388	461	770	558	344	491	573	1000	827	488	343	215	532	446	535	378	323	325	309	401	222	333	198	288	227	219	217	160	200	156	224	171	191	147	124	89	118
64	170	2	2	119	0	1953125	12	0	10797	2	0	0	0	0	0	74	72	75	89	97	125	67	109	38	85	72	50	64	82	69	47	46	16	13	52	74	108	104	106	180	161	98	87	167	185	154	42	206	212	147	165	296	114	280	238	218	271	390	447	685	725	103	767	563	287	726	376	764	999	633	996	916	868	348	507	526	298	72	232	220	116	83	155	165	122	46	81	75	126	128	37	68	91	94	9	111	129	93	134	114
64	170	2	2	119	0	1953125	12	0	10797	2	0	0	0	0	0	74	72	75	89	97	125	67	109	38	85	72	50	64	82	69	47	46	16	13	52	74	108	104	106	180	161	98	87	167	185	154	42	206	212	147	165	296	114	280	238	218	271	390	447	685	725	103	767	563	287	726	376	764	999	633	996	916	868	348	507	526	298	72	232	220	116	83	155	165	122	46	81	75	126	128	37	68	91	94	9	111	129	93	134	114
64	170	2	2	119	0	1953125	12	0	10797	2	0	0	0	0	0	58	94	47	119	34	136	41	112	81	103	117	62	114	74	142	90	119	128	114	116	155	148	176	103	218	123	222	107	278	243	245	200	179	259	284	286	331	308	301	292	354	400	316	153	292	738	427	497	289	534	650	420	219	485	512	1000	672	506	114	337	359	472	389	351	249	299	313	289	246	274	235	196	225	176	201	179	206	142	171	125	161	167	172	99	81
64	170	2	2	119	0	1953125	12	0	10797	2	0	0	0	0	0	58	94	47	119	34	136	41	112	81	103	117	62	114	74	142	90	119	128	114	116	155	148	176	103	218	123	222	107	278	243	245	200	179	259	284	286	331	308	301	292	354	400	316	153	292	738	427	497	289	534	650	420	219	485	512	1000	672	506	114	337	359	472	389	351	249	299	313	289	246	274	235	196	225	176	201	179	206	142	171	125	161	167	172	99	81
64	170	2	2	119	0	1953125	12	0	10797	2	0	0	0	0	0	84	53	93	75	79	60	100	75	94	61	91	44	118	43	126	63	117	80	101	131	113	116	100	147	163	106	158	129	256	155	132	71	198	235	171	268	121	318	115	301	259	247	261	204	405	571	380	515	423	303	707	432	287	539	519	1000	785	478	237	213	355	273	391	262	168	175	196	303	138	222	105	229	190	123	176	118	178	78	128	109	50	5	137	172	152
64	170	2	2	119	0	1953125	12	0	10797	2	0	0	0	0	0	84	53	93	75	79	60	100	75	94	61	91	44	118	43	126	63	117	80	101	131	113	116	100	147	163	106	158	129	256	155	132	71	198	235	171	268	121	318	115	301	259	247	261	204	405	571	380	515	423	303	707	432	287	539	519	1000	785	478	237	213	355	273	391	262	168	175	196	303	138	222	105	229	190	123	176	118	178	78	128	109	50	5	137	172	152
64	170	2	2	119	0	1953125	12	0	10797	2	0	0	0	0	0	85	72	83	81	88	76	94	76	93	56	110	56	96	63	120	62	89	79	79	75	86	129	87	138	119	189	96	159	154	263	220	244	148	236	288	262	377	290	402	273	463	395	410	160	384	703	491	572	355	534	739	490	275	530	621	999	788	469	263	296	514	440	486	312	357	264	355	331	259	298	233	274	168	227	158	192	138	185	138	149	152	128	92	159	208
64	170	2	2	119	0	1953125	12	0	10797	2	0	0	0	0	0	85	72	83	81	88	76	94	76	93	56	110	56	96	63	120	62	89	79	79	75	86	129	87	138	119	189	96	159	154	263	220	244	148	236	288	262	377	290	402	273	463	395	410	160	384	703	491	572	355	534	739	490	275	530	621	999	788	469	263	296	514	440	486	312	357	264	355	331	259	298	233	274	168	227	158	192	138	185	138	149	152	128	92	159	208
