34928	35048	35167	35286	35405	35524	35644	35763	35882	36001	36120	36240	36359	36478	36597	36716	36836	36955	37074	37193	37313	37432	37551	37670	37789	37909	38028	38147	38266	38385	38505	38624	38743	38862	38981	39101	39220	39339	39458	39577	39697	39816	39935	40054	40174	40293	40412	40531	40650	40770	40889	41008	41127	41246	41366	41485	41604	41723	41842	41962	42081	42200	42319	42439	42558	42677	42796	42915	43035	43154	43273	43392	43511	43631	43750	43869	43988	44107	44227	44346	44465	44584	44703	44823	44942
64	170	2	2	119	0	1953125	12	0	12416	3	0	0	0	0	0	48	118	39	149	58	135	66	122	48	109	14	87	53	138	29	109	56	104	101	61	172	45	224	49	272	118	215	125	298	377	177	179	49	342	358	264	424	213	396	203	463	351	217	71	359	845	222	676	261	398	1000	364	751	510	622	993	892	746	83	129	438	606	309	539	211	286	270	283	339	164	283	182	323	215	220	218	157	206	108	231	202	239	168	13	55
64	170	2	2	119	0	1953125	12	0	12416	3	0	0	0	0	0	48	118	39	149	58	135	66	122	48	109	14	87	53	138	29	109	56	104	101	61	172	45	224	49	272	118	215	125	298	377	177	179	49	342	358	264	424	213	396	203	463	351	217	71	359	845	222	676	261	398	1000	364	751	510	622	993	892	746	83	129	438	606	309	539	211	286	270	283	339	164	283	182	323	215	220	218	157	206	108	231	202	239	168	13	55
64	170	2	2	119	0	1953125	12	0	12416	3	0	0	0	0	0	175	281	386	462	476	469	451	383	326	269	274	276	315	324	329	254	200	93	54	166	329	419	531	614	667	688	622	573	512	455	431	422	545	669	737	835	885	883	842	816	778	632	651	567	801	807	705	999	994	965	888	754	743	795	712	941	575	543	942	772	806	778	705	683	697	612	579	534	517	544	551	509	497	466	414	410	352	305	275	250	224	194	212	128	95
64	170	2	2	119	0	1953125	12	0	12416	3	0	0	0	0	0	175	281	386	462	476	469	451	383	326	269	274	276	315	324	329	254	200	93	54	166	329	419	531	614	667	688	622	573	512	455	431	422	545	669	737	835	885	883	842	816	778	632	651	567	801	807	705	999	994	965	888	754	743	795	712	941	575	543	942	772	806	778	705	683	697	612	579	534	517	544	551	509	497	466	414	410	352	305	275	250	224	194	212	128	95
64	170	2	2	119	0	1953125	12	0	12416	3	0	0	0	0	0	74	132	43	154	24	163	28	130	45	127	17	99	97	142	52	105	91	110	68	75	141	85	192	43	218	20	223	52	295	247	178	157	143	302	226	303	202	305	241	268	309	186	316	96	255	464	315	602	378	186	726	474	476	340	290	1000	793	509	227	298	420	290	398	268	206	182	190	273	111	239	68	269	155	180	169	109	146	101	186	92	143	92	78	55	200
64	170	2	2	119	0	1953125	12	0	12416	3	0	0	0	0	0	74	132	43	154	24	163	28	130	45	127	17	99	97	142	52	105	91	110	68	75	141	85	192	43	218	20	223	52	295	247	178	157	143	302	226	303	202	305	241	268	309	186	316	96	255	464	315	602	378	186	726	474	476	340	290	1000	793	509	227	298	420	290	398	268	206	182	190	273	111	239	68	269	155	180	169	109	146	101	186	92	143	92	78	55	200
64	170	2	2	119	0	1953125	12	0	12416	3	0	0	0	0	0	99	140	171	173	196	241	226	158	108	147	136	97	104	173	172	114	56	39	30	64	159	227	253	225	270	329	344	270	163	155	172	251	323	273	293	367	352	423	393	389	402	231	83	466	730	660	381	391	949	1000	627	271	730	716	485	295	216	222	397	580	353	256	276	317	341	328	252	211	190	213	262	277	256	174	138	178	201	182	130	56	73	94	116	101	62
64	170	2	2	119	0	1953125	12	0	12416	3	0	0	0	0	0	99	140	171	173	196	241	226	158	108	147	136	97	104	173	172	114	56	39	30	64	159	227	253	225	270	329	344	270	163	155	172	251	323	273	293	367	352	423	393	389	402	231	83	466	730	660	381	391	949	1000	627	271	730	716	485	295	216	222	397	580	353	256	276	317	341	328	252	211	190	213	262	277	256	174	138	178	201	182	130	56	73	94	116	101	62
64	170	2	2	119	0	1953125	12	0	12416	3	0	0	0	0	0	53	110	124	111	156	111	176	70	109	123	102	111	73	177	92	131	99	139	110	90	191	135	192	145	246	227	165	193	259	399	246	214	93	303	408	239	445	227	447	185	442	364	329	150	298	768	343	725	157	394	815	468	627	469	558	1000	946	625	127	125	512	490	409	476	194	346	237	422	269	313	259	236	280	161	306	158	244	154	214	150	163	220	197	155	65
64	170	2	2	119	0	1953125	12	0	12416	3	0	0	0	0	0	53	110	124	111	156	111	176	70	109	123	102	111	73	177	92	131	99	139	110	90	191	135	192	145	246	227	165	193	259	399	246	214	93	303	408	239	445	227	447	185	442	364	329	150	298	768	343	725	157	394	815	468	627	469	558	1000	946	625	127	125	512	490	409	476	194	346	237	422	269	313	259	236	280	161	306	158	244	154	214	150	163	220	197	155	65
64	170	2	2	119	0	1953125	12	0	12416	3	0	0	0	0	0	60	118	87	119	99	131	123	112	95	123	81	129	60	153	81	143	86	122	128	97	148	83	192	111	234	191	186	151	213	344	287	309	138	260	335	293	460	245	438	234	456	420	413	259	183	721	367	709	116	395	892	540	684	366	587	1000	962	695	170	136	441	582	407	526	252	329	277	349	310	236	293	198	289	147	255	196	214	186	165	223	190	215	102	80	104
64	170	2	2	119	0	1953125	12	0	12416	3	0	0	0	0	0	60	118	87	119	99	131	123	112	95	123	81	129	60	153	81	143	86	122	128	97	148	83	192	111	234	191	186	151	213	344	287	309	138	260	335	293	460	245	438	234	456	420	413	259	183	721	367	709	116	395	892	540	684	366	587	1000	962	695	170	136	441	582	407	526	252	329	277	349	310	236	293	198	289	147	255	196	214	186	165	223	190	215	102	80	104
64	170	2	2	119	0	1953125	12	0	12416	3	0	0	0	0	0	103	110	80	123	70	150	54	114	80	126	84	80	114	109	112	95	103	105	89	106	103	126	137	123	159	133	203	97	252	212	286	190	132	230	257	317	190	363	184	346	277	418	420	47	156	456	455	480	297	172	703	412	256	330	472	1000	728	525	227	250	377	369	428	237	320	184	276	258	207	263	147	287	166	238	148	172	129	136	162	107	133	112	181	128	140
64	170	2	2	119	0	1953125	12	0	12416	3	0	0	0	0	0	103	110	80	123	70	150	54	114	80	126	84	80	114	109	112	95	103	105	89	106	103	126	137	123	159	133	203	97	252	212	286	190	132	230	257	317	190	363	184	346	277	418	420	47	156	456	455	480	297	172	703	412	256	330	472	1000	728	525	227	250	377	369	428	237	320	184	276	258	207	263	147	287	166	238	148	172	129	136	162	107	133	112	181	128	140
64	170	2	2	119	0	1953125	12	0	12416	3	0	0	0	0	0	70	102	135	163	180	177	157	130	112	105	95	90	116	116	112	97	60	40	20	63	113	159	201	212	236	242	241	223	150	127	173	234	233	183	214	398	333	321	221	353	323	188	329	328	68	467	805	521	316	1000	914	383	333	809	375	350	136	297	428	312	248	251	237	298	306	221	162	180	223	222	170	159	195	185	154	135	134	116	98	82	88	72	60	47	40
64	170	2	2	119	0	1953125	12	0	12416	3	0	0	0	0	0	70	102	135	163	180	177	157	130	112	105	95	90	116	116	112	97	60	40	20	63	113	159	201	212	236	242	241	223	150	127	173	234	233	183	214	398	333	321	221	353	323	188	329	328	68	467	805	521	316	1000	914	383	333	809	375	350	136	297	428	312	248	251	237	298	306	221	162	180	223	222	170	159	195	185	154	135	134	116	98	82	88	72	60	47	40
64	170	2	2	119	0	1953125	12	0	12416	3	0	0	0	0	0	89	113	49	142	59	147	63	131	69	103	121	98	117	83	142	85	119	116	111	119	81	188	94	210	98	234	121	174	152	281	332	214	195	137	423	237	465	278	390	287	427	526	394	233	180	736	418	586	241	487	841	473	532	394	634	1000	941	622	201	163	469	458	432	477	294	327	268	399	230	299	225	273	220	205	236	160	193	160	201	109	169	150	165	105	111
64	170	2	2	119	0	1953125	12	0	12416	3	0	0	0	0	0	89	113	49	142	59	147	63	131	69	103	121	98	117	83	142	85	119	116	111	119	81	188	94	210	98	234	121	174	152	281	332	214	195	137	423	237	465	278	390	287	427	526	394	233	180	736	418	586	241	487	841	473	532	394	634	1000	941	622	201	163	469	458	432	477	294	327	268	399	230	299	225	273	220	205	236	160	193	160	201	109	169	150	165	105	111
64	170	2	2	119	0	1953125	12	0	12416	3	0	0	0	0	0	61	113	154	186	200	193	188	146	135	118	103	112	117	136	131	103	81	43	16	68	132	173	215	249	269	275	253	260	184	148	184	246	235	167	323	452	297	297	419	387	213	346	161	407	516	286	686	937	469	734	1000	473	306	915	403	200	180	524	423	227	278	300	363	255	230	284	263	197	204	244	239	175	200	200	169	162	143	116	107	101	97	86	92	48	35
64	170	2	2	119	0	1953125	12	0	12416	3	0	0	0	0	0	61	113	154	186	200	193	188	146	135	118	103	112	117	136	131	103	81	43	16	68	132	173	215	249	269	275	253	260	184	148	184	246	235	167	323	452	297	297	419	387	213	346	161	407	516	286	686	937	469	734	1000	473	306	915	403	200	180	524	423	227	278	300	363	255	230	284	263	197	204	244	239	175	200	200	169	162	143	116	107	101	97	86	92	48	35
64	170	2	2	119	0	1953125	12	0	12416	3	0	0	0	0	0	46	4	78	100	29	102	66	38	78	96	49	25	119	89	33	54	88	61	95	47	137	116	71	118	234	28	122	177	169	358	32	129	117	166	162	469	158	205	254	105	426	139	293	194	363	434	604	290	129	293	507	697	240	189	358	999	810	468	320	147	304	229	486	211	178	140	248	186	251	98	177	185	84	197	186	113	138	117	78	155	61	124	70	105	23
64	170	2	2	119	0	1953125	12	0	12416	3	0	0	0	0	0	46	4	78	100	29	102	66	38	78	96	49	25	119	89	33	54	88	61	95	47	137	116	71	118	234	28	122	177	169	358	32	129	117	166	162	469	158	205	254	105	426	139	293	194	363	434	604	290	129	293	507	697	240	189	358	999	810	468	320	147	304	229	486	211	178	140	248	186	251	98	177	185	84	197	186	113	138	117	78	155	61	124	70	105	23
64	170	2	2	119	0	1953125	12	0	12416	3	0	0	0	0	0	157	274	352	441	449	433	424	365	312	226	228	273	311	275	294	258	191	105	45	165	268	374	501	588	619	631	600	573	508	413	376	398	534	606	712	771	777	857	829	778	645	686	569	724	582	673	808	745	1000	829	737	980	925	540	621	637	676	801	612	788	700	789	763	687	593	548	485	515	530	494	477	507	465	485	421	374	304	287	231	230	240	163	192	126	119
64	170	2	2	119	0	1953125	12	0	12416	3	0	0	0	0	0	157	274	352	441	449	433	424	365	312	226	228	273	311	275	294	258	191	105	45	165	268	374	501	588	619	631	600	573	508	413	376	398	534	606	712	771	777	857	829	778	645	686	569	724	582	673	808	745	1000	829	737	980	925	540	621	637	676	801	612	788	700	789	763	687	593	548	485	515	530	494	477	507	465	485	421	374	304	287	231	230	240	163	192	126	119
64	170	2	2	119	0	1953125	12	0	12416	3	0	0	0	0	0	35	68	20	92	29	99	30	91	26	79	35	45	101	95	43	42	93	86	51	72	98	91	130	92	190	37	175	66	258	180	169	142	125	210	178	292	167	263	162	256	251	280	384	170	256	477	342	601	364	116	672	408	333	417	375	1000	747	554	344	329	323	322	407	231	220	156	188	238	166	248	23	219	118	174	115	131	152	77	150	105	151	65	84	78	106
64	170	2	2	119	0	1953125	12	0	12416	3	0	0	0	0	0	35	68	20	92	29	99	30	91	26	79	35	45	101	95	43	42	93	86	51	72	98	91	130	92	190	37	175	66	258	180	169	142	125	210	178	292	167	263	162	256	251	280	384	170	256	477	342	601	364	116	672	408	333	417	375	1000	747	554	344	329	323	322	407	231	220	156	188	238	166	248	23	219	118	174	115	131	152	77	150	105	151	65	84	78	106
64	170	2	2	119	0	1953125	12	0	12416	3	0	0	0	0	0	67	99	133	164	172	173	154	137	114	96	93	95	107	114	115	97	76	32	16	63	99	153	192	215	241	248	221	232	164	133	195	147	181	303	173	373	284	268	409	197	355	192	335	69	441	394	594	754	311	1000	311	720	641	502	450	233	302	410	184	334	312	252	300	257	179	253	190	161	237	176	208	199	160	182	154	133	126	100	91	86	85	75	70	42	47
64	170	2	2	119	0	1953125	12	0	12416	3	0	0	0	0	0	67	99	133	164	172	173	154	137	114	96	93	95	107	114	115	97	76	32	16	63	99	153	192	215	241	248	221	232	164	133	195	147	181	303	173	373	284	268	409	197	355	192	335	69	441	394	594	754	311	1000	311	720	641	502	450	233	302	410	184	334	312	252	300	257	179	253	190	161	237	176	208	199	160	182	154	133	126	100	91	86	85	75	70	42	47
64	170	2	2	119	0	1953125	12	0	12416	3	0	0	0	0	0	92	52	121	24	143	17	119	34	128	71	100	78	103	103	106	92	101	85	96	108	117	148	117	181	122	238	107	221	176	353	324	227	193	177	432	211	483	216	342	268	454	587	385	208	157	818	451	603	174	350	988	395	546	400	681	1000	822	692	97	257	374	642	388	484	284	292	325	318	372	249	331	226	310	218	257	242	199	236	178	229	150	200	175	186	145
64	170	2	2	119	0	1953125	12	0	12416	3	0	0	0	0	0	92	52	121	24	143	17	119	34	128	71	100	78	103	103	106	92	101	85	96	108	117	148	117	181	122	238	107	221	176	353	324	227	193	177	432	211	483	216	342	268	454	587	385	208	157	818	451	603	174	350	988	395	546	400	681	1000	822	692	97	257	374	642	388	484	284	292	325	318	372	249	331	226	310	218	257	242	199	236	178	229	150	200	175	186	145
64	170	2	2	119	0	1953125	12	0	12416	3	0	0	0	0	0	69	96	134	159	173	173	164	137	111	97	88	96	111	121	115	100	72	42	22	55	112	147	198	222	239	246	224	232	171	155	189	116	244	219	274	345	314	367	224	381	182	272	217	371	203	614	352	873	303	1000	343	760	457	677	342	88	450	177	339	349	264	301	252	277	273	170	248	161	205	202	164	209	166	192	161	152	125	108	98	83	70	65	66	68	46
64	170	2	2	119	0	1953125	12	0	12416	3	0	0	0	0	0	69	96	134	159	173	173	164	137	111	97	88	96	111	121	115	100	72	42	22	55	112	147	198	222	239	246	224	232	171	155	189	116	244	219	274	345	314	367	224	381	182	272	217	371	203	614	352	873	303	1000	343	760	457	677	342	88	450	177	339	349	264	301	252	277	273	170	248	161	205	202	164	209	166	192	161	152	125	108	98	83	70	65	66	68	46
64	170	2	2	119	0	1953125	12	0	12416	3	0	0	0	0	0	75	89	108	74	121	74	119	68	100	97	87	110	72	122	66	129	99	98	90	89	142	100	151	116	184	177	153	166	200	320	247	239	112	233	327	266	466	245	394	180	443	431	357	160	260	770	360	593	191	447	853	405	470	509	695	1000	904	607	151	188	476	565	362	467	235	356	281	376	312	269	289	213	304	171	274	182	198	156	186	200	166	210	169	169	99
64	170	2	2	119	0	1953125	12	0	12416	3	0	0	0	0	0	75	89	108	74	121	74	119	68	100	97	87	110	72	122	66	129	99	98	90	89	142	100	151	116	184	177	153	166	200	320	247	239	112	233	327	266	466	245	394	180	443	431	357	160	260	770	360	593	191	447	853	405	470	509	695	1000	904	607	151	188	476	565	362	467	235	356	281	376	312	269	289	213	304	171	274	182	198	156	186	200	166	210	169	169	99
64	170	2	2	119	0	1953125	12	0	12416	3	0	0	0	0	0	152	265	326	420	432	437	388	345	277	234	197	270	282	282	270	253	175	82	31	141	282	386	469	548	591	595	577	523	499	358	341	394	508	590	680	733	699	860	779	754	594	578	581	606	672	677	540	893	999	808	767	666	757	636	602	826	492	506	850	679	719	676	635	610	600	562	517	477	454	469	485	473	452	408	370	348	324	280	247	204	197	194	154	129	108
64	170	2	2	119	0	1953125	12	0	12416	3	0	0	0	0	0	152	265	326	420	432	437	388	345	277	234	197	270	282	282	270	253	175	82	31	141	282	386	469	548	591	595	577	523	499	358	341	394	508	590	680	733	699	860	779	754	594	578	581	606	672	677	540	893	999	808	767	666	757	636	602	826	492	506	850	679	719	676	635	610	600	562	517	477	454	469	485	473	452	408	370	348	324	280	247	204	197	194	154	129	108
64	170	2	2	119	0	1953125	12	0	12416	3	0	0	0	0	0	87	40	113	50	107	33	110	24	92	49	71	82	64	83	57	123	70	77	108	68	94	68	179	39	168	113	199	53	219	200	290	234	181	197	319	325	365	362	318	390	345	519	402	259	142	717	478	533	175	404	806	453	535	386	622	1000	939	599	210	245	556	485	463	397	289	265	325	350	202	283	179	234	128	223	114	174	118	165	85	159	137	64	45	150	171
64	170	2	2	119	0	1953125	12	0	12416	3	0	0	0	0	0	87	40	113	50	107	33	110	24	92	49	71	82	64	83	57	123	70	77	108	68	94	68	179	39	168	113	199	53	219	200	290	234	181	197	319	325	365	362	318	390	345	519	402	259	142	717	478	533	175	404	806	453	535	386	622	1000	939	599	210	245	556	485	463	397	289	265	325	350	202	283	179	234	128	223	114	174	118	165	85	159	137	64	45	150	171
64	170	2	2	119	0	1953125	12	0	12416	3	0	0	0	0	0	146	267	370	442	459	453	416	376	298	260	227	254	281	304	303	268	183	80	51	157	281	423	507	587	615	625	606	552	494	431	399	368	546	635	700	803	797	841	791	788	734	617	599	516	733	793	763	896	818	846	1000	635	680	829	680	674	742	659	730	613	888	688	688	654	661	596	547	495	507	472	487	508	497	457	382	384	332	303	248	220	202	208	191	150	72
64	170	2	2	119	0	1953125	12	0	12416	3	0	0	0	0	0	146	267	370	442	459	453	416	376	298	260	227	254	281	304	303	268	183	80	51	157	281	423	507	587	615	625	606	552	494	431	399	368	546	635	700	803	797	841	791	788	734	617	599	516	733	793	763	896	818	846	1000	635	680	829	680	674	742	659	730	613	888	688	688	654	661	596	547	495	507	472	487	508	497	457	382	384	332	303	248	220	202	208	191	150	72
64	170	2	2	119	0	1953125	12	0	12416	3	0	0	0	0	0	72	85	48	123	26	130	26	122	33	91	44	79	88	98	71	84	81	90	80	71	135	64	178	38	227	47	171	38	250	265	118	115	97	262	189	261	280	225	263	139	337	248	231	75	355	655	171	575	348	341	748	293	509	667	606	1000	899	679	92	148	418	464	270	416	123	218	157	265	269	147	213	153	273	140	170	153	146	156	106	185	84	136	163	243	207
64	170	2	2	119	0	1953125	12	0	12416	3	0	0	0	0	0	72	85	48	123	26	130	26	122	33	91	44	79	88	98	71	84	81	90	80	71	135	64	178	38	227	47	171	38	250	265	118	115	97	262	189	261	280	225	263	139	337	248	231	75	355	655	171	575	348	341	748	293	509	667	606	1000	899	679	92	148	418	464	270	416	123	218	157	265	269	147	213	153	273	140	170	153	146	156	106	185	84	136	163	243	207
64	170	2	2	119	0	1953125	12	0	12416	3	0	0	0	0	0	170	263	375	424	445	473	431	351	301	254	272	249	289	306	322	249	182	106	24	171	309	404	515	582	651	640	620	545	459	428	429	420	519	633	691	787	843	828	810	803	714	629	595	565	756	756	647	896	1000	908	862	714	784	689	663	919	434	530	941	759	709	762	687	653	638	590	546	501	515	516	492	514	459	453	402	378	347	302	252	210	224	199	166	119	144
64	170	2	2	119	0	1953125	12	0	12416	3	0	0	0	0	0	170	263	375	424	445	473	431	351	301	254	272	249	289	306	322	249	182	106	24	171	309	404	515	582	651	640	620	545	459	428	429	420	519	633	691	787	843	828	810	803	714	629	595	565	756	756	647	896	1000	908	862	714	784	689	663	919	434	530	941	759	709	762	687	653	638	590	546	501	515	516	492	514	459	453	402	378	347	302	252	210	224	199	166	119	144
64	170	2	2	119	0	1953125	12	0	12416	3	0	0	0	0	0	49	116	23	174	77	135	47	146	84	120	32	143	80	169	40	101	73	123	116	71	172	85	179	108	182	144	150	183	215	343	178	81	71	247	340	153	386	144	298	116	326	359	151	57	356	794	281	473	150	338	927	228	483	569	691	1000	778	725	111	186	335	616	322	380	228	180	277	219	345	183	223	181	231	250	106	174	81	187	82	155	120	74	61	176	227
64	170	2	2	119	0	1953125	12	0	12416	3	0	0	0	0	0	49	116	23	174	77	135	47	146	84	120	32	143	80	169	40	101	73	123	116	71	172	85	179	108	182	144	150	183	215	343	178	81	71	247	340	153	386	144	298	116	326	359	151	57	356	794	281	473	150	338	927	228	483	569	691	1000	778	725	111	186	335	616	322	380	228	180	277	219	345	183	223	181	231	250	106	174	81	187	82	155	120	74	61	176	227
64	170	2	2	119	0	1953125	12	0	12416	3	0	0	0	0	0	166	263	386	447	472	473	416	365	310	239	237	280	278	306	308	270	198	96	57	152	277	419	513	610	641	621	611	616	549	427	360	401	573	646	744	790	780	907	850	803	710	662	631	691	593	724	945	775	820	884	941	1000	733	740	695	412	899	853	499	712	895	743	745	709	647	586	551	538	511	496	487	526	498	496	437	359	352	298	277	228	206	178	160	207	103
64	170	2	2	119	0	1953125	12	0	12416	3	0	0	0	0	0	166	263	386	447	472	473	416	365	310	239	237	280	278	306	308	270	198	96	57	152	277	419	513	610	641	621	611	616	549	427	360	401	573	646	744	790	780	907	850	803	710	662	631	691	593	724	945	775	820	884	941	1000	733	740	695	412	899	853	499	712	895	743	745	709	647	586	551	538	511	496	487	526	498	496	437	359	352	298	277	228	206	178	160	207	103
64	170	2	2	119	0	1953125	12	0	12416	3	0	0	0	0	0	47	102	38	119	49	147	70	127	74	135	52	102	46	135	55	129	70	113	100	96	166	76	192	49	222	87	193	51	260	278	224	204	51	290	231	311	291	338	338	221	355	305	379	33	302	622	410	666	269	333	709	512	419	417	467	1000	851	473	208	212	514	391	448	366	279	275	234	375	221	321	150	253	194	209	229	152	189	122	184	91	194	203	215	124	94
64	170	2	2	119	0	1953125	12	0	12416	3	0	0	0	0	0	47	102	38	119	49	147	70	127	74	135	52	102	46	135	55	129	70	113	100	96	166	76	192	49	222	87	193	51	260	278	224	204	51	290	231	311	291	338	338	221	355	305	379	33	302	622	410	666	269	333	709	512	419	417	467	1000	851	473	208	212	514	391	448	366	279	275	234	375	221	321	150	253	194	209	229	152	189	122	184	91	194	203	215	124	94
64	170	2	2	119	0	1953125	12	0	12416	3	0	0	0	0	0	155	245	340	405	430	425	401	337	290	233	234	228	275	308	274	227	171	95	42	148	277	364	468	529	603	604	560	519	479	366	359	371	508	597	637	733	711	862	771	728	614	562	565	582	696	666	539	860	1000	826	721	699	741	630	532	868	463	481	888	681	690	661	632	606	580	555	522	471	448	479	468	490	427	404	366	362	302	291	222	205	208	185	154	153	77
64	170	2	2	119	0	1953125	12	0	12416	3	0	0	0	0	0	155	245	340	405	430	425	401	337	290	233	234	228	275	308	274	227	171	95	42	148	277	364	468	529	603	604	560	519	479	366	359	371	508	597	637	733	711	862	771	728	614	562	565	582	696	666	539	860	1000	826	721	699	741	630	532	868	463	481	888	681	690	661	632	606	580	555	522	471	448	479	468	490	427	404	366	362	302	291	222	205	208	185	154	153	77
64	170	2	2	119	0	1953125	12	0	12416	3	0	0	0	0	0	58	50	77	99	59	98	72	108	63	74	69	60	123	73	97	61	100	73	74	108	88	122	112	140	162	96	165	134	272	158	154	65	225	223	237	281	121	333	125	248	161	268	299	224	302	551	404	543	384	85	747	394	255	406	450	1000	623	483	221	295	294	318	358	161	268	108	241	199	179	229	73	239	91	184	76	158	111	85	120	121	157	41	82	99	165
64	170	2	2	119	0	1953125	12	0	12416	3	0	0	0	0	0	58	50	77	99	59	98	72	108	63	74	69	60	123	73	97	61	100	73	74	108	88	122	112	140	162	96	165	134	272	158	154	65	225	223	237	281	121	333	125	248	161	268	299	224	302	551	404	543	384	85	747	394	255	406	450	1000	623	483	221	295	294	318	358	161	268	108	241	199	179	229	73	239	91	184	76	158	111	85	120	121	157	41	82	99	165
64	170	2	2	119	0	1953125	12	0	12416	3	0	0	0	0	0	161	268	364	432	451	447	420	379	273	247	259	249	282	314	296	265	184	106	44	162	273	407	526	585	611	648	615	541	474	420	411	412	525	605	701	790	836	836	805	788	698	607	616	560	756	721	634	926	1000	904	795	708	810	685	617	907	468	517	949	750	686	740	687	658	613	589	554	504	496	536	491	479	446	455	426	375	341	287	239	193	229	233	205	97	122
64	170	2	2	119	0	1953125	12	0	12416	3	0	0	0	0	0	161	268	364	432	451	447	420	379	273	247	259	249	282	314	296	265	184	106	44	162	273	407	526	585	611	648	615	541	474	420	411	412	525	605	701	790	836	836	805	788	698	607	616	560	756	721	634	926	1000	904	795	708	810	685	617	907	468	517	949	750	686	740	687	658	613	589	554	504	496	536	491	479	446	455	426	375	341	287	239	193	229	233	205	97	122
64	170	2	2	119	0	1953125	12	0	12416	3	0	0	0	0	0	83	68	48	122	136	112	115	105	45	99	110	16	112	156	88	51	120	96	70	68	23	146	205	115	110	227	238	135	122	149	95	85	159	287	200	39	138	432	527	199	214	462	665	356	320	420	339	1000	480	355	884	494	455	336	203	836	332	111	157	498	449	173	55	272	321	149	51	140	225	199	71	205	236	152	14	107	147	101	39	54	82	49	26	117	107
64	170	2	2	119	0	1953125	12	0	12416	3	0	0	0	0	0	83	68	48	122	136	112	115	105	45	99	110	16	112	156	88	51	120	96	70	68	23	146	205	115	110	227	238	135	122	149	95	85	159	287	200	39	138	432	527	199	214	462	665	356	320	420	339	1000	480	355	884	494	455	336	203	836	332	111	157	498	449	173	55	272	321	149	51	140	225	199	71	205	236	152	14	107	147	101	39	54	82	49	26	117	107
64	170	2	2	119	0	1953125	12	0	12416	3	0	0	0	0	0	66	89	125	159	187	168	145	126	111	97	89	86	117	119	104	92	72	46	25	70	95	152	180	221	238	236	238	194	168	168	192	166	130	262	336	202	330	342	368	177	298	249	238	421	139	260	792	550	262	1000	669	158	510	739	216	56	311	460	324	186	338	279	282	220	186	250	225	168	179	216	209	156	177	185	150	122	118	107	93	96	76	78	62	64	33
64	170	2	2	119	0	1953125	12	0	12416	3	0	0	0	0	0	66	89	125	159	187	168	145	126	111	97	89	86	117	119	104	92	72	46	25	70	95	152	180	221	238	236	238	194	168	168	192	166	130	262	336	202	330	342	368	177	298	249	238	421	139	260	792	550	262	1000	669	158	510	739	216	56	311	460	324	186	338	279	282	220	186	250	225	168	179	216	209	156	177	185	150	122	118	107	93	96	76	78	62	64	33
64	170	2	2	119	0	1953125	12	0	12416	3	0	0	0	0	0	162	249	363	412	461	455	429	363	277	242	252	257	291	316	291	258	178	70	23	153	292	412	516	558	606	623	631	556	446	385	392	473	479	608	736	753	799	834	839	769	640	603	578	674	696	720	618	904	1000	823	806	698	689	805	682	715	742	678	629	689	843	651	680	690	657	624	519	478	477	486	494	482	473	442	421	367	347	286	252	223	176	207	170	144	114
64	170	2	2	119	0	1953125	12	0	12416	3	0	0	0	0	0	162	249	363	412	461	455	429	363	277	242	252	257	291	316	291	258	178	70	23	153	292	412	516	558	606	623	631	556	446	385	392	473	479	608	736	753	799	834	839	769	640	603	578	674	696	720	618	904	1000	823	806	698	689	805	682	715	742	678	629	689	843	651	680	690	657	624	519	478	477	486	494	482	473	442	421	367	347	286	252	223	176	207	170	144	114
64	170	2	2	119	0	1953125	12	0	12416	3	0	0	0	0	0	87	99	119	74	143	82	149	84	142	113	124	109	94	127	113	130	114	106	116	113	147	154	161	179	156	239	121	190	195	379	326	239	169	239	425	264	519	293	429	303	506	576	394	280	264	895	551	660	267	456	996	474	579	370	751	1000	847	657	285	408	464	674	442	510	363	381	416	358	394	277	352	257	302	240	268	272	195	234	189	254	189	228	207	201	180
64	170	2	2	119	0	1953125	12	0	12416	3	0	0	0	0	0	87	99	119	74	143	82	149	84	142	113	124	109	94	127	113	130	114	106	116	113	147	154	161	179	156	239	121	190	195	379	326	239	169	239	425	264	519	293	429	303	506	576	394	280	264	895	551	660	267	456	996	474	579	370	751	1000	847	657	285	408	464	674	442	510	363	381	416	358	394	277	352	257	302	240	268	272	195	234	189	254	189	228	207	201	180
64	170	2	2	119	0	1953125	12	0	12416	3	0	0	0	0	0	63	16	113	28	137	58	121	64	111	47	96	51	138	30	90	46	143	87	58	86	81	189	108	158	93	171	155	213	298	139	136	25	216	179	226	266	166	358	92	313	229	308	364	230	285	529	366	534	456	166	779	437	255	481	460	1000	624	377	149	262	380	257	387	203	272	182	206	255	158	288	80	239	149	223	203	136	170	99	196	152	161	103	89	111	112
64	170	2	2	119	0	1953125	12	0	12416	3	0	0	0	0	0	63	16	113	28	137	58	121	64	111	47	96	51	138	30	90	46	143	87	58	86	81	189	108	158	93	171	155	213	298	139	136	25	216	179	226	266	166	358	92	313	229	308	364	230	285	529	366	534	456	166	779	437	255	481	460	1000	624	377	149	262	380	257	387	203	272	182	206	255	158	288	80	239	149	223	203	136	170	99	196	152	161	103	89	111	112
64	170	2	2	119	0	1953125	12	0	12416	3	0	0	0	0	0	75	76	108	72	125	53	112	84	104	104	105	104	44	131	83	110	60	107	88	82	161	91	154	70	234	81	182	105	302	233	191	186	119	237	251	342	186	282	93	376	342	442	394	160	295	682	548	411	338	256	936	451	416	231	582	1000	718	636	80	344	309	499	300	400	256	264	333	280	283	176	299	171	270	161	263	139	199	178	173	164	164	199	151	194	152
64	170	2	2	119	0	1953125	12	0	12416	3	0	0	0	0	0	75	76	108	72	125	53	112	84	104	104	105	104	44	131	83	110	60	107	88	82	161	91	154	70	234	81	182	105	302	233	191	186	119	237	251	342	186	282	93	376	342	442	394	160	295	682	548	411	338	256	936	451	416	231	582	1000	718	636	80	344	309	499	300	400	256	264	333	280	283	176	299	171	270	161	263	139	199	178	173	164	164	199	151	194	152
64	170	2	2	119	0	1953125	12	0	12416	3	0	0	0	0	0	47	87	64	99	68	104	75	87	61	116	62	92	54	127	62	114	73	110	86	88	135	80	156	68	208	97	202	64	257	242	268	226	110	281	256	353	245	359	242	364	377	412	411	108	332	623	599	566	375	364	837	577	310	375	549	1000	717	507	298	299	441	400	462	295	367	240	342	299	255	282	204	282	178	238	145	215	150	174	151	149	149	126	161	140	159
64	170	2	2	119	0	1953125	12	0	12416	3	0	0	0	0	0	47	87	64	99	68	104	75	87	61	116	62	92	54	127	62	114	73	110	86	88	135	80	156	68	208	97	202	64	257	242	268	226	110	281	256	353	245	359	242	364	377	412	411	108	332	623	599	566	375	364	837	577	310	375	549	1000	717	507	298	299	441	400	462	295	367	240	342	299	255	282	204	282	178	238	145	215	150	174	151	149	149	126	161	140	159
64	170	2	2	119	0	1953125	12	0	12416	3	0	0	0	0	0	71	81	100	93	139	68	119	78	118	103	95	110	84	144	106	122	95	113	117	102	158	144	163	149	182	223	142	205	228	374	266	191	148	264	401	206	427	217	391	255	448	441	294	181	272	798	471	669	215	351	815	351	445	466	746	1000	838	591	147	268	407	547	307	419	219	342	323	340	310	215	293	194	278	163	243	182	187	192	172	200	152	214	182	191	151
64	170	2	2	119	0	1953125	12	0	12416	3	0	0	0	0	0	71	81	100	93	139	68	119	78	118	103	95	110	84	144	106	122	95	113	117	102	158	144	163	149	182	223	142	205	228	374	266	191	148	264	401	206	427	217	391	255	448	441	294	181	272	798	471	669	215	351	815	351	445	466	746	1000	838	591	147	268	407	547	307	419	219	342	323	340	310	215	293	194	278	163	243	182	187	192	172	200	152	214	182	191	151
64	170	2	2	119	0	1953125	12	0	12416	3	0	0	0	0	0	79	76	93	86	111	89	125	94	106	106	93	99	55	134	74	118	81	132	106	86	145	97	188	92	226	120	223	114	266	280	320	308	113	293	282	406	323	442	381	379	409	476	542	208	315	600	593	587	452	458	881	648	438	402	510	1000	829	669	404	350	555	544	544	330	434	332	426	371	324	333	248	314	210	264	175	239	162	215	193	200	208	207	216	140	139
64	170	2	2	119	0	1953125	12	0	12416	3	0	0	0	0	0	79	76	93	86	111	89	125	94	106	106	93	99	55	134	74	118	81	132	106	86	145	97	188	92	226	120	223	114	266	280	320	308	113	293	282	406	323	442	381	379	409	476	542	208	315	600	593	587	452	458	881	648	438	402	510	1000	829	669	404	350	555	544	544	330	434	332	426	371	324	333	248	314	210	264	175	239	162	215	193	200	208	207	216	140	139
64	170	2	2	119	0	1953125	12	0	12416	3	0	0	0	0	0	102	64	96	75	109	100	88	79	106	92	112	67	125	73	130	68	116	100	107	115	87	165	111	163	123	188	179	160	263	233	288	143	159	189	285	298	240	378	124	340	256	440	365	130	253	566	533	486	319	159	821	429	231	379	552	1000	664	432	132	342	462	417	460	242	353	221	350	320	230	300	176	304	169	259	186	257	226	194	205	164	221	164	145	64	123
64	170	2	2	119	0	1953125	12	0	12416	3	0	0	0	0	0	102	64	96	75	109	100	88	79	106	92	112	67	125	73	130	68	116	100	107	115	87	165	111	163	123	188	179	160	263	233	288	143	159	189	285	298	240	378	124	340	256	440	365	130	253	566	533	486	319	159	821	429	231	379	552	1000	664	432	132	342	462	417	460	242	353	221	350	320	230	300	176	304	169	259	186	257	226	194	205	164	221	164	145	64	123
64	170	2	2	119	0	1953125	12	0	12416	3	0	0	0	0	0	103	97	65	104	95	162	42	99	73	111	92	91	115	86	118	101	126	101	72	122	153	145	165	121	206	113	242	125	314	202	162	119	205	321	194	292	155	346	187	272	279	334	407	44	239	465	425	573	344	243	747	532	404	333	440	1000	826	502	223	268	451	340	436	277	260	222	227	311	162	316	170	309	191	172	197	198	222	121	218	162	143	87	213	247	241
64	170	2	2	119	0	1953125	12	0	12416	3	0	0	0	0	0	103	97	65	104	95	162	42	99	73	111	92	91	115	86	118	101	126	101	72	122	153	145	165	121	206	113	242	125	314	202	162	119	205	321	194	292	155	346	187	272	279	334	407	44	239	465	425	573	344	243	747	532	404	333	440	1000	826	502	223	268	451	340	436	277	260	222	227	311	162	316	170	309	191	172	197	198	222	121	218	162	143	87	213	247	241
64	170	2	2	119	0	1953125	12	0	12416	3	0	0	0	0	0	91	143	74	165	45	154	63	157	73	135	107	127	134	149	144	132	136	153	125	155	157	193	166	187	204	201	222	189	328	285	364	208	239	249	424	379	347	407	232	387	288	549	435	259	89	590	493	461	323	211	921	421	513	194	664	1000	844	684	17	317	370	564	304	449	258	270	303	350	337	193	294	185	278	163	282	163	183	190	187	149	141	206	118	27	115
64	170	2	2	119	0	1953125	12	0	12416	3	0	0	0	0	0	91	143	74	165	45	154	63	157	73	135	107	127	134	149	144	132	136	153	125	155	157	193	166	187	204	201	222	189	328	285	364	208	239	249	424	379	347	407	232	387	288	549	435	259	89	590	493	461	323	211	921	421	513	194	664	1000	844	684	17	317	370	564	304	449	258	270	303	350	337	193	294	185	278	163	282	163	183	190	187	149	141	206	118	27	115
64	170	2	2	119	0	1953125	12	0	12416	3	0	0	0	0	0	111	145	171	200	233	263	229	166	139	145	144	105	150	180	177	126	57	71	31	89	187	241	250	256	315	381	362	262	201	165	225	309	313	289	305	437	356	525	449	375	393	223	225	597	628	699	172	626	995	1000	201	429	707	829	255	337	243	407	513	492	349	301	338	384	387	324	269	222	226	263	307	293	228	185	198	224	222	174	99	76	120	127	117	67	44
64	170	2	2	119	0	1953125	12	0	12416	3	0	0	0	0	0	111	145	171	200	233	263	229	166	139	145	144	105	150	180	177	126	57	71	31	89	187	241	250	256	315	381	362	262	201	165	225	309	313	289	305	437	356	525	449	375	393	223	225	597	628	699	172	626	995	1000	201	429	707	829	255	337	243	407	513	492	349	301	338	384	387	324	269	222	226	263	307	293	228	185	198	224	222	174	99	76	120	127	117	67	44
64	170	2	2	119	0	1953125	12	0	12416	3	0	0	0	0	0	22	80	107	62	99	169	122	30	109	93	26	74	73	78	76	53	64	53	18	35	29	100	136	130	144	130	152	209	171	55	85	201	289	172	21	168	283	209	261	284	177	110	496	395	318	437	276	1000	635	222	844	581	678	347	396	830	504	285	201	583	401	109	243	291	179	115	254	258	141	111	294	262	82	119	185	144	42	51	87	43	45	94	83	29	74
64	170	2	2	119	0	1953125	12	0	12416	3	0	0	0	0	0	22	80	107	62	99	169	122	30	109	93	26	74	73	78	76	53	64	53	18	35	29	100	136	130	144	130	152	209	171	55	85	201	289	172	21	168	283	209	261	284	177	110	496	395	318	437	276	1000	635	222	844	581	678	347	396	830	504	285	201	583	401	109	243	291	179	115	254	258	141	111	294	262	82	119	185	144	42	51	87	43	45	94	83	29	74
64	170	2	2	119	0	1953125	12	0	12416	3	0	0	0	0	0	68	127	200	239	243	215	196	190	175	112	103	151	159	153	131	136	117	69	54	99	139	168	249	336	348	324	253	253	314	289	250	206	168	295	458	492	402	344	348	500	366	339	481	424	86	483	1000	833	406	624	977	774	696	291	440	520	413	484	252	271	566	426	420	334	270	239	292	308	317	262	185	226	283	300	224	162	144	144	159	135	115	91	67	59	98
64	170	2	2	119	0	1953125	12	0	12416	3	0	0	0	0	0	68	127	200	239	243	215	196	190	175	112	103	151	159	153	131	136	117	69	54	99	139	168	249	336	348	324	253	253	314	289	250	206	168	295	458	492	402	344	348	500	366	339	481	424	86	483	1000	833	406	624	977	774	696	291	440	520	413	484	252	271	566	426	420	334	270	239	292	308	317	262	185	226	283	300	224	162	144	144	159	135	115	91	67	59	98
64	170	2	2	119	0	1953125	12	0	12416	3	0	0	0	0	0	131	180	136	26	175	203	87	116	149	30	121	163	34	153	222	135	97	170	153	178	167	33	217	295	177	99	297	294	110	40	116	179	164	159	218	209	116	359	573	336	44	317	613	350	294	261	286	1000	437	494	714	326	617	125	401	919	467	259	250	696	568	121	162	337	373	158	90	167	195	80	205	319	241	80	154	238	221	127	37	105	118	62	65	86	51
64	170	2	2	119	0	1953125	12	0	12416	3	0	0	0	0	0	131	180	136	26	175	203	87	116	149	30	121	163	34	153	222	135	97	170	153	178	167	33	217	295	177	99	297	294	110	40	116	179	164	159	218	209	116	359	573	336	44	317	613	350	294	261	286	1000	437	494	714	326	617	125	401	919	467	259	250	696	568	121	162	337	373	158	90	167	195	80	205	319	241	80	154	238	221	127	37	105	118	62	65	86	51
64	170	2	2	119	0	1953125	12	0	12416	3	0	0	0	0	0	79	47	90	105	29	86	105	73	39	79	86	71	47	81	94	48	62	97	84	86	79	90	138	106	41	209	124	97	151	294	206	208	120	144	251	294	329	263	292	208	493	215	364	197	151	474	539	189	411	358	576	629	233	328	448	1000	708	525	199	193	316	383	475	337	233	206	340	188	289	229	186	231	217	140	228	163	140	149	153	135	207	144	126	102	89
64	170	2	2	119	0	1953125	12	0	12416	3	0	0	0	0	0	79	47	90	105	29	86	105	73	39	79	86	71	47	81	94	48	62	97	84	86	79	90	138	106	41	209	124	97	151	294	206	208	120	144	251	294	329	263	292	208	493	215	364	197	151	474	539	189	411	358	576	629	233	328	448	1000	708	525	199	193	316	383	475	337	233	206	340	188	289	229	186	231	217	140	228	163	140	149	153	135	207	144	126	102	89
64	170	2	2	119	0	1953125	12	0	12416	3	0	0	0	0	0	50	64	115	157	151	126	157	149	77	76	122	73	59	134	139	66	55	71	50	67	83	104	182	210	165	186	258	266	158	104	190	244	295	221	134	335	346	362	231	238	456	410	453	62	440	332	177	825	467	751	1000	505	364	214	103	813	332	116	82	443	463	353	56	210	343	346	186	26	158	292	318	172	86	202	228	183	72	45	107	119	108	74	41	51	71
64	170	2	2	119	0	1953125	12	0	12416	3	0	0	0	0	0	50	64	115	157	151	126	157	149	77	76	122	73	59	134	139	66	55	71	50	67	83	104	182	210	165	186	258	266	158	104	190	244	295	221	134	335	346	362	231	238	456	410	453	62	440	332	177	825	467	751	1000	505	364	214	103	813	332	116	82	443	463	353	56	210	343	346	186	26	158	292	318	172	86	202	228	183	72	45	107	119	108	74	41	51	71
64	170	2	2	119	0	1953125	12	0	12416	3	0	0	0	0	0	62	94	131	166	171	170	163	132	114	93	91	97	114	115	107	98	67	39	20	58	121	132	191	219	230	234	232	187	216	169	126	198	191	159	340	244	343	362	283	289	298	271	232	249	387	121	762	559	407	1000	221	605	623	291	323	404	140	375	384	156	386	270	228	235	277	169	213	231	149	198	216	162	189	168	160	138	115	105	100	82	80	74	66	46	54
64	170	2	2	119	0	1953125	12	0	12416	3	0	0	0	0	0	62	94	131	166	171	170	163	132	114	93	91	97	114	115	107	98	67	39	20	58	121	132	191	219	230	234	232	187	216	169	126	198	191	159	340	244	343	362	283	289	298	271	232	249	387	121	762	559	407	1000	221	605	623	291	323	404	140	375	384	156	386	270	228	235	277	169	213	231	149	198	216	162	189	168	160	138	115	105	100	82	80	74	66	46	54
64	170	2	2	119	0	1953125	12	0	12416	3	0	0	0	0	0	61	49	105	172	177	153	135	138	109	106	95	61	121	151	100	58	95	107	76	85	64	100	222	250	178	178	297	334	183	57	172	296	393	254	70	287	388	494	348	173	439	473	552	87	367	292	152	883	613	762	1000	542	324	222	91	796	312	218	91	447	462	408	68	222	302	356	226	30	143	239	289	209	178	196	159	87	106	151	162	101	35	114	192	159	99
64	170	2	2	119	0	1953125	12	0	12416	3	0	0	0	0	0	61	49	105	172	177	153	135	138	109	106	95	61	121	151	100	58	95	107	76	85	64	100	222	250	178	178	297	334	183	57	172	296	393	254	70	287	388	494	348	173	439	473	552	87	367	292	152	883	613	762	1000	542	324	222	91	796	312	218	91	447	462	408	68	222	302	356	226	30	143	239	289	209	178	196	159	87	106	151	162	101	35	114	192	159	99
64	170	2	2	119	0	1953125	12	0	12416	3	0	0	0	0	0	158	241	348	402	416	422	393	329	261	207	235	228	255	282	297	240	158	86	13	155	271	381	483	531	574	591	563	483	461	350	371	397	511	569	643	729	752	750	780	651	709	563	500	493	740	935	599	572	737	1000	779	861	373	847	731	757	557	611	795	654	633	660	601	606	622	580	530	460	405	477	467	428	453	391	388	329	329	283	243	207	187	181	123	137	96
64	170	2	2	119	0	1953125	12	0	12416	3	0	0	0	0	0	158	241	348	402	416	422	393	329	261	207	235	228	255	282	297	240	158	86	13	155	271	381	483	531	574	591	563	483	461	350	371	397	511	569	643	729	752	750	780	651	709	563	500	493	740	935	599	572	737	1000	779	861	373	847	731	757	557	611	795	654	633	660	601	606	622	580	530	460	405	477	467	428	453	391	388	329	329	283	243	207	187	181	123	137	96
64	170	2	2	119	0	1953125	12	0	12416	3	0	0	0	0	0	97	71	146	137	80	81	141	136	105	79	107	72	175	98	105	33	159	148	138	100	103	199	216	166	251	105	256	138	373	278	189	168	185	366	197	382	273	393	285	266	428	324	390	135	430	655	301	629	450	437	772	388	425	597	611	1000	988	701	181	315	585	575	411	454	59	262	157	335	286	226	229	108	280	136	228	134	163	161	123	200	108	113	37	163	145
64	170	2	2	119	0	1953125	12	0	12416	3	0	0	0	0	0	97	71	146	137	80	81	141	136	105	79	107	72	175	98	105	33	159	148	138	100	103	199	216	166	251	105	256	138	373	278	189	168	185	366	197	382	273	393	285	266	428	324	390	135	430	655	301	629	450	437	772	388	425	597	611	1000	988	701	181	315	585	575	411	454	59	262	157	335	286	226	229	108	280	136	228	134	163	161	123	200	108	113	37	163	145
