34928	35048	35167	35286	35405	35524	35644	35763	35882	36001	36120	36240	36359	36478	36597	36716	36836	36955	37074	37193	37313	37432	37551	37670	37789	37909	38028	38147	38266	38385	38505	38624	38743	38862	38981	39101	39220	39339	39458	39577	39697	39816	39935	40054	40174	40293	40412	40531	40650	40770	40889	41008	41127	41246	41366	41485	41604	41723	41842	41962	42081	42200	42319	42439	42558	42677	42796	42915	43035	43154	43273	43392	43511	43631	43750	43869	43988	44107	44227	44346	44465	44584	44703	44823	44942
64	170	1	2	119	0	1953125	12	0	13481	3	0	0	0	0	0	143	99	163	68	209	45	203	97	194	93	175	145	150	143	148	139	120	169	170	135	176	170	217	193	299	290	261	348	344	442	291	442	403	397	454	401	523	299	526	370	498	286	693	528	599	541	684	965	553	927	410	967	476	861	691	396	353	467	1000	637	870	455	552	414	417	467	365	480	289	442	208	381	226	352	228	209	207	205	242	92	187	185	271	124	126
64	170	1	2	119	0	1953125	12	0	13481	3	0	0	0	0	0	143	99	163	68	209	45	203	97	194	93	175	145	150	143	148	139	120	169	170	135	176	170	217	193	299	290	261	348	344	442	291	442	403	397	454	401	523	299	526	370	498	286	693	528	599	541	684	965	553	927	410	967	476	861	691	396	353	467	1000	637	870	455	552	414	417	467	365	480	289	442	208	381	226	352	228	209	207	205	242	92	187	185	271	124	126
64	170	1	2	119	0	1953125	12	0	13481	3	0	0	0	0	0	87	118	174	49	166	62	181	47	154	98	126	134	155	141	132	136	171	139	150	178	154	212	186	370	131	321	150	404	297	240	354	175	402	97	436	255	278	310	264	435	131	428	316	462	351	541	649	571	622	459	542	743	584	1000	413	634	362	532	714	773	671	401	473	239	414	215	429	216	343	305	239	347	161	380	151	328	189	260	195	207	240	173	234	225	213
64	170	1	2	119	0	1953125	12	0	13481	3	0	0	0	0	0	87	118	174	49	166	62	181	47	154	98	126	134	155	141	132	136	171	139	150	178	154	212	186	370	131	321	150	404	297	240	354	175	402	97	436	255	278	310	264	435	131	428	316	462	351	541	649	571	622	459	542	743	584	1000	413	634	362	532	714	773	671	401	473	239	414	215	429	216	343	305	239	347	161	380	151	328	189	260	195	207	240	173	234	225	213
64	170	1	2	119	0	1953125	12	0	13481	3	0	0	0	0	0	84	133	197	258	290	295	274	233	204	186	162	176	205	221	197	182	153	86	25	74	160	233	296	369	400	449	422	418	316	253	218	193	323	379	479	497	536	474	496	463	487	560	451	510	153	242	347	612	766	1000	799	979	486	582	295	46	769	674	908	769	655	474	312	211	296	285	389	359	358	344	347	371	316	298	236	162	145	151	147	151	161	158	131	139	116
64	170	1	2	119	0	1953125	12	0	13481	3	0	0	0	0	0	84	133	197	258	290	295	274	233	204	186	162	176	205	221	197	182	153	86	25	74	160	233	296	369	400	449	422	418	316	253	218	193	323	379	479	497	536	474	496	463	487	560	451	510	153	242	347	612	766	1000	799	979	486	582	295	46	769	674	908	769	655	474	312	211	296	285	389	359	358	344	347	371	316	298	236	162	145	151	147	151	161	158	131	139	116
64	170	1	2	119	0	1953125	12	0	13481	3	0	0	0	0	0	23	91	104	109	68	57	84	109	54	77	93	131	67	49	49	25	85	74	37	57	110	104	202	168	5	141	179	8	341	208	152	137	130	316	441	149	379	619	196	330	446	387	197	329	378	151	305	525	131	60	540	981	697	407	940	990	434	1000	269	744	138	140	386	255	156	147	163	157	186	89	63	76	156	161	80	52	95	68	98	98	85	158	140	354	145
64	170	1	2	119	0	1953125	12	0	13481	3	0	0	0	0	0	23	91	104	109	68	57	84	109	54	77	93	131	67	49	49	25	85	74	37	57	110	104	202	168	5	141	179	8	341	208	152	137	130	316	441	149	379	619	196	330	446	387	197	329	378	151	305	525	131	60	540	981	697	407	940	990	434	1000	269	744	138	140	386	255	156	147	163	157	186	89	63	76	156	161	80	52	95	68	98	98	85	158	140	354	145
64	170	1	2	119	0	1953125	12	0	13481	3	0	0	0	0	0	42	60	84	103	126	115	94	98	68	85	30	84	55	95	67	45	65	54	23	39	74	103	120	164	115	205	241	85	113	52	165	190	264	209	95	316	534	427	85	249	589	580	264	198	389	558	306	166	232	197	104	506	232	444	599	798	1000	607	480	366	382	363	184	225	56	177	142	175	103	187	23	196	97	187	190	23	109	26	107	129	69	89	122	234	207
64	170	1	2	119	0	1953125	12	0	13481	3	0	0	0	0	0	42	60	84	103	126	115	94	98	68	85	30	84	55	95	67	45	65	54	23	39	74	103	120	164	115	205	241	85	113	52	165	190	264	209	95	316	534	427	85	249	589	580	264	198	389	558	306	166	232	197	104	506	232	444	599	798	1000	607	480	366	382	363	184	225	56	177	142	175	103	187	23	196	97	187	190	23	109	26	107	129	69	89	122	234	207
64	170	1	2	119	0	1953125	12	0	13481	3	0	0	0	0	0	107	148	192	259	317	282	185	215	276	185	56	231	279	156	124	206	192	124	52	105	179	200	172	373	598	567	268	243	577	691	608	428	197	419	869	990	775	94	580	1000	980	588	146	367	630	749	842	328	390	635	708	869	608	422	164	625	410	859	415	526	332	717	848	594	177	188	463	499	463	288	164	394	469	349	210	253	259	190	56	58	187	256	168	51	141
64	170	1	2	119	0	1953125	12	0	13481	3	0	0	0	0	0	107	148	192	259	317	282	185	215	276	185	56	231	279	156	124	206	192	124	52	105	179	200	172	373	598	567	268	243	577	691	608	428	197	419	869	990	775	94	580	1000	980	588	146	367	630	749	842	328	390	635	708	869	608	422	164	625	410	859	415	526	332	717	848	594	177	188	463	499	463	288	164	394	469	349	210	253	259	190	56	58	187	256	168	51	141
64	170	1	2	119	0	1953125	12	0	13481	3	0	0	0	0	0	75	123	26	167	187	108	43	41	178	115	134	109	18	91	141	139	121	77	170	55	127	136	307	189	76	221	200	417	76	401	193	246	95	417	78	416	504	214	367	357	369	346	557	185	140	696	456	363	505	601	494	227	1000	421	970	590	109	795	285	603	321	695	203	387	200	330	292	330	373	192	141	176	311	248	104	212	182	150	76	193	226	131	219	323	61
64	170	1	2	119	0	1953125	12	0	13481	3	0	0	0	0	0	75	123	26	167	187	108	43	41	178	115	134	109	18	91	141	139	121	77	170	55	127	136	307	189	76	221	200	417	76	401	193	246	95	417	78	416	504	214	367	357	369	346	557	185	140	696	456	363	505	601	494	227	1000	421	970	590	109	795	285	603	321	695	203	387	200	330	292	330	373	192	141	176	311	248	104	212	182	150	76	193	226	131	219	323	61
64	170	1	2	119	0	1953125	12	0	13481	3	0	0	0	0	0	109	110	90	168	174	154	174	148	127	169	121	197	46	255	106	211	103	254	183	134	286	174	369	159	481	228	378	295	466	393	294	496	293	315	126	601	428	319	291	387	396	272	649	197	549	402	831	774	388	916	384	1000	142	988	613	539	293	867	861	767	876	467	621	173	506	336	394	309	378	418	160	433	217	407	79	410	238	244	192	245	221	107	311	314	336
64	170	1	2	119	0	1953125	12	0	13481	3	0	0	0	0	0	109	110	90	168	174	154	174	148	127	169	121	197	46	255	106	211	103	254	183	134	286	174	369	159	481	228	378	295	466	393	294	496	293	315	126	601	428	319	291	387	396	272	649	197	549	402	831	774	388	916	384	1000	142	988	613	539	293	867	861	767	876	467	621	173	506	336	394	309	378	418	160	433	217	407	79	410	238	244	192	245	221	107	311	314	336
64	170	1	2	119	0	1953125	12	0	13481	3	0	0	0	0	0	99	191	183	168	204	165	160	181	161	192	100	235	97	181	93	198	92	158	218	136	190	125	255	144	318	179	307	203	460	299	377	355	532	485	358	573	392	587	262	701	288	465	452	629	606	641	885	820	898	786	941	784	668	802	873	671	457	561	1000	953	653	901	397	655	332	684	400	481	479	424	442	338	502	265	446	267	400	213	324	178	278	373	405	286	101
64	170	1	2	119	0	1953125	12	0	13481	3	0	0	0	0	0	99	191	183	168	204	165	160	181	161	192	100	235	97	181	93	198	92	158	218	136	190	125	255	144	318	179	307	203	460	299	377	355	532	485	358	573	392	587	262	701	288	465	452	629	606	641	885	820	898	786	941	784	668	802	873	671	457	561	1000	953	653	901	397	655	332	684	400	481	479	424	442	338	502	265	446	267	400	213	324	178	278	373	405	286	101
64	170	1	2	119	0	1953125	12	0	13481	3	0	0	0	0	0	154	69	227	54	232	72	260	33	163	113	198	102	94	183	142	161	125	152	110	134	194	218	217	291	233	341	202	428	265	373	286	374	556	118	511	164	595	138	471	298	342	269	398	520	252	717	429	947	605	884	681	652	503	626	760	785	355	409	1000	768	540	656	266	475	166	500	406	261	364	210	360	111	352	244	192	139	265	302	117	238	135	169	62	265	265
64	170	1	2	119	0	1953125	12	0	13481	3	0	0	0	0	0	154	69	227	54	232	72	260	33	163	113	198	102	94	183	142	161	125	152	110	134	194	218	217	291	233	341	202	428	265	373	286	374	556	118	511	164	595	138	471	298	342	269	398	520	252	717	429	947	605	884	681	652	503	626	760	785	355	409	1000	768	540	656	266	475	166	500	406	261	364	210	360	111	352	244	192	139	265	302	117	238	135	169	62	265	265
64	170	1	2	119	0	1953125	12	0	13481	3	0	0	0	0	0	133	115	88	160	170	210	179	91	130	109	133	106	78	212	194	25	91	104	30	85	109	161	241	193	170	341	344	174	95	141	114	173	310	304	176	324	421	359	284	171	140	352	301	193	137	225	269	459	647	452	445	193	213	332	828	924	233	775	999	335	269	261	327	40	405	392	102	215	265	160	252	217	43	173	187	42	171	261	139	108	219	167	40	92	72
64	170	1	2	119	0	1953125	12	0	13481	3	0	0	0	0	0	133	115	88	160	170	210	179	91	130	109	133	106	78	212	194	25	91	104	30	85	109	161	241	193	170	341	344	174	95	141	114	173	310	304	176	324	421	359	284	171	140	352	301	193	137	225	269	459	647	452	445	193	213	332	828	924	233	775	999	335	269	261	327	40	405	392	102	215	265	160	252	217	43	173	187	42	171	261	139	108	219	167	40	92	72
64	170	1	2	119	0	1953125	12	0	13481	3	0	0	0	0	0	77	79	83	99	140	102	169	60	71	82	101	48	66	156	101	29	28	64	38	43	111	132	94	136	197	189	129	188	107	108	110	44	211	336	339	171	531	726	459	307	596	620	239	158	318	298	186	299	277	273	284	205	95	298	1000	746	446	538	62	643	318	304	283	161	291	98	288	65	172	61	246	200	113	98	138	164	110	184	56	32	129	315	265	199	148
64	170	1	2	119	0	1953125	12	0	13481	3	0	0	0	0	0	77	79	83	99	140	102	169	60	71	82	101	48	66	156	101	29	28	64	38	43	111	132	94	136	197	189	129	188	107	108	110	44	211	336	339	171	531	726	459	307	596	620	239	158	318	298	186	299	277	273	284	205	95	298	1000	746	446	538	62	643	318	304	283	161	291	98	288	65	172	61	246	200	113	98	138	164	110	184	56	32	129	315	265	199	148
64	170	1	2	119	0	1953125	12	0	13481	3	0	0	0	0	0	96	108	116	160	125	200	131	158	94	86	128	103	47	145	199	43	86	33	64	81	151	115	221	159	232	246	177	236	173	163	182	86	125	414	609	422	290	808	863	533	469	797	620	295	417	454	318	147	287	394	243	558	479	271	955	1000	644	357	437	282	444	377	95	359	168	234	291	152	183	88	200	275	182	130	80	185	182	43	129	127	20	127	187	136	141
64	170	1	2	119	0	1953125	12	0	13481	3	0	0	0	0	0	96	108	116	160	125	200	131	158	94	86	128	103	47	145	199	43	86	33	64	81	151	115	221	159	232	246	177	236	173	163	182	86	125	414	609	422	290	808	863	533	469	797	620	295	417	454	318	147	287	394	243	558	479	271	955	1000	644	357	437	282	444	377	95	359	168	234	291	152	183	88	200	275	182	130	80	185	182	43	129	127	20	127	187	136	141
64	170	1	2	119	0	1953125	12	0	13481	3	0	0	0	0	0	67	63	65	76	77	112	108	57	44	86	28	101	32	70	98	86	16	16	31	50	63	92	138	109	104	99	231	186	79	12	105	155	67	227	364	210	402	607	314	253	378	189	232	465	327	58	135	125	441	301	251	110	113	418	1000	650	343	262	315	412	107	186	150	369	125	189	27	136	65	146	86	150	85	92	66	91	97	132	89	89	57	184	221	216	195
64	170	1	2	119	0	1953125	12	0	13481	3	0	0	0	0	0	67	63	65	76	77	112	108	57	44	86	28	101	32	70	98	86	16	16	31	50	63	92	138	109	104	99	231	186	79	12	105	155	67	227	364	210	402	607	314	253	378	189	232	465	327	58	135	125	441	301	251	110	113	418	1000	650	343	262	315	412	107	186	150	369	125	189	27	136	65	146	86	150	85	92	66	91	97	132	89	89	57	184	221	216	195
64	170	1	2	119	0	1953125	12	0	13481	3	0	0	0	0	0	64	28	118	155	155	182	101	105	170	63	102	123	31	160	151	10	87	70	55	112	162	70	158	258	180	206	205	152	189	121	76	317	388	217	368	650	438	339	736	683	349	550	579	455	82	199	225	268	424	455	181	286	340	514	1000	489	459	695	488	407	244	186	98	380	398	250	67	99	143	247	258	136	138	126	90	197	188	74	73	79	51	177	244	198	149
64	170	1	2	119	0	1953125	12	0	13481	3	0	0	0	0	0	64	28	118	155	155	182	101	105	170	63	102	123	31	160	151	10	87	70	55	112	162	70	158	258	180	206	205	152	189	121	76	317	388	217	368	650	438	339	736	683	349	550	579	455	82	199	225	268	424	455	181	286	340	514	1000	489	459	695	488	407	244	186	98	380	398	250	67	99	143	247	258	136	138	126	90	197	188	74	73	79	51	177	244	198	149
64	170	1	2	119	0	1953125	12	0	13481	3	0	0	0	0	0	87	84	78	65	118	157	78	96	36	112	59	36	69	91	90	45	56	40	26	67	136	75	107	109	175	134	204	53	281	317	128	79	76	402	489	201	412	137	377	378	154	343	112	323	334	112	289	202	61	124	592	588	642	605	1000	449	270	375	187	420	391	396	244	206	302	209	266	229	101	178	172	173	136	91	59	70	132	82	135	176	174	241	237	110	53
64	170	1	2	119	0	1953125	12	0	13481	3	0	0	0	0	0	87	84	78	65	118	157	78	96	36	112	59	36	69	91	90	45	56	40	26	67	136	75	107	109	175	134	204	53	281	317	128	79	76	402	489	201	412	137	377	378	154	343	112	323	334	112	289	202	61	124	592	588	642	605	1000	449	270	375	187	420	391	396	244	206	302	209	266	229	101	178	172	173	136	91	59	70	132	82	135	176	174	241	237	110	53
64	170	1	2	119	0	1953125	12	0	13481	3	0	0	0	0	0	26	40	87	97	70	54	82	66	68	35	52	66	69	61	57	53	66	77	36	83	26	7	141	176	128	95	21	206	278	224	109	13	165	211	115	404	352	205	311	209	549	211	178	240	378	267	158	156	250	257	275	357	788	314	1000	897	192	483	405	551	226	543	344	146	138	42	276	165	124	71	84	48	171	127	98	87	90	52	178	55	57	86	236	275	119
64	170	1	2	119	0	1953125	12	0	13481	3	0	0	0	0	0	26	40	87	97	70	54	82	66	68	35	52	66	69	61	57	53	66	77	36	83	26	7	141	176	128	95	21	206	278	224	109	13	165	211	115	404	352	205	311	209	549	211	178	240	378	267	158	156	250	257	275	357	788	314	1000	897	192	483	405	551	226	543	344	146	138	42	276	165	124	71	84	48	171	127	98	87	90	52	178	55	57	86	236	275	119
64	170	1	2	119	0	1953125	12	0	13481	3	0	0	0	0	0	168	92	209	85	194	148	176	185	110	166	141	126	188	147	216	172	165	207	181	195	223	253	217	337	183	385	234	413	336	384	443	402	414	554	378	280	730	341	498	600	582	278	774	526	419	743	802	693	748	801	741	931	554	1000	943	572	227	612	536	773	781	644	473	457	506	385	564	392	500	321	442	300	428	307	360	309	305	338	273	247	194	226	207	341	256
64	170	1	2	119	0	1953125	12	0	13481	3	0	0	0	0	0	168	92	209	85	194	148	176	185	110	166	141	126	188	147	216	172	165	207	181	195	223	253	217	337	183	385	234	413	336	384	443	402	414	554	378	280	730	341	498	600	582	278	774	526	419	743	802	693	748	801	741	931	554	1000	943	572	227	612	536	773	781	644	473	457	506	385	564	392	500	321	442	300	428	307	360	309	305	338	273	247	194	226	207	341	256
64	170	1	2	119	0	1953125	12	0	13481	3	0	0	0	0	0	126	192	237	164	237	147	226	155	206	181	149	203	157	260	157	229	183	227	245	244	286	270	352	405	240	339	316	531	329	432	418	425	543	282	612	228	506	254	625	449	421	417	486	591	383	937	697	999	747	881	808	777	816	901	941	779	292	367	968	928	716	877	482	599	382	589	549	395	567	423	589	371	495	483	390	447	318	438	224	380	367	462	336	248	250
64	170	1	2	119	0	1953125	12	0	13481	3	0	0	0	0	0	126	192	237	164	237	147	226	155	206	181	149	203	157	260	157	229	183	227	245	244	286	270	352	405	240	339	316	531	329	432	418	425	543	282	612	228	506	254	625	449	421	417	486	591	383	937	697	999	747	881	808	777	816	901	941	779	292	367	968	928	716	877	482	599	382	589	549	395	567	423	589	371	495	483	390	447	318	438	224	380	367	462	336	248	250
64	170	1	2	119	0	1953125	12	0	13481	3	0	0	0	0	0	134	118	151	154	124	145	148	124	150	117	143	101	181	103	162	153	181	122	177	172	157	169	234	214	253	297	254	300	320	444	299	454	400	506	383	546	468	481	480	606	554	384	671	516	724	519	934	796	834	886	800	882	619	1000	780	635	248	539	681	849	716	797	514	562	512	546	484	419	514	343	445	332	439	283	406	295	325	258	289	216	198	292	284	258	155
64	170	1	2	119	0	1953125	12	0	13481	3	0	0	0	0	0	134	118	151	154	124	145	148	124	150	117	143	101	181	103	162	153	181	122	177	172	157	169	234	214	253	297	254	300	320	444	299	454	400	506	383	546	468	481	480	606	554	384	671	516	724	519	934	796	834	886	800	882	619	1000	780	635	248	539	681	849	716	797	514	562	512	546	484	419	514	343	445	332	439	283	406	295	325	258	289	216	198	292	284	258	155
64	170	1	2	119	0	1953125	12	0	13481	3	0	0	0	0	0	163	165	135	184	140	191	139	178	154	142	181	123	183	98	215	121	167	148	161	184	101	228	66	281	149	343	149	310	282	347	389	325	546	317	602	405	592	449	535	610	454	584	513	687	579	763	815	989	966	963	917	910	866	1000	904	728	339	340	908	906	784	836	530	612	429	592	513	457	535	433	480	317	437	340	347	307	332	297	230	319	303	285	152	244	304
64	170	1	2	119	0	1953125	12	0	13481	3	0	0	0	0	0	163	165	135	184	140	191	139	178	154	142	181	123	183	98	215	121	167	148	161	184	101	228	66	281	149	343	149	310	282	347	389	325	546	317	602	405	592	449	535	610	454	584	513	687	579	763	815	989	966	963	917	910	866	1000	904	728	339	340	908	906	784	836	530	612	429	592	513	457	535	433	480	317	437	340	347	307	332	297	230	319	303	285	152	244	304
64	170	1	2	119	0	1953125	12	0	13481	3	0	0	0	0	0	97	128	137	171	168	174	177	137	98	100	115	108	97	112	134	95	49	21	47	67	105	213	272	209	180	253	257	208	126	52	49	114	310	388	353	323	272	232	240	328	304	64	201	322	488	367	446	585	647	380	426	239	470	545	745	1000	530	311	603	255	320	282	321	471	213	228	312	274	131	180	179	87	66	195	247	143	85	174	158	115	122	73	90	169	185
64	170	1	2	119	0	1953125	12	0	13481	3	0	0	0	0	0	97	128	137	171	168	174	177	137	98	100	115	108	97	112	134	95	49	21	47	67	105	213	272	209	180	253	257	208	126	52	49	114	310	388	353	323	272	232	240	328	304	64	201	322	488	367	446	585	647	380	426	239	470	545	745	1000	530	311	603	255	320	282	321	471	213	228	312	274	131	180	179	87	66	195	247	143	85	174	158	115	122	73	90	169	185
64	170	1	2	119	0	1953125	12	0	13481	3	0	0	0	0	0	99	137	154	91	220	82	68	191	110	63	112	202	16	144	160	111	143	156	123	151	128	227	242	102	399	66	179	388	143	389	209	299	282	323	394	460	500	247	426	569	292	408	870	412	170	738	460	951	298	713	801	333	1000	283	853	840	635	234	629	715	703	519	394	398	196	317	410	151	406	239	294	321	195	313	197	208	322	193	235	173	157	241	117	387	356
64	170	1	2	119	0	1953125	12	0	13481	3	0	0	0	0	0	99	137	154	91	220	82	68	191	110	63	112	202	16	144	160	111	143	156	123	151	128	227	242	102	399	66	179	388	143	389	209	299	282	323	394	460	500	247	426	569	292	408	870	412	170	738	460	951	298	713	801	333	1000	283	853	840	635	234	629	715	703	519	394	398	196	317	410	151	406	239	294	321	195	313	197	208	322	193	235	173	157	241	117	387	356
64	170	1	2	119	0	1953125	12	0	13481	3	0	0	0	0	0	166	126	182	209	146	157	197	203	131	72	205	83	211	87	243	73	179	159	130	187	107	318	76	352	140	304	78	369	306	201	307	177	428	117	432	259	245	186	366	430	179	254	466	471	282	692	702	777	781	618	635	615	423	839	566	900	535	445	1000	691	661	624	294	399	144	472	228	364	366	273	339	214	380	197	289	233	273	247	214	242	230	324	239	176	62
64	170	1	2	119	0	1953125	12	0	13481	3	0	0	0	0	0	166	126	182	209	146	157	197	203	131	72	205	83	211	87	243	73	179	159	130	187	107	318	76	352	140	304	78	369	306	201	307	177	428	117	432	259	245	186	366	430	179	254	466	471	282	692	702	777	781	618	635	615	423	839	566	900	535	445	1000	691	661	624	294	399	144	472	228	364	366	273	339	214	380	197	289	233	273	247	214	242	230	324	239	176	62
64	170	1	2	119	0	1953125	12	0	13481	3	0	0	0	0	0	118	124	112	182	93	141	140	162	110	106	172	65	180	94	190	37	184	181	119	196	133	337	142	393	245	303	216	372	405	174	388	252	429	211	388	372	161	316	311	523	106	406	461	450	379	675	890	626	818	554	703	698	422	994	570	1000	561	407	823	745	612	661	470	316	248	379	321	235	418	218	303	143	325	255	135	211	200	237	132	298	223	213	35	122	170
64	170	1	2	119	0	1953125	12	0	13481	3	0	0	0	0	0	118	124	112	182	93	141	140	162	110	106	172	65	180	94	190	37	184	181	119	196	133	337	142	393	245	303	216	372	405	174	388	252	429	211	388	372	161	316	311	523	106	406	461	450	379	675	890	626	818	554	703	698	422	994	570	1000	561	407	823	745	612	661	470	316	248	379	321	235	418	218	303	143	325	255	135	211	200	237	132	298	223	213	35	122	170
64	170	1	2	119	0	1953125	12	0	13481	3	0	0	0	0	0	80	144	24	172	34	135	36	173	26	102	72	87	104	98	134	82	109	138	85	106	102	223	145	228	216	184	197	277	401	201	384	290	396	298	336	440	132	374	204	516	50	380	426	401	461	550	891	592	784	578	611	715	370	1000	490	802	454	416	700	719	617	632	547	275	314	377	435	208	405	260	327	255	277	294	158	289	230	295	108	253	221	222	127	163	237
64	170	1	2	119	0	1953125	12	0	13481	3	0	0	0	0	0	80	144	24	172	34	135	36	173	26	102	72	87	104	98	134	82	109	138	85	106	102	223	145	228	216	184	197	277	401	201	384	290	396	298	336	440	132	374	204	516	50	380	426	401	461	550	891	592	784	578	611	715	370	1000	490	802	454	416	700	719	617	632	547	275	314	377	435	208	405	260	327	255	277	294	158	289	230	295	108	253	221	222	127	163	237
64	170	1	2	119	0	1953125	12	0	13481	3	0	0	0	0	0	46	165	111	158	124	160	140	101	39	173	71	162	38	194	28	172	71	166	90	149	235	99	300	124	332	103	384	294	371	327	243	379	208	300	273	356	349	345	428	201	263	218	644	214	434	368	648	783	320	913	305	1000	302	963	647	632	343	719	965	495	936	346	555	190	294	390	207	351	214	480	221	310	185	288	163	266	313	196	222	201	317	224	113	147	288
64	170	1	2	119	0	1953125	12	0	13481	3	0	0	0	0	0	46	165	111	158	124	160	140	101	39	173	71	162	38	194	28	172	71	166	90	149	235	99	300	124	332	103	384	294	371	327	243	379	208	300	273	356	349	345	428	201	263	218	644	214	434	368	648	783	320	913	305	1000	302	963	647	632	343	719	965	495	936	346	555	190	294	390	207	351	214	480	221	310	185	288	163	266	313	196	222	201	317	224	113	147	288
64	170	1	2	119	0	1953125	12	0	13481	3	0	0	0	0	0	131	61	160	50	212	10	194	50	154	70	150	116	98	167	143	121	96	158	147	42	214	151	232	140	302	251	211	281	295	366	123	375	234	275	215	337	332	270	336	202	210	255	659	178	458	300	776	651	311	708	319	890	107	1000	572	601	441	639	636	661	777	396	567	101	366	223	285	171	333	327	164	316	153	297	70	294	142	241	160	236	224	71	82	183	252
64	170	1	2	119	0	1953125	12	0	13481	3	0	0	0	0	0	131	61	160	50	212	10	194	50	154	70	150	116	98	167	143	121	96	158	147	42	214	151	232	140	302	251	211	281	295	366	123	375	234	275	215	337	332	270	336	202	210	255	659	178	458	300	776	651	311	708	319	890	107	1000	572	601	441	639	636	661	777	396	567	101	366	223	285	171	333	327	164	316	153	297	70	294	142	241	160	236	224	71	82	183	252
64	170	1	2	119	0	1953125	12	0	13481	3	0	0	0	0	0	60	128	18	175	43	157	32	166	18	122	79	104	98	124	98	94	130	167	115	182	186	157	174	222	312	93	261	202	396	167	293	249	285	294	209	419	38	399	136	414	52	397	478	252	469	445	843	427	562	552	492	791	245	1000	378	703	520	526	662	723	652	479	516	215	328	257	352	162	382	268	266	271	230	338	110	283	157	301	129	216	216	266	216	46	151
64	170	1	2	119	0	1953125	12	0	13481	3	0	0	0	0	0	60	128	18	175	43	157	32	166	18	122	79	104	98	124	98	94	130	167	115	182	186	157	174	222	312	93	261	202	396	167	293	249	285	294	209	419	38	399	136	414	52	397	478	252	469	445	843	427	562	552	492	791	245	1000	378	703	520	526	662	723	652	479	516	215	328	257	352	162	382	268	266	271	230	338	110	283	157	301	129	216	216	266	216	46	151
64	170	1	2	119	0	1953125	12	0	13481	3	0	0	0	0	0	77	177	19	236	47	175	51	211	33	134	117	110	167	158	201	124	150	185	148	202	205	296	229	317	338	235	294	281	437	177	357	267	375	278	329	433	118	415	264	539	92	479	522	393	458	643	953	470	706	588	711	701	373	1000	491	892	658	474	844	777	613	704	442	380	232	416	284	306	415	195	313	177	385	258	328	301	213	240	184	213	173	298	272	168	29
64	170	1	2	119	0	1953125	12	0	13481	3	0	0	0	0	0	77	177	19	236	47	175	51	211	33	134	117	110	167	158	201	124	150	185	148	202	205	296	229	317	338	235	294	281	437	177	357	267	375	278	329	433	118	415	264	539	92	479	522	393	458	643	953	470	706	588	711	701	373	1000	491	892	658	474	844	777	613	704	442	380	232	416	284	306	415	195	313	177	385	258	328	301	213	240	184	213	173	298	272	168	29
64	170	1	2	119	0	1953125	12	0	13481	3	0	0	0	0	0	66	49	97	162	116	143	130	160	80	97	135	69	113	62	187	114	43	27	77	81	160	198	119	164	182	226	264	244	91	109	130	95	187	296	197	192	211	272	396	313	94	271	332	458	245	243	141	223	672	737	233	613	195	638	616	859	578	788	1000	121	630	207	218	257	252	164	305	137	156	234	217	232	128	93	77	119	170	152	70	48	57	229	237	106	184
64	170	1	2	119	0	1953125	12	0	13481	3	0	0	0	0	0	66	49	97	162	116	143	130	160	80	97	135	69	113	62	187	114	43	27	77	81	160	198	119	164	182	226	264	244	91	109	130	95	187	296	197	192	211	272	396	313	94	271	332	458	245	243	141	223	672	737	233	613	195	638	616	859	578	788	1000	121	630	207	218	257	252	164	305	137	156	234	217	232	128	93	77	119	170	152	70	48	57	229	237	106	184
64	170	1	2	119	0	1953125	12	0	13481	3	0	0	0	0	0	105	171	56	190	97	129	191	39	176	105	96	205	70	147	179	83	188	120	148	169	175	113	312	134	333	240	205	417	259	425	360	316	254	600	162	499	426	391	507	657	337	287	885	507	508	710	978	518	853	533	914	761	712	657	821	119	452	910	593	1000	716	689	352	593	373	479	457	395	482	379	431	309	461	236	405	277	315	238	268	298	351	319	77	274	334
64	170	1	2	119	0	1953125	12	0	13481	3	0	0	0	0	0	105	171	56	190	97	129	191	39	176	105	96	205	70	147	179	83	188	120	148	169	175	113	312	134	333	240	205	417	259	425	360	316	254	600	162	499	426	391	507	657	337	287	885	507	508	710	978	518	853	533	914	761	712	657	821	119	452	910	593	1000	716	689	352	593	373	479	457	395	482	379	431	309	461	236	405	277	315	238	268	298	351	319	77	274	334
64	170	1	2	119	0	1953125	12	0	13481	3	0	0	0	0	0	101	127	95	173	79	157	83	145	85	86	146	90	109	30	169	60	107	91	96	125	66	216	38	261	106	297	87	309	236	298	326	279	452	215	544	304	470	283	478	458	374	506	531	588	468	749	771	786	655	815	745	803	595	717	516	326	650	513	1000	731	644	632	369	509	322	543	356	418	415	339	337	280	377	231	247	174	240	178	259	251	143	99	199	229	184
64	170	1	2	119	0	1953125	12	0	13481	3	0	0	0	0	0	101	127	95	173	79	157	83	145	85	86	146	90	109	30	169	60	107	91	96	125	66	216	38	261	106	297	87	309	236	298	326	279	452	215	544	304	470	283	478	458	374	506	531	588	468	749	771	786	655	815	745	803	595	717	516	326	650	513	1000	731	644	632	369	509	322	543	356	418	415	339	337	280	377	231	247	174	240	178	259	251	143	99	199	229	184
64	170	1	2	119	0	1953125	12	0	13481	3	0	0	0	0	0	88	117	114	106	104	190	197	76	95	116	110	88	70	167	130	56	92	27	47	14	102	160	168	194	143	248	300	176	126	175	51	56	160	290	277	240	346	316	388	243	51	169	270	268	151	300	312	330	829	554	345	591	12	577	377	764	641	438	1000	319	250	230	337	185	261	401	197	113	301	227	122	229	130	79	129	82	38	148	129	56	157	115	109	249	196
64	170	1	2	119	0	1953125	12	0	13481	3	0	0	0	0	0	88	117	114	106	104	190	197	76	95	116	110	88	70	167	130	56	92	27	47	14	102	160	168	194	143	248	300	176	126	175	51	56	160	290	277	240	346	316	388	243	51	169	270	268	151	300	312	330	829	554	345	591	12	577	377	764	641	438	1000	319	250	230	337	185	261	401	197	113	301	227	122	229	130	79	129	82	38	148	129	56	157	115	109	249	196
64	170	1	2	119	0	1953125	12	0	13481	3	0	0	0	0	0	89	93	154	86	154	74	109	152	38	114	117	69	103	126	125	139	147	138	101	140	137	115	257	198	214	270	173	352	272	343	348	266	416	391	456	343	620	226	344	803	129	514	723	556	511	607	1000	477	674	751	665	856	589	587	514	209	753	695	811	845	899	381	560	397	375	536	291	503	341	400	371	264	375	200	327	241	224	261	170	297	184	106	281	323	217
64	170	1	2	119	0	1953125	12	0	13481	3	0	0	0	0	0	89	93	154	86	154	74	109	152	38	114	117	69	103	126	125	139	147	138	101	140	137	115	257	198	214	270	173	352	272	343	348	266	416	391	456	343	620	226	344	803	129	514	723	556	511	607	1000	477	674	751	665	856	589	587	514	209	753	695	811	845	899	381	560	397	375	536	291	503	341	400	371	264	375	200	327	241	224	261	170	297	184	106	281	323	217
64	170	1	2	119	0	1953125	12	0	13481	3	0	0	0	0	0	58	62	64	101	100	125	120	81	66	93	74	51	91	68	100	77	42	33	22	9	68	104	156	119	126	232	166	149	129	77	116	55	67	223	251	104	363	246	305	180	36	185	203	229	142	157	33	336	411	562	241	581	276	512	205	673	668	567	1000	319	443	297	177	100	238	77	201	177	83	259	97	187	200	41	133	129	38	61	65	73	86	42	55	49	112
64	170	1	2	119	0	1953125	12	0	13481	3	0	0	0	0	0	58	62	64	101	100	125	120	81	66	93	74	51	91	68	100	77	42	33	22	9	68	104	156	119	126	232	166	149	129	77	116	55	67	223	251	104	363	246	305	180	36	185	203	229	142	157	33	336	411	562	241	581	276	512	205	673	668	567	1000	319	443	297	177	100	238	77	201	177	83	259	97	187	200	41	133	129	38	61	65	73	86	42	55	49	112
64	170	1	2	119	0	1953125	12	0	13481	3	0	0	0	0	0	149	93	179	33	239	68	211	128	83	236	113	198	181	152	187	102	226	147	166	177	242	237	306	163	346	63	446	162	380	279	321	155	559	268	327	256	542	230	584	460	236	597	780	308	401	752	896	421	647	623	799	670	621	533	682	209	501	1000	700	954	647	559	193	513	217	446	317	418	227	479	190	460	201	325	227	390	195	292	199	282	230	256	124	275	230
64	170	1	2	119	0	1953125	12	0	13481	3	0	0	0	0	0	149	93	179	33	239	68	211	128	83	236	113	198	181	152	187	102	226	147	166	177	242	237	306	163	346	63	446	162	380	279	321	155	559	268	327	256	542	230	584	460	236	597	780	308	401	752	896	421	647	623	799	670	621	533	682	209	501	1000	700	954	647	559	193	513	217	446	317	418	227	479	190	460	201	325	227	390	195	292	199	282	230	256	124	275	230
64	170	1	2	119	0	1953125	12	0	13481	3	0	0	0	0	0	60	99	137	75	122	111	152	80	99	106	52	155	92	202	59	176	115	155	109	150	223	150	252	215	236	204	277	351	194	253	209	275	271	259	413	153	282	237	482	165	389	279	550	353	338	635	459	647	296	806	453	645	328	567	426	381	591	461	1000	468	588	401	230	325	168	457	223	382	292	309	309	237	312	165	266	213	257	189	200	247	165	227	173	207	61
64	170	1	2	119	0	1953125	12	0	13481	3	0	0	0	0	0	60	99	137	75	122	111	152	80	99	106	52	155	92	202	59	176	115	155	109	150	223	150	252	215	236	204	277	351	194	253	209	275	271	259	413	153	282	237	482	165	389	279	550	353	338	635	459	647	296	806	453	645	328	567	426	381	591	461	1000	468	588	401	230	325	168	457	223	382	292	309	309	237	312	165	266	213	257	189	200	247	165	227	173	207	61
64	170	1	2	119	0	1953125	12	0	13481	3	0	0	0	0	0	157	77	235	64	215	78	218	68	204	122	196	109	210	130	183	143	210	176	158	260	190	322	118	370	114	343	194	382	302	223	396	161	424	169	523	291	268	319	356	445	304	583	470	467	425	743	826	530	586	622	628	715	414	826	307	399	779	720	1000	831	652	573	461	423	430	451	511	261	475	324	393	338	339	432	243	417	240	400	240	350	260	274	273	234	225
64	170	1	2	119	0	1953125	12	0	13481	3	0	0	0	0	0	157	77	235	64	215	78	218	68	204	122	196	109	210	130	183	143	210	176	158	260	190	322	118	370	114	343	194	382	302	223	396	161	424	169	523	291	268	319	356	445	304	583	470	467	425	743	826	530	586	622	628	715	414	826	307	399	779	720	1000	831	652	573	461	423	430	451	511	261	475	324	393	338	339	432	243	417	240	400	240	350	260	274	273	234	225
64	170	1	2	119	0	1953125	12	0	13481	3	0	0	0	0	0	52	102	109	98	112	131	150	105	106	130	76	150	80	188	46	182	117	166	108	148	229	163	207	182	231	210	243	314	133	186	122	232	195	198	262	190	236	193	377	54	393	176	507	196	302	538	411	546	264	705	318	592	195	529	349	445	642	601	1000	333	655	293	246	197	204	417	107	359	189	339	180	293	267	201	227	233	292	145	232	238	229	171	178	234	161
64	170	1	2	119	0	1953125	12	0	13481	3	0	0	0	0	0	52	102	109	98	112	131	150	105	106	130	76	150	80	188	46	182	117	166	108	148	229	163	207	182	231	210	243	314	133	186	122	232	195	198	262	190	236	193	377	54	393	176	507	196	302	538	411	546	264	705	318	592	195	529	349	445	642	601	1000	333	655	293	246	197	204	417	107	359	189	339	180	293	267	201	227	233	292	145	232	238	229	171	178	234	161
64	170	1	2	119	0	1953125	12	0	13481	3	0	0	0	0	0	179	107	188	102	212	105	186	120	211	100	181	157	176	148	209	177	172	176	239	174	243	231	308	257	328	330	297	406	392	477	262	474	365	456	359	536	431	466	470	491	493	461	822	411	759	593	1000	701	612	883	592	965	456	991	302	184	706	898	989	912	874	627	496	571	593	486	501	434	548	353	485	419	427	368	402	365	302	341	306	275	248	327	248	266	268
64	170	1	2	119	0	1953125	12	0	13481	3	0	0	0	0	0	179	107	188	102	212	105	186	120	211	100	181	157	176	148	209	177	172	176	239	174	243	231	308	257	328	330	297	406	392	477	262	474	365	456	359	536	431	466	470	491	493	461	822	411	759	593	1000	701	612	883	592	965	456	991	302	184	706	898	989	912	874	627	496	571	593	486	501	434	548	353	485	419	427	368	402	365	302	341	306	275	248	327	248	266	268
64	170	1	2	119	0	1953125	12	0	13481	3	0	0	0	0	0	163	113	196	154	153	123	209	155	161	124	204	89	188	129	207	111	199	192	145	210	157	299	120	340	162	324	189	407	342	302	400	285	487	243	552	341	431	376	448	521	374	562	502	603	569	756	781	705	710	751	682	742	623	779	397	202	831	730	1000	831	655	651	424	556	444	525	494	421	529	365	458	355	387	325	301	345	253	308	241	305	189	267	253	237	211
64	170	1	2	119	0	1953125	12	0	13481	3	0	0	0	0	0	163	113	196	154	153	123	209	155	161	124	204	89	188	129	207	111	199	192	145	210	157	299	120	340	162	324	189	407	342	302	400	285	487	243	552	341	431	376	448	521	374	562	502	603	569	756	781	705	710	751	682	742	623	779	397	202	831	730	1000	831	655	651	424	556	444	525	494	421	529	365	458	355	387	325	301	345	253	308	241	305	189	267	253	237	211
64	170	1	2	119	0	1953125	12	0	13481	3	0	0	0	0	0	138	96	204	36	244	61	206	74	242	151	189	139	215	144	191	162	210	144	179	267	173	275	144	391	119	317	193	390	316	195	389	125	397	133	488	284	262	362	281	465	238	552	383	465	505	706	833	458	574	600	519	774	368	932	67	281	865	830	1000	832	770	494	521	351	509	339	512	305	486	362	288	417	284	447	181	474	283	299	213	352	341	166	164	227	244
64	170	1	2	119	0	1953125	12	0	13481	3	0	0	0	0	0	138	96	204	36	244	61	206	74	242	151	189	139	215	144	191	162	210	144	179	267	173	275	144	391	119	317	193	390	316	195	389	125	397	133	488	284	262	362	281	465	238	552	383	465	505	706	833	458	574	600	519	774	368	932	67	281	865	830	1000	832	770	494	521	351	509	339	512	305	486	362	288	417	284	447	181	474	283	299	213	352	341	166	164	227	244
64	170	1	2	119	0	1953125	12	0	13481	3	0	0	0	0	0	100	107	106	161	92	146	125	149	117	79	163	50	191	76	204	86	210	156	124	216	180	307	75	325	131	297	94	357	262	143	237	154	307	58	433	205	266	120	455	310	391	380	476	366	307	738	645	462	353	701	530	439	308	511	323	400	870	581	1000	483	630	482	177	357	203	499	141	451	254	398	262	346	333	266	337	213	309	166	279	167	268	203	242	179	159
64	170	1	2	119	0	1953125	12	0	13481	3	0	0	0	0	0	100	107	106	161	92	146	125	149	117	79	163	50	191	76	204	86	210	156	124	216	180	307	75	325	131	297	94	357	262	143	237	154	307	58	433	205	266	120	455	310	391	380	476	366	307	738	645	462	353	701	530	439	308	511	323	400	870	581	1000	483	630	482	177	357	203	499	141	451	254	398	262	346	333	266	337	213	309	166	279	167	268	203	242	179	159
64	170	1	2	119	0	1953125	12	0	13481	3	0	0	0	0	0	90	169	133	196	226	119	219	195	89	127	69	184	166	46	178	156	75	33	109	70	108	216	225	310	301	96	332	364	202	66	70	106	248	450	413	210	158	308	396	478	285	164	103	163	254	634	744	132	856	669	386	200	293	629	644	973	1000	358	984	288	23	18	470	345	250	506	324	177	242	122	198	353	243	30	134	147	83	216	217	18	172	176	22	108	74
64	170	1	2	119	0	1953125	12	0	13481	3	0	0	0	0	0	90	169	133	196	226	119	219	195	89	127	69	184	166	46	178	156	75	33	109	70	108	216	225	310	301	96	332	364	202	66	70	106	248	450	413	210	158	308	396	478	285	164	103	163	254	634	744	132	856	669	386	200	293	629	644	973	1000	358	984	288	23	18	470	345	250	506	324	177	242	122	198	353	243	30	134	147	83	216	217	18	172	176	22	108	74
64	170	1	2	119	0	1953125	12	0	13481	3	0	0	0	0	0	139	79	177	122	128	179	77	127	168	87	95	174	109	129	203	98	154	171	150	176	159	262	166	237	321	147	341	317	305	385	273	328	321	479	310	350	627	91	509	688	258	667	638	519	533	764	853	551	751	696	735	700	511	610	540	16	1000	942	871	844	841	486	545	541	456	567	460	484	467	421	419	352	411	368	327	366	281	308	358	258	268	315	201	252	321
64	170	1	2	119	0	1953125	12	0	13481	3	0	0	0	0	0	139	79	177	122	128	179	77	127	168	87	95	174	109	129	203	98	154	171	150	176	159	262	166	237	321	147	341	317	305	385	273	328	321	479	310	350	627	91	509	688	258	667	638	519	533	764	853	551	751	696	735	700	511	610	540	16	1000	942	871	844	841	486	545	541	456	567	460	484	467	421	419	352	411	368	327	366	281	308	358	258	268	315	201	252	321
64	170	1	2	119	0	1953125	12	0	13481	3	0	0	0	0	0	82	192	157	124	149	140	144	160	174	172	118	196	138	172	91	212	174	152	193	204	212	212	237	327	94	258	179	362	154	219	276	150	308	192	473	74	297	197	400	311	342	453	340	435	299	762	626	500	466	626	532	549	342	685	214	372	975	825	1000	733	515	550	423	386	369	350	453	246	472	286	340	331	289	392	170	413	221	324	178	302	241	169	215	254	242
64	170	1	2	119	0	1953125	12	0	13481	3	0	0	0	0	0	82	192	157	124	149	140	144	160	174	172	118	196	138	172	91	212	174	152	193	204	212	212	237	327	94	258	179	362	154	219	276	150	308	192	473	74	297	197	400	311	342	453	340	435	299	762	626	500	466	626	532	549	342	685	214	372	975	825	1000	733	515	550	423	386	369	350	453	246	472	286	340	331	289	392	170	413	221	324	178	302	241	169	215	254	242
64	170	1	2	119	0	1953125	12	0	13481	3	0	0	0	0	0	165	101	170	89	217	102	190	115	201	113	195	127	142	164	212	143	156	193	211	142	255	235	246	214	311	288	266	374	306	324	218	434	270	345	289	495	282	417	441	444	417	423	755	291	607	573	852	538	419	774	516	747	379	768	231	45	772	1000	914	800	643	596	378	504	480	474	469	375	508	315	440	335	393	281	357	307	270	248	284	303	234	274	223	249	184
64	170	1	2	119	0	1953125	12	0	13481	3	0	0	0	0	0	165	101	170	89	217	102	190	115	201	113	195	127	142	164	212	143	156	193	211	142	255	235	246	214	311	288	266	374	306	324	218	434	270	345	289	495	282	417	441	444	417	423	755	291	607	573	852	538	419	774	516	747	379	768	231	45	772	1000	914	800	643	596	378	504	480	474	469	375	508	315	440	335	393	281	357	307	270	248	284	303	234	274	223	249	184
64	170	1	2	119	0	1953125	12	0	13481	3	0	0	0	0	0	145	104	209	39	212	87	224	86	211	142	178	127	178	159	170	182	211	186	187	251	205	279	202	386	161	334	209	416	295	305	397	236	409	206	538	261	396	326	482	476	445	633	509	553	432	772	708	608	519	653	627	637	553	656	360	128	882	843	1000	819	586	633	411	487	434	488	482	328	516	359	386	317	389	410	247	366	254	335	181	316	241	217	190	235	229
64	170	1	2	119	0	1953125	12	0	13481	3	0	0	0	0	0	145	104	209	39	212	87	224	86	211	142	178	127	178	159	170	182	211	186	187	251	205	279	202	386	161	334	209	416	295	305	397	236	409	206	538	261	396	326	482	476	445	633	509	553	432	772	708	608	519	653	627	637	553	656	360	128	882	843	1000	819	586	633	411	487	434	488	482	328	516	359	386	317	389	410	247	366	254	335	181	316	241	217	190	235	229
64	170	1	2	119	0	1953125	12	0	13481	3	0	0	0	0	0	124	163	70	163	76	184	99	176	89	134	158	147	136	95	168	126	161	150	136	145	112	218	127	253	173	244	177	311	323	277	349	273	429	265	486	365	461	436	486	555	456	642	587	629	542	761	782	754	665	755	746	734	706	653	587	234	796	811	1000	839	615	694	428	595	433	566	440	447	464	378	399	316	386	262	313	250	272	201	250	252	220	214	199	202	187
64	170	1	2	119	0	1953125	12	0	13481	3	0	0	0	0	0	124	163	70	163	76	184	99	176	89	134	158	147	136	95	168	126	161	150	136	145	112	218	127	253	173	244	177	311	323	277	349	273	429	265	486	365	461	436	486	555	456	642	587	629	542	761	782	754	665	755	746	734	706	653	587	234	796	811	1000	839	615	694	428	595	433	566	440	447	464	378	399	316	386	262	313	250	272	201	250	252	220	214	199	202	187
