34928	35048	35167	35286	35405	35524	35644	35763	35882	36001	36120	36240	36359	36478	36597	36716	36836	36955	37074	37193	37313	37432	37551	37670	37789	37909	38028	38147	38266	38385	38505	38624	38743	38862	38981	39101	39220	39339	39458	39577	39697	39816	39935	40054	40174	40293	40412	40531	40650	40770	40889	41008	41127	41246	41366	41485	41604	41723	41842	41962	42081	42200	42319	42439	42558	42677	42796	42915	43035	43154	43273	43392	43511	43631	43750	43869	43988	44107	44227	44346	44465	44584	44703	44823	44942
64	170	1	2	119	0	1953125	12	0	0	0	0	0	0	0	0	9	18	25	27	19	11	18	26	30	25	15	17	29	35	33	23	17	30	41	39	31	19	20	35	47	36	36	34	19	57	86	56	98	81	57	170	189	134	226	213	199	355	333	270	455	461	391	619	419	422	743	812	689	970	835	645	999	816	535	570	348	232	326	155	114	84	40	50	92	64	76	51	33	50	63	55	48	32	30	43	47	38	25	18	27
64	170	1	2	119	0	1953125	12	0	0	0	0	0	0	0	0	9	18	25	27	19	11	18	26	30	25	15	17	29	35	33	23	17	30	41	39	31	19	20	35	47	36	36	34	19	57	86	56	98	81	57	170	189	134	226	213	199	355	333	270	455	461	391	619	419	422	743	812	689	970	835	645	999	816	535	570	348	232	326	155	114	84	40	50	92	64	76	51	33	50	63	55	48	32	30	43	47	38	25	18	27
64	170	1	2	119	0	1953125	12	0	0	0	0	0	0	0	0	9	18	26	27	18	10	18	27	30	24	15	17	30	35	33	22	17	29	41	39	31	19	20	35	47	36	35	34	19	58	87	55	98	81	56	170	191	130	226	216	195	358	336	265	458	469	380	624	423	407	751	821	673	971	849	623	1000	823	526	570	354	230	334	158	113	86	42	51	93	63	76	51	33	51	64	55	47	32	31	44	48	39	26	18	28
64	170	1	2	119	0	1953125	12	0	0	0	0	0	0	0	0	9	18	26	27	18	10	18	27	30	24	15	17	30	35	33	22	17	29	41	39	31	19	20	35	47	36	35	34	19	58	87	55	98	81	56	170	191	130	226	216	195	358	336	265	458	469	380	624	423	407	751	821	673	971	849	623	1000	823	526	570	354	230	334	158	113	86	42	51	93	63	76	51	33	51	64	55	47	32	31	44	48	39	26	18	28
64	170	1	2	119	0	1953125	12	0	0	0	0	0	0	0	0	13	22	23	19	11	12	21	26	23	16	11	21	29	29	22	14	18	29	35	28	17	13	20	27	34	19	21	20	8	44	70	45	87	70	50	156	174	126	216	206	192	346	322	263	452	446	376	617	414	413	755	798	671	965	837	637	1000	809	518	568	362	231	325	151	96	79	45	41	79	46	63	38	21	40	51	46	43	26	23	36	41	36	26	14	19
64	170	1	2	119	0	1953125	12	0	0	0	0	0	0	0	0	13	22	23	19	11	12	21	26	23	16	11	21	29	29	22	14	18	29	35	28	17	13	20	27	34	19	21	20	8	44	70	45	87	70	50	156	174	126	216	206	192	346	322	263	452	446	376	617	414	413	755	798	671	965	837	637	1000	809	518	568	362	231	325	151	96	79	45	41	79	46	63	38	21	40	51	46	43	26	23	36	41	36	26	14	19
64	170	1	2	119	0	1953125	12	0	0	0	0	0	0	0	0	14	22	24	19	11	13	22	27	24	16	13	22	29	28	21	15	19	29	34	27	17	14	22	28	33	18	19	19	9	43	67	43	82	68	49	152	169	124	211	206	191	338	314	256	449	440	378	610	413	415	747	787	668	947	835	658	1000	794	507	558	363	235	318	144	90	79	48	43	78	44	59	35	22	41	49	44	41	25	24	36	40	34	23	14	20
64	170	1	2	119	0	1953125	12	0	0	0	0	0	0	0	0	14	22	24	19	11	13	22	27	24	16	13	22	29	28	21	15	19	29	34	27	17	14	22	28	33	18	19	19	9	43	67	43	82	68	49	152	169	124	211	206	191	338	314	256	449	440	378	610	413	415	747	787	668	947	835	658	1000	794	507	558	363	235	318	144	90	79	48	43	78	44	59	35	22	41	49	44	41	25	24	36	40	34	23	14	20
64	170	1	2	119	0	1953125	12	0	0	0	0	0	0	0	0	14	22	23	19	11	14	23	27	23	16	13	22	29	29	21	15	19	30	34	27	16	15	23	28	33	17	17	19	12	43	68	43	80	67	49	153	170	121	211	207	187	336	315	250	451	447	380	603	417	407	737	793	667	941	849	659	1000	805	494	551	369	231	318	145	86	76	50	41	79	45	59	34	22	41	52	45	40	25	23	37	41	35	24	13	20
64	170	1	2	119	0	1953125	12	0	0	0	0	0	0	0	0	14	22	23	19	11	14	23	27	23	16	13	22	29	29	21	15	19	30	34	27	16	15	23	28	33	17	17	19	12	43	68	43	80	67	49	153	170	121	211	207	187	336	315	250	451	447	380	603	417	407	737	793	667	941	849	659	1000	805	494	551	369	231	318	145	86	76	50	41	79	45	59	34	22	41	52	45	40	25	23	37	41	35	24	13	20
64	170	1	2	119	0	1953125	12	0	0	0	0	0	0	0	0	16	22	21	17	11	15	23	25	21	14	14	23	29	27	20	15	21	30	33	25	15	16	23	27	32	16	18	21	12	45	68	42	84	72	50	158	174	119	215	210	187	343	320	247	457	455	374	605	416	399	748	803	657	961	850	635	1000	811	493	561	367	223	326	152	90	79	45	35	79	47	63	39	21	37	50	45	44	28	22	33	39	35	28	15	17
64	170	1	2	119	0	1953125	12	0	0	0	0	0	0	0	0	16	22	21	17	11	15	23	25	21	14	14	23	29	27	20	15	21	30	33	25	15	16	23	27	32	16	18	21	12	45	68	42	84	72	50	158	174	119	215	210	187	343	320	247	457	455	374	605	416	399	748	803	657	961	850	635	1000	811	493	561	367	223	326	152	90	79	45	35	79	47	63	39	21	37	50	45	44	28	22	33	39	35	28	15	17
64	170	1	2	119	0	1953125	12	0	0	0	0	0	0	0	0	14	22	23	19	11	13	23	26	23	16	12	21	29	29	22	14	19	30	35	27	16	14	22	28	33	17	19	19	10	43	68	43	83	67	47	154	171	121	212	205	183	341	316	248	451	440	371	604	408	396	743	786	649	952	828	631	1000	795	493	556	364	230	323	146	86	79	48	41	79	44	59	35	21	39	51	44	41	25	24	36	39	34	23	13	19
64	170	1	2	119	0	1953125	12	0	0	0	0	0	0	0	0	14	22	23	19	11	13	23	26	23	16	12	21	29	29	22	14	19	30	35	27	16	14	22	28	33	17	19	19	10	43	68	43	83	67	47	154	171	121	212	205	183	341	316	248	451	440	371	604	408	396	743	786	649	952	828	631	1000	795	493	556	364	230	323	146	86	79	48	41	79	44	59	35	21	39	51	44	41	25	24	36	39	34	23	13	19
64	170	1	2	119	0	1953125	12	0	0	0	0	0	0	0	0	10	18	23	24	16	11	19	26	27	21	14	19	29	32	29	20	18	30	38	35	26	19	22	35	43	30	29	32	22	57	80	49	89	80	57	164	181	121	219	218	188	344	326	248	457	450	375	604	418	396	742	787	654	949	836	641	1000	802	493	554	361	234	323	150	96	83	50	53	93	60	68	48	35	53	63	53	43	31	34	45	45	36	24	20	29
64	170	1	2	119	0	1953125	12	0	0	0	0	0	0	0	0	10	18	23	24	16	11	19	26	27	21	14	19	29	32	29	20	18	30	38	35	26	19	22	35	43	30	29	32	22	57	80	49	89	80	57	164	181	121	219	218	188	344	326	248	457	450	375	604	418	396	742	787	654	949	836	641	1000	802	493	554	361	234	323	150	96	83	50	53	93	60	68	48	35	53	63	53	43	31	34	45	45	36	24	20	29
64	170	1	2	119	0	1953125	12	0	0	0	0	0	0	0	0	9	19	26	27	19	11	18	27	30	24	15	18	30	36	32	22	17	30	41	39	29	19	21	35	47	34	34	33	22	58	87	53	94	82	55	170	193	125	225	221	186	355	341	249	463	470	379	616	427	391	749	814	655	975	848	616	1000	823	496	559	358	224	330	159	102	85	46	49	94	64	72	50	34	51	64	55	46	31	32	45	46	37	23	19	29
64	170	1	2	119	0	1953125	12	0	0	0	0	0	0	0	0	9	19	26	27	19	11	18	27	30	24	15	18	30	36	32	22	17	30	41	39	29	19	21	35	47	34	34	33	22	58	87	53	94	82	55	170	193	125	225	221	186	355	341	249	463	470	379	616	427	391	749	814	655	975	848	616	1000	823	496	559	358	224	330	159	102	85	46	49	94	64	72	50	34	51	64	55	46	31	32	45	46	37	23	19	29
64	170	1	2	119	0	1953125	12	0	0	0	0	0	0	0	0	9	18	25	25	18	10	17	27	29	24	14	17	29	35	32	21	16	29	40	38	30	19	20	35	47	33	35	33	19	57	86	53	96	82	53	167	190	124	224	218	182	355	337	250	459	464	366	614	422	377	748	804	641	975	835	595	1000	823	507	563	359	226	334	159	104	87	46	50	95	62	72	49	34	50	65	54	45	31	31	43	45	37	22	19	28
64	170	1	2	119	0	1953125	12	0	0	0	0	0	0	0	0	9	18	25	25	18	10	17	27	29	24	14	17	29	35	32	21	16	29	40	38	30	19	20	35	47	33	35	33	19	57	86	53	96	82	53	167	190	124	224	218	182	355	337	250	459	464	366	614	422	377	748	804	641	975	835	595	1000	823	507	563	359	226	334	159	104	87	46	50	95	62	72	49	34	50	65	54	45	31	31	43	45	37	22	19	28
64	170	1	2	119	0	1953125	12	0	0	0	0	0	0	0	0	10	18	24	24	17	11	18	25	27	22	14	19	29	32	30	20	19	30	38	35	27	20	21	34	44	30	31	34	21	56	83	48	93	83	55	162	184	121	222	220	182	348	332	246	456	455	361	606	421	380	746	794	637	963	838	605	1000	811	497	559	362	226	328	155	100	87	48	52	94	60	70	49	34	51	63	53	45	31	31	43	46	36	25	19	27
64	170	1	2	119	0	1953125	12	0	0	0	0	0	0	0	0	10	18	24	24	17	11	18	25	27	22	14	19	29	32	30	20	19	30	38	35	27	20	21	34	44	30	31	34	21	56	83	48	93	83	55	162	184	121	222	220	182	348	332	246	456	455	361	606	421	380	746	794	637	963	838	605	1000	811	497	559	362	226	328	155	100	87	48	52	94	60	70	49	34	51	63	53	45	31	31	43	46	36	25	19	27
64	170	1	2	119	0	1953125	12	0	0	0	0	0	0	0	0	9	18	25	25	18	11	18	27	29	24	14	19	30	35	31	21	18	30	40	37	29	19	21	35	46	33	32	34	21	58	85	49	92	82	55	162	188	120	222	222	179	348	336	241	457	463	366	610	426	380	742	804	642	959	845	608	1000	813	486	553	363	223	328	154	97	86	49	51	93	61	69	48	34	52	63	52	43	30	33	44	45	35	23	20	29
64	170	1	2	119	0	1953125	12	0	0	0	0	0	0	0	0	9	18	25	25	18	11	18	27	29	24	14	19	30	35	31	21	18	30	40	37	29	19	21	35	46	33	32	34	21	58	85	49	92	82	55	162	188	120	222	222	179	348	336	241	457	463	366	610	426	380	742	804	642	959	845	608	1000	813	486	553	363	223	328	154	97	86	49	51	93	61	69	48	34	52	63	52	43	30	33	44	45	35	23	20	29
64	170	1	2	119	0	1953125	12	0	0	0	0	0	0	0	0	10	19	25	25	18	10	18	26	29	24	14	18	29	34	31	22	17	30	40	37	28	19	21	34	45	33	32	34	21	56	85	50	94	83	55	164	189	122	225	222	181	352	339	245	458	466	369	613	432	388	743	809	647	961	852	604	1000	816	483	553	363	216	326	152	96	85	48	50	92	61	70	49	35	50	63	52	44	31	32	43	44	36	24	20	28
64	170	1	2	119	0	1953125	12	0	0	0	0	0	0	0	0	10	19	25	25	18	10	18	26	29	24	14	18	29	34	31	22	17	30	40	37	28	19	21	34	45	33	32	34	21	56	85	50	94	83	55	164	189	122	225	222	181	352	339	245	458	466	369	613	432	388	743	809	647	961	852	604	1000	816	483	553	363	216	326	152	96	85	48	50	92	61	70	49	35	50	63	52	44	31	32	43	44	36	24	20	28
64	170	1	2	119	0	1953125	12	0	0	0	0	0	0	0	0	10	18	25	24	17	11	18	26	28	23	15	18	29	33	31	21	17	29	39	37	29	19	21	34	45	32	33	34	20	56	85	49	94	84	54	162	188	119	224	223	178	352	339	243	457	466	360	613	431	378	746	805	634	964	850	591	1000	823	486	561	368	218	329	156	97	87	49	49	93	61	70	50	35	50	63	53	45	32	32	43	46	37	24	20	27
64	170	1	2	119	0	1953125	12	0	0	0	0	0	0	0	0	10	18	25	24	17	11	18	26	28	23	15	18	29	33	31	21	17	29	39	37	29	19	21	34	45	32	33	34	20	56	85	49	94	84	54	162	188	119	224	223	178	352	339	243	457	466	360	613	431	378	746	805	634	964	850	591	1000	823	486	561	368	218	329	156	97	87	49	49	93	61	70	50	35	50	63	53	45	32	32	43	46	37	24	20	27
64	170	1	2	119	0	1953125	12	0	0	0	0	0	0	0	0	11	19	24	25	18	12	18	27	28	23	15	19	30	34	31	22	19	31	40	36	29	20	22	35	45	32	32	34	22	57	84	48	92	84	56	162	186	118	223	224	179	351	337	243	460	464	359	611	429	383	749	799	635	961	851	597	1000	818	486	561	372	225	329	156	97	88	51	51	93	61	69	49	35	51	63	52	44	31	33	43	45	35	23	20	28
64	170	1	2	119	0	1953125	12	0	0	0	0	0	0	0	0	11	19	24	25	18	12	18	27	28	23	15	19	30	34	31	22	19	31	40	36	29	20	22	35	45	32	32	34	22	57	84	48	92	84	56	162	186	118	223	224	179	351	337	243	460	464	359	611	429	383	749	799	635	961	851	597	1000	818	486	561	372	225	329	156	97	88	51	51	93	61	69	49	35	51	63	52	44	31	33	43	45	35	23	20	28
64	170	1	2	119	0	1953125	12	0	0	0	0	0	0	0	0	19	19	16	16	18	21	22	21	18	19	23	27	28	24	22	26	29	33	32	25	24	30	29	33	36	21	26	44	29	58	73	36	91	96	66	161	178	109	232	237	186	347	333	243	479	476	359	611	439	400	765	807	624	972	878	605	1000	820	494	582	369	211	323	165	108	99	38	40	81	61	78	66	37	38	52	55	57	46	28	29	38	42	40	26	14
64	170	1	2	119	0	1953125	12	0	0	0	0	0	0	0	0	19	19	16	16	18	21	22	21	18	19	23	27	28	24	22	26	29	33	32	25	24	30	29	33	36	21	26	44	29	58	73	36	91	96	66	161	178	109	232	237	186	347	333	243	479	476	359	611	439	400	765	807	624	972	878	605	1000	820	494	582	369	211	323	165	108	99	38	40	81	61	78	66	37	38	52	55	57	46	28	29	38	42	40	26	14
64	170	1	2	119	0	1953125	12	0	0	0	0	0	0	0	0	18	23	20	14	11	17	24	25	18	12	16	24	29	25	17	15	23	31	32	22	12	18	25	28	31	13	15	21	13	46	67	38	79	73	49	153	170	110	213	215	176	343	319	235	457	454	353	599	413	380	745	789	622	950	850	591	1000	807	478	566	372	216	322	152	88	83	44	34	74	44	60	42	23	35	46	42	43	30	23	30	35	35	27	18	16
64	170	1	2	119	0	1953125	12	0	0	0	0	0	0	0	0	18	23	20	14	11	17	24	25	18	12	16	24	29	25	17	15	23	31	32	22	12	18	25	28	31	13	15	21	13	46	67	38	79	73	49	153	170	110	213	215	176	343	319	235	457	454	353	599	413	380	745	789	622	950	850	591	1000	807	478	566	372	216	322	152	88	83	44	34	74	44	60	42	23	35	46	42	43	30	23	30	35	35	27	18	16
64	170	1	2	119	0	1953125	12	0	0	0	0	0	0	0	0	17	23	21	14	9	17	24	25	19	12	16	25	30	25	17	15	23	31	33	23	12	17	24	29	32	14	15	21	14	47	68	38	80	71	50	154	171	112	213	215	178	344	316	237	456	454	360	608	413	387	748	790	629	950	844	601	1000	800	482	562	370	217	320	148	88	83	44	36	73	43	59	42	24	36	47	42	42	31	24	32	36	33	28	19	17
64	170	1	2	119	0	1953125	12	0	0	0	0	0	0	0	0	17	23	21	14	9	17	24	25	19	12	16	25	30	25	17	15	23	31	33	23	12	17	24	29	32	14	15	21	14	47	68	38	80	71	50	154	171	112	213	215	178	344	316	237	456	454	360	608	413	387	748	790	629	950	844	601	1000	800	482	562	370	217	320	148	88	83	44	36	73	43	59	42	24	36	47	42	42	31	24	32	36	33	28	19	17
64	170	1	2	119	0	1953125	12	0	0	0	0	0	0	0	0	18	23	22	16	12	18	25	26	21	15	17	26	32	29	21	19	26	36	38	28	20	24	30	38	41	23	23	37	29	62	78	40	86	89	65	165	178	112	224	230	189	349	322	242	472	468	367	608	420	399	755	798	637	956	855	615	1000	805	492	573	366	225	322	155	104	95	44	47	84	57	72	59	38	44	55	50	49	41	31	35	39	37	33	23	21
64	170	1	2	119	0	1953125	12	0	0	0	0	0	0	0	0	18	23	22	16	12	18	25	26	21	15	17	26	32	29	21	19	26	36	38	28	20	24	30	38	41	23	23	37	29	62	78	40	86	89	65	165	178	112	224	230	189	349	322	242	472	468	367	608	420	399	755	798	637	956	855	615	1000	805	492	573	366	225	322	155	104	95	44	47	84	57	72	59	38	44	55	50	49	41	31	35	39	37	33	23	21
64	170	1	2	119	0	1953125	12	0	0	0	0	0	0	0	0	18	23	21	14	10	17	24	26	19	12	16	25	30	26	17	15	23	31	33	23	13	18	25	29	31	14	15	20	13	47	67	39	80	71	51	154	170	116	213	212	184	346	315	243	458	447	364	606	405	397	747	785	641	951	835	614	1000	800	489	566	373	224	318	149	90	83	45	37	74	42	59	42	24	36	45	40	41	30	25	32	34	33	27	18	17
64	170	1	2	119	0	1953125	12	0	0	0	0	0	0	0	0	18	23	21	14	10	17	24	26	19	12	16	25	30	26	17	15	23	31	33	23	13	18	25	29	31	14	15	20	13	47	67	39	80	71	51	154	170	116	213	212	184	346	315	243	458	447	364	606	405	397	747	785	641	951	835	614	1000	800	489	566	373	224	318	149	90	83	45	37	74	42	59	42	24	36	45	40	41	30	25	32	34	33	27	18	17
64	170	1	2	119	0	1953125	12	0	0	0	0	0	0	0	0	15	21	21	16	11	14	22	25	21	15	14	22	28	26	20	15	20	30	33	25	15	16	23	27	32	16	17	20	11	44	67	40	82	69	52	151	171	121	214	209	184	344	314	250	455	445	373	611	409	408	737	782	659	944	834	638	1000	801	505	559	368	231	318	147	91	79	44	37	75	46	61	40	23	37	49	44	43	29	22	33	37	35	27	15	17
64	170	1	2	119	0	1953125	12	0	0	0	0	0	0	0	0	15	21	21	16	11	14	22	25	21	15	14	22	28	26	20	15	20	30	33	25	15	16	23	27	32	16	17	20	11	44	67	40	82	69	52	151	171	121	214	209	184	344	314	250	455	445	373	611	409	408	737	782	659	944	834	638	1000	801	505	559	368	231	318	147	91	79	44	37	75	46	61	40	23	37	49	44	43	29	22	33	37	35	27	15	17
64	170	1	2	119	0	1953125	12	0	0	0	0	0	0	0	0	13	21	24	22	14	13	21	27	26	20	14	22	31	33	28	19	21	33	39	34	26	20	24	37	44	29	28	34	24	59	83	48	91	82	62	165	186	124	224	223	192	355	328	256	467	462	378	617	416	407	744	798	664	959	846	635	1000	811	508	569	365	234	325	158	108	92	45	49	88	60	72	55	36	47	59	53	49	36	31	39	43	38	29	20	24
64	170	1	2	119	0	1953125	12	0	0	0	0	0	0	0	0	13	21	24	22	14	13	21	27	26	20	14	22	31	33	28	19	21	33	39	34	26	20	24	37	44	29	28	34	24	59	83	48	91	82	62	165	186	124	224	223	192	355	328	256	467	462	378	617	416	407	744	798	664	959	846	635	1000	811	508	569	365	234	325	158	108	92	45	49	88	60	72	55	36	47	59	53	49	36	31	39	43	38	29	20	24
64	170	1	2	119	0	1953125	12	0	0	0	0	0	0	0	0	15	21	21	17	11	15	23	25	21	15	13	21	29	27	20	16	20	30	33	25	15	15	21	27	32	17	19	21	10	44	68	40	83	69	51	151	171	121	213	207	184	344	316	249	455	447	367	614	410	400	738	785	652	951	830	623	1000	806	513	569	367	231	324	154	97	83	42	36	74	45	62	41	22	35	48	45	44	30	22	32	38	36	28	17	16
64	170	1	2	119	0	1953125	12	0	0	0	0	0	0	0	0	15	21	21	17	11	15	23	25	21	15	13	21	29	27	20	16	20	30	33	25	15	15	21	27	32	17	19	21	10	44	68	40	83	69	51	151	171	121	213	207	184	344	316	249	455	447	367	614	410	400	738	785	652	951	830	623	1000	806	513	569	367	231	324	154	97	83	42	36	74	45	62	41	22	35	48	45	44	30	22	32	38	36	28	17	16
64	170	1	2	119	0	1953125	12	0	0	0	0	0	0	0	0	13	21	25	22	16	14	22	27	27	21	15	22	31	33	28	21	21	33	40	35	26	22	25	36	44	30	30	35	24	60	82	47	91	82	62	162	181	123	220	220	189	351	321	252	463	453	372	613	414	401	741	785	657	949	836	630	1000	801	514	569	361	238	325	155	110	92	44	51	88	60	72	54	35	48	60	53	47	35	31	40	43	38	27	20	24
64	170	1	2	119	0	1953125	12	0	0	0	0	0	0	0	0	13	21	25	22	16	14	22	27	27	21	15	22	31	33	28	21	21	33	40	35	26	22	25	36	44	30	30	35	24	60	82	47	91	82	62	162	181	123	220	220	189	351	321	252	463	453	372	613	414	401	741	785	657	949	836	630	1000	801	514	569	361	238	325	155	110	92	44	51	88	60	72	54	35	48	60	53	47	35	31	40	43	38	27	20	24
64	170	1	2	119	0	1953125	12	0	0	0	0	0	0	0	0	13	20	23	21	14	13	21	26	25	19	14	21	30	31	26	19	20	32	38	33	24	20	23	36	42	28	29	35	23	59	80	46	90	80	60	163	178	120	218	217	186	348	316	248	460	447	363	606	404	386	739	777	642	944	832	612	1000	792	500	567	359	235	325	151	107	91	45	51	87	57	70	53	35	48	59	52	46	35	31	39	43	37	27	20	24
64	170	1	2	119	0	1953125	12	0	0	0	0	0	0	0	0	13	20	23	21	14	13	21	26	25	19	14	21	30	31	26	19	20	32	38	33	24	20	23	36	42	28	29	35	23	59	80	46	90	80	60	163	178	120	218	217	186	348	316	248	460	447	363	606	404	386	739	777	642	944	832	612	1000	792	500	567	359	235	325	151	107	91	45	51	87	57	70	53	35	48	59	52	46	35	31	39	43	37	27	20	24
64	170	1	2	119	0	1953125	12	0	0	0	0	0	0	0	0	12	19	23	21	14	12	20	25	25	19	14	21	29	31	26	20	20	31	38	32	25	20	24	35	42	27	29	34	22	59	80	45	89	79	60	162	175	121	218	213	188	347	310	250	462	444	368	606	404	393	737	772	645	934	826	615	1000	777	502	565	354	239	326	146	106	88	44	53	88	58	70	51	33	49	60	52	45	33	31	41	45	36	26	19	25
64	170	1	2	119	0	1953125	12	0	0	0	0	0	0	0	0	12	19	23	21	14	12	20	25	25	19	14	21	29	31	26	20	20	31	38	32	25	20	24	35	42	27	29	34	22	59	80	45	89	79	60	162	175	121	218	213	188	347	310	250	462	444	368	606	404	393	737	772	645	934	826	615	1000	777	502	565	354	239	326	146	106	88	44	53	88	58	70	51	33	49	60	52	45	33	31	41	45	36	26	19	25
64	170	1	2	119	0	1953125	12	0	0	0	0	0	0	0	0	14	22	25	22	13	13	22	28	26	19	14	23	33	33	26	18	21	34	40	33	23	20	26	39	45	28	27	34	26	62	82	47	88	81	62	168	179	120	220	220	191	353	311	249	470	458	380	608	408	393	747	788	648	939	839	615	1000	779	488	562	353	231	326	146	106	89	42	50	87	57	70	52	34	47	58	52	46	34	31	39	43	36	27	20	24
64	170	1	2	119	0	1953125	12	0	0	0	0	0	0	0	0	14	22	25	22	13	13	22	28	26	19	14	23	33	33	26	18	21	34	40	33	23	20	26	39	45	28	27	34	26	62	82	47	88	81	62	168	179	120	220	220	191	353	311	249	470	458	380	608	408	393	747	788	648	939	839	615	1000	779	488	562	353	231	326	146	106	89	42	50	87	57	70	52	34	47	58	52	46	34	31	39	43	36	27	20	24
64	170	1	2	119	0	1953125	12	0	0	0	0	0	0	0	0	12	20	23	20	13	11	21	26	25	19	13	21	30	31	26	17	19	32	38	32	23	19	23	35	42	27	27	32	20	59	80	46	89	78	58	164	176	120	220	214	187	346	303	247	459	448	370	608	405	375	745	772	633	932	821	599	1000	763	493	554	341	228	322	139	108	88	40	51	86	56	70	50	32	47	59	51	45	33	29	39	42	36	26	20	24
64	170	1	2	119	0	1953125	12	0	0	0	0	0	0	0	0	12	20	23	20	13	11	21	26	25	19	13	21	30	31	26	17	19	32	38	32	23	19	23	35	42	27	27	32	20	59	80	46	89	78	58	164	176	120	220	214	187	346	303	247	459	448	370	608	405	375	745	772	633	932	821	599	1000	763	493	554	341	228	322	139	108	88	40	51	86	56	70	50	32	47	59	51	45	33	29	39	42	36	26	20	24
64	170	1	2	119	0	1953125	12	0	0	0	0	0	0	0	0	11	19	23	21	14	11	19	25	25	20	14	20	29	30	26	18	19	30	37	32	24	19	22	34	42	27	29	32	19	58	79	47	89	76	58	163	172	122	218	206	189	343	297	253	456	436	371	597	389	376	736	753	638	923	801	602	1000	745	499	552	334	238	327	132	109	85	42	54	89	56	71	47	31	49	60	50	44	31	30	41	44	35	25	19	26
64	170	1	2	119	0	1953125	12	0	0	0	0	0	0	0	0	11	19	23	21	14	11	19	25	25	20	14	20	29	30	26	18	19	30	37	32	24	19	22	34	42	27	29	32	19	58	79	47	89	76	58	163	172	122	218	206	189	343	297	253	456	436	371	597	389	376	736	753	638	923	801	602	1000	745	499	552	334	238	327	132	109	85	42	54	89	56	71	47	31	49	60	50	44	31	30	41	44	35	25	19	26
64	170	1	2	119	0	1953125	12	0	0	0	0	0	0	0	0	12	19	24	21	14	12	20	25	25	20	14	20	30	31	27	19	20	32	38	32	25	20	23	35	42	28	28	33	22	59	78	47	88	77	60	162	168	125	219	204	197	339	296	260	456	428	384	590	389	398	733	744	660	920	797	637	1000	746	508	551	337	247	324	133	108	86	45	58	89	57	70	47	33	51	61	51	43	31	31	42	43	34	23	19	26
64	170	1	2	119	0	1953125	12	0	0	0	0	0	0	0	0	12	19	24	21	14	12	20	25	25	20	14	20	30	31	27	19	20	32	38	32	25	20	23	35	42	28	28	33	22	59	78	47	88	77	60	162	168	125	219	204	197	339	296	260	456	428	384	590	389	398	733	744	660	920	797	637	1000	746	508	551	337	247	324	133	108	86	45	58	89	57	70	47	33	51	61	51	43	31	31	42	43	34	23	19	26
64	170	1	2	119	0	1953125	12	0	0	0	0	0	0	0	0	15	22	23	19	10	14	23	27	24	16	14	24	32	30	23	17	23	35	38	30	20	21	27	37	41	25	24	34	26	62	76	45	84	80	65	165	169	121	219	212	202	340	299	260	462	442	394	592	401	411	744	762	668	924	817	659	1000	759	503	554	345	247	319	135	104	88	46	56	86	55	69	50	36	50	58	50	45	34	33	42	41	35	26	22	26
64	170	1	2	119	0	1953125	12	0	0	0	0	0	0	0	0	15	22	23	19	10	14	23	27	24	16	14	24	32	30	23	17	23	35	38	30	20	21	27	37	41	25	24	34	26	62	76	45	84	80	65	165	169	121	219	212	202	340	299	260	462	442	394	592	401	411	744	762	668	924	817	659	1000	759	503	554	345	247	319	135	104	88	46	56	86	55	69	50	36	50	58	50	45	34	33	42	41	35	26	22	26
64	170	1	2	119	0	1953125	12	0	0	0	0	0	0	0	0	11	19	23	21	14	11	19	25	25	20	14	20	29	31	27	19	20	31	37	33	25	20	23	35	42	28	27	32	22	58	77	48	87	79	60	163	173	124	221	208	196	340	306	259	456	437	390	589	407	410	738	764	666	931	815	658	1000	774	497	554	349	250	318	137	100	86	48	58	90	58	67	47	35	53	61	51	42	31	34	45	44	36	23	21	28
64	170	1	2	119	0	1953125	12	0	0	0	0	0	0	0	0	11	19	23	21	14	11	19	25	25	20	14	20	29	31	27	19	20	31	37	33	25	20	23	35	42	28	27	32	22	58	77	48	87	79	60	163	173	124	221	208	196	340	306	259	456	437	390	589	407	410	738	764	666	931	815	658	1000	774	497	554	349	250	318	137	100	86	48	58	90	58	67	47	35	53	61	51	42	31	34	45	44	36	23	21	28
64	170	1	2	119	0	1953125	12	0	0	0	0	0	0	0	0	14	22	22	17	9	14	23	26	21	14	13	22	30	27	19	14	20	30	34	25	14	15	23	28	32	15	16	18	12	46	65	42	77	67	51	151	162	120	211	195	190	329	298	253	448	426	384	580	401	401	730	753	669	919	815	654	1000	773	496	545	360	246	316	133	87	78	50	46	78	44	57	33	22	42	51	43	39	23	25	37	40	33	22	13	21
64	170	1	2	119	0	1953125	12	0	0	0	0	0	0	0	0	14	22	22	17	9	14	23	26	21	14	13	22	30	27	19	14	20	30	34	25	14	15	23	28	32	15	16	18	12	46	65	42	77	67	51	151	162	120	211	195	190	329	298	253	448	426	384	580	401	401	730	753	669	919	815	654	1000	773	496	545	360	246	316	133	87	78	50	46	78	44	57	33	22	42	51	43	39	23	25	37	40	33	22	13	21
64	170	1	2	119	0	1953125	12	0	0	0	0	0	0	0	0	15	22	22	18	10	14	23	26	22	15	13	22	29	27	20	14	20	29	34	25	15	15	23	28	31	16	16	19	11	44	65	42	78	69	52	151	165	123	213	197	189	331	305	254	450	432	385	587	404	407	735	766	681	931	817	667	1000	791	499	550	368	249	317	139	85	78	52	46	79	45	57	33	23	43	52	43	39	23	24	38	41	34	22	13	21
64	170	1	2	119	0	1953125	12	0	0	0	0	0	0	0	0	15	22	22	18	10	14	23	26	22	15	13	22	29	27	20	14	20	29	34	25	15	15	23	28	31	16	16	19	11	44	65	42	78	69	52	151	165	123	213	197	189	331	305	254	450	432	385	587	404	407	735	766	681	931	817	667	1000	791	499	550	368	249	317	139	85	78	52	46	79	45	57	33	23	43	52	43	39	23	24	38	41	34	22	13	21
64	170	1	2	119	0	1953125	12	0	0	0	0	0	0	0	0	10	16	22	23	18	12	17	24	26	23	15	18	27	31	29	22	18	28	37	34	27	21	21	33	42	30	30	33	20	55	79	50	89	81	60	160	180	132	219	211	193	339	322	261	459	447	384	602	416	411	745	776	685	960	809	678	1000	790	518	552	360	256	321	148	104	80	51	58	94	63	71	45	34	55	66	54	44	29	33	48	47	36	22	19	30
64	170	1	2	119	0	1953125	12	0	0	0	0	0	0	0	0	10	16	22	23	18	12	17	24	26	23	15	18	27	31	29	22	18	28	37	34	27	21	21	33	42	30	30	33	20	55	79	50	89	81	60	160	180	132	219	211	193	339	322	261	459	447	384	602	416	411	745	776	685	960	809	678	1000	790	518	552	360	256	321	148	104	80	51	58	94	63	71	45	34	55	66	54	44	29	33	48	47	36	22	19	30
64	170	1	2	119	0	1953125	12	0	0	0	0	0	0	0	0	11	18	23	24	17	12	18	25	27	22	15	19	29	33	29	21	19	30	38	34	27	20	21	35	43	31	30	34	21	57	79	49	88	81	60	159	178	126	215	208	193	338	320	252	455	442	375	590	413	393	742	766	671	942	797	645	1000	769	520	554	355	253	319	146	105	83	50	58	92	61	69	47	36	53	63	51	43	31	33	45	45	34	22	20	28
64	170	1	2	119	0	1953125	12	0	0	0	0	0	0	0	0	11	18	23	24	17	12	18	25	27	22	15	19	29	33	29	21	19	30	38	34	27	20	21	35	43	31	30	34	21	57	79	49	88	81	60	159	178	126	215	208	193	338	320	252	455	442	375	590	413	393	742	766	671	942	797	645	1000	769	520	554	355	253	319	146	105	83	50	58	92	61	69	47	36	53	63	51	43	31	33	45	45	34	22	20	28
64	170	1	2	119	0	1953125	12	0	0	0	0	0	0	0	0	14	21	22	18	11	13	22	25	22	15	13	21	28	27	21	14	19	29	34	25	15	15	22	28	32	16	17	19	10	44	66	42	79	69	51	150	166	123	209	197	188	334	307	246	451	427	367	587	403	394	734	767	667	935	810	647	1000	787	509	561	368	247	319	145	90	79	48	44	78	45	58	35	22	40	50	42	40	24	23	36	39	34	23	13	19
64	170	1	2	119	0	1953125	12	0	0	0	0	0	0	0	0	14	21	22	18	11	13	22	25	22	15	13	21	28	27	21	14	19	29	34	25	15	15	22	28	32	16	17	19	10	44	66	42	79	69	51	150	166	123	209	197	188	334	307	246	451	427	367	587	403	394	734	767	667	935	810	647	1000	787	509	561	368	247	319	145	90	79	48	44	78	45	58	35	22	40	50	42	40	24	23	36	39	34	23	13	19
64	170	1	2	119	0	1953125	12	0	0	0	0	0	0	0	0	15	21	21	17	11	14	23	26	22	14	14	21	28	27	20	15	20	30	34	25	15	16	22	28	31	16	17	20	11	44	67	41	78	72	51	150	168	121	210	202	189	334	309	247	455	434	368	592	412	396	736	785	665	938	833	641	1000	804	502	565	370	241	321	147	90	79	48	42	79	45	59	36	22	39	50	43	41	25	23	35	39	34	24	13	18
64	170	1	2	119	0	1953125	12	0	0	0	0	0	0	0	0	15	21	21	17	11	14	23	26	22	14	14	21	28	27	20	15	20	30	34	25	15	16	22	28	31	16	17	20	11	44	67	41	78	72	51	150	168	121	210	202	189	334	309	247	455	434	368	592	412	396	736	785	665	938	833	641	1000	804	502	565	370	241	321	147	90	79	48	42	79	45	59	36	22	39	50	43	41	25	23	35	39	34	24	13	18
64	170	1	2	119	0	1953125	12	0	0	0	0	0	0	0	0	14	22	23	18	10	13	22	27	23	15	12	21	29	28	21	14	19	29	34	27	16	13	22	29	33	17	18	19	11	45	68	43	80	70	51	152	171	125	211	201	191	338	311	251	456	436	371	597	407	399	739	785	667	946	821	648	1000	800	509	566	368	245	322	146	91	78	48	43	79	46	60	35	21	41	52	44	41	24	24	36	40	35	24	13	19
64	170	1	2	119	0	1953125	12	0	0	0	0	0	0	0	0	14	22	23	18	10	13	22	27	23	15	12	21	29	28	21	14	19	29	34	27	16	13	22	29	33	17	18	19	11	45	68	43	80	70	51	152	171	125	211	201	191	338	311	251	456	436	371	597	407	399	739	785	667	946	821	648	1000	800	509	566	368	245	322	146	91	78	48	43	79	46	60	35	21	41	52	44	41	24	24	36	40	35	24	13	19
64	170	1	2	119	0	1953125	12	0	0	0	0	0	0	0	0	15	21	22	18	11	14	22	26	22	16	14	22	29	27	21	15	19	30	33	26	16	15	22	28	33	17	18	20	10	45	67	43	81	71	54	150	170	129	209	203	195	338	314	261	455	437	375	600	409	409	743	787	680	960	815	661	1000	801	523	565	367	246	321	152	96	78	47	42	78	47	61	36	22	38	50	44	42	26	22	35	40	35	26	14	18
64	170	1	2	119	0	1953125	12	0	0	0	0	0	0	0	0	15	21	22	18	11	14	22	26	22	16	14	22	29	27	21	15	19	30	33	26	16	15	22	28	33	17	18	20	10	45	67	43	81	71	54	150	170	129	209	203	195	338	314	261	455	437	375	600	409	409	743	787	680	960	815	661	1000	801	523	565	367	246	321	152	96	78	47	42	78	47	61	36	22	38	50	44	42	26	22	35	40	35	26	14	18
64	170	1	2	119	0	1953125	12	0	0	0	0	0	0	0	0	9	18	24	25	17	11	18	26	28	23	15	18	29	33	30	22	18	30	39	36	28	20	21	35	45	32	32	33	21	58	83	52	91	85	61	161	186	134	217	217	198	348	332	264	460	456	380	607	427	406	752	801	684	959	831	646	1000	802	531	564	367	250	324	157	110	83	48	56	92	62	71	48	35	52	63	54	46	32	32	45	47	37	25	19	27
64	170	1	2	119	0	1953125	12	0	0	0	0	0	0	0	0	9	18	24	25	17	11	18	26	28	23	15	18	29	33	30	22	18	30	39	36	28	20	21	35	45	32	32	33	21	58	83	52	91	85	61	161	186	134	217	217	198	348	332	264	460	456	380	607	427	406	752	801	684	959	831	646	1000	802	531	564	367	250	324	157	110	83	48	56	92	62	71	48	35	52	63	54	46	32	32	45	47	37	25	19	27
64	170	1	2	119	0	1953125	12	0	0	0	0	0	0	0	0	13	21	23	18	10	12	21	26	22	15	11	21	28	28	21	14	17	28	34	26	16	13	21	27	33	18	20	19	8	44	68	46	83	72	52	150	175	130	209	203	192	339	322	256	451	446	370	597	418	396	749	791	678	953	831	642	1000	807	521	566	374	247	322	156	98	76	47	42	78	46	61	36	21	38	50	45	43	26	23	36	41	37	26	14	18
64	170	1	2	119	0	1953125	12	0	0	0	0	0	0	0	0	13	21	23	18	10	12	21	26	22	15	11	21	28	28	21	14	17	28	34	26	16	13	21	27	33	18	20	19	8	44	68	46	83	72	52	150	175	130	209	203	192	339	322	256	451	446	370	597	418	396	749	791	678	953	831	642	1000	807	521	566	374	247	322	156	98	76	47	42	78	46	61	36	21	38	50	45	43	26	23	36	41	37	26	14	18
64	170	1	2	119	0	1953125	12	0	0	0	0	0	0	0	0	11	18	24	24	17	12	19	26	27	22	15	19	29	33	30	22	19	31	39	36	28	21	21	35	44	31	31	35	20	57	82	52	92	85	61	161	186	131	222	216	200	351	330	265	463	459	379	613	429	417	755	808	687	967	832	666	1000	813	531	574	366	254	325	156	111	86	46	58	93	61	71	50	35	52	63	54	45	33	32	44	46	36	24	20	28
64	170	1	2	119	0	1953125	12	0	0	0	0	0	0	0	0	11	18	24	24	17	12	19	26	27	22	15	19	29	33	30	22	19	31	39	36	28	21	21	35	44	31	31	35	20	57	82	52	92	85	61	161	186	131	222	216	200	351	330	265	463	459	379	613	429	417	755	808	687	967	832	666	1000	813	531	574	366	254	325	156	111	86	46	58	93	61	71	50	35	52	63	54	45	33	32	44	46	36	24	20	28
64	170	1	2	119	0	1953125	12	0	0	0	0	0	0	0	0	10	19	25	24	16	11	19	26	28	22	14	19	30	33	30	21	18	31	39	36	27	19	21	35	45	32	31	33	20	58	83	52	92	84	62	164	187	131	223	212	201	352	328	265	466	460	391	612	422	420	750	811	703	959	832	668	1000	814	541	570	361	254	330	158	113	83	45	56	95	64	73	49	33	52	65	54	47	31	32	46	47	37	25	19	28
64	170	1	2	119	0	1953125	12	0	0	0	0	0	0	0	0	10	19	25	24	16	11	19	26	28	22	14	19	30	33	30	21	18	31	39	36	27	19	21	35	45	32	31	33	20	58	83	52	92	84	62	164	187	131	223	212	201	352	328	265	466	460	391	612	422	420	750	811	703	959	832	668	1000	814	541	570	361	254	330	158	113	83	45	56	95	64	73	49	33	52	65	54	47	31	32	46	47	37	25	19	28
64	170	1	2	119	0	1953125	12	0	0	0	0	0	0	0	0	12	20	25	24	16	13	21	27	28	22	15	21	31	34	30	21	21	33	40	36	28	21	24	37	46	33	31	35	23	60	84	52	91	87	64	165	187	130	224	217	202	353	334	263	467	459	384	605	426	408	755	804	692	962	838	648	1000	824	537	577	362	247	330	164	115	89	43	52	94	65	75	53	34	49	63	55	48	33	29	42	47	39	27	19	26
64	170	1	2	119	0	1953125	12	0	0	0	0	0	0	0	0	12	20	25	24	16	13	21	27	28	22	15	21	31	34	30	21	21	33	40	36	28	21	24	37	46	33	31	35	23	60	84	52	91	87	64	165	187	130	224	217	202	353	334	263	467	459	384	605	426	408	755	804	692	962	838	648	1000	824	537	577	362	247	330	164	115	89	43	52	94	65	75	53	34	49	63	55	48	33	29	42	47	39	27	19	26
64	170	1	2	119	0	1953125	12	0	0	0	0	0	0	0	0	10	18	25	25	18	11	18	26	29	24	15	18	30	34	31	22	18	31	40	38	29	20	21	35	46	34	33	35	21	58	84	54	95	85	62	165	189	134	225	216	200	357	338	267	463	464	385	616	429	413	754	812	691	969	841	651	1000	835	532	580	366	249	327	163	112	89	44	55	93	64	73	53	34	51	63	55	48	33	32	44	47	38	26	19	27
64	170	1	2	119	0	1953125	12	0	0	0	0	0	0	0	0	10	18	25	25	18	11	18	26	29	24	15	18	30	34	31	22	18	31	40	38	29	20	21	35	46	34	33	35	21	58	84	54	95	85	62	165	189	134	225	216	200	357	338	267	463	464	385	616	429	413	754	812	691	969	841	651	1000	835	532	580	366	249	327	163	112	89	44	55	93	64	73	53	34	51	63	55	48	33	32	44	47	38	26	19	27
64	170	1	2	119	0	1953125	12	0	0	0	0	0	0	0	0	10	18	24	24	17	11	18	25	28	22	14	19	29	33	30	21	19	30	39	36	28	20	22	34	45	32	33	34	21	57	83	52	94	85	62	161	186	130	224	215	198	350	332	261	465	456	384	612	424	406	751	801	681	957	837	647	1000	821	520	569	365	250	327	156	108	86	48	56	93	61	71	49	36	53	64	53	45	32	33	46	46	36	24	21	29
64	170	1	2	119	0	1953125	12	0	0	0	0	0	0	0	0	10	18	24	24	17	11	18	25	28	22	14	19	29	33	30	21	19	30	39	36	28	20	22	34	45	32	33	34	21	57	83	52	94	85	62	161	186	130	224	215	198	350	332	261	465	456	384	612	424	406	751	801	681	957	837	647	1000	821	520	569	365	250	327	156	108	86	48	56	93	61	71	49	36	53	64	53	45	32	33	46	46	36	24	21	29
64	170	1	2	119	0	1953125	12	0	0	0	0	0	0	0	0	15	22	22	18	11	14	23	26	22	15	13	22	29	28	20	15	19	30	33	26	15	15	22	28	32	16	19	20	11	45	68	42	82	71	52	149	174	122	215	206	189	340	316	248	461	445	380	606	416	398	744	789	670	936	841	649	1000	812	491	556	374	241	320	146	89	78	50	43	79	46	58	34	22	40	52	45	41	25	23	38	41	34	22	13	21
64	170	1	2	119	0	1953125	12	0	0	0	0	0	0	0	0	15	22	22	18	11	14	23	26	22	15	13	22	29	28	20	15	19	30	33	26	15	15	22	28	32	16	19	20	11	45	68	42	82	71	52	149	174	122	215	206	189	340	316	248	461	445	380	606	416	398	744	789	670	936	841	649	1000	812	491	556	374	241	320	146	89	78	50	43	79	46	58	34	22	40	52	45	41	25	23	38	41	34	22	13	21
64	170	1	2	119	0	1953125	12	0	0	0	0	0	0	0	0	15	22	23	18	10	14	23	26	22	15	13	23	29	28	21	15	20	31	34	26	15	15	23	28	32	16	16	19	12	45	67	41	80	70	52	149	173	119	212	207	187	338	311	243	464	445	379	609	419	397	741	793	662	930	850	654	1000	807	475	554	376	237	315	144	83	80	52	44	78	45	55	34	23	41	51	43	39	24	25	36	39	33	23	14	20
64	170	1	2	119	0	1953125	12	0	0	0	0	0	0	0	0	15	22	23	18	10	14	23	26	22	15	13	23	29	28	21	15	20	31	34	26	15	15	23	28	32	16	16	19	12	45	67	41	80	70	52	149	173	119	212	207	187	338	311	243	464	445	379	609	419	397	741	793	662	930	850	654	1000	807	475	554	376	237	315	144	83	80	52	44	78	45	55	34	23	41	51	43	39	24	25	36	39	33	23	14	20
64	170	1	2	119	0	1953125	12	0	0	0	0	0	0	0	0	15	22	22	17	11	14	23	25	21	14	13	22	29	27	20	15	20	29	33	25	14	16	23	28	31	15	15	20	11	46	64	39	77	69	49	147	166	115	209	201	186	329	303	241	456	433	373	592	420	387	726	784	642	916	838	629	1000	792	461	549	368	231	313	137	80	78	53	45	78	43	54	33	24	42	51	43	37	23	24	38	38	32	21	14	21
64	170	1	2	119	0	1953125	12	0	0	0	0	0	0	0	0	15	22	22	17	11	14	23	25	21	14	13	22	29	27	20	15	20	29	33	25	14	16	23	28	31	15	15	20	11	46	64	39	77	69	49	147	166	115	209	201	186	329	303	241	456	433	373	592	420	387	726	784	642	916	838	629	1000	792	461	549	368	231	313	137	80	78	53	45	78	43	54	33	24	42	51	43	37	23	24	38	38	32	21	14	21
64	170	1	2	119	0	1953125	12	0	0	0	0	0	0	0	0	15	22	22	18	10	13	23	26	22	14	13	22	29	27	20	15	20	30	33	25	14	16	23	28	32	16	16	20	12	46	65	40	78	68	51	150	166	119	208	202	188	331	303	247	453	436	377	589	423	389	725	792	634	924	836	627	1000	797	457	556	362	236	311	139	82	78	51	45	78	44	56	33	24	42	51	43	38	23	26	37	40	33	21	14	21
64	170	1	2	119	0	1953125	12	0	0	0	0	0	0	0	0	15	22	22	18	10	13	23	26	22	14	13	22	29	27	20	15	20	30	33	25	14	16	23	28	32	16	16	20	12	46	65	40	78	68	51	150	166	119	208	202	188	331	303	247	453	436	377	589	423	389	725	792	634	924	836	627	1000	797	457	556	362	236	311	139	82	78	51	45	78	44	56	33	24	42	51	43	38	23	26	37	40	33	21	14	21
