34928	35048	35167	35286	35405	35524	35644	35763	35882	36001	36120	36240	36359	36478	36597	36716	36836	36955	37074	37193	37313	37432	37551	37670	37789	37909	38028	38147	38266	38385	38505	38624	38743	38862	38981	39101	39220	39339	39458	39577	39697	39816	39935	40054	40174	40293	40412	40531	40650	40770	40889	41008	41127	41246	41366	41485	41604	41723	41842	41962	42081	42200	42319	42439	42558	42677	42796	42915	43035	43154	43273	43392	43511	43631	43750	43869	43988	44107	44227	44346	44465	44584	44703	44823	44942
64	170	1	2	119	0	1953125	12	0	0	0	0	0	0	0	0	7	23	36	32	15	17	35	40	26	14	34	45	38	17	28	49	50	32	21	44	60	53	29	30	69	72	64	40	48	93	105	95	77	134	165	182	163	168	251	280	294	316	292	448	418	422	445	505	604	616	548	663	863	806	745	1000	829	969	821	602	545	443	360	158	117	137	126	131	78	28	61	92	81	64	37	52	76	66	39	29	47	52	40	18	23
64	170	1	2	119	0	1953125	12	0	0	0	0	0	0	0	0	7	23	36	32	15	17	35	40	26	14	34	45	38	17	28	49	50	32	21	44	60	53	29	30	69	72	64	40	48	93	105	95	77	134	165	182	163	168	251	280	294	316	292	448	418	422	445	505	604	616	548	663	863	806	745	1000	829	969	821	602	545	443	360	158	117	137	126	131	78	28	61	92	81	64	37	52	76	66	39	29	47	52	40	18	23
64	170	1	2	119	0	1953125	12	0	0	0	0	0	0	0	0	17	11	29	36	26	10	27	41	35	16	23	43	45	28	21	44	55	45	22	40	64	66	43	33	73	85	82	53	60	108	123	115	95	149	183	200	183	180	264	297	308	331	302	462	432	435	456	511	616	627	555	667	863	811	751	1000	823	976	827	612	543	447	374	169	129	145	141	151	96	45	77	111	94	72	48	66	87	71	39	39	58	59	40	22	37
64	170	1	2	119	0	1953125	12	0	0	0	0	0	0	0	0	17	11	29	36	26	10	27	41	35	16	23	43	45	28	21	44	55	45	22	40	64	66	43	33	73	85	82	53	60	108	123	115	95	149	183	200	183	180	264	297	308	331	302	462	432	435	456	511	616	627	555	667	863	811	751	1000	823	976	827	612	543	447	374	169	129	145	141	151	96	45	77	111	94	72	48	66	87	71	39	39	58	59	40	22	37
64	170	1	2	119	0	1953125	12	0	0	0	0	0	0	0	0	6	25	33	27	10	18	35	35	21	12	31	40	32	12	26	43	42	25	16	37	50	42	19	19	55	57	54	26	23	74	92	90	65	111	147	178	156	156	233	274	301	312	270	444	421	422	436	492	605	634	546	650	869	815	745	1000	825	983	825	596	560	449	360	146	105	139	122	117	58	6	49	83	69	58	22	40	70	63	34	20	41	51	42	17	17
64	170	1	2	119	0	1953125	12	0	0	0	0	0	0	0	0	6	25	33	27	10	18	35	35	21	12	31	40	32	12	26	43	42	25	16	37	50	42	19	19	55	57	54	26	23	74	92	90	65	111	147	178	156	156	233	274	301	312	270	444	421	422	436	492	605	634	546	650	869	815	745	1000	825	983	825	596	560	449	360	146	105	139	122	117	58	6	49	83	69	58	22	40	70	63	34	20	41	51	42	17	17
64	170	1	2	119	0	1953125	12	0	0	0	0	0	0	0	0	14	29	34	21	6	25	37	32	13	19	37	40	27	11	32	47	39	18	23	42	51	37	11	25	60	57	49	24	30	78	90	84	62	117	151	174	151	157	239	271	293	311	276	445	414	417	438	494	601	622	543	653	862	803	739	1000	814	970	825	595	555	438	358	151	105	130	118	116	62	8	42	76	67	62	26	34	64	63	41	21	34	47	44	24	11
64	170	1	2	119	0	1953125	12	0	0	0	0	0	0	0	0	14	29	34	21	6	25	37	32	13	19	37	40	27	11	32	47	39	18	23	42	51	37	11	25	60	57	49	24	30	78	90	84	62	117	151	174	151	157	239	271	293	311	276	445	414	417	438	494	601	622	543	653	862	803	739	1000	814	970	825	595	555	438	358	151	105	130	118	116	62	8	42	76	67	62	26	34	64	63	41	21	34	47	44	24	11
64	170	1	2	119	0	1953125	12	0	0	0	0	0	0	0	0	11	26	31	23	8	22	34	31	15	16	33	38	27	11	29	43	39	20	19	39	48	37	15	21	56	54	50	26	28	74	88	85	64	114	147	173	152	158	233	266	293	311	268	440	411	415	434	486	594	625	545	641	860	805	738	999	816	969	824	596	551	436	357	147	104	129	118	117	62	7	43	79	70	61	24	35	67	63	40	20	36	50	44	23	12
64	170	1	2	119	0	1953125	12	0	0	0	0	0	0	0	0	11	26	31	23	8	22	34	31	15	16	33	38	27	11	29	43	39	20	19	39	48	37	15	21	56	54	50	26	28	74	88	85	64	114	147	173	152	158	233	266	293	311	268	440	411	415	434	486	594	625	545	641	860	805	738	999	816	969	824	596	551	436	357	147	104	129	118	117	62	7	43	79	70	61	24	35	67	63	40	20	36	50	44	23	12
64	170	1	2	119	0	1953125	12	0	0	0	0	0	0	0	0	8	22	35	31	16	17	34	38	26	14	32	43	37	19	28	47	50	32	21	41	58	52	29	30	67	71	65	41	46	92	103	97	79	131	161	181	164	167	245	277	295	319	282	445	414	420	442	494	598	622	549	649	861	803	741	1000	817	959	822	600	538	437	361	153	116	133	124	132	80	26	59	93	81	68	36	50	76	68	39	27	46	53	42	18	23
64	170	1	2	119	0	1953125	12	0	0	0	0	0	0	0	0	8	22	35	31	16	17	34	38	26	14	32	43	37	19	28	47	50	32	21	41	58	52	29	30	67	71	65	41	46	92	103	97	79	131	161	181	164	167	245	277	295	319	282	445	414	420	442	494	598	622	549	649	861	803	741	1000	817	959	822	600	538	437	361	153	116	133	124	132	80	26	59	93	81	68	36	50	76	68	39	27	46	53	42	18	23
64	170	1	2	119	0	1953125	12	0	0	0	0	0	0	0	0	13	30	33	22	6	25	36	31	13	18	37	39	26	11	32	45	39	18	22	43	50	36	12	25	57	55	48	24	30	76	89	84	62	116	150	170	149	156	234	265	290	307	269	444	404	410	436	485	591	619	538	643	859	792	725	1000	810	961	820	590	554	435	356	147	108	130	117	115	61	8	42	76	67	61	26	34	65	62	40	21	35	47	43	24	11
64	170	1	2	119	0	1953125	12	0	0	0	0	0	0	0	0	13	30	33	22	6	25	36	31	13	18	37	39	26	11	32	45	39	18	22	43	50	36	12	25	57	55	48	24	30	76	89	84	62	116	150	170	149	156	234	265	290	307	269	444	404	410	436	485	591	619	538	643	859	792	725	1000	810	961	820	590	554	435	356	147	108	130	117	115	61	8	42	76	67	61	26	34	65	62	40	21	35	47	43	24	11
64	170	1	2	119	0	1953125	12	0	0	0	0	0	0	0	0	8	23	34	31	16	17	33	39	25	14	33	44	37	19	28	47	49	32	21	43	58	51	28	29	67	70	64	40	47	93	102	95	77	131	161	179	163	168	245	274	294	318	281	446	411	417	446	496	593	618	548	648	862	796	729	1000	816	951	812	593	541	436	353	150	117	134	123	129	76	28	60	94	78	65	37	51	75	65	38	28	46	53	40	18	23
64	170	1	2	119	0	1953125	12	0	0	0	0	0	0	0	0	8	23	34	31	16	17	33	39	25	14	33	44	37	19	28	47	49	32	21	43	58	51	28	29	67	70	64	40	47	93	102	95	77	131	161	179	163	168	245	274	294	318	281	446	411	417	446	496	593	618	548	648	862	796	729	1000	816	951	812	593	541	436	353	150	117	134	123	129	76	28	60	94	78	65	37	51	75	65	38	28	46	53	40	18	23
64	170	1	2	119	0	1953125	12	0	0	0	0	0	0	0	0	8	22	34	31	15	17	33	38	26	14	32	44	37	19	28	46	48	32	21	43	58	50	29	30	67	70	63	40	48	92	101	96	77	131	161	178	162	168	245	272	291	317	281	446	410	415	446	495	590	614	548	649	859	796	724	1000	813	947	813	588	542	438	354	149	117	136	123	130	74	26	62	94	78	63	36	51	76	65	37	28	48	53	39	18	24
64	170	1	2	119	0	1953125	12	0	0	0	0	0	0	0	0	8	22	34	31	15	17	33	38	26	14	32	44	37	19	28	46	48	32	21	43	58	50	29	30	67	70	63	40	48	92	101	96	77	131	161	178	162	168	245	272	291	317	281	446	410	415	446	495	590	614	548	649	859	796	724	1000	813	947	813	588	542	438	354	149	117	136	123	130	74	26	62	94	78	63	36	51	76	65	37	28	48	53	39	18	24
64	170	1	2	119	0	1953125	12	0	0	0	0	0	0	0	0	7	23	35	31	15	16	34	39	25	14	33	45	37	18	28	48	48	32	21	43	58	51	28	29	67	71	63	40	47	92	101	94	76	131	162	178	161	168	247	272	291	318	281	446	412	413	447	498	589	614	550	649	860	798	724	1000	814	941	815	588	538	438	352	150	119	134	121	128	74	28	61	91	77	62	38	50	74	65	38	29	46	51	40	19	23
64	170	1	2	119	0	1953125	12	0	0	0	0	0	0	0	0	7	23	35	31	15	16	34	39	25	14	33	45	37	18	28	48	48	32	21	43	58	51	28	29	67	71	63	40	47	92	101	94	76	131	162	178	161	168	247	272	291	318	281	446	412	413	447	498	589	614	550	649	860	798	724	1000	814	941	815	588	538	438	352	150	119	134	121	128	74	28	61	91	77	62	38	50	74	65	38	29	46	51	40	19	23
64	170	1	2	119	0	1953125	12	0	0	0	0	0	0	0	0	7	23	35	31	15	17	34	38	26	13	32	44	37	18	28	46	49	32	20	42	58	51	29	30	67	70	63	40	47	91	101	95	76	130	161	177	161	167	244	272	290	316	279	444	412	413	445	495	588	612	549	647	855	801	726	999	814	945	817	591	539	439	353	152	119	135	121	128	74	28	61	93	79	64	38	51	74	65	38	30	47	53	39	18	23
64	170	1	2	119	0	1953125	12	0	0	0	0	0	0	0	0	7	23	35	31	15	17	34	38	26	13	32	44	37	18	28	46	49	32	20	42	58	51	29	30	67	70	63	40	47	91	101	95	76	130	161	177	161	167	244	272	290	316	279	444	412	413	445	495	588	612	549	647	855	801	726	999	814	945	817	591	539	439	353	152	119	135	121	128	74	28	61	93	79	64	38	51	74	65	38	30	47	53	39	18	23
64	170	1	2	119	0	1953125	12	0	0	0	0	0	0	0	0	9	23	33	30	15	17	33	37	24	15	32	43	36	18	28	46	48	31	22	43	57	50	28	30	66	68	62	41	48	90	100	95	78	130	160	177	160	169	245	270	290	319	280	444	411	416	447	496	586	614	549	646	856	793	731	1000	810	944	818	590	536	440	354	151	118	134	122	128	75	27	59	90	80	63	36	50	76	65	38	28	46	53	41	17	23
64	170	1	2	119	0	1953125	12	0	0	0	0	0	0	0	0	9	23	33	30	15	17	33	37	24	15	32	43	36	18	28	46	48	31	22	43	57	50	28	30	66	68	62	41	48	90	100	95	78	130	160	177	160	169	245	270	290	319	280	444	411	416	447	496	586	614	549	646	856	793	731	1000	810	944	818	590	536	440	354	151	118	134	122	128	75	27	59	90	80	63	36	50	76	65	38	28	46	53	41	17	23
64	170	1	2	119	0	1953125	12	0	0	0	0	0	0	0	0	10	21	33	30	17	16	32	36	26	15	31	42	36	20	27	45	47	32	21	41	55	50	30	29	64	68	62	41	47	89	99	95	77	126	157	174	158	167	242	266	288	317	278	439	407	411	443	492	581	606	548	644	854	793	730	1000	813	936	809	581	531	435	345	146	117	135	122	125	72	27	63	93	76	61	37	53	75	63	35	30	48	52	37	17	25
64	170	1	2	119	0	1953125	12	0	0	0	0	0	0	0	0	10	21	33	30	17	16	32	36	26	15	31	42	36	20	27	45	47	32	21	41	55	50	30	29	64	68	62	41	47	89	99	95	77	126	157	174	158	167	242	266	288	317	278	439	407	411	443	492	581	606	548	644	854	793	730	1000	813	936	809	581	531	435	345	146	117	135	122	125	72	27	63	93	76	61	37	53	75	63	35	30	48	52	37	17	25
64	170	1	2	119	0	1953125	12	0	0	0	0	0	0	0	0	8	23	34	30	14	18	34	37	24	14	32	42	36	18	28	47	47	30	22	43	56	49	27	30	66	68	61	40	48	91	98	93	76	127	160	174	157	167	244	266	284	315	279	439	406	407	445	492	581	602	546	648	855	791	722	1000	809	927	810	571	530	433	342	146	117	133	119	125	73	30	62	91	78	61	37	51	73	63	36	30	46	51	38	18	24
64	170	1	2	119	0	1953125	12	0	0	0	0	0	0	0	0	8	23	34	30	14	18	34	37	24	14	32	42	36	18	28	47	47	30	22	43	56	49	27	30	66	68	61	40	48	91	98	93	76	127	160	174	157	167	244	266	284	315	279	439	406	407	445	492	581	602	546	648	855	791	722	1000	809	927	810	571	530	433	342	146	117	133	119	125	73	30	62	91	78	61	37	51	73	63	36	30	46	51	38	18	24
64	170	1	2	119	0	1953125	12	0	0	0	0	0	0	0	0	8	23	34	30	14	18	34	37	23	14	32	43	35	18	28	47	47	30	22	44	56	48	27	30	66	68	61	39	48	91	98	91	77	128	159	172	156	166	242	265	281	313	276	437	402	404	441	488	577	599	543	645	852	788	721	1000	806	926	804	567	528	429	338	145	117	132	118	122	71	29	62	89	76	61	39	50	72	62	37	29	46	50	38	19	23
64	170	1	2	119	0	1953125	12	0	0	0	0	0	0	0	0	8	23	34	30	14	18	34	37	23	14	32	43	35	18	28	47	47	30	22	44	56	48	27	30	66	68	61	39	48	91	98	91	77	128	159	172	156	166	242	265	281	313	276	437	402	404	441	488	577	599	543	645	852	788	721	1000	806	926	804	567	528	429	338	145	117	132	118	122	71	29	62	89	76	61	39	50	72	62	37	29	46	50	38	19	23
64	170	1	2	119	0	1953125	12	0	0	0	0	0	0	0	0	13	27	32	23	12	23	34	32	19	20	36	40	30	19	34	46	42	26	28	47	54	42	27	37	67	64	55	44	55	90	94	89	82	132	158	168	159	174	245	262	278	319	284	436	401	410	449	490	575	602	548	648	846	791	739	1000	804	932	818	576	521	426	347	153	114	124	119	129	81	29	54	89	81	70	36	45	72	69	43	24	41	55	45	20	18
64	170	1	2	119	0	1953125	12	0	0	0	0	0	0	0	0	13	27	32	23	12	23	34	32	19	20	36	40	30	19	34	46	42	26	28	47	54	42	27	37	67	64	55	44	55	90	94	89	82	132	158	168	159	174	245	262	278	319	284	436	401	410	449	490	575	602	548	648	846	791	739	1000	804	932	818	576	521	426	347	153	114	124	119	129	81	29	54	89	81	70	36	45	72	69	43	24	41	55	45	20	18
64	170	1	2	119	0	1953125	12	0	0	0	0	0	0	0	0	10	23	32	28	15	18	33	36	23	16	33	41	34	20	30	46	46	31	23	43	55	48	29	32	66	68	60	42	49	91	99	95	80	130	160	176	161	171	243	269	286	318	279	441	405	414	446	490	584	611	543	647	851	785	738	1000	802	946	819	582	536	438	353	152	116	134	125	130	77	26	60	93	81	67	36	50	76	67	38	25	47	55	41	17	23
64	170	1	2	119	0	1953125	12	0	0	0	0	0	0	0	0	10	23	32	28	15	18	33	36	23	16	33	41	34	20	30	46	46	31	23	43	55	48	29	32	66	68	60	42	49	91	99	95	80	130	160	176	161	171	243	269	286	318	279	441	405	414	446	490	584	611	543	647	851	785	738	1000	802	946	819	582	536	438	353	152	116	134	125	130	77	26	60	93	81	67	36	50	76	67	38	25	47	55	41	17	23
64	170	1	2	119	0	1953125	12	0	0	0	0	0	0	0	0	8	23	34	29	14	18	35	37	24	15	34	43	36	18	30	47	47	30	22	44	57	49	27	32	68	70	61	40	49	93	100	94	78	131	164	177	160	171	247	274	287	320	286	449	408	415	452	497	589	609	542	658	855	784	728	999	808	942	816	574	541	439	350	149	117	136	124	127	73	26	62	92	81	62	36	52	76	65	37	28	48	53	40	17	25
64	170	1	2	119	0	1953125	12	0	0	0	0	0	0	0	0	8	23	34	29	14	18	35	37	24	15	34	43	36	18	30	47	47	30	22	44	57	49	27	32	68	70	61	40	49	93	100	94	78	131	164	177	160	171	247	274	287	320	286	449	408	415	452	497	589	609	542	658	855	784	728	999	808	942	816	574	541	439	350	149	117	136	124	127	73	26	62	92	81	62	36	52	76	65	37	28	48	53	40	17	25
64	170	1	2	119	0	1953125	12	0	0	0	0	0	0	0	0	14	28	32	23	12	25	35	33	18	21	37	40	28	17	35	46	42	24	29	48	55	42	25	39	69	64	55	44	56	93	94	88	82	136	161	170	160	176	249	267	280	321	290	445	398	414	457	499	582	600	542	658	850	775	726	1000	803	932	812	577	535	435	351	152	117	131	124	129	78	26	56	91	83	68	34	46	74	68	41	23	45	55	46	19	19
64	170	1	2	119	0	1953125	12	0	0	0	0	0	0	0	0	14	28	32	23	12	25	35	33	18	21	37	40	28	17	35	46	42	24	29	48	55	42	25	39	69	64	55	44	56	93	94	88	82	136	161	170	160	176	249	267	280	321	290	445	398	414	457	499	582	600	542	658	850	775	726	1000	803	932	812	577	535	435	351	152	117	131	124	129	78	26	56	91	83	68	34	46	74	68	41	23	45	55	46	19	19
64	170	1	2	119	0	1953125	12	0	0	0	0	0	0	0	0	8	23	35	30	14	18	35	38	24	14	34	44	35	17	30	48	47	31	22	45	58	49	27	32	68	70	60	40	50	93	100	93	78	132	164	176	160	170	248	276	285	318	286	450	405	412	451	500	590	603	536	661	859	783	719	1000	813	939	810	571	546	440	348	148	119	139	125	126	71	27	63	94	77	59	37	54	75	64	34	30	49	53	38	17	25
64	170	1	2	119	0	1953125	12	0	0	0	0	0	0	0	0	8	23	35	30	14	18	35	38	24	14	34	44	35	17	30	48	47	31	22	45	58	49	27	32	68	70	60	40	50	93	100	93	78	132	164	176	160	170	248	276	285	318	286	450	405	412	451	500	590	603	536	661	859	783	719	1000	813	939	810	571	546	440	348	148	119	139	125	126	71	27	63	94	77	59	37	54	75	64	34	30	49	53	38	17	25
64	170	1	2	119	0	1953125	12	0	0	0	0	0	0	0	0	8	24	34	29	13	19	34	37	23	15	34	44	34	17	30	47	47	30	23	45	57	47	26	33	67	68	59	40	49	93	98	91	78	132	163	175	160	171	248	273	281	317	286	445	404	410	451	500	587	601	542	663	856	789	720	1000	815	931	804	569	544	436	342	146	121	138	122	123	70	29	64	94	77	59	38	53	74	63	35	30	48	52	38	18	25
64	170	1	2	119	0	1953125	12	0	0	0	0	0	0	0	0	8	24	34	29	13	19	34	37	23	15	34	44	34	17	30	47	47	30	23	45	57	47	26	33	67	68	59	40	49	93	98	91	78	132	163	175	160	171	248	273	281	317	286	445	404	410	451	500	587	601	542	663	856	789	720	1000	815	931	804	569	544	436	342	146	121	138	122	123	70	29	64	94	77	59	38	53	74	63	35	30	48	52	38	18	25
64	170	1	2	119	0	1953125	12	0	0	0	0	0	0	0	0	8	24	34	29	13	20	35	36	23	15	35	44	34	17	30	47	47	29	23	45	58	48	25	34	68	69	58	40	50	93	98	90	77	133	163	174	159	172	248	274	279	317	290	445	406	410	451	505	588	597	544	670	857	793	721	999	822	929	802	563	544	434	337	145	121	139	121	121	68	30	65	91	75	59	40	54	74	61	34	32	48	51	37	18	25
64	170	1	2	119	0	1953125	12	0	0	0	0	0	0	0	0	8	24	34	29	13	20	35	36	23	15	35	44	34	17	30	47	47	29	23	45	58	48	25	34	68	69	58	40	50	93	98	90	77	133	163	174	159	172	248	274	279	317	290	445	406	410	451	505	588	597	544	670	857	793	721	999	822	929	802	563	544	434	337	145	121	139	121	121	68	30	65	91	75	59	40	54	74	61	34	32	48	51	37	18	25
64	170	1	2	119	0	1953125	12	0	0	0	0	0	0	0	0	11	16	34	36	21	11	31	42	32	12	27	44	43	23	22	45	52	38	18	39	59	56	32	25	65	73	68	39	42	92	106	100	75	127	165	184	163	165	246	286	290	317	286	448	419	416	445	505	604	607	540	672	866	808	723	1000	831	945	805	558	558	444	339	140	121	148	126	120	61	33	74	99	72	50	43	63	77	57	28	38	54	49	29	20	33
64	170	1	2	119	0	1953125	12	0	0	0	0	0	0	0	0	11	16	34	36	21	11	31	42	32	12	27	44	43	23	22	45	52	38	18	39	59	56	32	25	65	73	68	39	42	92	106	100	75	127	165	184	163	165	246	286	290	317	286	448	419	416	445	505	604	607	540	672	866	808	723	1000	831	945	805	558	558	444	339	140	121	148	126	120	61	33	74	99	72	50	43	63	77	57	28	38	54	49	29	20	33
64	170	1	2	119	0	1953125	12	0	0	0	0	0	0	0	0	8	24	35	30	13	18	35	38	23	15	35	44	36	16	30	48	47	29	23	45	57	49	26	32	69	69	59	40	49	94	100	91	76	135	164	176	159	170	249	278	280	317	291	446	407	412	449	504	592	599	541	668	857	794	723	1000	819	934	806	564	542	433	342	145	118	138	123	124	69	28	64	93	76	60	38	54	75	62	35	30	48	51	37	17	25
64	170	1	2	119	0	1953125	12	0	0	0	0	0	0	0	0	8	24	35	30	13	18	35	38	23	15	35	44	36	16	30	48	47	29	23	45	57	49	26	32	69	69	59	40	49	94	100	91	76	135	164	176	159	170	249	278	280	317	291	446	407	412	449	504	592	599	541	668	857	794	723	1000	819	934	806	564	542	433	342	145	118	138	123	124	69	28	64	93	76	60	38	54	75	62	35	30	48	51	37	17	25
64	170	1	2	119	0	1953125	12	0	0	0	0	0	0	0	0	7	24	35	31	13	18	35	38	24	14	34	44	36	17	29	48	48	31	22	44	58	49	26	32	68	70	60	39	49	93	101	93	77	133	164	177	160	169	248	278	281	317	289	445	408	413	446	501	594	602	540	665	856	797	727	1000	815	939	809	568	541	434	346	147	116	137	124	125	71	27	62	93	79	61	38	53	75	64	36	29	47	53	38	18	24
64	170	1	2	119	0	1953125	12	0	0	0	0	0	0	0	0	7	24	35	31	13	18	35	38	24	14	34	44	36	17	29	48	48	31	22	44	58	49	26	32	68	70	60	39	49	93	101	93	77	133	164	177	160	169	248	278	281	317	289	445	408	413	446	501	594	602	540	665	856	797	727	1000	815	939	809	568	541	434	346	147	116	137	124	125	71	27	62	93	79	61	38	53	75	64	36	29	47	53	38	18	24
64	170	1	2	119	0	1953125	12	0	0	0	0	0	0	0	0	9	24	33	29	15	19	34	36	24	16	33	42	35	18	30	46	46	30	23	44	56	47	28	32	67	68	60	42	49	91	98	92	78	132	160	174	161	169	245	276	279	317	287	440	406	414	443	497	590	601	541	664	851	798	730	1000	817	939	809	570	537	431	347	148	115	135	125	126	73	27	62	94	78	62	36	53	76	65	36	28	48	54	40	17	24
64	170	1	2	119	0	1953125	12	0	0	0	0	0	0	0	0	9	24	33	29	15	19	34	36	24	16	33	42	35	18	30	46	46	30	23	44	56	47	28	32	67	68	60	42	49	91	98	92	78	132	160	174	161	169	245	276	279	317	287	440	406	414	443	497	590	601	541	664	851	798	730	1000	817	939	809	570	537	431	347	148	115	135	125	126	73	27	62	94	78	62	36	53	76	65	36	28	48	54	40	17	24
64	170	1	2	119	0	1953125	12	0	0	0	0	0	0	0	0	10	18	31	32	19	14	31	39	28	14	29	42	39	21	25	44	49	36	21	39	56	52	31	27	64	69	65	41	44	89	102	98	77	127	160	180	164	166	241	282	286	317	284	441	412	419	440	496	601	610	539	669	857	806	731	1000	821	950	807	567	544	435	348	143	114	141	127	126	69	26	67	97	81	57	36	58	78	62	32	31	52	53	35	15	29
64	170	1	2	119	0	1953125	12	0	0	0	0	0	0	0	0	10	18	31	32	19	14	31	39	28	14	29	42	39	21	25	44	49	36	21	39	56	52	31	27	64	69	65	41	44	89	102	98	77	127	160	180	164	166	241	282	286	317	284	441	412	419	440	496	601	610	539	669	857	806	731	1000	821	950	807	567	544	435	348	143	114	141	127	126	69	26	67	97	81	57	36	58	78	62	32	31	52	53	35	15	29
64	170	1	2	119	0	1953125	12	0	0	0	0	0	0	0	0	10	24	33	28	14	19	34	35	24	16	33	42	34	19	29	46	46	30	24	43	56	48	28	32	67	68	60	41	49	91	98	93	79	132	158	176	162	169	243	279	280	317	288	440	405	418	441	496	597	603	537	672	850	799	732	999	818	947	810	573	540	430	353	152	113	134	127	128	76	25	60	94	82	65	36	51	77	67	38	26	47	54	42	16	24
64	170	1	2	119	0	1953125	12	0	0	0	0	0	0	0	0	10	24	33	28	14	19	34	35	24	16	33	42	34	19	29	46	46	30	24	43	56	48	28	32	67	68	60	41	49	91	98	93	79	132	158	176	162	169	243	279	280	317	288	440	405	418	441	496	597	603	537	672	850	799	732	999	818	947	810	573	540	430	353	152	113	134	127	128	76	25	60	94	82	65	36	51	77	67	38	26	47	54	42	16	24
64	170	1	2	119	0	1953125	12	0	0	0	0	0	0	0	0	14	29	33	21	6	25	36	31	13	19	36	39	26	11	32	45	39	17	22	42	50	35	12	26	58	56	46	25	31	78	87	82	62	117	150	171	151	158	235	274	284	309	280	441	408	419	436	495	602	610	528	671	855	801	737	999	820	962	816	582	556	435	352	151	107	131	119	112	60	9	44	78	67	59	26	36	65	62	39	20	35	49	43	23	12
64	170	1	2	119	0	1953125	12	0	0	0	0	0	0	0	0	14	29	33	21	6	25	36	31	13	19	36	39	26	11	32	45	39	17	22	42	50	35	12	26	58	56	46	25	31	78	87	82	62	117	150	171	151	158	235	274	284	309	280	441	408	419	436	495	602	610	528	671	855	801	737	999	820	962	816	582	556	435	352	151	107	131	119	112	60	9	44	78	67	59	26	36	65	62	39	20	35	49	43	23	12
64	170	1	2	119	0	1953125	12	0	0	0	0	0	0	0	0	38	35	20	26	42	42	29	29	47	51	38	34	53	63	50	41	63	77	68	56	73	99	97	81	91	125	142	115	123	160	187	192	174	213	253	276	260	264	332	374	367	402	378	515	488	501	511	561	665	647	584	719	863	828	775	1000	847	973	839	643	555	489	432	247	214	229	231	224	160	131	165	174	139	99	113	128	114	81	76	94	95	71	60	78	86
64	170	1	2	119	0	1953125	12	0	0	0	0	0	0	0	0	38	35	20	26	42	42	29	29	47	51	38	34	53	63	50	41	63	77	68	56	73	99	97	81	91	125	142	115	123	160	187	192	174	213	253	276	260	264	332	374	367	402	378	515	488	501	511	561	665	647	584	719	863	828	775	1000	847	973	839	643	555	489	432	247	214	229	231	224	160	131	165	174	139	99	113	128	114	81	76	94	95	71	60	78	86
64	170	1	2	119	0	1953125	12	0	0	0	0	0	0	0	0	40	34	18	28	44	42	26	30	50	52	35	34	55	64	48	39	65	79	66	54	76	101	97	79	92	127	142	113	123	162	188	191	173	215	255	276	259	264	336	375	366	402	382	519	487	500	513	567	668	644	584	723	871	827	771	1000	853	971	836	646	555	489	431	248	216	230	230	224	162	132	164	174	140	98	112	127	114	84	77	94	95	74	60	76	85
64	170	1	2	119	0	1953125	12	0	0	0	0	0	0	0	0	40	34	18	28	44	42	26	30	50	52	35	34	55	64	48	39	65	79	66	54	76	101	97	79	92	127	142	113	123	162	188	191	173	215	255	276	259	264	336	375	366	402	382	519	487	500	513	567	668	644	584	723	871	827	771	1000	853	971	836	646	555	489	431	248	216	230	230	224	162	132	164	174	140	98	112	127	114	84	77	94	95	74	60	76	85
64	170	1	2	119	0	1953125	12	0	0	0	0	0	0	0	0	40	35	19	28	45	43	27	30	50	53	37	34	56	64	49	40	64	79	67	55	75	101	98	80	92	128	142	114	123	162	188	191	173	215	256	275	258	261	334	375	364	400	379	517	485	498	507	563	665	641	582	719	864	823	771	1000	848	973	836	643	555	485	431	247	215	227	229	223	161	131	161	173	137	98	110	125	113	82	75	91	93	72	60	74	84
64	170	1	2	119	0	1953125	12	0	0	0	0	0	0	0	0	40	35	19	28	45	43	27	30	50	53	37	34	56	64	49	40	64	79	67	55	75	101	98	80	92	128	142	114	123	162	188	191	173	215	256	275	258	261	334	375	364	400	379	517	485	498	507	563	665	641	582	719	864	823	771	1000	848	973	836	643	555	485	431	247	215	227	229	223	161	131	161	173	137	98	110	125	113	82	75	91	93	72	60	74	84
64	170	1	2	119	0	1953125	12	0	0	0	0	0	0	0	0	4	26	37	30	8	18	37	39	22	10	33	43	35	11	26	47	46	27	14	39	54	46	17	18	58	61	56	24	21	76	96	94	62	112	151	181	157	153	231	290	299	310	276	450	421	430	430	497	622	627	524	672	867	807	739	1000	837	991	816	593	582	447	358	144	109	143	125	110	54	11	52	84	66	51	23	45	70	59	31	23	44	50	37	15	20
64	170	1	2	119	0	1953125	12	0	0	0	0	0	0	0	0	4	26	37	30	8	18	37	39	22	10	33	43	35	11	26	47	46	27	14	39	54	46	17	18	58	61	56	24	21	76	96	94	62	112	151	181	157	153	231	290	299	310	276	450	421	430	430	497	622	627	524	672	867	807	739	1000	837	991	816	593	582	447	358	144	109	143	125	110	54	11	52	84	66	51	23	45	70	59	31	23	44	50	37	15	20
64	170	1	2	119	0	1953125	12	0	0	0	0	0	0	0	0	39	34	18	28	45	42	25	30	49	51	35	34	55	63	49	40	65	78	66	54	76	101	96	79	93	127	141	112	123	163	188	190	173	216	255	275	259	264	335	376	365	400	381	518	486	500	509	569	665	640	582	723	867	819	772	1000	854	975	831	647	559	489	431	246	217	230	229	223	161	132	163	173	138	99	112	127	113	83	77	94	94	72	61	76	85
64	170	1	2	119	0	1953125	12	0	0	0	0	0	0	0	0	39	34	18	28	45	42	25	30	49	51	35	34	55	63	49	40	65	78	66	54	76	101	96	79	93	127	141	112	123	163	188	190	173	216	255	275	259	264	335	376	365	400	381	518	486	500	509	569	665	640	582	723	867	819	772	1000	854	975	831	647	559	489	431	246	217	230	229	223	161	132	163	173	138	99	112	127	113	83	77	94	94	72	61	76	85
64	170	1	2	119	0	1953125	12	0	0	0	0	0	0	0	0	15	29	30	18	10	25	34	28	13	21	36	36	23	15	33	43	35	17	25	42	46	33	14	27	57	52	44	29	33	77	85	81	65	121	148	170	155	161	236	277	283	314	285	443	409	424	437	499	607	609	527	678	856	796	739	1000	830	971	819	593	567	437	361	154	105	133	123	115	63	4	43	79	72	62	24	35	67	65	41	17	36	52	46	24	8
64	170	1	2	119	0	1953125	12	0	0	0	0	0	0	0	0	15	29	30	18	10	25	34	28	13	21	36	36	23	15	33	43	35	17	25	42	46	33	14	27	57	52	44	29	33	77	85	81	65	121	148	170	155	161	236	277	283	314	285	443	409	424	437	499	607	609	527	678	856	796	739	1000	830	971	819	593	567	437	361	154	105	133	123	115	63	4	43	79	72	62	24	35	67	65	41	17	36	52	46	24	8
64	170	1	2	119	0	1953125	12	0	0	0	0	0	0	0	0	9	24	34	29	14	19	35	37	25	16	34	44	36	18	30	48	48	30	23	44	58	50	27	33	68	70	61	41	49	94	101	93	78	135	161	180	166	170	248	290	286	320	298	449	414	428	441	508	609	605	532	683	856	801	742	1000	845	966	811	595	559	435	356	155	114	139	128	128	75	25	63	95	83	62	37	55	78	66	37	29	49	55	41	17	25
64	170	1	2	119	0	1953125	12	0	0	0	0	0	0	0	0	9	24	34	29	14	19	35	37	25	16	34	44	36	18	30	48	48	30	23	44	58	50	27	33	68	70	61	41	49	94	101	93	78	135	161	180	166	170	248	290	286	320	298	449	414	428	441	508	609	605	532	683	856	801	742	1000	845	966	811	595	559	435	356	155	114	139	128	128	75	25	63	95	83	62	37	55	78	66	37	29	49	55	41	17	25
64	170	1	2	119	0	1953125	12	0	0	0	0	0	0	0	0	6	24	36	32	14	19	37	39	25	14	35	45	36	17	30	49	49	31	22	46	60	51	27	33	71	72	62	40	49	95	104	94	79	136	165	183	167	169	250	294	288	319	302	453	419	430	444	514	616	605	529	691	866	803	738	1000	846	967	813	589	562	438	357	155	116	139	129	128	74	28	64	96	81	64	38	55	78	66	37	30	49	54	40	17	25
64	170	1	2	119	0	1953125	12	0	0	0	0	0	0	0	0	6	24	36	32	14	19	37	39	25	14	35	45	36	17	30	49	49	31	22	46	60	51	27	33	71	72	62	40	49	95	104	94	79	136	165	183	167	169	250	294	288	319	302	453	419	430	444	514	616	605	529	691	866	803	738	1000	846	967	813	589	562	438	357	155	116	139	129	128	74	28	64	96	81	64	38	55	78	66	37	30	49	54	40	17	25
64	170	1	2	119	0	1953125	12	0	0	0	0	0	0	0	0	5	21	34	32	15	13	33	39	26	9	28	40	37	16	21	43	46	31	13	34	52	47	23	14	52	59	58	28	19	73	95	98	68	109	149	186	165	155	230	296	301	315	281	452	432	437	432	505	636	631	522	690	879	823	737	998	856	1000	824	577	593	459	361	139	108	152	131	113	48	16	61	91	71	48	23	54	78	62	26	26	52	55	36	8	26
64	170	1	2	119	0	1953125	12	0	0	0	0	0	0	0	0	5	21	34	32	15	13	33	39	26	9	28	40	37	16	21	43	46	31	13	34	52	47	23	14	52	59	58	28	19	73	95	98	68	109	149	186	165	155	230	296	301	315	281	452	432	437	432	505	636	631	522	690	879	823	737	998	856	1000	824	577	593	459	361	139	108	152	131	113	48	16	61	91	71	48	23	54	78	62	26	26	52	55	36	8	26
64	170	1	2	119	0	1953125	12	0	0	0	0	0	0	0	0	15	29	32	19	9	26	36	29	13	21	37	38	24	13	34	46	37	18	25	43	49	35	12	28	59	55	46	27	32	78	88	82	65	121	151	173	155	159	237	283	285	313	290	448	412	425	439	504	614	609	522	687	861	796	734	1000	836	975	819	588	573	440	360	153	105	135	124	115	61	6	46	80	69	60	24	38	68	65	41	18	37	51	44	23	11
64	170	1	2	119	0	1953125	12	0	0	0	0	0	0	0	0	15	29	32	19	9	26	36	29	13	21	37	38	24	13	34	46	37	18	25	43	49	35	12	28	59	55	46	27	32	78	88	82	65	121	151	173	155	159	237	283	285	313	290	448	412	425	439	504	614	609	522	687	861	796	734	1000	836	975	819	588	573	440	360	153	105	135	124	115	61	6	46	80	69	60	24	38	68	65	41	18	37	51	44	23	11
64	170	1	2	119	0	1953125	12	0	0	0	0	0	0	0	0	9	22	34	32	16	18	35	39	26	14	33	44	38	19	28	47	49	34	21	44	59	52	29	30	68	72	64	42	47	94	105	97	79	135	163	184	170	168	246	297	291	321	302	454	422	435	444	510	621	613	530	693	861	810	745	1000	844	979	819	591	563	440	362	157	114	141	132	130	75	25	64	97	82	63	36	56	79	67	35	30	51	55	39	16	27
64	170	1	2	119	0	1953125	12	0	0	0	0	0	0	0	0	9	22	34	32	16	18	35	39	26	14	33	44	38	19	28	47	49	34	21	44	59	52	29	30	68	72	64	42	47	94	105	97	79	135	163	184	170	168	246	297	291	321	302	454	422	435	444	510	621	613	530	693	861	810	745	1000	844	979	819	591	563	440	362	157	114	141	132	130	75	25	64	97	82	63	36	56	79	67	35	30	51	55	39	16	27
64	170	1	2	119	0	1953125	12	0	0	0	0	0	0	0	0	7	24	36	32	14	18	36	40	25	14	34	45	38	17	29	49	49	32	21	45	60	53	27	31	69	72	63	40	48	95	105	95	78	136	164	183	167	167	246	295	288	319	300	452	418	430	442	506	616	611	530	691	856	807	745	1000	838	974	813	592	561	436	359	159	116	137	130	129	76	27	63	94	83	63	37	54	77	67	38	29	48	53	40	18	24
64	170	1	2	119	0	1953125	12	0	0	0	0	0	0	0	0	7	24	36	32	14	18	36	40	25	14	34	45	38	17	29	49	49	32	21	45	60	53	27	31	69	72	63	40	48	95	105	95	78	136	164	183	167	167	246	295	288	319	300	452	418	430	442	506	616	611	530	691	856	807	745	1000	838	974	813	592	561	436	359	159	116	137	130	129	76	27	63	94	83	63	37	54	77	67	38	29	48	53	40	18	24
64	170	1	2	119	0	1953125	12	0	0	0	0	0	0	0	0	14	31	33	21	7	26	37	31	12	20	37	41	25	11	33	46	39	16	24	43	50	36	11	28	60	56	45	25	31	79	89	82	64	121	150	173	155	156	236	285	284	311	289	446	413	424	437	500	615	613	526	687	861	805	738	1000	833	974	814	586	570	435	357	153	106	133	120	113	60	8	46	78	67	58	25	37	66	63	39	20	36	49	43	23	12
64	170	1	2	119	0	1953125	12	0	0	0	0	0	0	0	0	14	31	33	21	7	26	37	31	12	20	37	41	25	11	33	46	39	16	24	43	50	36	11	28	60	56	45	25	31	79	89	82	64	121	150	173	155	156	236	285	284	311	289	446	413	424	437	500	615	613	526	687	861	805	738	1000	833	974	814	586	570	435	357	153	106	133	120	113	60	8	46	78	67	58	25	37	66	63	39	20	36	49	43	23	12
64	170	1	2	119	0	1953125	12	0	0	0	0	0	0	0	0	5	26	36	29	9	18	37	38	22	11	33	43	35	11	25	46	45	26	14	38	53	44	18	19	56	61	55	25	22	76	96	92	63	113	149	182	160	152	230	295	295	312	283	451	426	431	434	500	632	627	524	693	870	820	735	1000	845	989	816	580	586	448	359	144	107	146	126	112	51	12	55	85	68	50	24	48	72	60	29	23	47	51	37	13	21
64	170	1	2	119	0	1953125	12	0	0	0	0	0	0	0	0	5	26	36	29	9	18	37	38	22	11	33	43	35	11	25	46	45	26	14	38	53	44	18	19	56	61	55	25	22	76	96	92	63	113	149	182	160	152	230	295	295	312	283	451	426	431	434	500	632	627	524	693	870	820	735	1000	845	989	816	580	586	448	359	144	107	146	126	112	51	12	55	85	68	50	24	48	72	60	29	23	47	51	37	13	21
64	170	1	2	119	0	1953125	12	0	0	0	0	0	0	0	0	7	24	37	32	14	19	36	40	25	14	34	45	38	17	30	49	50	32	22	45	61	52	27	31	70	73	63	41	49	96	106	94	78	138	163	183	169	167	247	298	288	322	303	454	420	435	448	507	624	617	533	698	858	810	741	1000	839	974	820	595	565	437	365	160	116	139	131	131	75	27	62	96	84	64	38	54	78	67	37	28	48	54	40	18	25
64	170	1	2	119	0	1953125	12	0	0	0	0	0	0	0	0	7	24	37	32	14	19	36	40	25	14	34	45	38	17	30	49	50	32	22	45	61	52	27	31	70	73	63	41	49	96	106	94	78	138	163	183	169	167	247	298	288	322	303	454	420	435	448	507	624	617	533	698	858	810	741	1000	839	974	820	595	565	437	365	160	116	139	131	131	75	27	62	96	84	64	38	54	78	67	37	28	48	54	40	18	25
64	170	1	2	119	0	1953125	12	0	0	0	0	0	0	0	0	14	30	31	19	9	25	36	29	13	20	36	37	24	14	34	45	37	17	25	43	48	35	13	27	58	54	44	28	32	77	87	80	65	121	148	171	156	159	234	285	282	314	291	444	413	429	442	498	618	617	530	690	853	812	742	999	835	976	826	591	573	438	364	157	103	134	124	117	61	5	45	80	73	61	24	36	68	65	41	17	37	50	46	24	10
64	170	1	2	119	0	1953125	12	0	0	0	0	0	0	0	0	14	30	31	19	9	25	36	29	13	20	36	37	24	14	34	45	37	17	25	43	48	35	13	27	58	54	44	28	32	77	87	80	65	121	148	171	156	159	234	285	282	314	291	444	413	429	442	498	618	617	530	690	853	812	742	999	835	976	826	591	573	438	364	157	103	134	124	117	61	5	45	80	73	61	24	36	68	65	41	17	37	50	46	24	10
64	170	1	2	119	0	1953125	12	0	0	0	0	0	0	0	0	9	24	34	30	16	19	35	38	24	15	34	44	36	19	30	47	49	32	23	44	59	51	28	32	69	71	63	43	49	94	104	94	81	137	162	183	172	169	247	297	288	325	304	452	422	438	451	507	626	618	536	700	857	818	748	1000	839	976	828	598	566	442	370	163	113	139	133	133	79	24	61	96	87	66	36	54	80	69	38	27	49	56	42	16	25
64	170	1	2	119	0	1953125	12	0	0	0	0	0	0	0	0	9	24	34	30	16	19	35	38	24	15	34	44	36	19	30	47	49	32	23	44	59	51	28	32	69	71	63	43	49	94	104	94	81	137	162	183	172	169	247	297	288	325	304	452	422	438	451	507	626	618	536	700	857	818	748	1000	839	976	828	598	566	442	370	163	113	139	133	133	79	24	61	96	87	66	36	54	80	69	38	27	49	56	42	16	25
64	170	1	2	119	0	1953125	12	0	0	0	0	0	0	0	0	9	24	34	30	15	18	34	37	25	17	34	43	36	19	30	48	48	31	24	45	58	50	29	33	68	70	62	43	48	94	102	93	79	134	160	179	170	168	246	295	286	323	304	448	419	434	448	504	621	613	537	700	853	820	748	1000	845	971	825	596	562	439	365	164	113	138	130	132	76	26	61	96	83	64	36	53	78	68	38	27	49	55	42	17	25
64	170	1	2	119	0	1953125	12	0	0	0	0	0	0	0	0	9	24	34	30	15	18	34	37	25	17	34	43	36	19	30	48	48	31	24	45	58	50	29	33	68	70	62	43	48	94	102	93	79	134	160	179	170	168	246	295	286	323	304	448	419	434	448	504	621	613	537	700	853	820	748	1000	845	971	825	596	562	439	365	164	113	138	130	132	76	26	61	96	83	64	36	53	78	68	38	27	49	55	42	17	25
64	170	1	2	119	0	1953125	12	0	0	0	0	0	0	0	0	13	15	35	39	23	9	31	44	35	14	26	45	46	26	20	45	55	42	18	37	61	60	36	23	65	75	72	42	39	91	111	103	78	128	161	192	175	161	242	305	299	320	298	450	434	439	438	503	635	626	536	700	862	841	757	1000	858	991	830	599	575	449	363	159	115	147	132	128	70	28	71	100	81	57	40	62	79	61	31	37	55	52	32	18	32
64	170	1	2	119	0	1953125	12	0	0	0	0	0	0	0	0	13	15	35	39	23	9	31	44	35	14	26	45	46	26	20	45	55	42	18	37	61	60	36	23	65	75	72	42	39	91	111	103	78	128	161	192	175	161	242	305	299	320	298	450	434	439	438	503	635	626	536	700	862	841	757	1000	858	991	830	599	575	449	363	159	115	147	132	128	70	28	71	100	81	57	40	62	79	61	31	37	55	52	32	18	32
64	170	1	2	119	0	1953125	12	0	0	0	0	0	0	0	0	7	23	36	33	15	17	36	40	26	14	34	46	38	18	28	49	51	33	20	44	60	53	29	31	69	73	64	41	47	95	107	97	78	135	164	184	171	164	246	299	290	320	303	451	424	436	445	502	624	619	538	697	853	826	756	1000	839	977	829	603	562	438	366	167	114	137	130	132	79	28	61	94	81	66	38	52	77	69	39	28	47	54	41	19	24
64	170	1	2	119	0	1953125	12	0	0	0	0	0	0	0	0	7	23	36	33	15	17	36	40	26	14	34	46	38	18	28	49	51	33	20	44	60	53	29	31	69	73	64	41	47	95	107	97	78	135	164	184	171	164	246	299	290	320	303	451	424	436	445	502	624	619	538	697	853	826	756	1000	839	977	829	603	562	438	366	167	114	137	130	132	79	28	61	94	81	66	38	52	77	69	39	28	47	54	41	19	24
64	170	1	2	119	0	1953125	12	0	0	0	0	0	0	0	0	18	28	29	20	16	27	33	29	18	25	37	37	26	23	37	45	38	25	33	48	52	40	29	41	67	61	53	50	56	90	93	87	87	140	155	168	173	175	244	282	275	326	304	439	405	431	451	496	604	600	543	693	836	807	754	999	823	954	825	601	544	426	365	172	110	125	127	136	88	27	51	91	89	75	35	43	76	77	48	19	42	60	52	22	16
64	170	1	2	119	0	1953125	12	0	0	0	0	0	0	0	0	18	28	29	20	16	27	33	29	18	25	37	37	26	23	37	45	38	25	33	48	52	40	29	41	67	61	53	50	56	90	93	87	87	140	155	168	173	175	244	282	275	326	304	439	405	431	451	496	604	600	543	693	836	807	754	999	823	954	825	601	544	426	365	172	110	125	127	136	88	27	51	91	89	75	35	43	76	77	48	19	42	60	52	22	16
