34928	35048	35167	35286	35405	35524	35644	35763	35882	36001	36120	36240	36359	36478	36597	36716	36836	36955	37074	37193	37313	37432	37551	37670	37789	37909	38028	38147	38266	38385	38505	38624	38743	38862	38981	39101	39220	39339	39458	39577	39697	39816	39935	40054	40174	40293	40412	40531	40650	40770	40889	41008	41127	41246	41366	41485	41604	41723	41842	41962	42081	42200	42319	42439	42558	42677	42796	42915	43035	43154	43273	43392	43511	43631	43750	43869	43988	44107	44227	44346	44465	44584	44703	44823	44942
64	170	1	2	119	0	1953125	12	0	0	0	0	0	0	0	0	18	19	16	10	14	21	22	17	13	18	25	25	18	14	22	30	29	23	19	25	35	33	24	20	30	31	42	32	29	35	42	67	89	53	98	118	108	211	186	152	282	291	205	352	362	253	511	517	362	680	722	556	860	689	673	999	870	499	618	518	300	331	168	66	109	86	54	80	29	26	54	49	48	48	32	34	49	44	36	28	27	34	34	24	17
64	170	1	2	119	0	1953125	12	0	0	0	0	0	0	0	0	18	19	16	10	14	21	22	17	13	18	25	25	18	14	22	30	29	23	19	25	35	33	24	20	30	31	42	32	29	35	42	67	89	53	98	118	108	211	186	152	282	291	205	352	362	253	511	517	362	680	722	556	860	689	673	999	870	499	618	518	300	331	168	66	109	86	54	80	29	26	54	49	48	48	32	34	49	44	36	28	27	34	34	24	17
64	170	1	2	119	0	1953125	12	0	0	0	0	0	0	0	0	21	22	17	13	18	24	25	18	16	22	28	28	21	18	27	34	32	26	24	31	41	37	28	28	38	41	51	38	33	47	52	76	93	59	101	129	113	214	190	160	290	294	204	353	364	255	518	516	366	683	730	552	857	682	664	1000	860	492	618	505	293	332	169	64	112	85	60	90	41	36	59	52	52	56	38	37	49	44	37	32	29	33	33	24	20
64	170	1	2	119	0	1953125	12	0	0	0	0	0	0	0	0	21	22	17	13	18	24	25	18	16	22	28	28	21	18	27	34	32	26	24	31	41	37	28	28	38	41	51	38	33	47	52	76	93	59	101	129	113	214	190	160	290	294	204	353	364	255	518	516	366	683	730	552	857	682	664	1000	860	492	618	505	293	332	169	64	112	85	60	90	41	36	59	52	52	56	38	37	49	44	37	32	29	33	33	24	20
64	170	1	2	119	0	1953125	12	0	0	0	0	0	0	0	0	18	15	9	12	18	20	17	12	14	21	22	18	12	15	23	26	20	14	18	24	28	23	11	12	25	21	30	18	21	25	30	62	79	44	94	111	96	210	178	144	279	279	190	349	347	238	508	506	350	670	717	536	857	672	649	1000	857	488	614	504	292	331	173	64	100	82	41	71	20	16	36	32	36	43	24	23	35	35	34	27	18	23	27	25	19
64	170	1	2	119	0	1953125	12	0	0	0	0	0	0	0	0	18	15	9	12	18	20	17	12	14	21	22	18	12	15	23	26	20	14	18	24	28	23	11	12	25	21	30	18	21	25	30	62	79	44	94	111	96	210	178	144	279	279	190	349	347	238	508	506	350	670	717	536	857	672	649	1000	857	488	614	504	292	331	173	64	100	82	41	71	20	16	36	32	36	43	24	23	35	35	34	27	18	23	27	25	19
64	170	1	2	119	0	1953125	12	0	0	0	0	0	0	0	0	18	23	21	15	13	22	26	23	16	17	26	30	25	18	22	32	35	30	22	27	39	41	34	28	33	39	53	43	37	44	49	77	97	62	100	125	112	221	191	156	287	294	208	357	353	247	518	517	360	674	723	547	862	670	641	1000	854	484	611	490	289	334	165	58	108	85	62	91	39	33	59	54	53	54	36	36	51	47	37	29	28	35	34	23	16
64	170	1	2	119	0	1953125	12	0	0	0	0	0	0	0	0	18	23	21	15	13	22	26	23	16	17	26	30	25	18	22	32	35	30	22	27	39	41	34	28	33	39	53	43	37	44	49	77	97	62	100	125	112	221	191	156	287	294	208	357	353	247	518	517	360	674	723	547	862	670	641	1000	854	484	611	490	289	334	165	58	108	85	62	91	39	33	59	54	53	54	36	36	51	47	37	29	28	35	34	23	16
64	170	1	2	119	0	1953125	12	0	0	0	0	0	0	0	0	19	16	11	11	18	21	18	12	13	21	24	21	13	15	24	28	24	17	19	25	33	28	18	17	29	29	37	25	24	33	38	68	83	49	95	118	101	213	181	149	285	281	193	350	347	243	514	503	352	677	706	528	853	670	630	1000	841	477	621	488	279	327	168	58	103	78	47	78	28	26	45	38	43	48	31	30	41	38	36	30	24	27	29	25	20
64	170	1	2	119	0	1953125	12	0	0	0	0	0	0	0	0	19	16	11	11	18	21	18	12	13	21	24	21	13	15	24	28	24	17	19	25	33	28	18	17	29	29	37	25	24	33	38	68	83	49	95	118	101	213	181	149	285	281	193	350	347	243	514	503	352	677	706	528	853	670	630	1000	841	477	621	488	279	327	168	58	103	78	47	78	28	26	45	38	43	48	31	30	41	38	36	30	24	27	29	25	20
64	170	1	2	119	0	1953125	12	0	0	0	0	0	0	0	0	20	16	10	12	19	22	19	12	14	22	24	20	14	16	25	29	24	17	20	26	34	27	16	17	29	29	36	24	21	33	37	66	80	45	92	117	96	208	174	143	281	282	189	345	352	238	507	497	340	671	707	525	855	674	628	1000	836	474	617	495	283	327	170	63	104	78	44	75	27	24	45	38	41	47	31	29	39	37	34	29	24	27	28	24	19
64	170	1	2	119	0	1953125	12	0	0	0	0	0	0	0	0	20	16	10	12	19	22	19	12	14	22	24	20	14	16	25	29	24	17	20	26	34	27	16	17	29	29	36	24	21	33	37	66	80	45	92	117	96	208	174	143	281	282	189	345	352	238	507	497	340	671	707	525	855	674	628	1000	836	474	617	495	283	327	170	63	104	78	44	75	27	24	45	38	41	47	31	29	39	37	34	29	24	27	28	24	19
64	170	1	2	119	0	1953125	12	0	0	0	0	0	0	0	0	18	21	17	11	15	23	24	18	13	19	26	27	20	16	24	32	33	26	21	28	40	39	30	27	36	41	53	40	36	48	53	81	98	61	105	132	112	225	191	159	295	299	202	358	360	248	524	512	355	686	721	541	864	664	633	1000	848	474	613	485	282	332	166	57	109	79	60	92	43	39	60	53	54	59	40	38	50	46	40	34	30	34	34	27	23
64	170	1	2	119	0	1953125	12	0	0	0	0	0	0	0	0	18	21	17	11	15	23	24	18	13	19	26	27	20	16	24	32	33	26	21	28	40	39	30	27	36	41	53	40	36	48	53	81	98	61	105	132	112	225	191	159	295	299	202	358	360	248	524	512	355	686	721	541	864	664	633	1000	848	474	613	485	282	332	166	57	109	79	60	92	43	39	60	53	54	59	40	38	50	46	40	34	30	34	34	27	23
64	170	1	2	119	0	1953125	12	0	0	0	0	0	0	0	0	16	11	6	12	18	18	12	8	14	21	20	14	8	14	22	23	16	9	17	22	25	18	5	8	22	17	26	14	23	21	26	64	78	41	95	109	92	216	176	138	281	277	182	349	340	227	510	499	334	671	700	517	860	660	620	1000	847	468	615	491	280	327	173	62	99	79	34	65	15	15	31	24	30	38	22	21	30	29	31	25	18	21	24	24	20
64	170	1	2	119	0	1953125	12	0	0	0	0	0	0	0	0	16	11	6	12	18	18	12	8	14	21	20	14	8	14	22	23	16	9	17	22	25	18	5	8	22	17	26	14	23	21	26	64	78	41	95	109	92	216	176	138	281	277	182	349	340	227	510	499	334	671	700	517	860	660	620	1000	847	468	615	491	280	327	173	62	99	79	34	65	15	15	31	24	30	38	22	21	30	29	31	25	18	21	24	24	20
64	170	1	2	119	0	1953125	12	0	0	0	0	0	0	0	0	18	21	17	11	15	22	23	18	13	19	26	27	21	16	24	32	32	26	21	28	39	38	30	26	35	40	52	40	36	47	51	79	97	60	103	129	111	224	191	155	293	295	199	360	358	243	519	515	347	681	721	527	869	662	624	1000	841	464	609	480	276	327	167	55	109	78	57	91	42	38	57	51	52	59	39	37	49	45	39	34	29	33	34	27	21
64	170	1	2	119	0	1953125	12	0	0	0	0	0	0	0	0	18	21	17	11	15	22	23	18	13	19	26	27	21	16	24	32	32	26	21	28	39	38	30	26	35	40	52	40	36	47	51	79	97	60	103	129	111	224	191	155	293	295	199	360	358	243	519	515	347	681	721	527	869	662	624	1000	841	464	609	480	276	327	167	55	109	78	57	91	42	38	57	51	52	59	39	37	49	45	39	34	29	33	34	27	21
64	170	1	2	119	0	1953125	12	0	0	0	0	0	0	0	0	19	19	14	12	17	22	21	16	14	21	26	24	18	18	26	32	30	23	23	30	39	36	28	28	38	41	50	38	36	51	53	81	97	62	108	133	112	227	194	161	301	297	197	361	362	243	526	516	355	695	724	528	869	664	625	1000	846	460	615	476	273	326	168	55	108	75	57	95	47	41	57	48	53	62	45	37	47	45	42	38	29	30	33	30	25
64	170	1	2	119	0	1953125	12	0	0	0	0	0	0	0	0	19	19	14	12	17	22	21	16	14	21	26	24	18	18	26	32	30	23	23	30	39	36	28	28	38	41	50	38	36	51	53	81	97	62	108	133	112	227	194	161	301	297	197	361	362	243	526	516	355	695	724	528	869	664	625	1000	846	460	615	476	273	326	168	55	108	75	57	95	47	41	57	48	53	62	45	37	47	45	42	38	29	30	33	30	25
64	170	1	2	119	0	1953125	12	0	0	0	0	0	0	0	0	20	21	17	12	16	23	24	18	14	20	27	28	21	16	25	32	32	27	22	29	40	37	30	26	36	41	50	39	35	46	51	79	96	59	103	129	111	224	191	156	293	295	195	358	358	241	523	512	352	686	714	521	865	662	623	999	846	459	618	480	277	327	167	55	110	77	57	91	41	37	57	50	52	57	40	37	48	44	38	33	28	32	33	26	21
64	170	1	2	119	0	1953125	12	0	0	0	0	0	0	0	0	20	21	17	12	16	23	24	18	14	20	27	28	21	16	25	32	32	27	22	29	40	37	30	26	36	41	50	39	35	46	51	79	96	59	103	129	111	224	191	156	293	295	195	358	358	241	523	512	352	686	714	521	865	662	623	999	846	459	618	480	277	327	167	55	110	77	57	91	41	37	57	50	52	57	40	37	48	44	38	33	28	32	33	26	21
64	170	1	2	119	0	1953125	12	0	0	0	0	0	0	0	0	19	17	10	9	16	21	19	12	12	19	23	21	14	12	21	27	23	16	15	21	29	26	14	11	23	21	32	22	25	24	29	63	83	46	96	109	94	219	181	139	282	285	185	351	347	226	519	506	342	684	709	517	869	661	620	1000	855	456	612	496	284	326	168	58	103	82	42	71	16	14	38	33	38	40	20	21	37	36	33	24	17	25	29	25	16
64	170	1	2	119	0	1953125	12	0	0	0	0	0	0	0	0	19	17	10	9	16	21	19	12	12	19	23	21	14	12	21	27	23	16	15	21	29	26	14	11	23	21	32	22	25	24	29	63	83	46	96	109	94	219	181	139	282	285	185	351	347	226	519	506	342	684	709	517	869	661	620	1000	855	456	612	496	284	326	168	58	103	82	42	71	16	14	38	33	38	40	20	21	37	36	33	24	17	25	29	25	16
64	170	1	2	119	0	1953125	12	0	0	0	0	0	0	0	0	21	22	17	12	17	24	25	19	15	21	28	28	20	17	26	33	32	26	23	30	40	37	29	27	37	41	51	39	33	46	52	76	95	58	101	129	111	219	189	155	291	297	197	354	366	247	520	513	355	686	723	532	864	679	642	999	860	471	616	496	285	328	171	60	111	82	57	90	40	36	58	51	51	56	39	36	49	44	37	32	29	32	32	24	20
64	170	1	2	119	0	1953125	12	0	0	0	0	0	0	0	0	21	22	17	12	17	24	25	19	15	21	28	28	20	17	26	33	32	26	23	30	40	37	29	27	37	41	51	39	33	46	52	76	95	58	101	129	111	219	189	155	291	297	197	354	366	247	520	513	355	686	723	532	864	679	642	999	860	471	616	496	285	328	171	60	111	82	57	90	40	36	58	51	51	56	39	36	49	44	37	32	29	32	32	24	20
64	170	1	2	119	0	1953125	12	0	0	0	0	0	0	0	0	16	20	19	13	13	20	23	20	15	17	24	27	23	18	22	30	33	28	22	26	38	39	32	28	34	39	53	43	39	47	51	79	101	64	106	130	114	225	198	158	294	302	205	360	368	246	526	523	362	690	728	542	870	682	639	999	871	471	615	492	286	332	170	54	109	83	62	95	43	36	60	56	56	60	39	38	52	48	40	33	30	36	37	27	20
64	170	1	2	119	0	1953125	12	0	0	0	0	0	0	0	0	16	20	19	13	13	20	23	20	15	17	24	27	23	18	22	30	33	28	22	26	38	39	32	28	34	39	53	43	39	47	51	79	101	64	106	130	114	225	198	158	294	302	205	360	368	246	526	523	362	690	728	542	870	682	639	999	871	471	615	492	286	332	170	54	109	83	62	95	43	36	60	56	56	60	39	38	52	48	40	33	30	36	37	27	20
64	170	1	2	119	0	1953125	12	0	0	0	0	0	0	0	0	20	21	18	13	17	24	24	19	16	21	27	27	21	18	25	33	32	26	23	30	40	37	30	28	37	40	52	40	36	48	52	78	98	60	106	130	114	225	196	158	296	300	199	359	366	245	526	520	361	693	723	534	869	677	637	1000	867	471	620	489	281	329	172	55	108	79	57	93	43	37	57	51	52	59	39	36	48	45	39	34	28	32	33	27	21
64	170	1	2	119	0	1953125	12	0	0	0	0	0	0	0	0	20	21	18	13	17	24	24	19	16	21	27	27	21	18	25	33	32	26	23	30	40	37	30	28	37	40	52	40	36	48	52	78	98	60	106	130	114	225	196	158	296	300	199	359	366	245	526	520	361	693	723	534	869	677	637	1000	867	471	620	489	281	329	172	55	108	79	57	93	43	37	57	51	52	59	39	36	48	45	39	34	28	32	33	27	21
64	170	1	2	119	0	1953125	12	0	0	0	0	0	0	0	0	18	20	17	12	15	22	23	18	13	19	26	27	20	16	24	32	32	26	21	28	39	37	31	28	36	41	52	41	38	48	53	80	99	63	108	132	116	226	197	161	299	303	205	362	371	253	530	521	365	696	724	540	875	679	645	1000	862	479	620	490	283	328	170	58	111	80	61	95	45	40	60	54	54	60	43	39	51	47	40	36	31	34	35	28	23
64	170	1	2	119	0	1953125	12	0	0	0	0	0	0	0	0	18	20	17	12	15	22	23	18	13	19	26	27	20	16	24	32	32	26	21	28	39	37	31	28	36	41	52	41	38	48	53	80	99	63	108	132	116	226	197	161	299	303	205	362	371	253	530	521	365	696	724	540	875	679	645	1000	862	479	620	490	283	328	170	58	111	80	61	95	45	40	60	54	54	60	43	39	51	47	40	36	31	34	35	28	23
64	170	1	2	119	0	1953125	12	0	0	0	0	0	0	0	0	21	22	19	13	17	24	25	20	15	21	28	29	22	18	26	34	33	27	23	30	41	39	30	27	37	41	52	40	35	46	52	77	97	59	102	128	115	222	193	156	293	302	204	357	368	252	525	522	365	691	731	547	875	682	653	1000	872	491	619	497	292	333	175	60	108	81	58	93	42	36	57	52	53	57	39	37	48	45	39	33	28	32	33	26	20
64	170	1	2	119	0	1953125	12	0	0	0	0	0	0	0	0	21	22	19	13	17	24	25	20	15	21	28	29	22	18	26	34	33	27	23	30	41	39	30	27	37	41	52	40	35	46	52	77	97	59	102	128	115	222	193	156	293	302	204	357	368	252	525	522	365	691	731	547	875	682	653	1000	872	491	619	497	292	333	175	60	108	81	58	93	42	36	57	52	53	57	39	37	48	45	39	33	28	32	33	26	20
64	170	1	2	119	0	1953125	12	0	0	0	0	0	0	0	0	18	21	17	12	15	22	23	18	14	19	26	27	21	17	24	32	33	27	22	29	40	39	32	29	38	43	54	43	39	50	55	82	102	66	108	134	120	225	199	166	298	306	212	358	372	259	527	527	377	695	737	559	870	688	666	1000	878	501	618	498	295	333	174	60	108	82	62	98	48	41	60	55	56	63	43	39	52	49	43	36	31	34	36	30	24
64	170	1	2	119	0	1953125	12	0	0	0	0	0	0	0	0	18	21	17	12	15	22	23	18	14	19	26	27	21	17	24	32	33	27	22	29	40	39	32	29	38	43	54	43	39	50	55	82	102	66	108	134	120	225	199	166	298	306	212	358	372	259	527	527	377	695	737	559	870	688	666	1000	878	501	618	498	295	333	174	60	108	82	62	98	48	41	60	55	56	63	43	39	52	49	43	36	31	34	36	30	24
64	170	1	2	119	0	1953125	12	0	0	0	0	0	0	0	0	20	23	18	12	16	23	25	19	14	20	28	28	21	17	25	34	34	26	23	30	41	39	31	27	38	41	54	41	35	47	55	79	100	62	105	131	120	225	198	163	295	306	208	357	367	259	525	531	374	696	737	561	865	687	664	1000	879	501	616	503	295	333	173	59	107	82	60	95	44	37	58	53	54	59	39	37	50	46	40	34	29	34	34	27	22
64	170	1	2	119	0	1953125	12	0	0	0	0	0	0	0	0	20	23	18	12	16	23	25	19	14	20	28	28	21	17	25	34	34	26	23	30	41	39	31	27	38	41	54	41	35	47	55	79	100	62	105	131	120	225	198	163	295	306	208	357	367	259	525	531	374	696	737	561	865	687	664	1000	879	501	616	503	295	333	173	59	107	82	60	95	44	37	58	53	54	59	39	37	50	46	40	34	29	34	34	27	22
64	170	1	2	119	0	1953125	12	0	0	0	0	0	0	0	0	19	22	17	10	15	23	24	19	13	19	27	28	20	16	24	33	33	27	22	29	40	39	31	27	37	42	55	41	36	48	55	81	101	63	106	133	122	227	197	164	297	306	210	357	368	262	526	529	373	696	732	558	866	683	667	1000	870	497	619	500	295	331	171	60	110	82	62	96	46	39	61	55	56	60	42	40	52	47	41	35	31	35	35	28	23
64	170	1	2	119	0	1953125	12	0	0	0	0	0	0	0	0	19	22	17	10	15	23	24	19	13	19	27	28	20	16	24	33	33	27	22	29	40	39	31	27	37	42	55	41	36	48	55	81	101	63	106	133	122	227	197	164	297	306	210	357	368	262	526	529	373	696	732	558	866	683	667	1000	870	497	619	500	295	331	171	60	110	82	62	96	46	39	61	55	56	60	42	40	52	47	41	35	31	35	35	28	23
64	170	1	2	119	0	1953125	12	0	0	0	0	0	0	0	0	21	22	17	14	18	24	24	19	16	22	28	27	21	19	26	33	32	26	24	31	41	38	29	28	39	41	51	39	34	48	54	77	97	61	104	130	119	220	195	164	294	302	209	356	371	264	520	526	372	694	732	559	861	693	667	1000	862	503	614	504	294	329	173	63	109	83	59	92	43	36	57	52	52	58	41	36	49	45	39	34	28	32	33	26	21
64	170	1	2	119	0	1953125	12	0	0	0	0	0	0	0	0	21	22	17	14	18	24	24	19	16	22	28	27	21	19	26	33	32	26	24	31	41	38	29	28	39	41	51	39	34	48	54	77	97	61	104	130	119	220	195	164	294	302	209	356	371	264	520	526	372	694	732	559	861	693	667	1000	862	503	614	504	294	329	173	63	109	83	59	92	43	36	57	52	52	58	41	36	49	45	39	34	28	32	33	26	21
64	170	1	2	119	0	1953125	12	0	0	0	0	0	0	0	0	19	21	17	11	15	22	23	18	14	20	27	27	20	16	25	33	32	26	22	30	40	38	30	27	37	41	52	40	35	48	55	78	98	62	104	132	120	220	197	164	294	304	212	355	375	264	520	529	371	693	737	562	860	697	668	1000	864	499	610	511	294	328	172	63	110	84	60	94	43	38	61	55	54	59	40	39	51	47	40	34	31	34	35	27	22
64	170	1	2	119	0	1953125	12	0	0	0	0	0	0	0	0	19	21	17	11	15	22	23	18	14	20	27	27	20	16	25	33	32	26	22	30	40	38	30	27	37	41	52	40	35	48	55	78	98	62	104	132	120	220	197	164	294	304	212	355	375	264	520	529	371	693	737	562	860	697	668	1000	864	499	610	511	294	328	172	63	110	84	60	94	43	38	61	55	54	59	40	39	51	47	40	34	31	34	35	27	22
64	170	1	2	119	0	1953125	12	0	0	0	0	0	0	0	0	17	22	20	13	13	21	25	22	15	17	25	29	23	17	22	31	34	29	21	26	38	40	32	26	33	37	52	43	36	43	51	74	100	63	102	125	118	221	198	159	287	303	213	355	366	258	518	532	368	683	734	563	861	691	667	1000	876	502	605	514	299	331	170	60	108	88	61	92	39	33	59	56	54	55	36	37	53	48	38	30	30	36	36	25	18
64	170	1	2	119	0	1953125	12	0	0	0	0	0	0	0	0	17	22	20	13	13	21	25	22	15	17	25	29	23	17	22	31	34	29	21	26	38	40	32	26	33	37	52	43	36	43	51	74	100	63	102	125	118	221	198	159	287	303	213	355	366	258	518	532	368	683	734	563	861	691	667	1000	876	502	605	514	299	331	170	60	108	88	61	92	39	33	59	56	54	55	36	37	53	48	38	30	30	36	36	25	18
64	170	1	2	119	0	1953125	12	0	0	0	0	0	0	0	0	20	21	18	11	15	23	24	19	14	19	27	28	21	16	25	33	34	26	22	29	41	39	31	27	37	42	54	42	36	47	55	79	101	64	104	132	123	223	200	165	294	305	216	356	371	265	522	535	373	686	743	566	862	695	673	1000	877	508	609	509	296	331	175	62	108	84	59	95	45	38	60	54	54	59	41	38	51	47	40	35	30	34	35	27	22
64	170	1	2	119	0	1953125	12	0	0	0	0	0	0	0	0	20	21	18	11	15	23	24	19	14	19	27	28	21	16	25	33	34	26	22	29	41	39	31	27	37	42	54	42	36	47	55	79	101	64	104	132	123	223	200	165	294	305	216	356	371	265	522	535	373	686	743	566	862	695	673	1000	877	508	609	509	296	331	175	62	108	84	59	95	45	38	60	54	54	59	41	38	51	47	40	35	30	34	35	27	22
64	170	1	2	119	0	1953125	12	0	0	0	0	0	0	0	0	18	21	17	11	15	22	24	19	14	19	27	27	21	17	24	33	34	26	22	29	40	40	31	28	37	42	54	43	37	48	55	80	102	67	106	133	123	225	203	168	296	308	217	360	371	264	525	538	377	684	747	561	866	687	669	1000	877	507	610	502	294	330	175	60	105	82	60	97	47	39	59	54	56	63	43	39	51	47	42	35	30	34	35	29	24
64	170	1	2	119	0	1953125	12	0	0	0	0	0	0	0	0	18	21	17	11	15	22	24	19	14	19	27	27	21	17	24	33	34	26	22	29	40	40	31	28	37	42	54	43	37	48	55	80	102	67	106	133	123	225	203	168	296	308	217	360	371	264	525	538	377	684	747	561	866	687	669	1000	877	507	610	502	294	330	175	60	105	82	60	97	47	39	59	54	56	63	43	39	51	47	42	35	30	34	35	29	24
64	170	1	2	119	0	1953125	12	0	0	0	0	0	0	0	0	20	23	18	12	16	23	25	20	13	20	28	28	22	17	24	33	34	27	22	29	41	40	31	27	37	42	54	43	35	47	55	79	102	65	105	133	123	228	203	167	298	308	218	359	371	262	529	541	376	687	751	559	868	686	663	1000	875	499	608	498	292	329	175	59	105	81	57	95	45	38	57	52	54	60	41	37	49	45	41	35	29	33	34	28	22
64	170	1	2	119	0	1953125	12	0	0	0	0	0	0	0	0	20	23	18	12	16	23	25	20	13	20	28	28	22	17	24	33	34	27	22	29	41	40	31	27	37	42	54	43	35	47	55	79	102	65	105	133	123	228	203	167	298	308	218	359	371	262	529	541	376	687	751	559	868	686	663	1000	875	499	608	498	292	329	175	59	105	81	57	95	45	38	57	52	54	60	41	37	49	45	41	35	29	33	34	28	22
64	170	1	2	119	0	1953125	12	0	0	0	0	0	0	0	0	18	21	19	11	14	22	25	20	13	18	26	28	22	16	23	33	34	28	21	28	41	40	33	28	37	42	56	44	39	49	56	82	104	68	108	135	124	228	205	170	299	310	218	361	373	265	528	542	377	685	745	555	872	689	664	1000	875	501	617	499	288	327	175	60	108	81	60	97	49	42	61	55	55	63	43	40	51	48	42	37	31	34	35	28	24
64	170	1	2	119	0	1953125	12	0	0	0	0	0	0	0	0	18	21	19	11	14	22	25	20	13	18	26	28	22	16	23	33	34	28	21	28	41	40	33	28	37	42	56	44	39	49	56	82	104	68	108	135	124	228	205	170	299	310	218	361	373	265	528	542	377	685	745	555	872	689	664	1000	875	501	617	499	288	327	175	60	108	81	60	97	49	42	61	55	55	63	43	40	51	48	42	37	31	34	35	28	24
64	170	1	2	119	0	1953125	12	0	0	0	0	0	0	0	0	21	22	19	13	17	25	25	20	15	21	29	29	21	18	26	34	34	28	23	31	42	39	31	27	38	41	53	41	34	47	54	77	98	63	102	131	119	222	199	164	295	305	215	355	373	263	524	536	375	687	743	558	867	694	668	1000	880	506	618	507	295	330	179	64	108	83	57	93	45	38	58	52	51	58	40	36	48	45	39	33	28	31	33	26	21
64	170	1	2	119	0	1953125	12	0	0	0	0	0	0	0	0	21	22	19	13	17	25	25	20	15	21	29	29	21	18	26	34	34	28	23	31	42	39	31	27	38	41	53	41	34	47	54	77	98	63	102	131	119	222	199	164	295	305	215	355	373	263	524	536	375	687	743	558	867	694	668	1000	880	506	618	507	295	330	179	64	108	83	57	93	45	38	58	52	51	58	40	36	48	45	39	33	28	31	33	26	21
64	170	1	2	119	0	1953125	12	0	0	0	0	0	0	0	0	18	20	17	12	16	22	23	18	14	20	26	26	21	17	24	32	32	27	23	29	39	38	31	29	37	41	53	42	38	49	55	80	100	66	107	133	121	224	202	169	297	305	216	357	372	262	525	536	378	689	742	557	863	693	661	1000	879	506	618	500	291	331	178	60	106	81	60	97	48	41	58	53	56	63	46	38	50	48	43	37	30	33	36	30	24
64	170	1	2	119	0	1953125	12	0	0	0	0	0	0	0	0	18	20	17	12	16	22	23	18	14	20	26	26	21	17	24	32	32	27	23	29	39	38	31	29	37	41	53	42	38	49	55	80	100	66	107	133	121	224	202	169	297	305	216	357	372	262	525	536	378	689	742	557	863	693	661	1000	879	506	618	500	291	331	178	60	106	81	60	97	48	41	58	53	56	63	46	38	50	48	43	37	30	33	36	30	24
64	170	1	2	119	0	1953125	12	0	0	0	0	0	0	0	0	20	18	12	11	18	22	20	13	14	22	25	22	15	15	25	30	26	19	19	26	34	30	19	17	30	30	40	28	24	33	40	68	87	52	97	119	108	216	190	156	287	295	207	351	365	255	520	529	370	684	726	555	864	697	661	999	885	509	628	510	297	330	180	64	100	79	45	81	32	28	45	38	42	49	33	29	41	39	37	32	25	27	30	26	21
64	170	1	2	119	0	1953125	12	0	0	0	0	0	0	0	0	20	18	12	11	18	22	20	13	14	22	25	22	15	15	25	30	26	19	19	26	34	30	19	17	30	30	40	28	24	33	40	68	87	52	97	119	108	216	190	156	287	295	207	351	365	255	520	529	370	684	726	555	864	697	661	999	885	509	628	510	297	330	180	64	100	79	45	81	32	28	45	38	42	49	33	29	41	39	37	32	25	27	30	26	21
64	170	1	2	119	0	1953125	12	0	0	0	0	0	0	0	0	19	14	8	13	19	21	16	9	15	23	23	18	11	16	25	27	20	13	18	25	30	23	10	11	26	22	31	20	21	25	33	63	83	46	95	114	103	214	184	151	283	292	201	349	363	250	515	520	363	682	733	555	862	698	669	1000	885	509	613	518	301	328	183	71	97	83	39	72	21	19	36	31	35	43	26	24	34	33	33	28	21	23	26	24	20
64	170	1	2	119	0	1953125	12	0	0	0	0	0	0	0	0	19	14	8	13	19	21	16	9	15	23	23	18	11	16	25	27	20	13	18	25	30	23	10	11	26	22	31	20	21	25	33	63	83	46	95	114	103	214	184	151	283	292	201	349	363	250	515	520	363	682	733	555	862	698	669	1000	885	509	613	518	301	328	183	71	97	83	39	72	21	19	36	31	35	43	26	24	34	33	33	28	21	23	26	24	20
64	170	1	2	119	0	1953125	12	0	0	0	0	0	0	0	0	20	22	18	12	16	24	25	19	14	20	28	28	21	17	25	34	34	27	22	30	41	40	30	27	37	41	54	42	35	47	54	79	101	64	106	131	121	227	200	168	297	309	215	359	374	258	528	534	375	695	744	566	872	691	669	1000	887	498	612	503	295	331	175	60	107	82	57	95	44	38	58	53	53	59	42	37	49	46	40	34	29	32	34	27	22
64	170	1	2	119	0	1953125	12	0	0	0	0	0	0	0	0	20	22	18	12	16	24	25	19	14	20	28	28	21	17	25	34	34	27	22	30	41	40	30	27	37	41	54	42	35	47	54	79	101	64	106	131	121	227	200	168	297	309	215	359	374	258	528	534	375	695	744	566	872	691	669	1000	887	498	612	503	295	331	175	60	107	82	57	95	44	38	58	53	53	59	42	37	49	46	40	34	29	32	34	27	22
64	170	1	2	119	0	1953125	12	0	0	0	0	0	0	0	0	19	14	8	13	20	21	16	10	15	23	23	18	12	16	25	27	21	14	19	25	30	24	11	12	27	23	31	20	21	25	32	63	83	46	97	113	102	218	184	150	285	292	196	349	359	244	520	516	361	689	725	548	868	680	659	1000	879	495	618	508	298	329	178	66	98	81	39	73	21	18	36	31	35	44	26	24	34	33	33	29	20	23	26	24	20
64	170	1	2	119	0	1953125	12	0	0	0	0	0	0	0	0	19	14	8	13	20	21	16	10	15	23	23	18	12	16	25	27	21	14	19	25	30	24	11	12	27	23	31	20	21	25	32	63	83	46	97	113	102	218	184	150	285	292	196	349	359	244	520	516	361	689	725	548	868	680	659	1000	879	495	618	508	298	329	178	66	98	81	39	73	21	18	36	31	35	44	26	24	34	33	33	29	20	23	26	24	20
64	170	1	2	119	0	1953125	12	0	0	0	0	0	0	0	0	17	14	8	10	16	19	16	10	11	18	21	17	11	12	21	24	19	12	15	19	25	21	8	6	20	15	27	18	26	21	25	61	84	48	100	108	99	220	186	148	281	291	197	351	358	238	521	517	360	689	723	550	869	678	663	1000	885	490	611	516	306	329	176	69	99	89	38	67	11	8	33	30	35	39	19	18	34	35	34	24	15	23	29	27	19
64	170	1	2	119	0	1953125	12	0	0	0	0	0	0	0	0	17	14	8	10	16	19	16	10	11	18	21	17	11	12	21	24	19	12	15	19	25	21	8	6	20	15	27	18	26	21	25	61	84	48	100	108	99	220	186	148	281	291	197	351	358	238	521	517	360	689	723	550	869	678	663	1000	885	490	611	516	306	329	176	69	99	89	38	67	11	8	33	30	35	39	19	18	34	35	34	24	15	23	29	27	19
64	170	1	2	119	0	1953125	12	0	0	0	0	0	0	0	0	20	22	16	11	17	24	23	17	14	21	27	27	18	17	26	33	31	24	22	30	40	37	27	26	38	40	49	38	32	46	53	76	95	60	103	131	117	220	195	165	292	307	209	355	377	258	524	524	370	694	738	560	865	688	679	1000	883	494	616	510	300	329	173	63	110	84	57	90	40	35	59	53	51	57	39	38	51	45	38	34	30	34	34	26	21
64	170	1	2	119	0	1953125	12	0	0	0	0	0	0	0	0	20	22	16	11	17	24	23	17	14	21	27	27	18	17	26	33	31	24	22	30	40	37	27	26	38	40	49	38	32	46	53	76	95	60	103	131	117	220	195	165	292	307	209	355	377	258	524	524	370	694	738	560	865	688	679	1000	883	494	616	510	300	329	173	63	110	84	57	90	40	35	59	53	51	57	39	38	51	45	38	34	30	34	34	26	21
64	170	1	2	119	0	1953125	12	0	0	0	0	0	0	0	0	21	22	18	13	17	24	25	19	15	22	28	28	21	18	26	34	33	27	23	31	41	39	30	27	38	41	52	41	34	47	55	76	98	62	103	131	118	220	196	165	291	306	212	355	377	257	523	529	370	692	740	564	867	693	671	1000	887	498	618	509	299	334	177	62	109	85	58	92	42	36	59	54	52	58	39	38	50	46	38	33	29	33	34	26	21
64	170	1	2	119	0	1953125	12	0	0	0	0	0	0	0	0	21	22	18	13	17	24	25	19	15	22	28	28	21	18	26	34	33	27	23	31	41	39	30	27	38	41	52	41	34	47	55	76	98	62	103	131	118	220	196	165	291	306	212	355	377	257	523	529	370	692	740	564	867	693	671	1000	887	498	618	509	299	334	177	62	109	85	58	92	42	36	59	54	52	58	39	38	50	46	38	33	29	33	34	26	21
64	170	1	2	119	0	1953125	12	0	0	0	0	0	0	0	0	19	21	18	11	15	23	24	18	13	19	27	28	21	16	24	33	33	27	21	29	41	39	30	27	36	41	53	42	36	48	54	79	101	63	105	131	120	223	198	165	292	307	211	355	373	254	521	529	367	686	737	562	866	692	668	1000	884	498	614	503	294	332	175	59	107	83	59	95	46	39	60	55	55	61	43	38	52	47	42	35	30	34	35	28	23
64	170	1	2	119	0	1953125	12	0	0	0	0	0	0	0	0	19	21	18	11	15	23	24	18	13	19	27	28	21	16	24	33	33	27	21	29	41	39	30	27	36	41	53	42	36	48	54	79	101	63	105	131	120	223	198	165	292	307	211	355	373	254	521	529	367	686	737	562	866	692	668	1000	884	498	614	503	294	332	175	59	107	83	59	95	46	39	60	55	55	61	43	38	52	47	42	35	30	34	35	28	23
64	170	1	2	119	0	1953125	12	0	0	0	0	0	0	0	0	21	23	19	12	16	25	25	19	15	21	28	29	22	17	26	35	34	27	22	30	42	40	31	27	38	41	53	41	34	46	54	78	100	62	103	131	118	225	196	164	292	306	212	355	372	254	524	531	371	689	742	563	875	688	669	1000	889	496	618	499	297	331	178	59	107	83	57	93	43	36	57	52	53	58	39	36	49	44	38	33	28	32	33	26	21
64	170	1	2	119	0	1953125	12	0	0	0	0	0	0	0	0	21	23	19	12	16	25	25	19	15	21	28	29	22	17	26	35	34	27	22	30	42	40	31	27	38	41	53	41	34	46	54	78	100	62	103	131	118	225	196	164	292	306	212	355	372	254	524	531	371	689	742	563	875	688	669	1000	889	496	618	499	297	331	178	59	107	83	57	93	43	36	57	52	53	58	39	36	49	44	38	33	28	32	33	26	21
64	170	1	2	119	0	1953125	12	0	0	0	0	0	0	0	0	18	21	18	11	14	22	24	19	13	19	27	28	21	16	24	32	33	27	21	30	40	39	31	27	37	42	54	42	37	49	56	81	101	65	106	134	120	225	197	168	296	307	211	355	374	258	526	527	374	696	737	561	868	693	668	999	881	490	621	498	294	329	175	60	110	83	61	95	45	40	61	56	55	61	42	40	52	48	41	35	31	36	35	28	23
64	170	1	2	119	0	1953125	12	0	0	0	0	0	0	0	0	18	21	18	11	14	22	24	19	13	19	27	28	21	16	24	32	33	27	21	30	40	39	31	27	37	42	54	42	37	49	56	81	101	65	106	134	120	225	197	168	296	307	211	355	374	258	526	527	374	696	737	561	868	693	668	999	881	490	621	498	294	329	175	60	110	83	61	95	45	40	61	56	55	61	42	40	52	48	41	35	31	36	35	28	23
64	170	1	2	119	0	1953125	12	0	0	0	0	0	0	0	0	21	18	11	12	20	22	20	13	15	23	25	21	14	16	26	30	24	18	21	27	34	28	16	17	32	29	37	25	22	33	40	67	86	48	97	119	106	216	185	154	287	294	197	348	366	246	518	517	360	694	726	551	859	691	662	1000	874	484	618	509	294	325	175	64	104	81	45	76	26	23	45	39	41	47	30	29	41	37	34	29	23	27	29	24	19
64	170	1	2	119	0	1953125	12	0	0	0	0	0	0	0	0	21	18	11	12	20	22	20	13	15	23	25	21	14	16	26	30	24	18	21	27	34	28	16	17	32	29	37	25	22	33	40	67	86	48	97	119	106	216	185	154	287	294	197	348	366	246	518	517	360	694	726	551	859	691	662	1000	874	484	618	509	294	325	175	64	104	81	45	76	26	23	45	39	41	47	30	29	41	37	34	29	23	27	29	24	19
64	170	1	2	119	0	1953125	12	0	0	0	0	0	0	0	0	19	18	11	11	18	22	20	13	14	22	25	22	15	16	26	30	26	19	21	28	35	30	20	21	33	33	41	29	25	38	45	70	87	53	99	124	106	215	185	158	287	297	198	350	368	251	516	515	359	694	719	553	853	689	666	1000	866	486	619	510	293	323	171	64	108	81	50	80	30	29	52	46	46	52	34	34	45	42	36	32	27	31	31	25	20
64	170	1	2	119	0	1953125	12	0	0	0	0	0	0	0	0	19	18	11	11	18	22	20	13	14	22	25	22	15	16	26	30	26	19	21	28	35	30	20	21	33	33	41	29	25	38	45	70	87	53	99	124	106	215	185	158	287	297	198	350	368	251	516	515	359	694	719	553	853	689	666	1000	866	486	619	510	293	323	171	64	108	81	50	80	30	29	52	46	46	52	34	34	45	42	36	32	27	31	31	25	20
64	170	1	2	119	0	1953125	12	0	0	0	0	0	0	0	0	20	17	10	12	19	22	19	12	15	23	25	20	14	16	25	29	24	18	21	27	33	28	17	18	31	29	37	25	23	35	40	67	84	48	98	119	102	214	184	155	286	293	196	351	364	243	514	516	356	691	719	554	859	685	660	1000	875	483	622	508	297	327	173	63	104	82	46	76	26	23	46	40	42	47	31	30	42	38	35	30	24	28	30	25	19
64	170	1	2	119	0	1953125	12	0	0	0	0	0	0	0	0	20	17	10	12	19	22	19	12	15	23	25	20	14	16	25	29	24	18	21	27	33	28	17	18	31	29	37	25	23	35	40	67	84	48	98	119	102	214	184	155	286	293	196	351	364	243	514	516	356	691	719	554	859	685	660	1000	875	483	622	508	297	327	173	63	104	82	46	76	26	23	46	40	42	47	31	30	42	38	35	30	24	28	30	25	19
64	170	1	2	119	0	1953125	12	0	0	0	0	0	0	0	0	18	13	8	13	19	20	15	10	15	23	22	16	11	16	24	26	18	12	19	24	29	21	9	12	27	23	29	17	19	27	32	65	80	44	98	115	97	214	180	149	284	288	187	348	356	235	514	509	347	690	710	541	854	674	648	1000	865	475	621	507	293	324	173	65	104	82	39	69	17	16	38	32	34	41	25	24	36	33	31	27	20	24	26	23	19
64	170	1	2	119	0	1953125	12	0	0	0	0	0	0	0	0	18	13	8	13	19	20	15	10	15	23	22	16	11	16	24	26	18	12	19	24	29	21	9	12	27	23	29	17	19	27	32	65	80	44	98	115	97	214	180	149	284	288	187	348	356	235	514	509	347	690	710	541	854	674	648	1000	865	475	621	507	293	324	173	65	104	82	39	69	17	16	38	32	34	41	25	24	36	33	31	27	20	24	26	23	19
64	170	1	2	119	0	1953125	12	0	0	0	0	0	0	0	0	19	14	11	15	20	20	16	13	18	23	23	18	15	19	26	27	21	18	24	28	31	24	15	21	33	28	34	23	20	37	38	66	80	48	100	119	98	211	182	155	287	289	189	352	365	241	512	510	352	695	711	541	855	681	655	999	864	478	623	505	291	324	173	62	105	79	44	76	27	24	44	37	40	49	30	29	39	36	35	31	23	25	27	24	21
64	170	1	2	119	0	1953125	12	0	0	0	0	0	0	0	0	19	14	11	15	20	20	16	13	18	23	23	18	15	19	26	27	21	18	24	28	31	24	15	21	33	28	34	23	20	37	38	66	80	48	100	119	98	211	182	155	287	289	189	352	365	241	512	510	352	695	711	541	855	681	655	999	864	478	623	505	291	324	173	62	105	79	44	76	27	24	44	37	40	49	30	29	39	36	35	31	23	25	27	24	21
64	170	1	2	119	0	1953125	12	0	0	0	0	0	0	0	0	19	20	16	11	15	22	23	17	13	20	26	27	20	16	25	32	31	25	22	29	40	37	29	28	38	42	51	39	36	50	55	79	97	61	106	132	114	220	193	164	294	303	203	358	371	253	521	516	362	692	722	550	861	677	664	1000	868	478	625	501	294	326	170	59	116	84	62	93	42	39	63	57	54	57	42	41	53	46	39	35	32	35	35	26	23
64	170	1	2	119	0	1953125	12	0	0	0	0	0	0	0	0	19	20	16	11	15	22	23	17	13	20	26	27	20	16	25	32	31	25	22	29	40	37	29	28	38	42	51	39	36	50	55	79	97	61	106	132	114	220	193	164	294	303	203	358	371	253	521	516	362	692	722	550	861	677	664	1000	868	478	625	501	294	326	170	59	116	84	62	93	42	39	63	57	54	57	42	41	53	46	39	35	32	35	35	26	23
64	170	1	2	119	0	1953125	12	0	0	0	0	0	0	0	0	22	22	18	13	18	25	25	19	15	22	28	28	21	18	27	34	32	26	23	31	41	37	28	27	38	41	50	38	33	47	53	76	94	59	103	130	112	219	190	161	291	301	202	357	368	252	520	518	359	692	720	548	857	676	657	999	868	481	625	502	293	328	172	61	114	85	59	90	39	36	60	53	51	56	39	37	49	43	36	32	29	32	32	24	20
64	170	1	2	119	0	1953125	12	0	0	0	0	0	0	0	0	22	22	18	13	18	25	25	19	15	22	28	28	21	18	27	34	32	26	23	31	41	37	28	27	38	41	50	38	33	47	53	76	94	59	103	130	112	219	190	161	291	301	202	357	368	252	520	518	359	692	720	548	857	676	657	999	868	481	625	502	293	328	172	61	114	85	59	90	39	36	60	53	51	56	39	37	49	43	36	32	29	32	32	24	20
64	170	1	2	119	0	1953125	12	0	0	0	0	0	0	0	0	17	20	17	13	14	21	23	18	14	18	25	27	21	17	24	31	32	27	22	28	39	37	31	28	36	40	52	41	38	48	52	78	100	63	108	130	113	225	196	162	296	302	203	359	369	246	524	519	362	694	724	544	867	668	653	1000	870	472	620	493	293	329	168	54	111	84	62	94	41	36	60	56	56	58	38	38	53	47	39	32	30	36	36	27	20
64	170	1	2	119	0	1953125	12	0	0	0	0	0	0	0	0	17	20	17	13	14	21	23	18	14	18	25	27	21	17	24	31	32	27	22	28	39	37	31	28	36	40	52	41	38	48	52	78	100	63	108	130	113	225	196	162	296	302	203	359	369	246	524	519	362	694	724	544	867	668	653	1000	870	472	620	493	293	329	168	54	111	84	62	94	41	36	60	56	56	58	38	38	53	47	39	32	30	36	36	27	20
64	170	1	2	119	0	1953125	12	0	0	0	0	0	0	0	0	20	21	17	13	18	23	23	18	16	22	27	26	20	19	27	32	30	25	25	31	40	35	27	28	39	41	49	37	33	48	51	75	92	59	105	130	110	218	190	162	292	298	197	358	367	248	519	513	357	694	709	537	856	669	648	1000	853	473	620	498	288	327	167	60	113	83	59	89	38	35	59	53	51	53	38	37	50	43	37	32	29	32	32	24	20
64	170	1	2	119	0	1953125	12	0	0	0	0	0	0	0	0	20	21	17	13	18	23	23	18	16	22	27	26	20	19	27	32	30	25	25	31	40	35	27	28	39	41	49	37	33	48	51	75	92	59	105	130	110	218	190	162	292	298	197	358	367	248	519	513	357	694	709	537	856	669	648	1000	853	473	620	498	288	327	167	60	113	83	59	89	38	35	59	53	51	53	38	37	50	43	37	32	29	32	32	24	20
64	170	1	2	119	0	1953125	12	0	0	0	0	0	0	0	0	20	21	16	11	16	23	23	17	14	20	27	27	19	17	25	33	31	24	22	30	40	37	29	27	38	41	51	38	35	49	54	78	97	60	108	132	114	223	193	164	296	305	203	360	373	253	525	513	361	696	719	545	862	665	662	1000	862	477	618	498	295	326	166	58	113	84	62	91	41	37	61	55	53	56	40	40	53	45	38	33	31	35	34	25	22
64	170	1	2	119	0	1953125	12	0	0	0	0	0	0	0	0	20	21	16	11	16	23	23	17	14	20	27	27	19	17	25	33	31	24	22	30	40	37	29	27	38	41	51	38	35	49	54	78	97	60	108	132	114	223	193	164	296	305	203	360	373	253	525	513	361	696	719	545	862	665	662	1000	862	477	618	498	295	326	166	58	113	84	62	91	41	37	61	55	53	56	40	40	53	45	38	33	31	35	34	25	22
64	170	1	2	119	0	1953125	12	0	0	0	0	0	0	0	0	20	20	16	14	18	23	23	17	17	23	27	26	19	20	27	32	30	25	26	32	40	35	28	29	39	41	49	37	35	50	53	76	94	61	108	131	113	219	193	165	296	302	202	358	372	255	523	515	369	699	721	545	867	672	670	1000	870	489	627	500	297	330	173	60	112	83	61	92	42	37	58	53	53	58	40	37	50	46	39	34	29	32	33	27	22
64	170	1	2	119	0	1953125	12	0	0	0	0	0	0	0	0	20	20	16	14	18	23	23	17	17	23	27	26	19	20	27	32	30	25	26	32	40	35	28	29	39	41	49	37	35	50	53	76	94	61	108	131	113	219	193	165	296	302	202	358	372	255	523	515	369	699	721	545	867	672	670	1000	870	489	627	500	297	330	173	60	112	83	61	92	42	37	58	53	53	58	40	37	50	46	39	34	29	32	33	27	22
