34928	35048	35167	35286	35405	35524	35644	35763	35882	36001	36120	36240	36359	36478	36597	36716	36836	36955	37074	37193	37313	37432	37551	37670	37789	37909	38028	38147	38266	38385	38505	38624	38743	38862	38981	39101	39220	39339	39458	39577	39697	39816	39935	40054	40174	40293	40412	40531	40650	40770	40889	41008	41127	41246	41366	41485	41604	41723	41842	41962	42081	42200	42319	42439	42558	42677	42796	42915	43035	43154	43273	43392	43511	43631	43750	43869	43988	44107	44227	44346	44465	44584	44703	44823	44942
64	170	1	2	119	0	1953125	12	0	0	0	0	0	0	0	0	18	22	20	16	13	18	24	24	19	15	17	25	28	25	19	18	24	30	31	23	16	21	24	27	28	13	11	24	12	43	57	41	76	75	60	150	163	138	218	220	206	334	327	296	478	462	429	628	457	465	762	806	740	979	874	738	1000	808	520	570	370	247	319	144	91	84	55	52	78	43	61	38	27	44	51	43	41	28	26	37	39	34	26	18	21
64	170	1	2	119	0	1953125	12	0	0	0	0	0	0	0	0	18	22	20	16	13	18	24	24	19	15	17	25	28	25	19	18	24	30	31	23	16	21	24	27	28	13	11	24	12	43	57	41	76	75	60	150	163	138	218	220	206	334	327	296	478	462	429	628	457	465	762	806	740	979	874	738	1000	808	520	570	370	247	319	144	91	84	55	52	78	43	61	38	27	44	51	43	41	28	26	37	39	34	26	18	21
64	170	1	2	119	0	1953125	12	0	0	0	0	0	0	0	0	12	19	22	20	13	12	20	24	23	17	13	19	28	29	23	17	20	29	34	29	20	17	21	29	35	22	20	28	13	47	66	47	84	78	59	154	172	144	222	221	207	342	335	300	479	467	430	632	455	458	759	807	739	982	864	732	1000	806	523	569	366	250	320	143	93	83	54	57	85	50	66	40	31	51	59	48	43	30	30	43	44	36	25	20	26
64	170	1	2	119	0	1953125	12	0	0	0	0	0	0	0	0	12	19	22	20	13	12	20	24	23	17	13	19	28	29	23	17	20	29	34	29	20	17	21	29	35	22	20	28	13	47	66	47	84	78	59	154	172	144	222	221	207	342	335	300	479	467	430	632	455	458	759	807	739	982	864	732	1000	806	523	569	366	250	320	143	93	83	54	57	85	50	66	40	31	51	59	48	43	30	30	43	44	36	25	20	26
64	170	1	2	119	0	1953125	12	0	0	0	0	0	0	0	0	13	17	22	25	21	16	19	24	27	25	19	21	28	32	31	26	23	31	37	36	31	26	23	35	42	31	31	40	22	54	75	51	90	87	63	158	179	145	228	226	206	344	339	302	481	467	426	634	457	459	755	803	732	983	858	727	1000	802	529	570	360	254	328	150	105	89	57	68	97	62	72	47	39	58	68	54	44	32	37	49	49	35	22	21	31
64	170	1	2	119	0	1953125	12	0	0	0	0	0	0	0	0	13	17	22	25	21	16	19	24	27	25	19	21	28	32	31	26	23	31	37	36	31	26	23	35	42	31	31	40	22	54	75	51	90	87	63	158	179	145	228	226	206	344	339	302	481	467	426	634	457	459	755	803	732	983	858	727	1000	802	529	570	360	254	328	150	105	89	57	68	97	62	72	47	39	58	68	54	44	32	37	49	49	35	22	21	31
64	170	1	2	119	0	1953125	12	0	0	0	0	0	0	0	0	11	17	22	23	18	12	17	24	27	22	16	19	28	32	30	23	20	30	38	36	29	23	22	35	44	33	32	39	23	58	78	55	92	87	65	162	180	147	229	225	209	348	333	301	479	464	428	630	448	456	749	794	727	978	849	722	1000	788	524	564	352	249	323	145	107	91	54	69	96	61	74	51	42	60	67	53	45	36	38	49	47	37	25	26	32
64	170	1	2	119	0	1953125	12	0	0	0	0	0	0	0	0	11	17	22	23	18	12	17	24	27	22	16	19	28	32	30	23	20	30	38	36	29	23	22	35	44	33	32	39	23	58	78	55	92	87	65	162	180	147	229	225	209	348	333	301	479	464	428	630	448	456	749	794	727	978	849	722	1000	788	524	564	352	249	323	145	107	91	54	69	96	61	74	51	42	60	67	53	45	36	38	49	47	37	25	26	32
64	170	1	2	119	0	1953125	12	0	0	0	0	0	0	0	0	15	21	23	22	16	16	22	26	25	21	18	24	31	31	27	22	24	34	38	32	26	25	26	37	42	28	28	39	24	58	72	49	86	86	65	159	172	141	225	222	207	341	321	293	476	456	418	626	438	451	751	782	717	976	846	722	1000	775	526	568	350	247	322	141	108	93	53	66	91	56	72	50	39	55	62	51	45	34	34	43	44	34	26	23	27
64	170	1	2	119	0	1953125	12	0	0	0	0	0	0	0	0	15	21	23	22	16	16	22	26	25	21	18	24	31	31	27	22	24	34	38	32	26	25	26	37	42	28	28	39	24	58	72	49	86	86	65	159	172	141	225	222	207	341	321	293	476	456	418	626	438	451	751	782	717	976	846	722	1000	775	526	568	350	247	322	141	108	93	53	66	91	56	72	50	39	55	62	51	45	34	34	43	44	34	26	23	27
64	170	1	2	119	0	1953125	12	0	0	0	0	0	0	0	0	12	16	22	24	19	13	17	24	27	24	17	19	28	33	31	24	20	31	39	37	32	25	23	38	47	37	35	43	27	63	81	57	94	90	68	164	180	146	229	224	209	345	322	297	474	455	422	629	436	454	748	784	722	970	840	725	1000	768	529	559	343	254	322	138	112	93	56	76	100	63	75	52	45	63	69	53	44	37	42	50	47	35	23	28	34
64	170	1	2	119	0	1953125	12	0	0	0	0	0	0	0	0	12	16	22	24	19	13	17	24	27	24	17	19	28	33	31	24	20	31	39	37	32	25	23	38	47	37	35	43	27	63	81	57	94	90	68	164	180	146	229	224	209	345	322	297	474	455	422	629	436	454	748	784	722	970	840	725	1000	768	529	559	343	254	322	138	112	93	56	76	100	63	75	52	45	63	69	53	44	37	42	50	47	35	23	28	34
64	170	1	2	119	0	1953125	12	0	0	0	0	0	0	0	0	12	18	24	24	18	13	19	26	27	23	16	20	29	33	30	23	22	32	39	35	28	23	23	36	44	31	29	38	22	58	76	53	89	83	65	159	176	145	224	222	209	341	324	299	472	458	426	630	437	455	752	782	733	970	847	733	1000	780	532	557	348	251	322	140	108	87	54	69	95	58	72	47	39	59	65	52	43	33	36	48	46	35	22	23	30
64	170	1	2	119	0	1953125	12	0	0	0	0	0	0	0	0	12	18	24	24	18	13	19	26	27	23	16	20	29	33	30	23	22	32	39	35	28	23	23	36	44	31	29	38	22	58	76	53	89	83	65	159	176	145	224	222	209	341	324	299	472	458	426	630	437	455	752	782	733	970	847	733	1000	780	532	557	348	251	322	140	108	87	54	69	95	58	72	47	39	59	65	52	43	33	36	48	46	35	22	23	30
64	170	1	2	119	0	1953125	12	0	0	0	0	0	0	0	0	11	17	24	25	19	13	17	25	28	24	16	18	29	33	32	23	19	30	39	38	30	23	21	35	46	34	32	38	22	59	80	58	94	86	66	165	185	152	230	228	213	352	340	309	484	478	441	645	453	466	766	809	750	993	864	740	1000	802	537	559	347	245	323	147	113	87	49	66	95	62	77	52	40	59	67	55	48	35	37	48	48	39	25	24	32
64	170	1	2	119	0	1953125	12	0	0	0	0	0	0	0	0	11	17	24	25	19	13	17	25	28	24	16	18	29	33	32	23	19	30	39	38	30	23	21	35	46	34	32	38	22	59	80	58	94	86	66	165	185	152	230	228	213	352	340	309	484	478	441	645	453	466	766	809	750	993	864	740	1000	802	537	559	347	245	323	147	113	87	49	66	95	62	77	52	40	59	67	55	48	35	37	48	48	39	25	24	32
64	170	1	2	119	0	1953125	12	0	0	0	0	0	0	0	0	11	17	24	27	20	14	18	25	29	26	18	20	29	34	33	25	20	30	39	39	32	24	20	35	46	34	33	38	19	56	80	57	95	86	62	164	187	148	230	225	205	353	342	306	483	484	432	650	461	459	766	819	738	1000	869	710	990	808	541	561	343	237	323	152	115	89	46	61	93	62	77	51	38	55	66	55	48	33	34	45	48	39	24	21	29
64	170	1	2	119	0	1953125	12	0	0	0	0	0	0	0	0	11	17	24	27	20	14	18	25	29	26	18	20	29	34	33	25	20	30	39	39	32	24	20	35	46	34	33	38	19	56	80	57	95	86	62	164	187	148	230	225	205	353	342	306	483	484	432	650	461	459	766	819	738	1000	869	710	990	808	541	561	343	237	323	152	115	89	46	61	93	62	77	51	38	55	66	55	48	33	34	45	48	39	24	21	29
64	170	1	2	119	0	1953125	12	0	0	0	0	0	0	0	0	11	15	21	24	19	14	16	23	27	25	18	17	26	31	31	25	19	27	37	37	32	25	19	33	45	35	37	42	21	57	82	59	100	91	64	164	189	149	237	226	205	357	341	307	484	474	422	643	456	448	762	815	723	1000	861	683	994	800	542	569	339	241	327	151	119	90	47	66	97	64	80	53	39	58	68	57	49	35	35	48	49	39	27	23	32
64	170	1	2	119	0	1953125	12	0	0	0	0	0	0	0	0	11	15	21	24	19	14	16	23	27	25	18	17	26	31	31	25	19	27	37	37	32	25	19	33	45	35	37	42	21	57	82	59	100	91	64	164	189	149	237	226	205	357	341	307	484	474	422	643	456	448	762	815	723	1000	861	683	994	800	542	569	339	241	327	151	119	90	47	66	97	64	80	53	39	58	68	57	49	35	35	48	49	39	27	23	32
64	170	1	2	119	0	1953125	12	0	0	0	0	0	0	0	0	12	18	24	25	19	14	18	25	28	24	18	20	29	33	31	24	21	31	38	36	30	24	22	35	44	32	32	39	20	56	79	54	94	88	64	161	184	144	234	225	205	354	335	302	485	470	425	637	456	452	760	810	719	985	863	689	1000	790	530	567	348	247	329	147	112	89	52	66	94	59	73	49	39	57	65	52	45	33	35	46	46	35	23	22	29
64	170	1	2	119	0	1953125	12	0	0	0	0	0	0	0	0	12	18	24	25	19	14	18	25	28	24	18	20	29	33	31	24	21	31	38	36	30	24	22	35	44	32	32	39	20	56	79	54	94	88	64	161	184	144	234	225	205	354	335	302	485	470	425	637	456	452	760	810	719	985	863	689	1000	790	530	567	348	247	329	147	112	89	52	66	94	59	73	49	39	57	65	52	45	33	35	46	46	35	23	22	29
64	170	1	2	119	0	1953125	12	0	0	0	0	0	0	0	0	12	18	21	19	13	12	19	24	22	17	14	19	27	27	23	18	19	28	33	28	20	18	19	28	34	22	21	29	13	48	67	48	85	80	61	154	172	139	225	215	203	343	322	295	474	452	421	616	446	450	745	790	710	966	859	690	999	782	514	561	353	244	319	138	97	80	51	58	83	50	66	40	30	49	58	48	43	29	30	41	45	36	25	18	25
64	170	1	2	119	0	1953125	12	0	0	0	0	0	0	0	0	12	18	21	19	13	12	19	24	22	17	14	19	27	27	23	18	19	28	33	28	20	18	19	28	34	22	21	29	13	48	67	48	85	80	61	154	172	139	225	215	203	343	322	295	474	452	421	616	446	450	745	790	710	966	859	690	999	782	514	561	353	244	319	138	97	80	51	58	83	50	66	40	30	49	58	48	43	29	30	41	45	36	25	18	25
64	170	1	2	119	0	1953125	12	0	0	0	0	0	0	0	0	13	18	22	24	18	15	19	24	27	23	17	21	28	32	30	24	22	30	38	35	29	25	24	35	43	31	30	39	23	57	76	53	90	90	65	161	180	141	232	223	205	345	325	299	477	460	433	615	456	462	746	798	712	971	859	697	1000	775	515	561	348	253	319	143	107	87	55	68	94	61	71	48	40	58	66	52	44	32	35	48	47	34	23	22	31
64	170	1	2	119	0	1953125	12	0	0	0	0	0	0	0	0	13	18	22	24	18	15	19	24	27	23	17	21	28	32	30	24	22	30	38	35	29	25	24	35	43	31	30	39	23	57	76	53	90	90	65	161	180	141	232	223	205	345	325	299	477	460	433	615	456	462	746	798	712	971	859	697	1000	775	515	561	348	253	319	143	107	87	55	68	94	61	71	48	40	58	66	52	44	32	35	48	47	34	23	22	31
64	170	1	2	119	0	1953125	12	0	0	0	0	0	0	0	0	12	18	20	18	14	13	18	22	21	17	14	19	26	26	22	18	19	26	32	26	20	18	20	26	32	20	19	28	13	46	64	45	82	81	58	151	168	134	224	212	198	334	312	292	463	449	422	601	451	451	737	789	690	966	849	684	1000	761	499	553	351	247	311	135	93	77	54	59	82	51	64	38	30	49	58	48	40	27	30	43	45	36	24	18	25
64	170	1	2	119	0	1953125	12	0	0	0	0	0	0	0	0	12	18	20	18	14	13	18	22	21	17	14	19	26	26	22	18	19	26	32	26	20	18	20	26	32	20	19	28	13	46	64	45	82	81	58	151	168	134	224	212	198	334	312	292	463	449	422	601	451	451	737	789	690	966	849	684	1000	761	499	553	351	247	311	135	93	77	54	59	82	51	64	38	30	49	58	48	40	27	30	43	45	36	24	18	25
64	170	1	2	119	0	1953125	12	0	0	0	0	0	0	0	0	15	21	22	18	12	15	22	25	21	15	14	22	28	27	21	17	21	29	33	25	16	17	22	27	30	15	13	22	10	42	60	44	77	75	55	149	164	133	218	209	198	333	310	290	460	446	425	601	448	453	738	789	700	965	852	696	1000	768	498	554	356	247	309	135	88	78	57	55	77	43	59	33	26	45	52	42	38	25	27	39	40	33	22	15	22
64	170	1	2	119	0	1953125	12	0	0	0	0	0	0	0	0	15	21	22	18	12	15	22	25	21	15	14	22	28	27	21	17	21	29	33	25	16	17	22	27	30	15	13	22	10	42	60	44	77	75	55	149	164	133	218	209	198	333	310	290	460	446	425	601	448	453	738	789	700	965	852	696	1000	768	498	554	356	247	309	135	88	78	57	55	77	43	59	33	26	45	52	42	38	25	27	39	40	33	22	15	22
64	170	1	2	119	0	1953125	12	0	0	0	0	0	0	0	0	12	20	22	20	13	12	20	25	23	18	14	20	28	29	24	18	20	29	35	30	21	18	21	30	36	23	20	28	15	48	67	48	82	80	58	154	171	139	223	213	200	338	318	296	465	455	437	609	453	463	740	800	719	977	851	711	1000	775	509	551	349	248	310	139	93	78	54	59	83	51	65	40	32	50	58	47	41	29	31	43	45	36	24	19	26
64	170	1	2	119	0	1953125	12	0	0	0	0	0	0	0	0	12	20	22	20	13	12	20	25	23	18	14	20	28	29	24	18	20	29	35	30	21	18	21	30	36	23	20	28	15	48	67	48	82	80	58	154	171	139	223	213	200	338	318	296	465	455	437	609	453	463	740	800	719	977	851	711	1000	775	509	551	349	248	310	139	93	78	54	59	83	51	65	40	32	50	58	47	41	29	31	43	45	36	24	19	26
64	170	1	2	119	0	1953125	12	0	0	0	0	0	0	0	0	13	18	24	24	18	15	20	25	28	23	18	21	29	32	30	24	22	31	38	35	29	25	24	35	43	32	30	39	24	56	76	53	90	90	62	161	181	140	231	223	202	345	330	298	474	465	433	619	463	460	749	810	719	993	856	696	1000	787	517	561	346	246	317	149	105	88	54	66	92	61	73	50	41	56	65	52	45	34	35	46	46	37	23	22	29
64	170	1	2	119	0	1953125	12	0	0	0	0	0	0	0	0	13	18	24	24	18	15	20	25	28	23	18	21	29	32	30	24	22	31	38	35	29	25	24	35	43	32	30	39	24	56	76	53	90	90	62	161	181	140	231	223	202	345	330	298	474	465	433	619	463	460	749	810	719	993	856	696	1000	787	517	561	346	246	317	149	105	88	54	66	92	61	73	50	41	56	65	52	45	34	35	46	46	37	23	22	29
64	170	1	2	119	0	1953125	12	0	0	0	0	0	0	0	0	11	16	23	24	18	13	17	25	27	24	16	18	27	33	31	23	20	30	38	36	31	24	21	35	45	35	33	39	24	57	79	56	94	91	64	163	183	143	233	223	204	349	335	300	474	463	429	620	460	460	751	810	718	994	850	685	1000	786	520	564	342	246	318	151	108	88	53	66	94	63	75	52	41	58	66	55	45	35	38	47	48	36	25	24	31
64	170	1	2	119	0	1953125	12	0	0	0	0	0	0	0	0	11	16	23	24	18	13	17	25	27	24	16	18	27	33	31	23	20	30	38	36	31	24	21	35	45	35	33	39	24	57	79	56	94	91	64	163	183	143	233	223	204	349	335	300	474	463	429	620	460	460	751	810	718	994	850	685	1000	786	520	564	342	246	318	151	108	88	53	66	94	63	75	52	41	58	66	55	45	35	38	47	48	36	25	24	31
64	170	1	2	119	0	1953125	12	0	0	0	0	0	0	0	0	12	18	23	24	18	14	18	25	27	24	17	20	29	32	31	25	21	31	38	36	30	24	22	35	44	33	31	39	23	56	78	54	92	91	63	162	183	139	232	223	202	347	336	296	475	469	421	615	461	449	751	813	703	994	858	666	1000	790	511	565	346	242	321	154	107	88	54	64	94	63	73	51	40	57	65	54	45	34	35	46	47	37	24	22	30
64	170	1	2	119	0	1953125	12	0	0	0	0	0	0	0	0	12	18	23	24	18	14	18	25	27	24	17	20	29	32	31	25	21	31	38	36	30	24	22	35	44	33	31	39	23	56	78	54	92	91	63	162	183	139	232	223	202	347	336	296	475	469	421	615	461	449	751	813	703	994	858	666	1000	790	511	565	346	242	321	154	107	88	54	64	94	63	73	51	40	57	65	54	45	34	35	46	47	37	24	22	30
64	170	1	2	119	0	1953125	12	0	0	0	0	0	0	0	0	12	17	23	23	18	14	18	24	27	23	17	19	28	32	30	23	21	30	38	36	30	23	22	35	44	34	32	40	24	57	79	55	94	93	63	164	186	140	236	229	204	350	340	297	478	475	428	624	471	458	755	821	707	987	864	670	1000	791	506	560	350	243	317	149	106	86	55	65	95	63	74	51	41	57	67	54	45	35	37	48	48	37	25	24	31
64	170	1	2	119	0	1953125	12	0	0	0	0	0	0	0	0	12	17	23	23	18	14	18	24	27	23	17	19	28	32	30	23	21	30	38	36	30	23	22	35	44	34	32	40	24	57	79	55	94	93	63	164	186	140	236	229	204	350	340	297	478	475	428	624	471	458	755	821	707	987	864	670	1000	791	506	560	350	243	317	149	106	86	55	65	95	63	74	51	41	57	67	54	45	35	37	48	48	37	25	24	31
64	170	1	2	119	0	1953125	12	0	0	0	0	0	0	0	0	12	18	24	25	19	14	19	26	28	24	18	20	29	33	31	24	21	31	38	36	30	24	23	35	43	33	30	39	22	55	78	53	91	90	60	160	185	136	232	226	197	345	338	292	471	475	419	618	472	448	746	820	701	985	866	662	1000	792	508	560	352	241	317	151	106	87	57	64	93	61	71	50	40	56	65	52	43	33	36	46	46	35	24	22	29
64	170	1	2	119	0	1953125	12	0	0	0	0	0	0	0	0	12	18	24	25	19	14	19	26	28	24	18	20	29	33	31	24	21	31	38	36	30	24	23	35	43	33	30	39	22	55	78	53	91	90	60	160	185	136	232	226	197	345	338	292	471	475	419	618	472	448	746	820	701	985	866	662	1000	792	508	560	352	241	317	151	106	87	57	64	93	61	71	50	40	56	65	52	43	33	36	46	46	35	24	22	29
64	170	1	2	119	0	1953125	12	0	0	0	0	0	0	0	0	12	19	21	20	14	13	19	23	23	18	14	19	27	28	24	18	20	28	34	30	22	18	20	30	35	23	21	30	14	46	69	47	84	83	56	153	175	135	228	219	196	339	330	291	469	465	418	609	463	447	741	814	701	976	865	666	1000	788	496	558	356	239	315	146	94	78	55	55	84	52	66	41	31	49	58	48	42	29	30	43	44	37	24	18	26
64	170	1	2	119	0	1953125	12	0	0	0	0	0	0	0	0	12	19	21	20	14	13	19	23	23	18	14	19	27	28	24	18	20	28	34	30	22	18	20	30	35	23	21	30	14	46	69	47	84	83	56	153	175	135	228	219	196	339	330	291	469	465	418	609	463	447	741	814	701	976	865	666	1000	788	496	558	356	239	315	146	94	78	55	55	84	52	66	41	31	49	58	48	42	29	30	43	44	37	24	18	26
64	170	1	2	119	0	1953125	12	0	0	0	0	0	0	0	0	13	18	24	25	18	14	19	26	28	24	17	21	30	33	31	24	22	31	39	36	29	24	23	36	44	32	29	38	23	56	78	53	89	91	61	161	184	137	232	228	200	348	337	294	476	475	424	617	473	453	749	823	706	975	873	670	1000	790	500	561	355	245	318	149	104	87	59	66	93	60	70	49	41	57	65	51	42	33	36	47	45	34	24	22	30
64	170	1	2	119	0	1953125	12	0	0	0	0	0	0	0	0	13	18	24	25	18	14	19	26	28	24	17	21	30	33	31	24	22	31	39	36	29	24	23	36	44	32	29	38	23	56	78	53	89	91	61	161	184	137	232	228	200	348	337	294	476	475	424	617	473	453	749	823	706	975	873	670	1000	790	500	561	355	245	318	149	104	87	59	66	93	60	70	49	41	57	65	51	42	33	36	47	45	34	24	22	30
64	170	1	2	119	0	1953125	12	0	0	0	0	0	0	0	0	11	17	23	23	18	13	17	24	27	23	16	19	28	33	30	23	20	29	37	36	29	23	21	34	44	33	32	39	23	57	80	55	92	91	63	164	183	143	233	226	205	350	333	302	475	468	429	617	462	460	749	816	714	981	856	674	1000	781	513	562	343	246	317	148	109	86	54	66	93	62	74	51	41	57	66	53	45	35	37	48	47	35	26	25	31
64	170	1	2	119	0	1953125	12	0	0	0	0	0	0	0	0	11	17	23	23	18	13	17	24	27	23	16	19	28	33	30	23	20	29	37	36	29	23	21	34	44	33	32	39	23	57	80	55	92	91	63	164	183	143	233	226	205	350	333	302	475	468	429	617	462	460	749	816	714	981	856	674	1000	781	513	562	343	246	317	148	109	86	54	66	93	62	74	51	41	57	66	53	45	35	37	48	47	35	26	25	31
64	170	1	2	119	0	1953125	12	0	0	0	0	0	0	0	0	12	19	25	25	20	14	19	26	29	25	18	20	30	33	32	24	21	31	39	37	31	23	22	36	44	32	31	38	20	56	79	54	92	89	60	164	184	142	233	222	202	352	332	303	479	472	429	622	460	453	750	820	712	985	853	662	1000	775	517	563	338	245	321	148	111	85	52	63	91	59	73	49	37	54	64	51	44	33	34	45	45	35	23	20	28
64	170	1	2	119	0	1953125	12	0	0	0	0	0	0	0	0	12	19	25	25	20	14	19	26	29	25	18	20	30	33	32	24	21	31	39	37	31	23	22	36	44	32	31	38	20	56	79	54	92	89	60	164	184	142	233	222	202	352	332	303	479	472	429	622	460	453	750	820	712	985	853	662	1000	775	517	563	338	245	321	148	111	85	52	63	91	59	73	49	37	54	64	51	44	33	34	45	45	35	23	20	28
64	170	1	2	119	0	1953125	12	0	0	0	0	0	0	0	0	11	15	20	24	19	14	16	23	26	24	18	17	26	31	30	24	19	27	37	36	32	24	19	33	43	34	35	41	19	57	82	58	99	93	62	165	187	146	239	221	206	359	330	310	483	465	421	630	449	449	754	815	705	992	836	640	1000	763	529	568	329	242	327	145	118	84	48	64	94	62	78	49	36	55	67	55	47	33	34	47	48	37	25	21	30
64	170	1	2	119	0	1953125	12	0	0	0	0	0	0	0	0	11	15	20	24	19	14	16	23	26	24	18	17	26	31	30	24	19	27	37	36	32	24	19	33	43	34	35	41	19	57	82	58	99	93	62	165	187	146	239	221	206	359	330	310	483	465	421	630	449	449	754	815	705	992	836	640	1000	763	529	568	329	242	327	145	118	84	48	64	94	62	78	49	36	55	67	55	47	33	34	47	48	37	25	21	30
64	170	1	2	119	0	1953125	12	0	0	0	0	0	0	0	0	11	17	23	24	19	14	18	25	27	24	18	19	28	32	31	25	20	29	37	36	31	24	20	34	43	32	34	38	19	57	78	57	95	87	63	161	180	149	235	214	212	355	315	313	477	449	424	627	437	458	748	790	709	978	812	657	1000	740	550	566	320	252	322	139	121	83	46	66	91	58	75	47	36	54	63	52	45	33	33	45	46	36	24	21	29
64	170	1	2	119	0	1953125	12	0	0	0	0	0	0	0	0	11	17	23	24	19	14	18	25	27	24	18	19	28	32	31	25	20	29	37	36	31	24	20	34	43	32	34	38	19	57	78	57	95	87	63	161	180	149	235	214	212	355	315	313	477	449	424	627	437	458	748	790	709	978	812	657	1000	740	550	566	320	252	322	139	121	83	46	66	91	58	75	47	36	54	63	52	45	33	33	45	46	36	24	21	29
64	170	1	2	119	0	1953125	12	0	0	0	0	0	0	0	0	11	16	22	22	18	13	17	23	26	22	16	18	27	30	29	23	19	28	37	34	30	23	20	34	42	32	33	40	22	58	78	57	92	88	66	160	175	147	231	216	213	348	307	311	473	446	426	625	436	462	739	774	705	964	820	680	1000	726	535	556	324	256	311	131	118	83	48	70	90	58	73	48	40	57	65	52	44	34	36	46	46	36	23	25	32
64	170	1	2	119	0	1953125	12	0	0	0	0	0	0	0	0	11	16	22	22	18	13	17	23	26	22	16	18	27	30	29	23	19	28	37	34	30	23	20	34	42	32	33	40	22	58	78	57	92	88	66	160	175	147	231	216	213	348	307	311	473	446	426	625	436	462	739	774	705	964	820	680	1000	726	535	556	324	256	311	131	118	83	48	70	90	58	73	48	40	57	65	52	44	34	36	46	46	36	23	25	32
64	170	1	2	119	0	1953125	12	0	0	0	0	0	0	0	0	15	21	21	18	13	15	21	24	21	17	15	21	27	26	21	18	20	28	31	24	17	18	20	26	29	14	15	23	6	43	60	46	78	72	60	149	161	142	221	204	210	341	290	309	472	439	429	625	425	469	728	772	710	959	827	693	1000	722	525	554	330	253	310	127	104	76	50	54	74	41	61	32	24	43	50	42	39	25	24	37	40	34	23	15	20
64	170	1	2	119	0	1953125	12	0	0	0	0	0	0	0	0	15	21	21	18	13	15	21	24	21	17	15	21	27	26	21	18	20	28	31	24	17	18	20	26	29	14	15	23	6	43	60	46	78	72	60	149	161	142	221	204	210	341	290	309	472	439	429	625	425	469	728	772	710	959	827	693	1000	722	525	554	330	253	310	127	104	76	50	54	74	41	61	32	24	43	50	42	39	25	24	37	40	34	23	15	20
64	170	1	2	119	0	1953125	12	0	0	0	0	0	0	0	0	12	18	21	19	13	12	19	23	22	16	13	19	27	27	23	17	18	28	33	27	20	17	19	29	34	20	20	27	12	48	66	51	82	75	63	153	163	148	223	207	217	344	291	315	474	436	439	623	424	481	727	774	729	958	826	716	1000	721	538	552	327	263	307	124	107	76	49	62	79	47	65	36	30	50	56	45	42	28	29	42	43	34	23	19	25
64	170	1	2	119	0	1953125	12	0	0	0	0	0	0	0	0	12	18	21	19	13	12	19	23	22	16	13	19	27	27	23	17	18	28	33	27	20	17	19	29	34	20	20	27	12	48	66	51	82	75	63	153	163	148	223	207	217	344	291	315	474	436	439	623	424	481	727	774	729	958	826	716	1000	721	538	552	327	263	307	124	107	76	49	62	79	47	65	36	30	50	56	45	42	28	29	42	43	34	23	19	25
64	170	1	2	119	0	1953125	12	0	0	0	0	0	0	0	0	14	20	21	18	13	14	21	24	21	17	14	21	27	26	21	17	20	28	32	24	18	18	20	26	29	15	14	23	8	43	58	47	76	69	63	147	155	147	219	199	216	338	285	315	469	423	445	613	418	494	718	762	747	951	821	744	1000	719	542	556	331	270	307	125	103	76	51	59	75	43	60	31	24	46	52	42	39	24	25	39	40	34	22	14	22
64	170	1	2	119	0	1953125	12	0	0	0	0	0	0	0	0	14	20	21	18	13	14	21	24	21	17	14	21	27	26	21	17	20	28	32	24	18	18	20	26	29	15	14	23	8	43	58	47	76	69	63	147	155	147	219	199	216	338	285	315	469	423	445	613	418	494	718	762	747	951	821	744	1000	719	542	556	331	270	307	125	103	76	51	59	75	43	60	31	24	46	52	42	39	24	25	39	40	34	22	14	22
64	170	1	2	119	0	1953125	12	0	0	0	0	0	0	0	0	12	18	21	19	12	12	18	23	23	17	13	19	27	28	23	17	19	28	33	27	20	17	19	28	34	21	20	26	13	48	63	51	82	73	66	154	162	151	222	202	219	344	288	317	472	431	453	616	419	494	721	765	753	959	810	744	1000	718	548	550	318	267	306	127	106	73	45	61	79	50	67	37	28	49	57	48	43	28	29	42	44	38	25	18	25
64	170	1	2	119	0	1953125	12	0	0	0	0	0	0	0	0	12	18	21	19	12	12	18	23	23	17	13	19	27	28	23	17	19	28	33	27	20	17	19	28	34	21	20	26	13	48	63	51	82	73	66	154	162	151	222	202	219	344	288	317	472	431	453	616	419	494	721	765	753	959	810	744	1000	718	548	550	318	267	306	127	106	73	45	61	79	50	67	37	28	49	57	48	43	28	29	42	44	38	25	18	25
64	170	1	2	119	0	1953125	12	0	0	0	0	0	0	0	0	16	21	20	16	13	16	22	23	20	16	16	22	28	26	20	18	21	29	31	23	16	18	21	26	29	14	14	22	8	44	57	48	78	69	63	148	156	146	220	196	213	340	281	311	468	423	436	612	410	475	722	755	733	959	805	720	1000	719	547	559	318	261	310	129	107	76	46	54	73	42	63	34	25	43	49	43	41	26	23	35	38	34	26	16	19
64	170	1	2	119	0	1953125	12	0	0	0	0	0	0	0	0	16	21	20	16	13	16	22	23	20	16	16	22	28	26	20	18	21	29	31	23	16	18	21	26	29	14	14	22	8	44	57	48	78	69	63	148	156	146	220	196	213	340	281	311	468	423	436	612	410	475	722	755	733	959	805	720	1000	719	547	559	318	261	310	129	107	76	46	54	73	42	63	34	25	43	49	43	41	26	23	35	38	34	26	16	19
64	170	1	2	119	0	1953125	12	0	0	0	0	0	0	0	0	12	16	21	23	18	14	16	23	26	23	17	18	26	31	30	23	20	29	37	36	30	24	21	34	43	34	33	39	24	59	77	61	93	85	71	162	176	157	234	212	223	354	306	326	479	439	461	628	433	502	731	779	762	973	813	745	1000	728	552	550	309	265	306	133	121	82	45	71	91	61	77	50	41	59	66	54	46	35	37	48	47	38	26	24	31
64	170	1	2	119	0	1953125	12	0	0	0	0	0	0	0	0	12	16	21	23	18	14	16	23	26	23	17	18	26	31	30	23	20	29	37	36	30	24	21	34	43	34	33	39	24	59	77	61	93	85	71	162	176	157	234	212	223	354	306	326	479	439	461	628	433	502	731	779	762	973	813	745	1000	728	552	550	309	265	306	133	121	82	45	71	91	61	77	50	41	59	66	54	46	35	37	48	47	38	26	24	31
64	170	1	2	119	0	1953125	12	0	0	0	0	0	0	0	0	13	21	23	19	13	13	21	25	24	17	13	21	28	29	24	17	18	28	33	27	18	15	20	26	32	18	18	22	5	42	61	51	83	69	60	150	165	150	223	200	211	347	299	319	471	438	447	630	432	485	726	788	748	975	815	726	1000	746	553	555	316	258	309	133	107	72	46	53	74	44	65	33	23	43	52	44	42	25	23	37	41	36	24	14	19
64	170	1	2	119	0	1953125	12	0	0	0	0	0	0	0	0	13	21	23	19	13	13	21	25	24	17	13	21	28	29	24	17	18	28	33	27	18	15	20	26	32	18	18	22	5	42	61	51	83	69	60	150	165	150	223	200	211	347	299	319	471	438	447	630	432	485	726	788	748	975	815	726	1000	746	553	555	316	258	309	133	107	72	46	53	74	44	65	33	23	43	52	44	42	25	23	37	41	36	24	14	19
64	170	1	2	119	0	1953125	12	0	0	0	0	0	0	0	0	11	17	23	24	18	13	18	24	27	23	16	19	27	32	30	23	19	30	37	36	30	23	20	33	43	33	32	38	21	57	76	58	91	84	66	161	176	149	230	212	212	349	308	316	475	450	443	626	439	474	728	787	738	975	821	723	1000	749	552	556	315	266	311	139	119	84	48	71	92	60	75	49	40	59	66	53	45	34	36	47	46	37	24	23	31
64	170	1	2	119	0	1953125	12	0	0	0	0	0	0	0	0	11	17	23	24	18	13	18	24	27	23	16	19	27	32	30	23	19	30	37	36	30	23	20	33	43	33	32	38	21	57	76	58	91	84	66	161	176	149	230	212	212	349	308	316	475	450	443	626	439	474	728	787	738	975	821	723	1000	749	552	556	315	266	311	139	119	84	48	71	92	60	75	49	40	59	66	53	45	34	36	47	46	37	24	23	31
64	170	1	2	119	0	1953125	12	0	0	0	0	0	0	0	0	11	17	22	25	19	13	18	24	27	25	18	19	28	32	31	24	21	30	38	36	30	23	21	34	43	33	32	38	21	56	77	58	92	85	64	162	179	151	232	215	211	353	317	317	480	456	441	629	443	476	739	798	739	986	826	713	1000	762	544	558	319	259	314	142	116	83	47	68	93	60	74	49	39	57	65	53	45	33	35	47	47	37	24	22	30
64	170	1	2	119	0	1953125	12	0	0	0	0	0	0	0	0	11	17	22	25	19	13	18	24	27	25	18	19	28	32	31	24	21	30	38	36	30	23	21	34	43	33	32	38	21	56	77	58	92	85	64	162	179	151	232	215	211	353	317	317	480	456	441	629	443	476	739	798	739	986	826	713	1000	762	544	558	319	259	314	142	116	83	47	68	93	60	74	49	39	57	65	53	45	33	35	47	47	37	24	22	30
64	170	1	2	119	0	1953125	12	0	0	0	0	0	0	0	0	12	17	20	20	15	13	18	22	23	20	14	18	26	28	24	19	18	26	32	29	23	19	18	27	34	23	23	30	13	46	66	50	86	79	61	152	168	145	226	207	207	346	312	315	473	441	432	616	436	476	733	788	728	985	829	708	1000	767	537	567	332	259	313	142	107	79	47	58	82	51	68	41	29	48	58	48	44	29	29	42	44	38	26	17	25
64	170	1	2	119	0	1953125	12	0	0	0	0	0	0	0	0	12	17	20	20	15	13	18	22	23	20	14	18	26	28	24	19	18	26	32	29	23	19	18	27	34	23	23	30	13	46	66	50	86	79	61	152	168	145	226	207	207	346	312	315	473	441	432	616	436	476	733	788	728	985	829	708	1000	767	537	567	332	259	313	142	107	79	47	58	82	51	68	41	29	48	58	48	44	29	29	42	44	38	26	17	25
64	170	1	2	119	0	1953125	12	0	0	0	0	0	0	0	0	15	20	21	18	13	15	22	24	22	16	15	21	28	26	22	18	21	28	32	25	18	18	21	25	29	16	15	24	9	41	59	45	79	74	56	149	165	139	221	207	202	342	311	304	474	449	431	616	442	473	734	803	727	986	849	713	1000	777	523	565	344	255	312	143	97	79	52	53	76	43	61	36	26	43	51	43	41	27	25	37	39	36	24	15	19
64	170	1	2	119	0	1953125	12	0	0	0	0	0	0	0	0	15	20	21	18	13	15	22	24	22	16	15	21	28	26	22	18	21	28	32	25	18	18	21	25	29	16	15	24	9	41	59	45	79	74	56	149	165	139	221	207	202	342	311	304	474	449	431	616	442	473	734	803	727	986	849	713	1000	777	523	565	344	255	312	143	97	79	52	53	76	43	61	36	26	43	51	43	41	27	25	37	39	36	24	15	19
64	170	1	2	119	0	1953125	12	0	0	0	0	0	0	0	0	12	19	22	21	14	13	20	25	24	18	14	20	28	30	25	19	19	29	35	30	22	18	21	30	36	24	22	29	15	47	68	49	83	79	58	156	173	139	224	214	201	348	319	301	475	458	432	617	447	472	737	811	724	983	853	711	1000	782	517	564	346	259	314	145	99	80	53	58	83	51	66	41	32	50	58	48	42	30	32	43	44	35	25	19	26
64	170	1	2	119	0	1953125	12	0	0	0	0	0	0	0	0	12	19	22	21	14	13	20	25	24	18	14	20	28	30	25	19	19	29	35	30	22	18	21	30	36	24	22	29	15	47	68	49	83	79	58	156	173	139	224	214	201	348	319	301	475	458	432	617	447	472	737	811	724	983	853	711	1000	782	517	564	346	259	314	145	99	80	53	58	83	51	66	41	32	50	58	48	42	30	32	43	44	35	25	19	26
64	170	1	2	119	0	1953125	12	0	0	0	0	0	0	0	0	12	19	24	24	19	14	19	26	28	23	17	20	29	33	30	24	22	31	39	36	29	23	24	35	44	32	29	37	24	55	76	54	86	86	61	161	180	139	226	221	199	351	327	295	471	462	428	611	451	465	729	811	714	974	859	705	1000	786	502	563	347	254	312	150	104	87	56	66	92	60	70	49	41	57	65	52	43	33	36	46	46	34	23	23	29
64	170	1	2	119	0	1953125	12	0	0	0	0	0	0	0	0	12	19	24	24	19	14	19	26	28	23	17	20	29	33	30	24	22	31	39	36	29	23	24	35	44	32	29	37	24	55	76	54	86	86	61	161	180	139	226	221	199	351	327	295	471	462	428	611	451	465	729	811	714	974	859	705	1000	786	502	563	347	254	312	150	104	87	56	66	92	60	70	49	41	57	65	52	43	33	36	46	46	34	23	23	29
64	170	1	2	119	0	1953125	12	0	0	0	0	0	0	0	0	18	22	22	17	14	18	24	26	22	17	18	26	32	30	23	20	26	35	38	30	22	26	29	38	41	27	24	41	31	61	74	49	84	95	68	166	179	129	230	233	201	351	325	287	479	480	422	607	459	456	740	828	689	979	882	680	1000	787	487	573	349	238	308	155	106	95	50	59	86	59	74	59	43	51	59	51	50	41	35	39	41	36	31	26	24
64	170	1	2	119	0	1953125	12	0	0	0	0	0	0	0	0	18	22	22	17	14	18	24	26	22	17	18	26	32	30	23	20	26	35	38	30	22	26	29	38	41	27	24	41	31	61	74	49	84	95	68	166	179	129	230	233	201	351	325	287	479	480	422	607	459	456	740	828	689	979	882	680	1000	787	487	573	349	238	308	155	106	95	50	59	86	59	74	59	43	51	59	51	50	41	35	39	41	36	31	26	24
64	170	1	2	119	0	1953125	12	0	0	0	0	0	0	0	0	14	20	21	18	12	13	21	24	22	16	13	20	28	28	22	16	19	28	33	26	17	15	21	27	31	17	15	21	10	40	62	44	77	72	50	149	166	129	214	208	186	339	312	281	457	456	405	598	443	441	721	805	673	966	860	652	1000	772	476	561	353	237	307	145	87	77	53	49	76	44	59	35	26	42	52	43	40	26	25	38	40	34	24	14	20
64	170	1	2	119	0	1953125	12	0	0	0	0	0	0	0	0	14	20	21	18	12	13	21	24	22	16	13	20	28	28	22	16	19	28	33	26	17	15	21	27	31	17	15	21	10	40	62	44	77	72	50	149	166	129	214	208	186	339	312	281	457	456	405	598	443	441	721	805	673	966	860	652	1000	772	476	561	353	237	307	145	87	77	53	49	76	44	59	35	26	42	52	43	40	26	25	38	40	34	24	14	20
64	170	1	2	119	0	1953125	12	0	0	0	0	0	0	0	0	11	19	21	20	13	11	20	23	23	17	13	18	26	28	23	17	18	28	33	29	21	17	20	28	34	22	20	27	13	44	67	47	80	76	52	150	170	132	217	215	190	339	314	282	459	458	411	609	453	452	726	809	684	966	864	673	1000	771	478	553	346	231	300	138	90	77	50	55	80	48	64	40	30	47	56	46	42	29	30	41	42	36	25	18	24
64	170	1	2	119	0	1953125	12	0	0	0	0	0	0	0	0	11	19	21	20	13	11	20	23	23	17	13	18	26	28	23	17	18	28	33	29	21	17	20	28	34	22	20	27	13	44	67	47	80	76	52	150	170	132	217	215	190	339	314	282	459	458	411	609	453	452	726	809	684	966	864	673	1000	771	478	553	346	231	300	138	90	77	50	55	80	48	64	40	30	47	56	46	42	29	30	41	42	36	25	18	24
64	170	1	2	119	0	1953125	12	0	0	0	0	0	0	0	0	21	21	17	13	14	21	25	21	16	14	20	27	29	22	16	19	26	32	30	20	14	22	26	27	27	11	9	25	13	45	59	42	73	77	57	153	165	129	219	222	196	340	312	281	471	470	415	619	455	458	740	823	690	981	879	688	1000	786	494	567	341	225	302	144	96	84	44	45	69	40	63	45	30	38	44	39	43	34	27	31	33	32	29	21	18
64	170	1	2	119	0	1953125	12	0	0	0	0	0	0	0	0	21	21	17	13	14	21	25	21	16	14	20	27	29	22	16	19	26	32	30	20	14	22	26	27	27	11	9	25	13	45	59	42	73	77	57	153	165	129	219	222	196	340	312	281	471	470	415	619	455	458	740	823	690	981	879	688	1000	786	494	567	341	225	302	144	96	84	44	45	69	40	63	45	30	38	44	39	43	34	27	31	33	32	29	21	18
64	170	1	2	119	0	1953125	12	0	0	0	0	0	0	0	0	11	19	23	23	15	12	19	25	26	20	13	19	28	31	27	19	18	28	36	32	25	18	19	29	38	25	25	29	11	46	71	51	87	79	53	154	175	142	224	212	194	347	320	297	467	459	415	630	448	455	735	812	705	993	853	682	1000	790	523	566	333	237	313	146	106	81	47	54	83	51	70	43	30	47	57	49	44	29	28	40	43	38	25	18	24
64	170	1	2	119	0	1953125	12	0	0	0	0	0	0	0	0	11	19	23	23	15	12	19	25	26	20	13	19	28	31	27	19	18	28	36	32	25	18	19	29	38	25	25	29	11	46	71	51	87	79	53	154	175	142	224	212	194	347	320	297	467	459	415	630	448	455	735	812	705	993	853	682	1000	790	523	566	333	237	313	146	106	81	47	54	83	51	70	43	30	47	57	49	44	29	28	40	43	38	25	18	24
64	170	1	2	119	0	1953125	12	0	0	0	0	0	0	0	0	13	20	23	20	13	13	20	25	23	17	14	19	27	28	23	17	18	27	32	27	19	16	19	25	31	18	18	23	5	40	62	47	81	72	53	147	165	142	219	205	196	343	313	300	466	445	417	627	443	465	739	798	712	995	848	697	1000	785	526	572	341	243	312	144	100	80	49	51	77	42	63	37	25	42	51	44	41	27	24	36	40	35	24	15	20
64	170	1	2	119	0	1953125	12	0	0	0	0	0	0	0	0	13	20	23	20	13	13	20	25	23	17	14	19	27	28	23	17	18	27	32	27	19	16	19	25	31	18	18	23	5	40	62	47	81	72	53	147	165	142	219	205	196	343	313	300	466	445	417	627	443	465	739	798	712	995	848	697	1000	785	526	572	341	243	312	144	100	80	49	51	77	42	63	37	25	42	51	44	41	27	24	36	40	35	24	15	20
64	170	1	2	119	0	1953125	12	0	0	0	0	0	0	0	0	11	18	21	20	14	12	18	24	24	19	14	18	26	28	25	19	18	27	34	29	22	17	19	27	35	22	23	29	12	45	67	49	84	76	57	150	167	142	222	208	199	342	313	300	465	446	422	627	446	477	741	798	720	995	843	708	1000	775	523	571	335	246	307	141	102	81	48	56	80	48	66	42	31	47	56	47	44	30	29	41	43	36	26	19	24
64	170	1	2	119	0	1953125	12	0	0	0	0	0	0	0	0	11	18	21	20	14	12	18	24	24	19	14	18	26	28	25	19	18	27	34	29	22	17	19	27	35	22	23	29	12	45	67	49	84	76	57	150	167	142	222	208	199	342	313	300	465	446	422	627	446	477	741	798	720	995	843	708	1000	775	523	571	335	246	307	141	102	81	48	56	80	48	66	42	31	47	56	47	44	30	29	41	43	36	26	19	24
64	170	1	2	119	0	1953125	12	0	0	0	0	0	0	0	0	12	19	22	20	13	13	20	24	23	18	13	19	27	28	23	17	18	27	33	28	19	16	19	26	31	18	17	23	7	39	62	47	80	73	53	148	167	141	219	206	194	339	317	297	464	452	425	620	449	475	735	808	722	1000	850	704	988	786	506	565	338	237	305	146	95	78	49	47	74	44	62	38	25	41	51	44	43	28	25	36	40	37	27	16	19
64	170	1	2	119	0	1953125	12	0	0	0	0	0	0	0	0	12	19	22	20	13	13	20	24	23	18	13	19	27	28	23	17	18	27	33	28	19	16	19	26	31	18	17	23	7	39	62	47	80	73	53	148	167	141	219	206	194	339	317	297	464	452	425	620	449	475	735	808	722	1000	850	704	988	786	506	565	338	237	305	146	95	78	49	47	74	44	62	38	25	41	51	44	43	28	25	36	40	37	27	16	19
64	170	1	2	119	0	1953125	12	0	0	0	0	0	0	0	0	11	14	22	24	20	13	15	24	28	25	18	17	26	33	32	24	19	27	37	38	32	24	19	32	45	37	36	40	20	53	80	60	95	89	61	161	186	147	230	219	196	350	335	299	466	473	424	629	464	466	742	824	717	1000	846	677	973	794	515	563	327	234	309	155	111	90	47	61	91	63	76	54	40	55	65	55	48	36	35	46	47	39	28	23	30
64	170	1	2	119	0	1953125	12	0	0	0	0	0	0	0	0	11	14	22	24	20	13	15	24	28	25	18	17	26	33	32	24	19	27	37	38	32	24	19	32	45	37	36	40	20	53	80	60	95	89	61	161	186	147	230	219	196	350	335	299	466	473	424	629	464	466	742	824	717	1000	846	677	973	794	515	563	327	234	309	155	111	90	47	61	91	63	76	54	40	55	65	55	48	36	35	46	47	39	28	23	30
64	170	1	2	119	0	1953125	12	0	0	0	0	0	0	0	0	15	21	21	19	13	14	21	24	22	17	15	22	28	27	21	18	20	28	32	26	18	16	22	26	31	16	14	23	9	38	65	42	81	76	48	152	172	125	221	214	186	334	338	282	455	486	398	610	471	421	762	820	674	994	861	649	1000	784	468	563	368	224	307	155	89	77	52	43	74	48	61	41	26	40	50	44	41	28	24	34	39	36	26	16	18
64	170	1	2	119	0	1953125	12	0	0	0	0	0	0	0	0	15	21	21	19	13	14	21	24	22	17	15	22	28	27	21	18	20	28	32	26	18	16	22	26	31	16	14	23	9	38	65	42	81	76	48	152	172	125	221	214	186	334	338	282	455	486	398	610	471	421	762	820	674	994	861	649	1000	784	468	563	368	224	307	155	89	77	52	43	74	48	61	41	26	40	50	44	41	28	24	34	39	36	26	16	18
