34928	35048	35167	35286	35405	35524	35644	35763	35882	36001	36120	36240	36359	36478	36597	36716	36836	36955	37074	37193	37313	37432	37551	37670	37789	37909	38028	38147	38266	38385	38505	38624	38743	38862	38981	39101	39220	39339	39458	39577	39697	39816	39935	40054	40174	40293	40412	40531	40650	40770	40889	41008	41127	41246	41366	41485	41604	41723	41842	41962	42081	42200	42319	42439	42558	42677	42796	42915	43035	43154	43273	43392	43511	43631	43750	43869	43988	44107	44227	44346	44465	44584	44703	44823	44942
64.00	170.00	1.00	2.00	119.21	0.00	1953125.00	12.00	0.00	0.00	0.57	0.00	0.00	0.22	0.00	0.00	17	25	24	16	12	23	29	24	14	19	30	31	22	16	27	36	33	18	20	34	38	30	17	21	33	42	30	28	23	38	69	79	52	73	127	112	158	155	151	248	216	272	281	274	393	388	470	345	606	648	606	787	691	1000	986	986	929	857	987	555	480	384	275	196	119	74	62	75	89	62	44	37	53	62	63	37	30	46	51	44	29	25	35	36	29
64.00	170.00	1.00	2.00	119.21	0.00	1953125.00	12.00	0.00	0.00	0.57	0.00	0.00	0.22	0.00	0.00	17	25	24	16	12	23	29	24	14	19	30	31	22	16	27	36	33	18	20	34	38	30	17	21	33	42	30	28	23	38	69	79	52	73	127	112	158	155	151	248	216	272	281	274	393	388	470	345	606	648	606	787	691	1000	986	986	929	857	987	555	480	384	275	196	119	74	62	75	89	62	44	37	53	62	63	37	30	46	51	44	29	25	35	36	29
64.00	170.00	1.00	2.00	119.21	0.00	1953125.00	12.00	0.00	0.00	0.57	0.00	0.00	0.22	0.00	0.00	21	27	23	11	15	27	29	20	12	23	33	30	18	17	31	37	30	15	24	37	38	27	14	24	37	42	27	24	27	42	70	74	49	77	130	113	155	154	154	253	213	267	287	276	390	387	468	347	609	643	597	791	693	1000	986	979	937	858	975	557	480	379	274	192	118	75	60	72	85	61	47	37	51	58	61	38	30	43	48	45	31	23	31	35	30
64.00	170.00	1.00	2.00	119.21	0.00	1953125.00	12.00	0.00	0.00	0.57	0.00	0.00	0.22	0.00	0.00	21	27	23	11	15	27	29	20	12	23	33	30	18	17	31	37	30	15	24	37	38	27	14	24	37	42	27	24	27	42	70	74	49	77	130	113	155	154	154	253	213	267	287	276	390	387	468	347	609	643	597	791	693	1000	986	979	937	858	975	557	480	379	274	192	118	75	60	72	85	61	47	37	51	58	61	38	30	43	48	45	31	23	31	35	30
64.00	170.00	1.00	2.00	119.21	0.00	1953125.00	12.00	0.00	0.00	0.57	0.00	0.00	0.22	0.00	0.00	20	26	23	13	14	25	29	22	13	22	31	30	19	17	29	37	30	16	23	35	38	28	15	23	35	42	27	25	25	40	70	75	49	77	129	111	157	155	153	254	215	267	286	277	392	387	470	347	615	640	596	790	691	1000	979	973	934	866	981	549	486	381	276	192	116	72	63	76	87	60	45	38	53	60	61	38	31	47	50	44	29	26	34	37	29
64.00	170.00	1.00	2.00	119.21	0.00	1953125.00	12.00	0.00	0.00	0.57	0.00	0.00	0.22	0.00	0.00	20	26	23	13	14	25	29	22	13	22	31	30	19	17	29	37	30	16	23	35	38	28	15	23	35	42	27	25	25	40	70	75	49	77	129	111	157	155	153	254	215	267	286	277	392	387	470	347	615	640	596	790	691	1000	979	973	934	866	981	549	486	381	276	192	116	72	63	76	87	60	45	38	53	60	61	38	31	47	50	44	29	26	34	37	29
64.00	170.00	1.00	2.00	119.21	0.00	1953125.00	12.00	0.00	0.00	0.57	0.00	0.00	0.22	0.00	0.00	19	26	24	14	14	24	29	22	14	21	31	31	20	16	29	36	31	17	23	35	38	29	16	23	34	42	27	26	24	39	69	76	48	76	129	108	158	154	150	253	215	268	285	279	390	389	468	343	621	637	592	796	691	1000	977	972	928	874	977	537	489	378	275	190	111	69	64	76	87	58	41	36	56	60	61	35	31	47	51	42	27	25	35	36	28
64.00	170.00	1.00	2.00	119.21	0.00	1953125.00	12.00	0.00	0.00	0.57	0.00	0.00	0.22	0.00	0.00	19	26	24	14	14	24	29	22	14	21	31	31	20	16	29	36	31	17	23	35	38	29	16	23	34	42	27	26	24	39	69	76	48	76	129	108	158	154	150	253	215	268	285	279	390	389	468	343	621	637	592	796	691	1000	977	972	928	874	977	537	489	378	275	190	111	69	64	76	87	58	41	36	56	60	61	35	31	47	51	42	27	25	35	36	28
64.00	170.00	1.00	2.00	119.21	0.00	1953125.00	12.00	0.00	0.00	0.57	0.00	0.00	0.22	0.00	0.00	18	26	24	15	13	24	29	23	13	21	31	30	21	16	28	36	32	17	22	35	39	29	16	23	34	42	27	26	24	39	70	76	48	75	129	109	158	156	149	253	216	271	283	279	393	390	468	342	624	636	593	795	692	1000	982	969	929	878	981	532	487	379	273	188	111	66	63	77	87	59	42	37	55	60	60	33	31	48	51	42	27	25	36	37	27
64.00	170.00	1.00	2.00	119.21	0.00	1953125.00	12.00	0.00	0.00	0.57	0.00	0.00	0.22	0.00	0.00	18	26	24	15	13	24	29	23	13	21	31	30	21	16	28	36	32	17	22	35	39	29	16	23	34	42	27	26	24	39	70	76	48	75	129	109	158	156	149	253	216	271	283	279	393	390	468	342	624	636	593	795	692	1000	982	969	929	878	981	532	487	379	273	188	111	66	63	77	87	59	42	37	55	60	60	33	31	48	51	42	27	25	36	37	27
64.00	170.00	1.00	2.00	119.21	0.00	1953125.00	12.00	0.00	0.00	0.57	0.00	0.00	0.22	0.00	0.00	17	26	25	15	12	24	29	23	14	20	31	31	21	16	28	37	33	17	21	35	39	30	16	21	34	43	29	27	24	40	71	80	52	75	131	114	160	159	151	255	222	274	282	282	396	391	472	344	618	648	595	784	703	1000	985	983	931	872	996	539	481	384	271	190	117	66	62	78	89	62	44	36	56	64	62	36	32	47	52	43	28	26	37	37	29
64.00	170.00	1.00	2.00	119.21	0.00	1953125.00	12.00	0.00	0.00	0.57	0.00	0.00	0.22	0.00	0.00	17	26	25	15	12	24	29	23	14	20	31	31	21	16	28	37	33	17	21	35	39	30	16	21	34	43	29	27	24	40	71	80	52	75	131	114	160	159	151	255	222	274	282	282	396	391	472	344	618	648	595	784	703	1000	985	983	931	872	996	539	481	384	271	190	117	66	62	78	89	62	44	36	56	64	62	36	32	47	52	43	28	26	37	37	29
64.00	170.00	1.00	2.00	119.21	0.00	1953125.00	12.00	0.00	0.00	0.57	0.00	0.00	0.22	0.00	0.00	19	26	24	14	14	24	29	22	14	21	31	30	20	17	29	36	31	17	22	35	38	29	15	23	34	41	27	25	24	40	68	77	48	74	129	111	155	157	149	252	220	267	278	284	386	383	469	337	608	641	576	775	708	979	965	987	922	863	1000	534	483	390	270	189	117	67	62	78	86	60	43	35	55	61	61	36	30	47	50	42	28	25	35	36	28
64.00	170.00	1.00	2.00	119.21	0.00	1953125.00	12.00	0.00	0.00	0.57	0.00	0.00	0.22	0.00	0.00	19	26	24	14	14	24	29	22	14	21	31	30	20	17	29	36	31	17	22	35	38	29	15	23	34	41	27	25	24	40	68	77	48	74	129	111	155	157	149	252	220	267	278	284	386	383	469	337	608	641	576	775	708	979	965	987	922	863	1000	534	483	390	270	189	117	67	62	78	86	60	43	35	55	61	61	36	30	47	50	42	28	25	35	36	28
64.00	170.00	1.00	2.00	119.21	0.00	1953125.00	12.00	0.00	0.00	0.57	0.00	0.00	0.22	0.00	0.00	22	27	21	11	16	27	29	20	13	25	33	29	17	19	32	37	28	15	25	38	37	25	14	27	37	41	24	22	28	43	68	74	45	76	133	110	151	159	152	252	217	263	280	289	384	379	470	338	614	637	571	780	719	977	956	994	922	864	1000	529	487	396	271	185	117	70	63	77	85	58	43	37	54	58	60	36	31	45	50	43	29	25	34	36	28
64.00	170.00	1.00	2.00	119.21	0.00	1953125.00	12.00	0.00	0.00	0.57	0.00	0.00	0.22	0.00	0.00	22	27	21	11	16	27	29	20	13	25	33	29	17	19	32	37	28	15	25	38	37	25	14	27	37	41	24	22	28	43	68	74	45	76	133	110	151	159	152	252	217	263	280	289	384	379	470	338	614	637	571	780	719	977	956	994	922	864	1000	529	487	396	271	185	117	70	63	77	85	58	43	37	54	58	60	36	31	45	50	43	29	25	34	36	28
64.00	170.00	1.00	2.00	119.21	0.00	1953125.00	12.00	0.00	0.00	0.57	0.00	0.00	0.22	0.00	0.00	21	26	22	12	16	26	28	20	13	24	32	28	18	19	31	36	29	15	25	37	37	25	15	26	37	42	24	22	29	43	68	75	46	78	134	111	152	161	154	254	216	265	284	292	384	383	473	342	621	636	573	783	729	982	949	998	925	873	1000	525	491	402	279	180	111	70	66	80	87	58	40	38	58	60	58	34	32	48	50	41	27	27	36	36	27
64.00	170.00	1.00	2.00	119.21	0.00	1953125.00	12.00	0.00	0.00	0.57	0.00	0.00	0.22	0.00	0.00	21	26	22	12	16	26	28	20	13	24	32	28	18	19	31	36	29	15	25	37	37	25	15	26	37	42	24	22	29	43	68	75	46	78	134	111	152	161	154	254	216	265	284	292	384	383	473	342	621	636	573	783	729	982	949	998	925	873	1000	525	491	402	279	180	111	70	66	80	87	58	40	38	58	60	58	34	32	48	50	41	27	27	36	36	27
64.00	170.00	1.00	2.00	119.21	0.00	1953125.00	12.00	0.00	0.00	0.57	0.00	0.00	0.22	0.00	0.00	20	26	23	14	15	26	28	21	14	23	32	30	19	18	31	37	30	16	24	37	37	27	15	26	37	43	25	23	28	42	68	74	48	78	133	114	155	160	156	258	214	268	288	291	384	391	472	344	626	633	585	784	733	1000	955	997	941	883	996	538	492	404	289	180	107	71	71	81	88	56	38	41	60	60	57	31	34	51	51	39	25	28	37	36	25
64.00	170.00	1.00	2.00	119.21	0.00	1953125.00	12.00	0.00	0.00	0.57	0.00	0.00	0.22	0.00	0.00	20	26	23	14	15	26	28	21	14	23	32	30	19	18	31	37	30	16	24	37	37	27	15	26	37	43	25	23	28	42	68	74	48	78	133	114	155	160	156	258	214	268	288	291	384	391	472	344	626	633	585	784	733	1000	955	997	941	883	996	538	492	404	289	180	107	71	71	81	88	56	38	41	60	60	57	31	34	51	51	39	25	28	37	36	25
64.00	170.00	1.00	2.00	119.21	0.00	1953125.00	12.00	0.00	0.00	0.57	0.00	0.00	0.22	0.00	0.00	20	27	24	13	14	26	29	22	13	22	33	30	19	17	31	37	30	15	24	37	39	27	14	25	37	44	27	22	29	44	68	73	47	76	131	114	152	155	156	256	207	266	284	282	382	383	459	341	619	620	578	767	722	1000	935	978	937	873	991	536	483	406	295	174	103	70	73	83	89	54	36	41	63	60	55	30	35	52	51	37	24	29	38	35	23
64.00	170.00	1.00	2.00	119.21	0.00	1953125.00	12.00	0.00	0.00	0.57	0.00	0.00	0.22	0.00	0.00	20	27	24	13	14	26	29	22	13	22	33	30	19	17	31	37	30	15	24	37	39	27	14	25	37	44	27	22	29	44	68	73	47	76	131	114	152	155	156	256	207	266	284	282	382	383	459	341	619	620	578	767	722	1000	935	978	937	873	991	536	483	406	295	174	103	70	73	83	89	54	36	41	63	60	55	30	35	52	51	37	24	29	38	35	23
64.00	170.00	1.00	2.00	119.21	0.00	1953125.00	12.00	0.00	0.00	0.57	0.00	0.00	0.22	0.00	0.00	21	26	22	12	16	26	28	19	14	24	33	28	18	20	32	36	28	15	27	38	37	25	14	28	38	41	24	21	31	46	68	71	47	79	132	112	146	156	160	252	204	264	285	284	381	376	460	353	613	616	574	765	734	1000	920	977	950	866	980	531	476	409	295	168	103	69	72	83	87	54	36	41	63	60	56	30	36	53	51	37	24	29	38	35	24
64.00	170.00	1.00	2.00	119.21	0.00	1953125.00	12.00	0.00	0.00	0.57	0.00	0.00	0.22	0.00	0.00	21	26	22	12	16	26	28	19	14	24	33	28	18	20	32	36	28	15	27	38	37	25	14	28	38	41	24	21	31	46	68	71	47	79	132	112	146	156	160	252	204	264	285	284	381	376	460	353	613	616	574	765	734	1000	920	977	950	866	980	531	476	409	295	168	103	69	72	83	87	54	36	41	63	60	56	30	36	53	51	37	24	29	38	35	24
64.00	170.00	1.00	2.00	119.21	0.00	1953125.00	12.00	0.00	0.00	0.57	0.00	0.00	0.22	0.00	0.00	23	26	20	11	18	28	27	18	14	26	33	27	16	21	33	36	26	15	28	39	36	23	15	29	38	40	21	19	32	46	67	69	46	80	132	111	143	157	161	250	205	262	284	288	381	371	459	360	608	610	575	761	730	1000	909	977	952	859	971	532	475	403	292	168	104	72	69	80	87	54	37	40	59	58	56	31	32	50	50	39	26	26	36	35	26
64.00	170.00	1.00	2.00	119.21	0.00	1953125.00	12.00	0.00	0.00	0.57	0.00	0.00	0.22	0.00	0.00	23	26	20	11	18	28	27	18	14	26	33	27	16	21	33	36	26	15	28	39	36	23	15	29	38	40	21	19	32	46	67	69	46	80	132	111	143	157	161	250	205	262	284	288	381	371	459	360	608	610	575	761	730	1000	909	977	952	859	971	532	475	403	292	168	104	72	69	80	87	54	37	40	59	58	56	31	32	50	50	39	26	26	36	35	26
64.00	170.00	1.00	2.00	119.21	0.00	1953125.00	12.00	0.00	0.00	0.57	0.00	0.00	0.22	0.00	0.00	22	26	21	11	17	27	28	18	14	25	32	27	16	20	32	36	27	15	27	38	36	22	14	27	37	39	22	19	31	45	66	69	45	78	131	110	142	154	161	247	202	262	278	288	378	364	459	359	602	602	580	758	716	1000	896	976	951	847	962	526	469	395	289	166	100	69	68	80	86	54	36	39	59	59	55	30	34	51	50	38	25	28	37	35	25
64.00	170.00	1.00	2.00	119.21	0.00	1953125.00	12.00	0.00	0.00	0.57	0.00	0.00	0.22	0.00	0.00	22	26	21	11	17	27	28	18	14	25	32	27	16	20	32	36	27	15	27	38	36	22	14	27	37	39	22	19	31	45	66	69	45	78	131	110	142	154	161	247	202	262	278	288	378	364	459	359	602	602	580	758	716	1000	896	976	951	847	962	526	469	395	289	166	100	69	68	80	86	54	36	39	59	59	55	30	34	51	50	38	25	28	37	35	25
64.00	170.00	1.00	2.00	119.21	0.00	1953125.00	12.00	0.00	0.00	0.57	0.00	0.00	0.22	0.00	0.00	22	26	21	11	17	27	27	18	13	25	32	27	16	20	32	35	27	14	27	38	36	23	13	27	38	40	22	18	30	44	66	69	44	78	132	112	141	154	163	247	200	264	278	287	381	360	459	360	599	594	590	760	704	1000	895	971	950	840	953	525	462	383	286	166	99	67	65	79	85	54	35	38	58	59	55	30	32	49	50	39	25	27	36	35	26
64.00	170.00	1.00	2.00	119.21	0.00	1953125.00	12.00	0.00	0.00	0.57	0.00	0.00	0.22	0.00	0.00	22	26	21	11	17	27	27	18	13	25	32	27	16	20	32	35	27	14	27	38	36	23	13	27	38	40	22	18	30	44	66	69	44	78	132	112	141	154	163	247	200	264	278	287	381	360	459	360	599	594	590	760	704	1000	895	971	950	840	953	525	462	383	286	166	99	67	65	79	85	54	35	38	58	59	55	30	32	49	50	39	25	27	36	35	26
64.00	170.00	1.00	2.00	119.21	0.00	1953125.00	12.00	0.00	0.00	0.57	0.00	0.00	0.22	0.00	0.00	21	26	21	11	16	27	28	19	13	24	32	28	16	19	31	35	28	14	26	38	36	24	13	26	38	41	23	19	29	43	65	69	44	77	131	112	142	153	163	246	199	267	277	285	383	358	454	361	597	589	594	755	692	1000	893	957	948	835	944	524	455	378	284	164	99	66	65	80	86	53	34	37	58	58	55	28	31	49	50	38	24	26	36	35	24
64.00	170.00	1.00	2.00	119.21	0.00	1953125.00	12.00	0.00	0.00	0.57	0.00	0.00	0.22	0.00	0.00	21	26	21	11	16	27	28	19	13	24	32	28	16	19	31	35	28	14	26	38	36	24	13	26	38	41	23	19	29	43	65	69	44	77	131	112	142	153	163	246	199	267	277	285	383	358	454	361	597	589	594	755	692	1000	893	957	948	835	944	524	455	378	284	164	99	66	65	80	86	53	34	37	58	58	55	28	31	49	50	38	24	26	36	35	24
64.00	170.00	1.00	2.00	119.21	0.00	1953125.00	12.00	0.00	0.00	0.57	0.00	0.00	0.22	0.00	0.00	22	26	21	11	17	27	27	19	13	24	32	28	16	20	31	35	27	14	26	37	36	23	13	27	38	41	22	19	30	43	65	69	44	77	131	113	140	154	165	245	198	267	277	284	384	358	453	366	597	589	595	760	686	1000	902	954	948	837	942	531	453	378	282	166	100	66	63	80	87	52	35	37	57	58	56	30	31	49	50	39	24	26	35	36	25
64.00	170.00	1.00	2.00	119.21	0.00	1953125.00	12.00	0.00	0.00	0.57	0.00	0.00	0.22	0.00	0.00	22	26	21	11	17	27	27	19	13	24	32	28	16	20	31	35	27	14	26	37	36	23	13	27	38	41	22	19	30	43	65	69	44	77	131	113	140	154	165	245	198	267	277	284	384	358	453	366	597	589	595	760	686	1000	902	954	948	837	942	531	453	378	282	166	100	66	63	80	87	52	35	37	57	58	56	30	31	49	50	39	24	26	35	36	25
64.00	170.00	1.00	2.00	119.21	0.00	1953125.00	12.00	0.00	0.00	0.57	0.00	0.00	0.22	0.00	0.00	20	26	22	12	14	25	28	20	12	22	32	29	18	17	30	36	28	15	24	36	37	25	13	24	37	41	25	21	28	42	66	72	45	74	130	115	142	153	163	243	200	267	272	282	386	360	452	365	594	593	599	756	690	1000	911	955	946	841	945	536	452	380	281	168	100	66	65	80	88	53	35	38	59	59	56	29	32	51	50	38	24	28	38	35	24
64.00	170.00	1.00	2.00	119.21	0.00	1953125.00	12.00	0.00	0.00	0.57	0.00	0.00	0.22	0.00	0.00	20	26	22	12	14	25	28	20	12	22	32	29	18	17	30	36	28	15	24	36	37	25	13	24	37	41	25	21	28	42	66	72	45	74	130	115	142	153	163	243	200	267	272	282	386	360	452	365	594	593	599	756	690	1000	911	955	946	841	945	536	452	380	281	168	100	66	65	80	88	53	35	38	59	59	56	29	32	51	50	38	24	28	38	35	24
64.00	170.00	1.00	2.00	119.21	0.00	1953125.00	12.00	0.00	0.00	0.57	0.00	0.00	0.22	0.00	0.00	20	26	23	13	14	25	28	21	12	22	31	29	18	17	29	36	30	15	23	36	37	26	14	24	37	41	26	20	27	42	67	72	46	74	129	115	143	153	162	242	202	265	272	283	385	356	453	365	587	597	599	748	692	1000	904	951	946	835	941	540	449	383	280	170	100	66	66	82	88	53	35	39	59	60	56	30	33	51	50	37	23	28	37	34	23
64.00	170.00	1.00	2.00	119.21	0.00	1953125.00	12.00	0.00	0.00	0.57	0.00	0.00	0.22	0.00	0.00	20	26	23	13	14	25	28	21	12	22	31	29	18	17	29	36	30	15	23	36	37	26	14	24	37	41	26	20	27	42	67	72	46	74	129	115	143	153	162	242	202	265	272	283	385	356	453	365	587	597	599	748	692	1000	904	951	946	835	941	540	449	383	280	170	100	66	66	82	88	53	35	39	59	60	56	30	33	51	50	37	23	28	37	34	23
64.00	170.00	1.00	2.00	119.21	0.00	1953125.00	12.00	0.00	0.00	0.57	0.00	0.00	0.22	0.00	0.00	20	25	23	12	15	25	28	21	13	22	31	29	18	18	30	35	29	15	23	35	36	25	15	24	36	41	25	21	28	42	66	72	46	76	130	115	142	154	164	240	204	265	271	285	382	358	455	367	580	599	603	741	690	1000	899	952	942	835	934	546	449	384	282	173	102	67	66	82	87	52	36	38	59	59	56	30	33	50	49	37	24	27	37	34	23
64.00	170.00	1.00	2.00	119.21	0.00	1953125.00	12.00	0.00	0.00	0.57	0.00	0.00	0.22	0.00	0.00	20	25	23	12	15	25	28	21	13	22	31	29	18	18	30	35	29	15	23	35	36	25	15	24	36	41	25	21	28	42	66	72	46	76	130	115	142	154	164	240	204	265	271	285	382	358	455	367	580	599	603	741	690	1000	899	952	942	835	934	546	449	384	282	173	102	67	66	82	87	52	36	38	59	59	56	30	33	50	49	37	24	27	37	34	23
64.00	170.00	1.00	2.00	119.21	0.00	1953125.00	12.00	0.00	0.00	0.57	0.00	0.00	0.22	0.00	0.00	18	26	24	14	13	25	29	22	12	20	31	30	20	16	29	37	31	15	22	35	37	28	14	23	36	42	27	21	26	41	68	74	47	76	131	116	145	154	162	241	206	264	270	284	382	359	454	362	580	602	600	737	690	1000	896	948	933	835	932	538	449	387	281	170	99	67	67	81	86	52	36	41	60	59	55	29	36	51	49	35	24	29	38	33	22
64.00	170.00	1.00	2.00	119.21	0.00	1953125.00	12.00	0.00	0.00	0.57	0.00	0.00	0.22	0.00	0.00	18	26	24	14	13	25	29	22	12	20	31	30	20	16	29	37	31	15	22	35	37	28	14	23	36	42	27	21	26	41	68	74	47	76	131	116	145	154	162	241	206	264	270	284	382	359	454	362	580	602	600	737	690	1000	896	948	933	835	932	538	449	387	281	170	99	67	67	81	86	52	36	41	60	59	55	29	36	51	49	35	24	29	38	33	22
64.00	170.00	1.00	2.00	119.21	0.00	1953125.00	12.00	0.00	0.00	0.57	0.00	0.00	0.22	0.00	0.00	20	26	21	12	16	25	27	20	13	23	31	28	17	19	30	35	28	15	24	36	35	24	14	25	36	40	24	20	28	42	65	70	45	77	129	112	141	153	163	239	200	262	270	280	378	355	453	362	575	596	596	738	680	1000	889	947	938	833	932	544	452	383	280	172	101	69	64	80	86	53	37	39	57	59	57	31	32	48	49	38	25	26	35	35	25
64.00	170.00	1.00	2.00	119.21	0.00	1953125.00	12.00	0.00	0.00	0.57	0.00	0.00	0.22	0.00	0.00	20	26	21	12	16	25	27	20	13	23	31	28	17	19	30	35	28	15	24	36	35	24	14	25	36	40	24	20	28	42	65	70	45	77	129	112	141	153	163	239	200	262	270	280	378	355	453	362	575	596	596	738	680	1000	889	947	938	833	932	544	452	383	280	172	101	69	64	80	86	53	37	39	57	59	57	31	32	48	49	38	25	26	35	35	25
64.00	170.00	1.00	2.00	119.21	0.00	1953125.00	12.00	0.00	0.00	0.57	0.00	0.00	0.22	0.00	0.00	22	26	21	10	17	27	27	18	13	24	32	27	16	20	32	35	26	13	26	37	36	23	13	27	38	40	23	19	29	43	66	68	43	78	130	112	139	154	163	240	198	261	273	281	378	353	453	362	573	593	593	741	675	1000	889	947	941	833	930	547	451	383	278	173	102	71	61	77	84	53	38	38	55	57	57	32	32	46	48	39	27	25	34	33	26
64.00	170.00	1.00	2.00	119.21	0.00	1953125.00	12.00	0.00	0.00	0.57	0.00	0.00	0.22	0.00	0.00	22	26	21	10	17	27	27	18	13	24	32	27	16	20	32	35	26	13	26	37	36	23	13	27	38	40	23	19	29	43	66	68	43	78	130	112	139	154	163	240	198	261	273	281	378	353	453	362	573	593	593	741	675	1000	889	947	941	833	930	547	451	383	278	173	102	71	61	77	84	53	38	38	55	57	57	32	32	46	48	39	27	25	34	33	26
64.00	170.00	1.00	2.00	119.21	0.00	1953125.00	12.00	0.00	0.00	0.57	0.00	0.00	0.22	0.00	0.00	19	26	23	13	13	24	28	21	12	21	31	29	19	16	29	36	29	14	23	35	37	27	14	22	36	41	26	21	26	41	67	73	46	74	130	114	143	151	161	240	201	263	270	280	377	358	450	356	573	593	595	735	663	1000	886	949	927	831	937	545	445	380	284	172	99	66	65	80	88	53	35	39	58	60	56	28	33	50	50	38	23	28	37	35	24
64.00	170.00	1.00	2.00	119.21	0.00	1953125.00	12.00	0.00	0.00	0.57	0.00	0.00	0.22	0.00	0.00	19	26	23	13	13	24	28	21	12	21	31	29	19	16	29	36	29	14	23	35	37	27	14	22	36	41	26	21	26	41	67	73	46	74	130	114	143	151	161	240	201	263	270	280	377	358	450	356	573	593	595	735	663	1000	886	949	927	831	937	545	445	380	284	172	99	66	65	80	88	53	35	39	58	60	56	28	33	50	50	38	23	28	37	35	24
64.00	170.00	1.00	2.00	119.21	0.00	1953125.00	12.00	0.00	0.00	0.57	0.00	0.00	0.22	0.00	0.00	23	20	14	16	23	25	19	14	21	28	28	19	17	27	33	30	20	19	33	36	29	18	19	30	36	34	16	22	37	46	60	64	45	85	133	107	134	165	175	239	192	263	285	286	371	354	463	370	575	592	590	760	676	1000	895	977	940	831	953	556	451	376	281	182	111	69	55	75	91	64	42	31	50	62	66	38	24	42	53	49	31	17	31	40	35
64.00	170.00	1.00	2.00	119.21	0.00	1953125.00	12.00	0.00	0.00	0.57	0.00	0.00	0.22	0.00	0.00	23	20	14	16	23	25	19	14	21	28	28	19	17	27	33	30	20	19	33	36	29	18	19	30	36	34	16	22	37	46	60	64	45	85	133	107	134	165	175	239	192	263	285	286	371	354	463	370	575	592	590	760	676	1000	895	977	940	831	953	556	451	376	281	182	111	69	55	75	91	64	42	31	50	62	66	38	24	42	53	49	31	17	31	40	35
64.00	170.00	1.00	2.00	119.21	0.00	1953125.00	12.00	0.00	0.00	0.57	0.00	0.00	0.22	0.00	0.00	18	27	25	14	12	24	30	23	12	19	32	32	20	15	29	37	32	15	21	35	39	28	13	22	37	43	28	20	25	40	69	74	45	71	130	118	140	150	163	241	204	263	269	284	382	360	445	366	573	593	592	736	675	1000	884	952	925	840	930	543	442	383	287	167	93	64	67	83	86	51	29	40	62	60	52	26	35	53	50	33	22	30	39	33	19
64.00	170.00	1.00	2.00	119.21	0.00	1953125.00	12.00	0.00	0.00	0.57	0.00	0.00	0.22	0.00	0.00	18	27	25	14	12	24	30	23	12	19	32	32	20	15	29	37	32	15	21	35	39	28	13	22	37	43	28	20	25	40	69	74	45	71	130	118	140	150	163	241	204	263	269	284	382	360	445	366	573	593	592	736	675	1000	884	952	925	840	930	543	442	383	287	167	93	64	67	83	86	51	29	40	62	60	52	26	35	53	50	33	22	30	39	33	19
64.00	170.00	1.00	2.00	119.21	0.00	1953125.00	12.00	0.00	0.00	0.57	0.00	0.00	0.22	0.00	0.00	21	26	20	11	16	26	27	19	13	24	32	28	16	19	32	35	27	13	25	37	36	24	13	26	38	41	24	18	30	44	67	70	43	78	132	117	137	155	171	243	198	263	274	291	376	358	448	374	573	585	596	747	670	1000	880	962	926	834	921	552	444	369	286	170	97	67	61	78	88	56	33	37	57	59	57	31	31	49	50	39	24	26	36	35	25
64.00	170.00	1.00	2.00	119.21	0.00	1953125.00	12.00	0.00	0.00	0.57	0.00	0.00	0.22	0.00	0.00	21	26	20	11	16	26	27	19	13	24	32	28	16	19	32	35	27	13	25	37	36	24	13	26	38	41	24	18	30	44	67	70	43	78	132	117	137	155	171	243	198	263	274	291	376	358	448	374	573	585	596	747	670	1000	880	962	926	834	921	552	444	369	286	170	97	67	61	78	88	56	33	37	57	59	57	31	31	49	50	39	24	26	36	35	25
64.00	170.00	1.00	2.00	119.21	0.00	1953125.00	12.00	0.00	0.00	0.57	0.00	0.00	0.22	0.00	0.00	23	28	20	9	17	28	28	18	12	25	33	28	14	19	33	36	26	12	27	38	37	23	12	27	39	41	24	17	30	45	67	69	42	77	132	116	135	152	168	243	193	261	271	287	373	352	447	369	569	583	594	739	664	1000	865	954	927	819	921	548	442	365	286	169	97	67	61	77	86	55	35	37	55	58	57	31	31	47	48	39	25	25	33	34	26
64.00	170.00	1.00	2.00	119.21	0.00	1953125.00	12.00	0.00	0.00	0.57	0.00	0.00	0.22	0.00	0.00	23	28	20	9	17	28	28	18	12	25	33	28	14	19	33	36	26	12	27	38	37	23	12	27	39	41	24	17	30	45	67	69	42	77	132	116	135	152	168	243	193	261	271	287	373	352	447	369	569	583	594	739	664	1000	865	954	927	819	921	548	442	365	286	169	97	67	61	77	86	55	35	37	55	58	57	31	31	47	48	39	25	25	33	34	26
64.00	170.00	1.00	2.00	119.21	0.00	1953125.00	12.00	0.00	0.00	0.57	0.00	0.00	0.22	0.00	0.00	21	25	20	10	16	26	27	18	13	23	32	27	16	18	31	35	26	13	25	36	35	23	12	25	37	40	24	18	28	43	65	67	43	73	127	114	133	147	165	236	189	261	265	276	373	344	440	365	559	573	595	727	646	1000	850	941	925	806	913	547	436	364	288	168	95	68	62	77	86	55	33	36	56	57	55	30	29	48	49	38	23	25	35	34	25
64.00	170.00	1.00	2.00	119.21	0.00	1953125.00	12.00	0.00	0.00	0.57	0.00	0.00	0.22	0.00	0.00	21	25	20	10	16	26	27	18	13	23	32	27	16	18	31	35	26	13	25	36	35	23	12	25	37	40	24	18	28	43	65	67	43	73	127	114	133	147	165	236	189	261	265	276	373	344	440	365	559	573	595	727	646	1000	850	941	925	806	913	547	436	364	288	168	95	68	62	77	86	55	33	36	56	57	55	30	29	48	49	38	23	25	35	34	25
64.00	170.00	1.00	2.00	119.21	0.00	1953125.00	12.00	0.00	0.00	0.57	0.00	0.00	0.22	0.00	0.00	18	25	22	12	13	24	28	20	12	21	30	28	18	16	28	34	28	13	22	34	36	25	13	22	36	40	26	19	25	42	66	70	44	70	125	114	134	142	163	233	186	259	256	268	367	341	433	357	548	569	594	711	628	1000	832	928	916	794	907	544	430	359	293	166	91	66	65	79	87	54	32	37	58	59	54	28	31	49	49	36	22	27	36	34	23
64.00	170.00	1.00	2.00	119.21	0.00	1953125.00	12.00	0.00	0.00	0.57	0.00	0.00	0.22	0.00	0.00	18	25	22	12	13	24	28	20	12	21	30	28	18	16	28	34	28	13	22	34	36	25	13	22	36	40	26	19	25	42	66	70	44	70	125	114	134	142	163	233	186	259	256	268	367	341	433	357	548	569	594	711	628	1000	832	928	916	794	907	544	430	359	293	166	91	66	65	79	87	54	32	37	58	59	54	28	31	49	49	36	22	27	36	34	23
64.00	170.00	1.00	2.00	119.21	0.00	1953125.00	12.00	0.00	0.00	0.57	0.00	0.00	0.22	0.00	0.00	16	25	25	15	10	23	29	24	12	18	30	31	21	14	26	35	32	16	19	34	37	28	15	19	34	42	29	22	22	39	67	74	46	67	125	115	139	142	159	233	190	261	254	265	368	344	436	349	549	577	598	706	625	1000	835	926	908	795	914	539	427	363	294	167	90	63	67	81	88	53	30	38	60	59	52	23	33	52	49	34	20	30	39	34	20
64.00	170.00	1.00	2.00	119.21	0.00	1953125.00	12.00	0.00	0.00	0.57	0.00	0.00	0.22	0.00	0.00	16	25	25	15	10	23	29	24	12	18	30	31	21	14	26	35	32	16	19	34	37	28	15	19	34	42	29	22	22	39	67	74	46	67	125	115	139	142	159	233	190	261	254	265	368	344	436	349	549	577	598	706	625	1000	835	926	908	795	914	539	427	363	294	167	90	63	67	81	88	53	30	38	60	59	52	23	33	52	49	34	20	30	39	34	20
64.00	170.00	1.00	2.00	119.21	0.00	1953125.00	12.00	0.00	0.00	0.57	0.00	0.00	0.22	0.00	0.00	22	26	20	10	16	26	28	17	11	24	32	27	15	17	31	36	26	12	25	37	36	22	11	25	37	41	25	19	28	44	66	69	43	73	128	114	134	144	165	235	185	259	261	269	368	344	438	357	553	578	596	717	630	1000	842	935	915	795	916	550	432	361	289	170	97	69	60	74	86	56	36	35	53	57	58	32	29	45	47	39	25	23	33	34	27
64.00	170.00	1.00	2.00	119.21	0.00	1953125.00	12.00	0.00	0.00	0.57	0.00	0.00	0.22	0.00	0.00	22	26	20	10	16	26	28	17	11	24	32	27	15	17	31	36	26	12	25	37	36	22	11	25	37	41	25	19	28	44	66	69	43	73	128	114	134	144	165	235	185	259	261	269	368	344	438	357	553	578	596	717	630	1000	842	935	915	795	916	550	432	361	289	170	97	69	60	74	86	56	36	35	53	57	58	32	29	45	47	39	25	23	33	34	27
64.00	170.00	1.00	2.00	119.21	0.00	1953125.00	12.00	0.00	0.00	0.57	0.00	0.00	0.22	0.00	0.00	18	25	22	12	13	24	28	21	12	21	30	29	18	16	28	34	29	14	22	35	37	26	14	22	35	42	28	21	25	42	66	73	47	71	126	114	140	146	161	235	191	261	259	267	370	350	442	348	556	592	596	715	639	1000	855	945	913	800	934	553	430	365	290	173	99	69	60	77	88	59	36	35	55	60	59	32	29	47	51	40	25	25	35	36	26
64.00	170.00	1.00	2.00	119.21	0.00	1953125.00	12.00	0.00	0.00	0.57	0.00	0.00	0.22	0.00	0.00	18	25	22	12	13	24	28	21	12	21	30	29	18	16	28	34	29	14	22	35	37	26	14	22	35	42	28	21	25	42	66	73	47	71	126	114	140	146	161	235	191	261	259	267	370	350	442	348	556	592	596	715	639	1000	855	945	913	800	934	553	430	365	290	173	99	69	60	77	88	59	36	35	55	60	59	32	29	47	51	40	25	25	35	36	26
64.00	170.00	1.00	2.00	119.21	0.00	1953125.00	12.00	0.00	0.00	0.57	0.00	0.00	0.22	0.00	0.00	17	25	24	14	12	23	29	23	12	19	30	30	20	14	27	36	31	16	20	33	37	28	14	20	34	42	29	23	22	39	65	74	50	67	124	114	142	145	157	236	197	263	260	270	377	356	447	351	560	605	596	717	649	1000	868	952	921	810	938	559	432	368	287	174	99	69	61	75	87	57	36	36	56	58	57	30	29	47	50	38	24	25	36	35	24
64.00	170.00	1.00	2.00	119.21	0.00	1953125.00	12.00	0.00	0.00	0.57	0.00	0.00	0.22	0.00	0.00	17	25	24	14	12	23	29	23	12	19	30	30	20	14	27	36	31	16	20	33	37	28	14	20	34	42	29	23	22	39	65	74	50	67	124	114	142	145	157	236	197	263	260	270	377	356	447	351	560	605	596	717	649	1000	868	952	921	810	938	559	432	368	287	174	99	69	61	75	87	57	36	36	56	58	57	30	29	47	50	38	24	25	36	35	24
64.00	170.00	1.00	2.00	119.21	0.00	1953125.00	12.00	0.00	0.00	0.57	0.00	0.00	0.22	0.00	0.00	20	26	21	11	15	26	28	19	12	22	31	28	17	17	30	36	28	13	23	36	37	24	13	23	36	41	27	21	26	43	65	71	46	69	126	114	138	146	161	237	194	262	261	272	378	356	447	355	567	601	594	724	647	999	865	959	921	811	944	566	438	367	287	177	104	75	57	73	86	59	41	37	52	57	59	35	29	44	49	41	28	23	32	35	28
64.00	170.00	1.00	2.00	119.21	0.00	1953125.00	12.00	0.00	0.00	0.57	0.00	0.00	0.22	0.00	0.00	20	26	21	11	15	26	28	19	12	22	31	28	17	17	30	36	28	13	23	36	37	24	13	23	36	41	27	21	26	43	65	71	46	69	126	114	138	146	161	237	194	262	261	272	378	356	447	355	567	601	594	724	647	999	865	959	921	811	944	566	438	367	287	177	104	75	57	73	86	59	41	37	52	57	59	35	29	44	49	41	28	23	32	35	28
64.00	170.00	1.00	2.00	119.21	0.00	1953125.00	12.00	0.00	0.00	0.57	0.00	0.00	0.22	0.00	0.00	19	25	22	12	14	25	28	21	12	22	31	28	17	16	29	35	29	14	22	35	36	25	14	22	35	41	27	21	25	42	65	72	47	68	126	114	141	148	158	236	196	261	260	270	377	355	443	352	572	601	588	727	651	1000	871	951	911	822	943	555	440	374	288	176	101	71	62	75	87	58	37	36	56	59	59	32	30	47	50	41	25	25	36	36	27
64.00	170.00	1.00	2.00	119.21	0.00	1953125.00	12.00	0.00	0.00	0.57	0.00	0.00	0.22	0.00	0.00	19	25	22	12	14	25	28	21	12	22	31	28	17	16	29	35	29	14	22	35	36	25	14	22	35	41	27	21	25	42	65	72	47	68	126	114	141	148	158	236	196	261	260	270	377	355	443	352	572	601	588	727	651	1000	871	951	911	822	943	555	440	374	288	176	101	71	62	75	87	58	37	36	56	59	59	32	30	47	50	41	25	25	36	36	27
64.00	170.00	1.00	2.00	119.21	0.00	1953125.00	12.00	0.00	0.00	0.57	0.00	0.00	0.22	0.00	0.00	19	26	22	12	14	25	28	21	12	22	31	28	18	17	30	36	29	15	23	36	37	25	14	23	35	41	27	20	26	43	65	71	46	70	126	114	137	146	157	234	196	256	259	272	373	355	440	356	569	601	587	722	660	1000	871	948	906	816	928	551	433	374	288	173	97	67	63	78	87	57	36	36	57	59	56	30	30	48	51	39	24	25	36	36	25
64.00	170.00	1.00	2.00	119.21	0.00	1953125.00	12.00	0.00	0.00	0.57	0.00	0.00	0.22	0.00	0.00	19	26	22	12	14	25	28	21	12	22	31	28	18	17	30	36	29	15	23	36	37	25	14	23	35	41	27	20	26	43	65	71	46	70	126	114	137	146	157	234	196	256	259	272	373	355	440	356	569	601	587	722	660	1000	871	948	906	816	928	551	433	374	288	173	97	67	63	78	87	57	36	36	57	59	56	30	30	48	51	39	24	25	36	36	25
64.00	170.00	1.00	2.00	119.21	0.00	1953125.00	12.00	0.00	0.00	0.57	0.00	0.00	0.22	0.00	0.00	22	27	20	10	17	27	27	18	13	24	32	27	15	20	32	36	27	13	26	38	36	22	13	28	38	40	25	17	29	47	64	67	43	73	128	114	134	147	161	234	191	253	262	277	371	351	446	361	571	601	588	723	672	1000	858	954	911	798	925	550	430	371	287	170	98	68	63	75	85	57	37	37	56	58	56	32	30	46	49	40	26	24	34	35	26
64.00	170.00	1.00	2.00	119.21	0.00	1953125.00	12.00	0.00	0.00	0.57	0.00	0.00	0.22	0.00	0.00	22	27	20	10	17	27	27	18	13	24	32	27	15	20	32	36	27	13	26	38	36	22	13	28	38	40	25	17	29	47	64	67	43	73	128	114	134	147	161	234	191	253	262	277	371	351	446	361	571	601	588	723	672	1000	858	954	911	798	925	550	430	371	287	170	98	68	63	75	85	57	37	37	56	58	56	32	30	46	49	40	26	24	34	35	26
64.00	170.00	1.00	2.00	119.21	0.00	1953125.00	12.00	0.00	0.00	0.57	0.00	0.00	0.22	0.00	0.00	21	26	20	10	16	27	27	18	12	24	32	27	15	19	31	35	27	13	26	37	35	23	13	27	38	40	24	17	29	46	64	67	44	74	129	113	133	147	162	234	192	255	262	278	371	345	449	362	566	598	587	722	669	1000	841	948	911	781	921	537	425	368	284	165	94	64	62	76	83	55	34	36	56	58	56	31	30	47	50	39	24	25	35	36	25
64.00	170.00	1.00	2.00	119.21	0.00	1953125.00	12.00	0.00	0.00	0.57	0.00	0.00	0.22	0.00	0.00	21	26	20	10	16	27	27	18	12	24	32	27	15	19	31	35	27	13	26	37	35	23	13	27	38	40	24	17	29	46	64	67	44	74	129	113	133	147	162	234	192	255	262	278	371	345	449	362	566	598	587	722	669	1000	841	948	911	781	921	537	425	368	284	165	94	64	62	76	83	55	34	36	56	58	56	31	30	47	50	39	24	25	35	36	25
64.00	170.00	1.00	2.00	119.21	0.00	1953125.00	12.00	0.00	0.00	0.57	0.00	0.00	0.22	0.00	0.00	21	26	20	10	17	26	27	18	12	24	32	27	16	19	32	35	27	13	26	37	36	23	13	27	38	40	24	17	29	47	64	67	43	74	130	114	132	149	163	233	189	256	260	276	370	337	451	360	562	595	589	721	663	1000	831	946	905	762	920	524	417	364	283	161	92	60	60	77	84	54	33	35	57	59	55	28	30	47	48	38	23	25	35	35	24
64.00	170.00	1.00	2.00	119.21	0.00	1953125.00	12.00	0.00	0.00	0.57	0.00	0.00	0.22	0.00	0.00	21	26	20	10	17	26	27	18	12	24	32	27	16	19	32	35	27	13	26	37	36	23	13	27	38	40	24	17	29	47	64	67	43	74	130	114	132	149	163	233	189	256	260	276	370	337	451	360	562	595	589	721	663	1000	831	946	905	762	920	524	417	364	283	161	92	60	60	77	84	54	33	35	57	59	55	28	30	47	48	38	23	25	35	35	24
64.00	170.00	1.00	2.00	119.21	0.00	1953125.00	12.00	0.00	0.00	0.57	0.00	0.00	0.22	0.00	0.00	17	26	25	13	11	24	31	23	11	20	31	31	19	14	28	37	32	15	21	36	39	28	12	22	37	43	28	19	23	43	68	74	45	68	131	117	137	146	158	235	194	258	255	272	375	338	448	351	564	599	591	720	656	999	834	937	896	765	924	512	411	368	284	155	87	57	65	81	85	51	28	38	61	60	51	24	33	51	49	33	20	29	39	33	19
64.00	170.00	1.00	2.00	119.21	0.00	1953125.00	12.00	0.00	0.00	0.57	0.00	0.00	0.22	0.00	0.00	17	26	25	13	11	24	31	23	11	20	31	31	19	14	28	37	32	15	21	36	39	28	12	22	37	43	28	19	23	43	68	74	45	68	131	117	137	146	158	235	194	258	255	272	375	338	448	351	564	599	591	720	656	999	834	937	896	765	924	512	411	368	284	155	87	57	65	81	85	51	28	38	61	60	51	24	33	51	49	33	20	29	39	33	19
64.00	170.00	1.00	2.00	119.21	0.00	1953125.00	12.00	0.00	0.00	0.57	0.00	0.00	0.22	0.00	0.00	19	26	22	12	13	25	28	20	12	22	31	29	17	16	29	36	30	14	24	37	37	25	13	24	38	42	26	19	26	44	67	72	45	72	131	115	135	149	163	234	194	258	260	277	374	341	452	360	568	601	594	737	659	1000	854	951	900	783	928	524	417	369	284	159	91	60	62	79	86	54	30	36	59	60	54	26	32	50	50	37	22	27	37	35	22
64.00	170.00	1.00	2.00	119.21	0.00	1953125.00	12.00	0.00	0.00	0.57	0.00	0.00	0.22	0.00	0.00	19	26	22	12	13	25	28	20	12	22	31	29	17	16	29	36	30	14	24	37	37	25	13	24	38	42	26	19	26	44	67	72	45	72	131	115	135	149	163	234	194	258	260	277	374	341	452	360	568	601	594	737	659	1000	854	951	900	783	928	524	417	369	284	159	91	60	62	79	86	54	30	36	59	60	54	26	32	50	50	37	22	27	37	35	22
64.00	170.00	1.00	2.00	119.21	0.00	1953125.00	12.00	0.00	0.00	0.57	0.00	0.00	0.22	0.00	0.00	19	26	22	12	13	25	29	21	12	22	31	29	18	16	29	36	29	14	22	36	38	26	13	23	37	41	26	19	25	42	67	73	44	72	130	113	137	148	161	235	194	258	261	278	372	345	448	364	569	596	607	743	653	1000	869	943	900	795	915	531	425	362	285	165	93	62	63	79	86	54	31	37	58	58	54	27	31	50	50	36	22	27	37	34	22
64.00	170.00	1.00	2.00	119.21	0.00	1953125.00	12.00	0.00	0.00	0.57	0.00	0.00	0.22	0.00	0.00	19	26	22	12	13	25	29	21	12	22	31	29	18	16	29	36	29	14	22	36	38	26	13	23	37	41	26	19	25	42	67	73	44	72	130	113	137	148	161	235	194	258	261	278	372	345	448	364	569	596	607	743	653	1000	869	943	900	795	915	531	425	362	285	165	93	62	63	79	86	54	31	37	58	58	54	27	31	50	50	36	22	27	37	34	22
64.00	170.00	1.00	2.00	119.21	0.00	1953125.00	12.00	0.00	0.00	0.57	0.00	0.00	0.22	0.00	0.00	17	28	26	14	10	24	31	24	11	19	32	32	20	12	28	38	33	14	19	36	40	30	12	21	37	45	30	21	21	40	71	76	44	70	131	116	140	143	156	238	193	255	257	273	375	346	443	357	573	596	609	745	638	1000	876	917	894	794	909	526	424	351	283	165	91	60	63	78	88	54	30	38	58	59	53	25	32	51	49	35	22	28	37	33	21
64.00	170.00	1.00	2.00	119.21	0.00	1953125.00	12.00	0.00	0.00	0.57	0.00	0.00	0.22	0.00	0.00	17	28	26	14	10	24	31	24	11	19	32	32	20	12	28	38	33	14	19	36	40	30	12	21	37	45	30	21	21	40	71	76	44	70	131	116	140	143	156	238	193	255	257	273	375	346	443	357	573	596	609	745	638	1000	876	917	894	794	909	526	424	351	283	165	91	60	63	78	88	54	30	38	58	59	53	25	32	51	49	35	22	28	37	33	21
64.00	170.00	1.00	2.00	119.21	0.00	1953125.00	12.00	0.00	0.00	0.57	0.00	0.00	0.22	0.00	0.00	17	23	21	13	13	23	27	21	13	20	29	27	18	16	28	34	29	16	23	34	35	26	14	22	34	39	26	23	26	40	68	73	45	76	130	113	141	149	164	239	194	258	270	274	374	351	450	364	576	598	617	765	638	1000	903	925	911	803	916	547	437	345	282	178	99	63	57	76	91	59	35	33	54	62	61	32	26	47	51	43	25	22	35	38	29
64.00	170.00	1.00	2.00	119.21	0.00	1953125.00	12.00	0.00	0.00	0.57	0.00	0.00	0.22	0.00	0.00	17	23	21	13	13	23	27	21	13	20	29	27	18	16	28	34	29	16	23	34	35	26	14	22	34	39	26	23	26	40	68	73	45	76	130	113	141	149	164	239	194	258	270	274	374	351	450	364	576	598	617	765	638	1000	903	925	911	803	916	547	437	345	282	178	99	63	57	76	91	59	35	33	54	62	61	32	26	47	51	43	25	22	35	38	29
64.00	170.00	1.00	2.00	119.21	0.00	1953125.00	12.00	0.00	0.00	0.57	0.00	0.00	0.22	0.00	0.00	21	26	21	10	16	27	28	19	12	24	32	27	15	18	31	36	27	13	26	37	37	24	12	25	37	41	26	20	27	43	69	71	42	76	131	115	140	145	165	240	189	256	270	273	373	352	444	361	578	593	617	766	632	1000	910	924	914	802	916	558	448	342	285	181	104	68	57	73	89	59	38	34	52	60	61	34	28	44	49	42	28	22	33	36	29
64.00	170.00	1.00	2.00	119.21	0.00	1953125.00	12.00	0.00	0.00	0.57	0.00	0.00	0.22	0.00	0.00	21	26	21	10	16	27	28	19	12	24	32	27	15	18	31	36	27	13	26	37	37	24	12	25	37	41	26	20	27	43	69	71	42	76	131	115	140	145	165	240	189	256	270	273	373	352	444	361	578	593	617	766	632	1000	910	924	914	802	916	558	448	342	285	181	104	68	57	73	89	59	38	34	52	60	61	34	28	44	49	42	28	22	33	36	29
64.00	170.00	1.00	2.00	119.21	0.00	1953125.00	12.00	0.00	0.00	0.57	0.00	0.00	0.22	0.00	0.00	21	27	21	10	15	27	29	19	11	24	32	28	16	17	31	37	29	12	24	38	38	25	11	24	38	42	27	20	27	44	71	72	44	75	131	117	141	143	165	243	186	258	269	269	372	352	442	355	575	592	612	762	623	1000	904	927	908	791	922	556	449	344	284	181	104	68	58	74	89	58	39	34	52	59	59	32	28	45	49	42	27	23	33	35	27
64.00	170.00	1.00	2.00	119.21	0.00	1953125.00	12.00	0.00	0.00	0.57	0.00	0.00	0.22	0.00	0.00	21	27	21	10	15	27	29	19	11	24	32	28	16	17	31	37	29	12	24	38	38	25	11	24	38	42	27	20	27	44	71	72	44	75	131	117	141	143	165	243	186	258	269	269	372	352	442	355	575	592	612	762	623	1000	904	927	908	791	922	556	449	344	284	181	104	68	58	74	89	58	39	34	52	59	59	32	28	45	49	42	27	23	33	35	27
64.00	170.00	1.00	2.00	119.21	0.00	1953125.00	12.00	0.00	0.00	0.57	0.00	0.00	0.22	0.00	0.00	21	26	21	9	15	27	28	19	10	23	32	28	15	17	31	37	28	11	24	38	39	26	11	25	38	44	28	20	27	45	72	73	45	77	133	119	141	143	166	246	188	256	272	271	371	350	445	353	576	591	609	759	628	1000	899	936	910	784	927	553	447	345	284	180	106	68	57	75	89	60	39	35	53	60	59	33	29	45	49	42	28	24	33	36	28
64.00	170.00	1.00	2.00	119.21	0.00	1953125.00	12.00	0.00	0.00	0.57	0.00	0.00	0.22	0.00	0.00	21	26	21	9	15	27	28	19	10	23	32	28	15	17	31	37	28	11	24	38	39	26	11	25	38	44	28	20	27	45	72	73	45	77	133	119	141	143	166	246	188	256	272	271	371	350	445	353	576	591	609	759	628	1000	899	936	910	784	927	553	447	345	284	180	106	68	57	75	89	60	39	35	53	60	59	33	29	45	49	42	28	24	33	36	28
64.00	170.00	1.00	2.00	119.21	0.00	1953125.00	12.00	0.00	0.00	0.57	0.00	0.00	0.22	0.00	0.00	20	26	22	11	14	26	29	21	12	22	32	29	17	17	31	36	30	14	24	37	38	27	13	24	37	43	28	21	25	43	72	74	45	75	133	118	143	145	165	245	193	257	274	277	372	355	452	351	580	600	608	764	641	1000	907	950	911	793	945	551	447	352	285	182	106	65	59	78	91	60	37	33	55	62	60	31	27	47	51	42	25	24	35	37	27
64.00	170.00	1.00	2.00	119.21	0.00	1953125.00	12.00	0.00	0.00	0.57	0.00	0.00	0.22	0.00	0.00	20	26	22	11	14	26	29	21	12	22	32	29	17	17	31	36	30	14	24	37	38	27	13	24	37	43	28	21	25	43	72	74	45	75	133	118	143	145	165	245	193	257	274	277	372	355	452	351	580	600	608	764	641	1000	907	950	911	793	945	551	447	352	285	182	106	65	59	78	91	60	37	33	55	62	60	31	27	47	51	42	25	24	35	37	27
64.00	170.00	1.00	2.00	119.21	0.00	1953125.00	12.00	0.00	0.00	0.57	0.00	0.00	0.22	0.00	0.00	17	28	27	15	9	25	31	26	11	18	33	33	22	12	28	38	34	16	19	36	41	32	14	21	38	45	33	23	20	41	75	79	48	70	133	121	146	143	161	247	201	257	270	279	376	358	456	351	580	609	611	761	653	1000	912	964	916	804	958	548	446	365	288	180	105	62	63	82	92	58	33	36	59	62	56	27	33	52	51	38	23	28	38	35	22
64.00	170.00	1.00	2.00	119.21	0.00	1953125.00	12.00	0.00	0.00	0.57	0.00	0.00	0.22	0.00	0.00	17	28	27	15	9	25	31	26	11	18	33	33	22	12	28	38	34	16	19	36	41	32	14	21	38	45	33	23	20	41	75	79	48	70	133	121	146	143	161	247	201	257	270	279	376	358	456	351	580	609	611	761	653	1000	912	964	916	804	958	548	446	365	288	180	105	62	63	82	92	58	33	36	59	62	56	27	33	52	51	38	23	28	38	35	22
64.00	170.00	1.00	2.00	119.21	0.00	1953125.00	12.00	0.00	0.00	0.57	0.00	0.00	0.22	0.00	0.00	16	27	27	15	9	23	31	25	11	18	32	33	21	12	27	38	35	16	18	36	41	32	15	19	37	46	33	24	21	42	75	81	49	70	134	121	147	146	160	244	203	258	268	282	375	358	462	349	576	615	613	759	657	1000	918	976	914	805	968	549	444	370	286	182	107	62	63	82	93	59	34	37	60	63	57	29	33	52	52	38	23	29	39	36	23
64.00	170.00	1.00	2.00	119.21	0.00	1953125.00	12.00	0.00	0.00	0.57	0.00	0.00	0.22	0.00	0.00	16	27	27	15	9	23	31	25	11	18	32	33	21	12	27	38	35	16	18	36	41	32	15	19	37	46	33	24	21	42	75	81	49	70	134	121	147	146	160	244	203	258	268	282	375	358	462	349	576	615	613	759	657	1000	918	976	914	805	968	549	444	370	286	182	107	62	63	82	93	59	34	37	60	63	57	29	33	52	52	38	23	29	39	36	23
64.00	170.00	1.00	2.00	119.21	0.00	1953125.00	12.00	0.00	0.00	0.57	0.00	0.00	0.22	0.00	0.00	22	28	22	10	16	28	29	19	11	24	33	29	16	18	32	38	29	12	25	39	38	25	11	26	39	43	27	18	28	45	71	75	44	77	139	116	140	156	165	248	201	257	279	291	373	358	475	355	582	623	605	775	672	1000	927	997	925	811	982	550	452	374	282	185	112	66	59	78	91	62	39	35	54	61	61	34	29	46	51	42	28	23	34	36	29
64.00	170.00	1.00	2.00	119.21	0.00	1953125.00	12.00	0.00	0.00	0.57	0.00	0.00	0.22	0.00	0.00	22	28	22	10	16	28	29	19	11	24	33	29	16	18	32	38	29	12	25	39	38	25	11	26	39	43	27	18	28	45	71	75	44	77	139	116	140	156	165	248	201	257	279	291	373	358	475	355	582	623	605	775	672	1000	927	997	925	811	982	550	452	374	282	185	112	66	59	78	91	62	39	35	54	61	61	34	29	46	51	42	28	23	34	36	29
64.00	170.00	1.00	2.00	119.21	0.00	1953125.00	12.00	0.00	0.00	0.57	0.00	0.00	0.22	0.00	0.00	22	28	21	10	17	28	29	19	12	25	34	29	16	18	32	38	28	13	26	38	38	25	12	27	39	43	25	17	28	44	69	73	44	76	138	115	141	158	166	246	204	259	282	296	378	360	479	362	590	623	604	776	685	996	921	1000	925	823	975	545	453	380	280	179	108	66	59	76	87	58	39	36	54	58	59	35	31	46	49	42	28	25	33	35	28
64.00	170.00	1.00	2.00	119.21	0.00	1953125.00	12.00	0.00	0.00	0.57	0.00	0.00	0.22	0.00	0.00	22	28	21	10	17	28	29	19	12	25	34	29	16	18	32	38	28	13	26	38	38	25	12	27	39	43	25	17	28	44	69	73	44	76	138	115	141	158	166	246	204	259	282	296	378	360	479	362	590	623	604	776	685	996	921	1000	925	823	975	545	453	380	280	179	108	66	59	76	87	58	39	36	54	58	59	35	31	46	49	42	28	25	33	35	28
64.00	170.00	1.00	2.00	119.21	0.00	1953125.00	12.00	0.00	0.00	0.57	0.00	0.00	0.22	0.00	0.00	21	26	21	11	16	26	27	19	13	24	32	28	16	18	32	36	28	14	25	37	36	24	13	25	37	41	25	19	28	42	67	73	46	74	135	114	141	157	165	249	204	262	281	297	379	365	473	367	591	620	598	780	680	991	920	1000	926	830	967	548	454	374	278	180	106	67	57	74	87	58	39	35	53	59	61	35	30	46	50	42	29	24	34	36	29
64.00	170.00	1.00	2.00	119.21	0.00	1953125.00	12.00	0.00	0.00	0.57	0.00	0.00	0.22	0.00	0.00	21	26	21	11	16	26	27	19	13	24	32	28	16	18	32	36	28	14	25	37	36	24	13	25	37	41	25	19	28	42	67	73	46	74	135	114	141	157	165	249	204	262	281	297	379	365	473	367	591	620	598	780	680	991	920	1000	926	830	967	548	454	374	278	180	106	67	57	74	87	58	39	35	53	59	61	35	30	46	50	42	29	24	34	36	29
64.00	170.00	1.00	2.00	119.21	0.00	1953125.00	12.00	0.00	0.00	0.57	0.00	0.00	0.22	0.00	0.00	17	28	26	15	11	24	31	25	13	19	32	33	21	13	28	38	34	16	19	35	41	31	14	20	35	45	29	22	22	37	69	79	48	67	134	119	148	149	159	253	208	262	276	298	383	370	467	360	601	612	602	780	680	999	913	1000	930	837	973	552	461	378	290	180	100	66	65	79	91	56	33	38	60	59	56	28	33	51	51	37	24	28	38	35	22
64.00	170.00	1.00	2.00	119.21	0.00	1953125.00	12.00	0.00	0.00	0.57	0.00	0.00	0.22	0.00	0.00	17	28	26	15	11	24	31	25	13	19	32	33	21	13	28	38	34	16	19	35	41	31	14	20	35	45	29	22	22	37	69	79	48	67	134	119	148	149	159	253	208	262	276	298	383	370	467	360	601	612	602	780	680	999	913	1000	930	837	973	552	461	378	290	180	100	66	65	79	91	56	33	38	60	59	56	28	33	51	51	37	24	28	38	35	22
64.00	170.00	1.00	2.00	119.21	0.00	1953125.00	12.00	0.00	0.00	0.57	0.00	0.00	0.22	0.00	0.00	23	28	21	9	17	28	29	19	11	25	34	28	15	19	33	38	28	12	26	39	38	24	12	27	39	43	25	16	28	42	69	73	41	71	137	118	139	149	164	254	199	251	278	303	377	355	458	371	602	588	590	786	673	1000	883	993	926	829	938	553	464	365	283	181	101	70	58	74	89	59	35	33	54	58	59	32	28	47	50	41	26	23	34	36	27
64.00	170.00	1.00	2.00	119.21	0.00	1953125.00	12.00	0.00	0.00	0.57	0.00	0.00	0.22	0.00	0.00	23	28	21	9	17	28	29	19	11	25	34	28	15	19	33	38	28	12	26	39	38	24	12	27	39	43	25	16	28	42	69	73	41	71	137	118	139	149	164	254	199	251	278	303	377	355	458	371	602	588	590	786	673	1000	883	993	926	829	938	553	464	365	283	181	101	70	58	74	89	59	35	33	54	58	59	32	28	47	50	41	26	23	34	36	27
64.00	170.00	1.00	2.00	119.21	0.00	1953125.00	12.00	0.00	0.00	0.57	0.00	0.00	0.22	0.00	0.00	21	27	21	10	15	27	28	19	11	24	32	28	16	18	31	37	28	12	25	37	37	25	12	25	37	42	26	17	27	41	68	72	43	68	135	121	140	143	163	252	198	251	272	297	379	349	446	370	597	573	592	764	666	1000	862	971	926	815	914	557	451	356	284	178	98	68	55	74	90	61	35	32	55	61	61	31	27	48	51	41	25	23	36	37	28
64.00	170.00	1.00	2.00	119.21	0.00	1953125.00	12.00	0.00	0.00	0.57	0.00	0.00	0.22	0.00	0.00	21	27	21	10	15	27	28	19	11	24	32	28	16	18	31	37	28	12	25	37	37	25	12	25	37	42	26	17	27	41	68	72	43	68	135	121	140	143	163	252	198	251	272	297	379	349	446	370	597	573	592	764	666	1000	862	971	926	815	914	557	451	356	284	178	98	68	55	74	90	61	35	32	55	61	61	31	27	48	51	41	25	23	36	37	28
64.00	170.00	1.00	2.00	119.21	0.00	1953125.00	12.00	0.00	0.00	0.57	0.00	0.00	0.22	0.00	0.00	20	26	22	11	15	26	28	20	12	23	32	29	17	17	30	37	29	13	24	38	37	25	12	24	36	42	26	18	25	39	68	73	44	66	132	123	140	140	162	249	198	253	266	294	385	346	433	376	595	564	597	754	664	1000	858	948	930	811	898	551	444	348	283	170	96	65	54	73	90	60	33	31	55	60	59	28	26	47	51	41	23	23	36	37	26
64.00	170.00	1.00	2.00	119.21	0.00	1953125.00	12.00	0.00	0.00	0.57	0.00	0.00	0.22	0.00	0.00	20	26	22	11	15	26	28	20	12	23	32	29	17	17	30	37	29	13	24	38	37	25	12	24	36	42	26	18	25	39	68	73	44	66	132	123	140	140	162	249	198	253	266	294	385	346	433	376	595	564	597	754	664	1000	858	948	930	811	898	551	444	348	283	170	96	65	54	73	90	60	33	31	55	60	59	28	26	47	51	41	23	23	36	37	26
64.00	170.00	1.00	2.00	119.21	0.00	1953125.00	12.00	0.00	0.00	0.57	0.00	0.00	0.22	0.00	0.00	19	26	24	13	12	25	29	22	11	20	31	31	19	16	29	36	31	14	21	35	38	27	13	22	36	43	27	20	22	37	68	74	47	63	130	123	141	136	161	246	200	257	261	291	388	345	428	379	594	555	606	742	661	1000	851	932	932	810	885	541	440	345	281	163	92	65	54	73	87	56	30	32	56	60	57	27	28	49	51	38	21	25	37	35	23
64.00	170.00	1.00	2.00	119.21	0.00	1953125.00	12.00	0.00	0.00	0.57	0.00	0.00	0.22	0.00	0.00	19	26	24	13	12	25	29	22	11	20	31	31	19	16	29	36	31	14	21	35	38	27	13	22	36	43	27	20	22	37	68	74	47	63	130	123	141	136	161	246	200	257	261	291	388	345	428	379	594	555	606	742	661	1000	851	932	932	810	885	541	440	345	281	163	92	65	54	73	87	56	30	32	56	60	57	27	28	49	51	38	21	25	37	35	23
64.00	170.00	1.00	2.00	119.21	0.00	1953125.00	12.00	0.00	0.00	0.57	0.00	0.00	0.22	0.00	0.00	22	27	21	9	16	28	29	18	11	24	33	28	15	18	32	37	28	12	25	39	37	24	12	25	37	41	25	18	26	41	68	71	44	69	131	123	141	137	166	248	195	256	266	295	388	345	431	384	600	552	613	747	663	1000	851	939	936	807	888	545	449	341	276	168	99	71	49	69	86	59	37	31	51	57	60	32	27	45	49	41	26	22	33	36	28
64.00	170.00	1.00	2.00	119.21	0.00	1953125.00	12.00	0.00	0.00	0.57	0.00	0.00	0.22	0.00	0.00	22	27	21	9	16	28	29	18	11	24	33	28	15	18	32	37	28	12	25	39	37	24	12	25	37	41	25	18	26	41	68	71	44	69	131	123	141	137	166	248	195	256	266	295	388	345	431	384	600	552	613	747	663	1000	851	939	936	807	888	545	449	341	276	168	99	71	49	69	86	59	37	31	51	57	60	32	27	45	49	41	26	22	33	36	28
64.00	170.00	1.00	2.00	119.21	0.00	1953125.00	12.00	0.00	0.00	0.57	0.00	0.00	0.22	0.00	0.00	17	27	27	14	10	24	31	24	11	18	31	33	21	13	28	38	33	15	19	35	39	30	14	19	35	44	30	22	19	34	70	77	48	61	127	124	146	130	157	248	199	259	255	289	388	349	425	373	593	558	614	736	650	1000	839	924	922	796	885	529	444	339	279	160	94	67	54	72	84	55	31	33	55	58	56	27	29	49	49	36	22	27	37	34	22
64.00	170.00	1.00	2.00	119.21	0.00	1953125.00	12.00	0.00	0.00	0.57	0.00	0.00	0.22	0.00	0.00	17	27	27	14	10	24	31	24	11	18	31	33	21	13	28	38	33	15	19	35	39	30	14	19	35	44	30	22	19	34	70	77	48	61	127	124	146	130	157	248	199	259	255	289	388	349	425	373	593	558	614	736	650	1000	839	924	922	796	885	529	444	339	279	160	94	67	54	72	84	55	31	33	55	58	56	27	29	49	49	36	22	27	37	34	22
64.00	170.00	1.00	2.00	119.21	0.00	1953125.00	12.00	0.00	0.00	0.57	0.00	0.00	0.22	0.00	0.00	19	26	23	12	13	25	28	21	11	21	31	29	18	15	29	36	30	14	22	35	38	27	13	22	35	42	28	22	21	36	69	75	47	65	128	122	146	132	157	249	194	255	255	288	385	347	429	367	601	555	617	744	649	1000	845	938	911	793	889	537	446	329	271	168	101	68	49	69	88	60	35	29	51	60	61	31	25	45	51	41	24	21	34	37	27
64.00	170.00	1.00	2.00	119.21	0.00	1953125.00	12.00	0.00	0.00	0.57	0.00	0.00	0.22	0.00	0.00	19	26	23	12	13	25	28	21	11	21	31	29	18	15	29	36	30	14	22	35	38	27	13	22	35	42	28	22	21	36	69	75	47	65	128	122	146	132	157	249	194	255	255	288	385	347	429	367	601	555	617	744	649	1000	845	938	911	793	889	537	446	329	271	168	101	68	49	69	88	60	35	29	51	60	61	31	25	45	51	41	24	21	34	37	27
64.00	170.00	1.00	2.00	119.21	0.00	1953125.00	12.00	0.00	0.00	0.57	0.00	0.00	0.22	0.00	0.00	21	27	22	10	14	27	29	20	10	23	32	30	16	15	31	38	30	12	23	38	39	26	11	23	37	44	30	22	23	39	73	78	45	68	132	125	148	134	158	254	196	254	260	292	385	351	433	367	606	563	617	753	651	1000	866	958	905	807	907	549	457	330	270	175	106	71	47	69	89	64	41	29	51	60	64	36	26	44	51	44	28	21	33	38	30
64.00	170.00	1.00	2.00	119.21	0.00	1953125.00	12.00	0.00	0.00	0.57	0.00	0.00	0.22	0.00	0.00	21	27	22	10	14	27	29	20	10	23	32	30	16	15	31	38	30	12	23	38	39	26	11	23	37	44	30	22	23	39	73	78	45	68	132	125	148	134	158	254	196	254	260	292	385	351	433	367	606	563	617	753	651	1000	866	958	905	807	907	549	457	330	270	175	106	71	47	69	89	64	41	29	51	60	64	36	26	44	51	44	28	21	33	38	30
64.00	170.00	1.00	2.00	119.21	0.00	1953125.00	12.00	0.00	0.00	0.57	0.00	0.00	0.22	0.00	0.00	22	29	23	10	15	28	31	20	10	23	34	30	16	16	32	39	31	12	24	39	41	27	10	24	39	45	30	21	23	40	75	78	44	70	134	125	149	136	156	258	198	251	265	292	385	360	438	365	616	578	621	766	658	1000	899	965	894	815	917	552	456	330	268	181	109	70	46	69	91	64	42	29	50	60	63	35	25	44	50	44	29	21	33	37	30
64.00	170.00	1.00	2.00	119.21	0.00	1953125.00	12.00	0.00	0.00	0.57	0.00	0.00	0.22	0.00	0.00	22	29	23	10	15	28	31	20	10	23	34	30	16	16	32	39	31	12	24	39	41	27	10	24	39	45	30	21	23	40	75	78	44	70	134	125	149	136	156	258	198	251	265	292	385	360	438	365	616	578	621	766	658	1000	899	965	894	815	917	552	456	330	268	181	109	70	46	69	91	64	42	29	50	60	63	35	25	44	50	44	29	21	33	37	30
64.00	170.00	1.00	2.00	119.21	0.00	1953125.00	12.00	0.00	0.00	0.57	0.00	0.00	0.22	0.00	0.00	22	28	23	10	15	28	32	21	10	24	34	31	17	16	33	39	31	12	23	39	41	27	11	24	38	45	30	21	23	42	75	79	43	71	135	125	149	137	157	256	199	251	270	291	385	364	448	359	614	591	617	776	665	1000	927	989	911	831	958	572	466	350	275	189	114	71	50	73	94	66	43	31	52	61	64	36	27	44	51	45	29	21	33	37	31
64.00	170.00	1.00	2.00	119.21	0.00	1953125.00	12.00	0.00	0.00	0.57	0.00	0.00	0.22	0.00	0.00	22	28	23	10	15	28	32	21	10	24	34	31	17	16	33	39	31	12	23	39	41	27	11	24	38	45	30	21	23	42	75	79	43	71	135	125	149	137	157	256	199	251	270	291	385	364	448	359	614	591	617	776	665	1000	927	989	911	831	958	572	466	350	275	189	114	71	50	73	94	66	43	31	52	61	64	36	27	44	51	45	29	21	33	37	31
64.00	170.00	1.00	2.00	119.21	0.00	1953125.00	12.00	0.00	0.00	0.57	0.00	0.00	0.22	0.00	0.00	22	29	23	10	15	29	31	20	10	24	35	31	16	16	33	40	31	12	24	39	41	27	10	26	39	46	30	20	26	44	77	79	44	75	139	127	150	144	163	262	204	255	280	297	387	371	460	366	619	601	615	789	672	1000	941	997	914	842	970	569	470	361	279	191	111	69	54	76	93	64	42	33	55	63	64	35	28	46	51	45	29	23	34	38	31
64.00	170.00	1.00	2.00	119.21	0.00	1953125.00	12.00	0.00	0.00	0.57	0.00	0.00	0.22	0.00	0.00	22	29	23	10	15	29	31	20	10	24	35	31	16	16	33	40	31	12	24	39	41	27	10	26	39	46	30	20	26	44	77	79	44	75	139	127	150	144	163	262	204	255	280	297	387	371	460	366	619	601	615	789	672	1000	941	997	914	842	970	569	470	361	279	191	111	69	54	76	93	64	42	33	55	63	64	35	28	46	51	45	29	23	34	38	31
64.00	170.00	1.00	2.00	119.21	0.00	1953125.00	12.00	0.00	0.00	0.57	0.00	0.00	0.22	0.00	0.00	19	27	25	14	12	26	31	23	12	21	33	32	20	15	29	38	33	15	21	37	41	30	14	22	37	45	31	23	22	39	75	81	46	71	136	123	151	143	156	257	206	253	279	296	382	376	461	358	620	604	604	792	678	985	942	1000	901	849	972	555	468	366	281	189	109	64	58	80	94	64	37	32	58	64	63	30	28	50	54	43	24	25	37	39	26
64.00	170.00	1.00	2.00	119.21	0.00	1953125.00	12.00	0.00	0.00	0.57	0.00	0.00	0.22	0.00	0.00	19	27	25	14	12	26	31	23	12	21	33	32	20	15	29	38	33	15	21	37	41	30	14	22	37	45	31	23	22	39	75	81	46	71	136	123	151	143	156	257	206	253	279	296	382	376	461	358	620	604	604	792	678	985	942	1000	901	849	972	555	468	366	281	189	109	64	58	80	94	64	37	32	58	64	63	30	28	50	54	43	24	25	37	39	26
64.00	170.00	1.00	2.00	119.21	0.00	1953125.00	12.00	0.00	0.00	0.57	0.00	0.00	0.22	0.00	0.00	23	28	22	10	16	28	30	19	10	25	34	30	15	18	34	39	30	12	25	40	40	26	11	26	39	44	27	20	26	42	74	77	42	74	138	120	146	145	161	259	204	248	283	300	378	367	456	363	622	591	595	794	685	978	925	1000	894	849	946	541	470	364	271	185	109	69	56	75	90	60	38	32	53	61	61	32	28	46	51	43	27	23	34	36	28
64.00	170.00	1.00	2.00	119.21	0.00	1953125.00	12.00	0.00	0.00	0.57	0.00	0.00	0.22	0.00	0.00	23	28	22	10	16	28	30	19	10	25	34	30	15	18	34	39	30	12	25	40	40	26	11	26	39	44	27	20	26	42	74	77	42	74	138	120	146	145	161	259	204	248	283	300	378	367	456	363	622	591	595	794	685	978	925	1000	894	849	946	541	470	364	271	185	109	69	56	75	90	60	38	32	53	61	61	32	28	46	51	43	27	23	34	36	28
64.00	170.00	1.00	2.00	119.21	0.00	1953125.00	12.00	0.00	0.00	0.57	0.00	0.00	0.22	0.00	0.00	17	28	28	16	9	25	33	27	11	19	33	35	22	12	28	40	36	16	18	37	43	33	14	20	38	48	32	25	19	37	78	83	48	67	137	124	156	139	155	266	211	254	279	298	390	375	444	365	635	592	601	802	678	999	927	966	901	861	930	536	464	358	277	178	98	63	61	77	92	58	31	34	58	62	59	27	31	51	51	38	22	28	39	36	23
64.00	170.00	1.00	2.00	119.21	0.00	1953125.00	12.00	0.00	0.00	0.57	0.00	0.00	0.22	0.00	0.00	17	28	28	16	9	25	33	27	11	19	33	35	22	12	28	40	36	16	18	37	43	33	14	20	38	48	32	25	19	37	78	83	48	67	137	124	156	139	155	266	211	254	279	298	390	375	444	365	635	592	601	802	678	999	927	966	901	861	930	536	464	358	277	178	98	63	61	77	92	58	31	34	58	62	59	27	31	51	51	38	22	28	39	36	23
64.00	170.00	1.00	2.00	119.21	0.00	1953125.00	12.00	0.00	0.00	0.57	0.00	0.00	0.22	0.00	0.00	22	28	22	10	15	27	30	19	11	25	34	29	15	17	32	38	29	12	25	39	38	26	11	25	38	43	27	20	26	41	74	73	42	72	135	119	147	135	158	262	193	248	279	293	381	359	434	371	620	571	596	798	663	1000	906	954	919	843	911	544	467	342	279	181	101	69	56	73	90	61	37	31	53	61	62	32	26	45	51	43	26	21	35	37	29
64.00	170.00	1.00	2.00	119.21	0.00	1953125.00	12.00	0.00	0.00	0.57	0.00	0.00	0.22	0.00	0.00	22	28	22	10	15	27	30	19	11	25	34	29	15	17	32	38	29	12	25	39	38	26	11	25	38	43	27	20	26	41	74	73	42	72	135	119	147	135	158	262	193	248	279	293	381	359	434	371	620	571	596	798	663	1000	906	954	919	843	911	544	467	342	279	181	101	69	56	73	90	61	37	31	53	61	62	32	26	45	51	43	26	21	35	37	29
64.00	170.00	1.00	2.00	119.21	0.00	1953125.00	12.00	0.00	0.00	0.57	0.00	0.00	0.22	0.00	0.00	23	17	12	19	25	24	17	15	24	29	26	17	18	29	33	28	18	21	34	37	26	16	21	32	35	33	14	23	35	43	64	62	41	83	133	111	140	146	169	257	178	244	288	298	368	353	440	379	622	554	595	810	665	1000	894	966	931	835	915	560	485	332	279	190	113	78	48	66	93	69	45	29	46	60	69	41	22	38	51	50	35	16	29	40	37
64.00	170.00	1.00	2.00	119.21	0.00	1953125.00	12.00	0.00	0.00	0.57	0.00	0.00	0.22	0.00	0.00	23	17	12	19	25	24	17	15	24	29	26	17	18	29	33	28	18	21	34	37	26	16	21	32	35	33	14	23	35	43	64	62	41	83	133	111	140	146	169	257	178	244	288	298	368	353	440	379	622	554	595	810	665	1000	894	966	931	835	915	560	485	332	279	190	113	78	48	66	93	69	45	29	46	60	69	41	22	38	51	50	35	16	29	40	37
64.00	170.00	1.00	2.00	119.21	0.00	1953125.00	12.00	0.00	0.00	0.57	0.00	0.00	0.22	0.00	0.00	21	13	13	22	26	21	14	18	27	30	23	14	22	32	32	24	16	26	37	35	23	16	25	34	35	28	9	25	40	46	61	60	41	88	134	109	136	150	175	256	174	246	291	303	367	347	443	387	625	548	594	808	676	1000	884	964	939	829	908	556	487	334	277	187	113	81	47	65	89	67	47	32	45	56	67	42	27	37	48	48	35	20	27	36	35
64.00	170.00	1.00	2.00	119.21	0.00	1953125.00	12.00	0.00	0.00	0.57	0.00	0.00	0.22	0.00	0.00	21	13	13	22	26	21	14	18	27	30	23	14	22	32	32	24	16	26	37	35	23	16	25	34	35	28	9	25	40	46	61	60	41	88	134	109	136	150	175	256	174	246	291	303	367	347	443	387	625	548	594	808	676	1000	884	964	939	829	908	556	487	334	277	187	113	81	47	65	89	67	47	32	45	56	67	42	27	37	48	48	35	20	27	36	35
64.00	170.00	1.00	2.00	119.21	0.00	1953125.00	12.00	0.00	0.00	0.57	0.00	0.00	0.22	0.00	0.00	24	25	16	11	21	27	24	14	16	28	31	23	14	24	34	34	23	15	30	39	33	19	15	29	38	38	21	19	31	43	68	67	40	78	132	118	140	138	167	254	183	249	275	296	375	352	430	384	617	545	599	782	666	999	878	950	932	836	896	556	473	339	281	183	108	72	52	73	92	64	41	30	50	61	65	36	24	42	52	47	30	19	32	39	33
64.00	170.00	1.00	2.00	119.21	0.00	1953125.00	12.00	0.00	0.00	0.57	0.00	0.00	0.22	0.00	0.00	24	25	16	11	21	27	24	14	16	28	31	23	14	24	34	34	23	15	30	39	33	19	15	29	38	38	21	19	31	43	68	67	40	78	132	118	140	138	167	254	183	249	275	296	375	352	430	384	617	545	599	782	666	999	878	950	932	836	896	556	473	339	281	183	108	72	52	73	92	64	41	30	50	61	65	36	24	42	52	47	30	19	32	39	33
64.00	170.00	1.00	2.00	119.21	0.00	1953125.00	12.00	0.00	0.00	0.57	0.00	0.00	0.22	0.00	0.00	17	12	18	25	24	17	13	22	29	27	18	16	27	33	29	20	19	29	37	32	19	19	29	33	33	24	8	30	42	46	55	58	47	92	131	107	134	155	183	250	173	253	293	308	369	344	449	402	622	541	599	803	685	1000	880	974	956	840	906	563	491	338	270	185	123	85	46	63	84	63	52	37	42	51	63	45	33	35	43	45	37	25	24	31	32
64.00	170.00	1.00	2.00	119.21	0.00	1953125.00	12.00	0.00	0.00	0.57	0.00	0.00	0.22	0.00	0.00	17	12	18	25	24	17	13	22	29	27	18	16	27	33	29	20	19	29	37	32	19	19	29	33	33	24	8	30	42	46	55	58	47	92	131	107	134	155	183	250	173	253	293	308	369	344	449	402	622	541	599	803	685	1000	880	974	956	840	906	563	491	338	270	185	123	85	46	63	84	63	52	37	42	51	63	45	33	35	43	45	37	25	24	31	32
64.00	170.00	1.00	2.00	119.21	0.00	1953125.00	12.00	0.00	0.00	0.57	0.00	0.00	0.22	0.00	0.00	18	28	26	14	10	25	31	24	11	19	33	33	21	12	28	38	33	15	19	36	40	31	13	21	37	46	31	23	21	39	74	78	46	68	133	124	149	131	157	257	197	254	267	294	384	354	432	369	614	558	591	763	670	999	863	944	925	832	907	525	464	354	280	171	100	65	63	81	89	55	31	37	60	62	55	26	32	52	50	36	22	29	39	35	21
64.00	170.00	1.00	2.00	119.21	0.00	1953125.00	12.00	0.00	0.00	0.57	0.00	0.00	0.22	0.00	0.00	18	28	26	14	10	25	31	24	11	19	33	33	21	12	28	38	33	15	19	36	40	31	13	21	37	46	31	23	21	39	74	78	46	68	133	124	149	131	157	257	197	254	267	294	384	354	432	369	614	558	591	763	670	999	863	944	925	832	907	525	464	354	280	171	100	65	63	81	89	55	31	37	60	62	55	26	32	52	50	36	22	29	39	35	21
64.00	170.00	1.00	2.00	119.21	0.00	1953125.00	12.00	0.00	0.00	0.57	0.00	0.00	0.22	0.00	0.00	23	28	21	9	17	29	29	18	12	26	34	29	15	19	33	38	27	12	26	40	38	24	11	27	39	43	26	18	27	44	73	74	42	74	136	124	142	138	166	257	194	251	272	302	388	347	444	379	616	568	591	770	694	1000	871	967	940	824	932	538	461	361	277	176	109	68	57	78	90	60	37	31	56	62	61	33	28	46	51	43	25	23	34	37	29
64.00	170.00	1.00	2.00	119.21	0.00	1953125.00	12.00	0.00	0.00	0.57	0.00	0.00	0.22	0.00	0.00	23	28	21	9	17	29	29	18	12	26	34	29	15	19	33	38	27	12	26	40	38	24	11	27	39	43	26	18	27	44	73	74	42	74	136	124	142	138	166	257	194	251	272	302	388	347	444	379	616	568	591	770	694	1000	871	967	940	824	932	538	461	361	277	176	109	68	57	78	90	60	37	31	56	62	61	33	28	46	51	43	25	23	34	37	29
64.00	170.00	1.00	2.00	119.21	0.00	1953125.00	12.00	0.00	0.00	0.57	0.00	0.00	0.22	0.00	0.00	22	27	20	10	17	28	28	18	13	25	33	27	15	19	33	37	28	13	26	38	37	24	12	27	39	42	26	19	27	44	71	74	42	73	135	123	141	138	163	254	195	249	269	305	385	346	451	377	611	576	593	763	698	1000	865	980	942	818	945	548	461	364	280	182	111	69	56	79	92	63	37	31	55	62	62	33	27	47	52	44	26	21	35	38	29
64.00	170.00	1.00	2.00	119.21	0.00	1953125.00	12.00	0.00	0.00	0.57	0.00	0.00	0.22	0.00	0.00	22	27	20	10	17	28	28	18	13	25	33	27	15	19	33	37	28	13	26	38	37	24	12	27	39	42	26	19	27	44	71	74	42	73	135	123	141	138	163	254	195	249	269	305	385	346	451	377	611	576	593	763	698	1000	865	980	942	818	945	548	461	364	280	182	111	69	56	79	92	63	37	31	55	62	62	33	27	47	52	44	26	21	35	38	29
64.00	170.00	1.00	2.00	119.21	0.00	1953125.00	12.00	0.00	0.00	0.57	0.00	0.00	0.22	0.00	0.00	22	26	20	11	18	27	27	17	14	25	32	26	15	20	33	36	27	14	27	38	36	23	12	27	38	42	25	19	29	44	70	72	43	74	136	121	141	140	163	255	195	249	271	306	381	347	453	374	611	579	589	761	707	1000	867	982	946	817	948	550	458	365	282	182	111	70	56	79	94	64	38	31	54	63	64	34	27	47	53	45	26	21	36	40	30
64.00	170.00	1.00	2.00	119.21	0.00	1953125.00	12.00	0.00	0.00	0.57	0.00	0.00	0.22	0.00	0.00	22	26	20	11	18	27	27	17	14	25	32	26	15	20	33	36	27	14	27	38	36	23	12	27	38	42	25	19	29	44	70	72	43	74	136	121	141	140	163	255	195	249	271	306	381	347	453	374	611	579	589	761	707	1000	867	982	946	817	948	550	458	365	282	182	111	70	56	79	94	64	38	31	54	63	64	34	27	47	53	45	26	21	36	40	30
64.00	170.00	1.00	2.00	119.21	0.00	1953125.00	12.00	0.00	0.00	0.57	0.00	0.00	0.22	0.00	0.00	19	27	25	13	12	25	31	23	12	20	32	32	20	14	29	38	32	14	21	37	40	30	13	22	37	45	30	21	23	39	73	78	45	66	134	124	146	134	154	256	199	249	263	300	382	354	444	361	614	583	589	755	704	1000	871	970	934	823	947	545	458	370	288	178	104	69	62	81	94	59	33	35	60	63	59	27	29	51	53	39	22	27	38	37	24
64.00	170.00	1.00	2.00	119.21	0.00	1953125.00	12.00	0.00	0.00	0.57	0.00	0.00	0.22	0.00	0.00	19	27	25	13	12	25	31	23	12	20	32	32	20	14	29	38	32	14	21	37	40	30	13	22	37	45	30	21	23	39	73	78	45	66	134	124	146	134	154	256	199	249	263	300	382	354	444	361	614	583	589	755	704	1000	871	970	934	823	947	545	458	370	288	178	104	69	62	81	94	59	33	35	60	63	59	27	29	51	53	39	22	27	38	37	24
64.00	170.00	1.00	2.00	119.21	0.00	1953125.00	12.00	0.00	0.00	0.57	0.00	0.00	0.22	0.00	0.00	24	24	15	11	22	27	24	14	17	28	31	23	14	24	34	34	23	15	31	38	33	19	15	29	37	39	21	20	32	44	68	70	42	76	135	118	140	142	163	259	189	246	276	302	376	349	449	368	619	574	587	773	696	1000	874	971	936	815	941	554	464	357	284	184	109	74	53	74	95	67	40	28	52	62	66	35	23	44	53	48	29	17	33	40	33
64.00	170.00	1.00	2.00	119.21	0.00	1953125.00	12.00	0.00	0.00	0.57	0.00	0.00	0.22	0.00	0.00	24	24	15	11	22	27	24	14	17	28	31	23	14	24	34	34	23	15	31	38	33	19	15	29	37	39	21	20	32	44	68	70	42	76	135	118	140	142	163	259	189	246	276	302	376	349	449	368	619	574	587	773	696	1000	874	971	936	815	941	554	464	357	284	184	109	74	53	74	95	67	40	28	52	62	66	35	23	44	53	48	29	17	33	40	33
64.00	170.00	1.00	2.00	119.21	0.00	1953125.00	12.00	0.00	0.00	0.57	0.00	0.00	0.22	0.00	0.00	19	29	27	13	10	26	33	25	10	19	34	34	20	12	29	40	34	14	19	38	41	30	12	22	38	48	33	22	22	40	76	79	46	66	135	128	149	131	152	262	200	246	266	296	385	357	434	362	617	578	587	752	696	1000	875	945	927	822	927	550	457	367	291	176	96	68	65	82	92	56	31	37	61	61	56	26	32	53	51	37	23	28	39	35	22
64.00	170.00	1.00	2.00	119.21	0.00	1953125.00	12.00	0.00	0.00	0.57	0.00	0.00	0.22	0.00	0.00	19	29	27	13	10	26	33	25	10	19	34	34	20	12	29	40	34	14	19	38	41	30	12	22	38	48	33	22	22	40	76	79	46	66	135	128	149	131	152	262	200	246	266	296	385	357	434	362	617	578	587	752	696	1000	875	945	927	822	927	550	457	367	291	176	96	68	65	82	92	56	31	37	61	61	56	26	32	53	51	37	23	28	39	35	22
64.00	170.00	1.00	2.00	119.21	0.00	1953125.00	12.00	0.00	0.00	0.57	0.00	0.00	0.22	0.00	0.00	16	26	26	16	10	23	31	25	12	18	31	33	22	13	27	38	34	16	18	35	40	31	15	20	35	46	32	24	21	38	75	79	48	65	130	126	150	131	152	261	198	248	264	291	380	358	427	361	614	570	590	751	688	1000	870	936	922	822	915	550	456	364	295	175	92	67	68	84	94	55	28	38	64	63	55	24	33	55	52	35	19	30	41	36	20
64.00	170.00	1.00	2.00	119.21	0.00	1953125.00	12.00	0.00	0.00	0.57	0.00	0.00	0.22	0.00	0.00	16	26	26	16	10	23	31	25	12	18	31	33	22	13	27	38	34	16	18	35	40	31	15	20	35	46	32	24	21	38	75	79	48	65	130	126	150	131	152	261	198	248	264	291	380	358	427	361	614	570	590	751	688	1000	870	936	922	822	915	550	456	364	295	175	92	67	68	84	94	55	28	38	64	63	55	24	33	55	52	35	19	30	41	36	20
64.00	170.00	1.00	2.00	119.21	0.00	1953125.00	12.00	0.00	0.00	0.57	0.00	0.00	0.22	0.00	0.00	23	28	21	8	18	29	29	18	11	27	34	28	14	19	34	38	27	11	27	40	37	23	10	27	39	44	27	17	30	45	74	72	41	74	137	125	142	137	162	262	190	241	274	293	376	346	428	369	612	562	579	762	695	999	864	938	936	810	910	549	457	360	288	175	98	69	60	77	92	61	34	33	57	61	59	30	28	48	51	41	24	23	36	37	27
64.00	170.00	1.00	2.00	119.21	0.00	1953125.00	12.00	0.00	0.00	0.57	0.00	0.00	0.22	0.00	0.00	23	28	21	8	18	29	29	18	11	27	34	28	14	19	34	38	27	11	27	40	37	23	10	27	39	44	27	17	30	45	74	72	41	74	137	125	142	137	162	262	190	241	274	293	376	346	428	369	612	562	579	762	695	999	864	938	936	810	910	549	457	360	288	175	98	69	60	77	92	61	34	33	57	61	59	30	28	48	51	41	24	23	36	37	27
64.00	170.00	1.00	2.00	119.21	0.00	1953125.00	12.00	0.00	0.00	0.57	0.00	0.00	0.22	0.00	0.00	16	27	25	16	10	23	31	25	12	18	31	32	21	13	27	37	34	16	19	35	39	30	14	20	36	45	31	24	21	38	74	77	48	65	130	127	147	130	157	255	196	248	263	287	380	349	422	368	601	560	587	742	683	1000	851	932	933	814	908	545	451	370	296	169	89	65	68	84	92	54	27	40	65	63	52	23	36	56	52	33	19	31	42	35	19
64.00	170.00	1.00	2.00	119.21	0.00	1953125.00	12.00	0.00	0.00	0.57	0.00	0.00	0.22	0.00	0.00	16	27	25	16	10	23	31	25	12	18	31	32	21	13	27	37	34	16	19	35	39	30	14	20	36	45	31	24	21	38	74	77	48	65	130	127	147	130	157	255	196	248	263	287	380	349	422	368	601	560	587	742	683	1000	851	932	933	814	908	545	451	370	296	169	89	65	68	84	92	54	27	40	65	63	52	23	36	56	52	33	19	31	42	35	19
64.00	170.00	1.00	2.00	119.21	0.00	1953125.00	12.00	0.00	0.00	0.57	0.00	0.00	0.22	0.00	0.00	24	27	20	8	18	29	28	16	12	27	33	27	13	20	34	36	25	12	27	39	36	21	11	28	39	41	23	16	30	45	71	68	41	74	134	122	136	135	166	253	186	244	268	296	375	337	427	377	600	549	581	749	681	1000	827	947	939	800	902	545	453	362	289	169	96	71	60	79	89	57	33	35	57	60	57	29	29	48	51	40	24	24	35	36	26
64.00	170.00	1.00	2.00	119.21	0.00	1953125.00	12.00	0.00	0.00	0.57	0.00	0.00	0.22	0.00	0.00	24	27	20	8	18	29	28	16	12	27	33	27	13	20	34	36	25	12	27	39	36	21	11	28	39	41	23	16	30	45	71	68	41	74	134	122	136	135	166	253	186	244	268	296	375	337	427	377	600	549	581	749	681	1000	827	947	939	800	902	545	453	362	289	169	96	71	60	79	89	57	33	35	57	60	57	29	29	48	51	40	24	24	35	36	26
64.00	170.00	1.00	2.00	119.21	0.00	1953125.00	12.00	0.00	0.00	0.57	0.00	0.00	0.22	0.00	0.00	20	27	23	11	14	26	29	20	10	22	32	29	17	16	30	36	29	12	23	37	37	25	11	24	37	42	27	19	25	40	71	72	43	69	131	123	139	131	162	249	189	246	261	292	376	337	422	373	595	544	584	738	674	1000	817	937	932	800	890	534	445	361	288	163	90	67	62	82	88	54	28	37	61	61	54	25	33	51	50	36	20	28	38	35	22
64.00	170.00	1.00	2.00	119.21	0.00	1953125.00	12.00	0.00	0.00	0.57	0.00	0.00	0.22	0.00	0.00	20	27	23	11	14	26	29	20	10	22	32	29	17	16	30	36	29	12	23	37	37	25	11	24	37	42	27	19	25	40	71	72	43	69	131	123	139	131	162	249	189	246	261	292	376	337	422	373	595	544	584	738	674	1000	817	937	932	800	890	534	445	361	288	163	90	67	62	82	88	54	28	37	61	61	54	25	33	51	50	36	20	28	38	35	22
64.00	170.00	1.00	2.00	119.21	0.00	1953125.00	12.00	0.00	0.00	0.57	0.00	0.00	0.22	0.00	0.00	19	28	25	12	12	26	31	22	9	21	33	31	18	14	30	38	31	13	21	37	39	27	11	23	37	43	28	18	22	39	71	72	43	66	129	123	139	128	158	245	188	246	252	290	378	335	417	370	591	539	588	729	671	1000	813	936	926	803	883	531	445	360	284	159	92	70	63	79	86	51	30	38	60	60	52	25	34	51	49	34	21	29	38	33	20
64.00	170.00	1.00	2.00	119.21	0.00	1953125.00	12.00	0.00	0.00	0.57	0.00	0.00	0.22	0.00	0.00	19	28	25	12	12	26	31	22	9	21	33	31	18	14	30	38	31	13	21	37	39	27	11	23	37	43	28	18	22	39	71	72	43	66	129	123	139	128	158	245	188	246	252	290	378	335	417	370	591	539	588	729	671	1000	813	936	926	803	883	531	445	360	284	159	92	70	63	79	86	51	30	38	60	60	52	25	34	51	49	34	21	29	38	33	20
64.00	170.00	1.00	2.00	119.21	0.00	1953125.00	12.00	0.00	0.00	0.57	0.00	0.00	0.22	0.00	0.00	19	28	26	13	11	26	31	24	9	20	33	32	19	13	29	39	32	13	20	37	39	29	11	22	37	44	30	19	22	37	71	75	44	64	130	124	142	129	156	247	195	248	254	293	384	341	421	371	595	549	592	729	679	1000	821	936	923	808	882	528	437	358	279	158	91	67	60	78	85	52	30	37	59	58	52	25	33	50	49	34	21	29	37	33	20
64.00	170.00	1.00	2.00	119.21	0.00	1953125.00	12.00	0.00	0.00	0.57	0.00	0.00	0.22	0.00	0.00	19	28	26	13	11	26	31	24	9	20	33	32	19	13	29	39	32	13	20	37	39	29	11	22	37	44	30	19	22	37	71	75	44	64	130	124	142	129	156	247	195	248	254	293	384	341	421	371	595	549	592	729	679	1000	821	936	923	808	882	528	437	358	279	158	91	67	60	78	85	52	30	37	59	58	52	25	33	50	49	34	21	29	37	33	20
64.00	170.00	1.00	2.00	119.21	0.00	1953125.00	12.00	0.00	0.00	0.57	0.00	0.00	0.22	0.00	0.00	14	25	27	17	9	21	29	26	13	16	30	33	23	13	25	36	33	18	17	32	38	31	16	18	33	43	30	24	19	32	69	78	50	60	125	121	147	130	150	246	201	251	253	290	384	350	422	366	596	558	600	729	678	1000	838	935	914	818	883	536	435	357	281	161	90	66	61	79	89	53	26	37	62	61	53	23	33	54	51	34	18	30	40	35	19
64.00	170.00	1.00	2.00	119.21	0.00	1953125.00	12.00	0.00	0.00	0.57	0.00	0.00	0.22	0.00	0.00	14	25	27	17	9	21	29	26	13	16	30	33	23	13	25	36	33	18	17	32	38	31	16	18	33	43	30	24	19	32	69	78	50	60	125	121	147	130	150	246	201	251	253	290	384	350	422	366	596	558	600	729	678	1000	838	935	914	818	883	536	435	357	281	161	90	66	61	79	89	53	26	37	62	61	53	23	33	54	51	34	18	30	40	35	19
64.00	170.00	1.00	2.00	119.21	0.00	1953125.00	12.00	0.00	0.00	0.57	0.00	0.00	0.22	0.00	0.00	20	26	21	10	15	26	28	19	12	23	32	28	16	17	31	35	27	13	24	36	36	24	13	24	36	41	24	19	26	38	67	71	44	67	128	120	141	134	158	247	195	248	260	294	382	347	423	378	598	552	603	740	678	1000	845	931	929	817	876	548	443	347	275	166	97	71	55	72	88	57	34	33	53	58	59	31	28	47	50	40	24	23	35	36	26
64.00	170.00	1.00	2.00	119.21	0.00	1953125.00	12.00	0.00	0.00	0.57	0.00	0.00	0.22	0.00	0.00	20	26	21	10	15	26	28	19	12	23	32	28	16	17	31	35	27	13	24	36	36	24	13	24	36	41	24	19	26	38	67	71	44	67	128	120	141	134	158	247	195	248	260	294	382	347	423	378	598	552	603	740	678	1000	845	931	929	817	876	548	443	347	275	166	97	71	55	72	88	57	34	33	53	58	59	31	28	47	50	40	24	23	35	36	26
64.00	170.00	1.00	2.00	119.21	0.00	1953125.00	12.00	0.00	0.00	0.57	0.00	0.00	0.22	0.00	0.00	18	27	24	13	11	25	29	23	11	19	31	31	19	14	28	37	31	15	20	35	37	28	13	21	35	43	28	21	22	36	69	74	47	64	125	122	144	131	155	247	196	250	257	289	383	348	416	376	594	548	604	735	662	1000	840	911	927	810	870	542	444	344	278	164	93	70	57	74	87	54	32	35	56	58	56	26	30	49	50	37	22	26	36	34	22
64.00	170.00	1.00	2.00	119.21	0.00	1953125.00	12.00	0.00	0.00	0.57	0.00	0.00	0.22	0.00	0.00	18	27	24	13	11	25	29	23	11	19	31	31	19	14	28	37	31	15	20	35	37	28	13	21	35	43	28	21	22	36	69	74	47	64	125	122	144	131	155	247	196	250	257	289	383	348	416	376	594	548	604	735	662	1000	840	911	927	810	870	542	444	344	278	164	93	70	57	74	87	54	32	35	56	58	56	26	30	49	50	37	22	26	36	34	22
64.00	170.00	1.00	2.00	119.21	0.00	1953125.00	12.00	0.00	0.00	0.57	0.00	0.00	0.22	0.00	0.00	23	23	15	11	21	26	24	15	17	27	30	22	15	24	32	32	22	15	30	37	32	19	16	27	36	37	19	20	31	41	64	65	43	73	128	117	137	140	166	247	186	252	269	294	380	344	425	390	599	543	604	757	662	1000	844	927	939	805	880	548	455	339	276	170	105	75	49	69	88	62	40	30	49	59	63	35	24	42	50	46	29	18	31	38	32
64.00	170.00	1.00	2.00	119.21	0.00	1953125.00	12.00	0.00	0.00	0.57	0.00	0.00	0.22	0.00	0.00	23	23	15	11	21	26	24	15	17	27	30	22	15	24	32	32	22	15	30	37	32	19	16	27	36	37	19	20	31	41	64	65	43	73	128	117	137	140	166	247	186	252	269	294	380	344	425	390	599	543	604	757	662	1000	844	927	939	805	880	548	455	339	276	170	105	75	49	69	88	62	40	30	49	59	63	35	24	42	50	46	29	18	31	38	32
64.00	170.00	1.00	2.00	119.21	0.00	1953125.00	12.00	0.00	0.00	0.57	0.00	0.00	0.22	0.00	0.00	18	26	25	13	11	24	29	23	11	20	31	31	20	14	28	36	31	14	20	35	38	29	13	20	35	43	28	22	22	36	70	75	47	65	128	124	145	132	155	251	195	253	259	289	384	352	419	376	602	555	603	744	662	1000	844	917	926	807	882	533	451	346	281	163	96	69	58	75	86	55	32	35	57	59	55	27	30	49	49	37	22	27	37	34	23
64.00	170.00	1.00	2.00	119.21	0.00	1953125.00	12.00	0.00	0.00	0.57	0.00	0.00	0.22	0.00	0.00	18	26	25	13	11	24	29	23	11	20	31	31	20	14	28	36	31	14	20	35	38	29	13	20	35	43	28	22	22	36	70	75	47	65	128	124	145	132	155	251	195	253	259	289	384	352	419	376	602	555	603	744	662	1000	844	917	926	807	882	533	451	346	281	163	96	69	58	75	86	55	32	35	57	59	55	27	30	49	49	37	22	27	37	34	23
64.00	170.00	1.00	2.00	119.21	0.00	1953125.00	12.00	0.00	0.00	0.57	0.00	0.00	0.22	0.00	0.00	19	26	24	13	12	25	29	22	12	20	32	30	19	15	29	36	31	15	21	35	38	28	14	21	36	43	28	22	22	37	71	75	47	66	128	125	147	131	155	255	195	251	264	291	381	356	423	373	605	560	601	751	669	1000	853	932	930	812	891	543	456	349	283	168	97	69	59	76	88	57	33	34	57	60	56	28	30	49	51	39	22	25	37	36	24
64.00	170.00	1.00	2.00	119.21	0.00	1953125.00	12.00	0.00	0.00	0.57	0.00	0.00	0.22	0.00	0.00	19	26	24	13	12	25	29	22	12	20	32	30	19	15	29	36	31	15	21	35	38	28	14	21	36	43	28	22	22	37	71	75	47	66	128	125	147	131	155	255	195	251	264	291	381	356	423	373	605	560	601	751	669	1000	853	932	930	812	891	543	456	349	283	168	97	69	59	76	88	57	33	34	57	60	56	28	30	49	51	39	22	25	37	36	24
64.00	170.00	1.00	2.00	119.21	0.00	1953125.00	12.00	0.00	0.00	0.57	0.00	0.00	0.22	0.00	0.00	18	27	24	13	12	25	30	23	11	20	32	31	19	15	28	38	32	15	20	36	39	29	13	21	36	44	30	22	22	38	72	76	48	65	130	126	148	130	153	256	194	248	263	288	378	356	423	363	609	564	597	755	669	1000	860	934	927	819	902	544	462	352	287	170	98	70	61	77	90	58	32	35	58	61	58	27	30	50	51	38	22	26	37	36	24
64.00	170.00	1.00	2.00	119.21	0.00	1953125.00	12.00	0.00	0.00	0.57	0.00	0.00	0.22	0.00	0.00	18	27	24	13	12	25	30	23	11	20	32	31	19	15	28	38	32	15	20	36	39	29	13	21	36	44	30	22	22	38	72	76	48	65	130	126	148	130	153	256	194	248	263	288	378	356	423	363	609	564	597	755	669	1000	860	934	927	819	902	544	462	352	287	170	98	70	61	77	90	58	32	35	58	61	58	27	30	50	51	38	22	26	37	36	24
64.00	170.00	1.00	2.00	119.21	0.00	1953125.00	12.00	0.00	0.00	0.57	0.00	0.00	0.22	0.00	0.00	19	26	23	12	13	25	29	21	11	22	31	29	18	16	29	36	30	14	23	37	37	27	12	23	36	43	29	21	24	40	73	76	46	67	131	123	146	131	153	255	192	245	262	285	378	349	422	362	607	559	590	756	663	1000	856	926	924	812	903	539	461	352	283	171	100	70	58	76	91	60	34	33	57	61	60	28	28	49	51	40	23	25	37	37	25
64.00	170.00	1.00	2.00	119.21	0.00	1953125.00	12.00	0.00	0.00	0.57	0.00	0.00	0.22	0.00	0.00	19	26	23	12	13	25	29	21	11	22	31	29	18	16	29	36	30	14	23	37	37	27	12	23	36	43	29	21	24	40	73	76	46	67	131	123	146	131	153	255	192	245	262	285	378	349	422	362	607	559	590	756	663	1000	856	926	924	812	903	539	461	352	283	171	100	70	58	76	91	60	34	33	57	61	60	28	28	49	51	40	23	25	37	37	25
64.00	170.00	1.00	2.00	119.21	0.00	1953125.00	12.00	0.00	0.00	0.57	0.00	0.00	0.22	0.00	0.00	18	27	25	13	12	26	30	23	11	21	32	31	19	14	29	37	32	14	21	36	39	28	13	22	36	44	30	23	22	38	74	77	48	65	130	127	147	132	151	255	198	246	260	285	385	349	422	365	605	563	591	753	669	1000	863	925	924	812	909	539	460	358	282	170	101	68	59	78	90	58	33	33	58	62	58	27	29	50	51	38	22	26	38	36	24
64.00	170.00	1.00	2.00	119.21	0.00	1953125.00	12.00	0.00	0.00	0.57	0.00	0.00	0.22	0.00	0.00	18	27	25	13	12	26	30	23	11	21	32	31	19	14	29	37	32	14	21	36	39	28	13	22	36	44	30	23	22	38	74	77	48	65	130	127	147	132	151	255	198	246	260	285	385	349	422	365	605	563	591	753	669	1000	863	925	924	812	909	539	460	358	282	170	101	68	59	78	90	58	33	33	58	62	58	27	29	50	51	38	22	26	38	36	24
64.00	170.00	1.00	2.00	119.21	0.00	1953125.00	12.00	0.00	0.00	0.57	0.00	0.00	0.22	0.00	0.00	19	27	24	13	14	26	30	22	12	21	32	30	18	15	30	38	31	15	23	37	39	28	13	22	36	44	29	22	24	39	73	78	47	67	132	126	146	133	153	255	200	247	262	290	386	349	429	366	608	568	590	756	676	999	860	940	925	809	921	541	461	360	283	172	104	68	58	78	91	59	35	33	58	63	60	29	29	49	52	40	23	25	38	37	25
64.00	170.00	1.00	2.00	119.21	0.00	1953125.00	12.00	0.00	0.00	0.57	0.00	0.00	0.22	0.00	0.00	19	27	24	13	14	26	30	22	12	21	32	30	18	15	30	38	31	15	23	37	39	28	13	22	36	44	29	22	24	39	73	78	47	67	132	126	146	133	153	255	200	247	262	290	386	349	429	366	608	568	590	756	676	999	860	940	925	809	921	541	461	360	283	172	104	68	58	78	91	59	35	33	58	63	60	29	29	49	52	40	23	25	38	37	25
64.00	170.00	1.00	2.00	119.21	0.00	1953125.00	12.00	0.00	0.00	0.57	0.00	0.00	0.22	0.00	0.00	20	26	23	12	13	25	29	21	11	22	32	30	18	15	30	36	30	14	22	36	38	27	14	23	36	43	28	22	23	40	71	77	48	67	130	125	145	133	154	255	201	249	263	293	385	351	435	370	605	571	592	754	680	1000	858	945	932	807	918	541	461	358	282	171	104	68	57	78	90	60	35	33	57	62	59	29	29	49	52	41	24	24	37	37	25
64.00	170.00	1.00	2.00	119.21	0.00	1953125.00	12.00	0.00	0.00	0.57	0.00	0.00	0.22	0.00	0.00	20	26	23	12	13	25	29	21	11	22	32	30	18	15	30	36	30	14	22	36	38	27	14	23	36	43	28	22	23	40	71	77	48	67	130	125	145	133	154	255	201	249	263	293	385	351	435	370	605	571	592	754	680	1000	858	945	932	807	918	541	461	358	282	171	104	68	57	78	90	60	35	33	57	62	59	29	29	49	52	41	24	24	37	37	25
64.00	170.00	1.00	2.00	119.21	0.00	1953125.00	12.00	0.00	0.00	0.57	0.00	0.00	0.22	0.00	0.00	20	27	22	12	14	26	29	20	12	22	32	29	17	16	30	36	29	14	23	36	38	26	13	23	36	42	27	22	23	40	71	75	47	67	130	123	143	133	153	253	197	249	262	292	383	346	435	368	600	569	591	750	675	1000	849	947	932	801	919	543	461	356	283	172	106	69	57	76	89	60	36	32	56	62	60	30	27	47	51	41	24	23	36	37	26
64.00	170.00	1.00	2.00	119.21	0.00	1953125.00	12.00	0.00	0.00	0.57	0.00	0.00	0.22	0.00	0.00	20	27	22	12	14	26	29	20	12	22	32	29	17	16	30	36	29	14	23	36	38	26	13	23	36	42	27	22	23	40	71	75	47	67	130	123	143	133	153	253	197	249	262	292	383	346	435	368	600	569	591	750	675	1000	849	947	932	801	919	543	461	356	283	172	106	69	57	76	89	60	36	32	56	62	60	30	27	47	51	41	24	23	36	37	26
64.00	170.00	1.00	2.00	119.21	0.00	1953125.00	12.00	0.00	0.00	0.57	0.00	0.00	0.22	0.00	0.00	19	27	24	13	12	25	29	22	11	21	32	31	19	15	29	37	31	14	21	36	38	28	13	22	36	43	29	22	21	40	72	77	47	65	130	125	144	132	153	253	199	251	260	291	385	345	436	368	597	572	591	750	673	1000	848	945	927	796	919	534	456	358	283	169	104	66	58	78	89	59	34	33	57	61	58	28	30	49	51	39	22	25	37	37	24
64.00	170.00	1.00	2.00	119.21	0.00	1953125.00	12.00	0.00	0.00	0.57	0.00	0.00	0.22	0.00	0.00	19	27	24	13	12	25	29	22	11	21	32	31	19	15	29	37	31	14	21	36	38	28	13	22	36	43	29	22	21	40	72	77	47	65	130	125	144	132	153	253	199	251	260	291	385	345	436	368	597	572	591	750	673	1000	848	945	927	796	919	534	456	358	283	169	104	66	58	78	89	59	34	33	57	61	58	28	30	49	51	39	22	25	37	37	24
64.00	170.00	1.00	2.00	119.21	0.00	1953125.00	12.00	0.00	0.00	0.57	0.00	0.00	0.22	0.00	0.00	18	28	26	14	10	25	31	24	11	19	32	33	21	12	28	38	33	15	19	36	40	30	13	20	36	45	31	23	19	39	73	79	48	63	130	127	145	130	153	252	201	251	256	290	389	343	431	366	595	572	595	739	670	1000	842	940	917	791	914	530	450	358	283	165	104	66	59	77	86	57	34	35	57	59	56	28	31	49	50	38	23	26	37	35	23
64.00	170.00	1.00	2.00	119.21	0.00	1953125.00	12.00	0.00	0.00	0.57	0.00	0.00	0.22	0.00	0.00	18	28	26	14	10	25	31	24	11	19	32	33	21	12	28	38	33	15	19	36	40	30	13	20	36	45	31	23	19	39	73	79	48	63	130	127	145	130	153	252	201	251	256	290	389	343	431	366	595	572	595	739	670	1000	842	940	917	791	914	530	450	358	283	165	104	66	59	77	86	57	34	35	57	59	56	28	31	49	50	38	23	26	37	35	23
64.00	170.00	1.00	2.00	119.21	0.00	1953125.00	12.00	0.00	0.00	0.57	0.00	0.00	0.22	0.00	0.00	17	28	26	14	10	25	31	24	11	19	32	32	21	13	28	38	33	15	19	36	40	30	14	20	36	45	32	23	20	39	73	79	48	62	129	126	143	130	152	253	202	250	257	291	384	347	433	365	596	578	596	743	673	1000	853	947	918	797	914	538	451	357	283	170	104	65	60	78	88	57	34	34	57	60	56	28	31	49	50	38	22	26	37	35	22
64.00	170.00	1.00	2.00	119.21	0.00	1953125.00	12.00	0.00	0.00	0.57	0.00	0.00	0.22	0.00	0.00	17	28	26	14	10	25	31	24	11	19	32	32	21	13	28	38	33	15	19	36	40	30	14	20	36	45	32	23	20	39	73	79	48	62	129	126	143	130	152	253	202	250	257	291	384	347	433	365	596	578	596	743	673	1000	853	947	918	797	914	538	451	357	283	170	104	65	60	78	88	57	34	34	57	60	56	28	31	49	50	38	22	26	37	35	22
64.00	170.00	1.00	2.00	119.21	0.00	1953125.00	12.00	0.00	0.00	0.57	0.00	0.00	0.22	0.00	0.00	18	28	27	14	10	25	32	25	11	19	33	33	21	13	28	38	33	15	19	36	40	30	14	21	36	46	31	22	20	39	73	79	48	62	130	127	144	130	150	253	202	247	258	292	384	351	434	363	599	582	594	743	680	1000	857	949	914	796	917	540	450	360	283	171	104	66	60	78	89	58	33	34	57	61	56	28	30	50	50	38	22	27	37	35	23
64.00	170.00	1.00	2.00	119.21	0.00	1953125.00	12.00	0.00	0.00	0.57	0.00	0.00	0.22	0.00	0.00	18	28	27	14	10	25	32	25	11	19	33	33	21	13	28	38	33	15	19	36	40	30	14	21	36	46	31	22	20	39	73	79	48	62	130	127	144	130	150	253	202	247	258	292	384	351	434	363	599	582	594	743	680	1000	857	949	914	796	917	540	450	360	283	171	104	66	60	78	89	58	33	34	57	61	56	28	30	50	50	38	22	27	37	35	23
64.00	170.00	1.00	2.00	119.21	0.00	1953125.00	12.00	0.00	0.00	0.57	0.00	0.00	0.22	0.00	0.00	18	27	26	13	11	25	31	24	11	19	32	32	20	13	29	38	33	15	19	36	40	30	14	21	36	45	31	22	20	38	73	78	48	64	130	126	145	131	151	255	204	246	263	294	384	355	435	365	603	586	595	748	689	1000	863	950	922	798	915	546	449	361	286	172	102	66	60	78	90	58	32	35	59	61	57	27	30	51	51	38	23	27	38	35	24
64.00	170.00	1.00	2.00	119.21	0.00	1953125.00	12.00	0.00	0.00	0.57	0.00	0.00	0.22	0.00	0.00	18	27	26	13	11	25	31	24	11	19	32	32	20	13	29	38	33	15	19	36	40	30	14	21	36	45	31	22	20	38	73	78	48	64	130	126	145	131	151	255	204	246	263	294	384	355	435	365	603	586	595	748	689	1000	863	950	922	798	915	546	449	361	286	172	102	66	60	78	90	58	32	35	59	61	57	27	30	51	51	38	23	27	38	35	24
64.00	170.00	1.00	2.00	119.21	0.00	1953125.00	12.00	0.00	0.00	0.57	0.00	0.00	0.22	0.00	0.00	18	28	26	13	10	25	32	24	11	20	33	33	20	14	29	39	33	14	20	37	40	30	13	21	36	45	30	21	20	38	73	79	47	64	130	125	146	130	149	256	202	244	263	293	381	354	430	361	605	583	591	749	690	1000	857	944	923	798	911	542	453	361	288	168	100	66	60	77	89	57	31	36	59	60	56	27	31	51	51	37	22	27	38	35	23
64.00	170.00	1.00	2.00	119.21	0.00	1953125.00	12.00	0.00	0.00	0.57	0.00	0.00	0.22	0.00	0.00	18	28	26	13	10	25	32	24	11	20	33	33	20	14	29	39	33	14	20	37	40	30	13	21	36	45	30	21	20	38	73	79	47	64	130	125	146	130	149	256	202	244	263	293	381	354	430	361	605	583	591	749	690	1000	857	944	923	798	911	542	453	361	288	168	100	66	60	77	89	57	31	36	59	60	56	27	31	51	51	37	22	27	38	35	23
64.00	170.00	1.00	2.00	119.21	0.00	1953125.00	12.00	0.00	0.00	0.57	0.00	0.00	0.22	0.00	0.00	19	27	23	12	13	25	30	22	11	21	32	31	19	16	29	37	31	14	22	37	38	28	12	22	36	43	27	20	23	38	71	76	46	66	130	123	143	132	151	252	198	244	264	289	380	348	429	368	601	576	589	753	688	1000	852	938	932	793	899	532	451	360	284	165	100	65	60	76	89	56	31	35	58	61	57	27	30	50	51	38	22	26	38	36	24
64.00	170.00	1.00	2.00	119.21	0.00	1953125.00	12.00	0.00	0.00	0.57	0.00	0.00	0.22	0.00	0.00	19	27	23	12	13	25	30	22	11	21	32	31	19	16	29	37	31	14	22	37	38	28	12	22	36	43	27	20	23	38	71	76	46	66	130	123	143	132	151	252	198	244	264	289	380	348	429	368	601	576	589	753	688	1000	852	938	932	793	899	532	451	360	284	165	100	65	60	76	89	56	31	35	58	61	57	27	30	50	51	38	22	26	38	36	24
64.00	170.00	1.00	2.00	119.21	0.00	1953125.00	12.00	0.00	0.00	0.57	0.00	0.00	0.22	0.00	0.00	18	27	25	13	11	25	30	23	10	20	31	31	19	14	28	37	32	15	21	36	39	28	12	21	36	43	28	20	21	37	70	76	47	64	128	124	143	132	152	250	201	246	258	289	384	346	422	370	597	566	597	737	684	1000	837	927	929	789	881	527	446	353	277	160	97	66	59	75	85	55	32	35	57	59	54	27	31	50	50	36	22	27	37	34	22
64.00	170.00	1.00	2.00	119.21	0.00	1953125.00	12.00	0.00	0.00	0.57	0.00	0.00	0.22	0.00	0.00	18	27	25	13	11	25	30	23	10	20	31	31	19	14	28	37	32	15	21	36	39	28	12	21	36	43	28	20	21	37	70	76	47	64	128	124	143	132	152	250	201	246	258	289	384	346	422	370	597	566	597	737	684	1000	837	927	929	789	881	527	446	353	277	160	97	66	59	75	85	55	32	35	57	59	54	27	31	50	50	36	22	27	37	34	22
64.00	170.00	1.00	2.00	119.21	0.00	1953125.00	12.00	0.00	0.00	0.57	0.00	0.00	0.22	0.00	0.00	18	27	25	13	11	25	31	23	10	20	32	32	19	13	29	37	32	14	21	36	39	29	12	21	36	43	28	21	21	36	70	75	47	64	128	122	144	131	151	247	203	248	256	289	384	347	420	369	595	563	594	732	683	1000	832	925	925	803	872	522	444	352	276	156	96	65	58	74	85	53	33	36	57	58	54	27	31	50	49	36	22	28	37	33	22
64.00	170.00	1.00	2.00	119.21	0.00	1953125.00	12.00	0.00	0.00	0.57	0.00	0.00	0.22	0.00	0.00	18	27	25	13	11	25	31	23	10	20	32	32	19	13	29	37	32	14	21	36	39	29	12	21	36	43	28	21	21	36	70	75	47	64	128	122	144	131	151	247	203	248	256	289	384	347	420	369	595	563	594	732	683	1000	832	925	925	803	872	522	444	352	276	156	96	65	58	74	85	53	33	36	57	58	54	27	31	50	49	36	22	28	37	33	22
64.00	170.00	1.00	2.00	119.21	0.00	1953125.00	12.00	0.00	0.00	0.57	0.00	0.00	0.22	0.00	0.00	19	27	24	13	12	25	30	22	12	21	31	30	18	16	29	36	31	15	22	36	38	28	13	21	35	42	27	21	22	36	69	75	48	65	129	121	146	134	153	249	203	250	259	293	387	348	426	373	601	562	599	739	689	1000	835	930	926	813	879	525	448	351	277	155	97	64	56	74	85	55	33	33	56	59	56	27	30	48	50	37	22	26	36	35	23
64.00	170.00	1.00	2.00	119.21	0.00	1953125.00	12.00	0.00	0.00	0.57	0.00	0.00	0.22	0.00	0.00	19	27	24	13	12	25	30	22	12	21	31	30	18	16	29	36	31	15	22	36	38	28	13	21	35	42	27	21	22	36	69	75	48	65	129	121	146	134	153	249	203	250	259	293	387	348	426	373	601	562	599	739	689	1000	835	930	926	813	879	525	448	351	277	155	97	64	56	74	85	55	33	33	56	59	56	27	30	48	50	37	22	26	36	35	23
64.00	170.00	1.00	2.00	119.21	0.00	1953125.00	12.00	0.00	0.00	0.57	0.00	0.00	0.22	0.00	0.00	16	26	26	15	10	23	30	25	12	18	32	32	21	13	27	37	33	16	18	34	39	30	14	19	35	44	30	24	19	36	72	79	49	63	130	125	148	132	154	254	201	252	259	291	387	347	426	369	606	555	603	745	676	1000	841	929	924	814	888	527	443	353	281	156	91	62	59	78	88	55	29	35	59	60	55	24	31	52	51	35	20	29	40	35	21
64.00	170.00	1.00	2.00	119.21	0.00	1953125.00	12.00	0.00	0.00	0.57	0.00	0.00	0.22	0.00	0.00	16	26	26	15	10	23	30	25	12	18	32	32	21	13	27	37	33	16	18	34	39	30	14	19	35	44	30	24	19	36	72	79	49	63	130	125	148	132	154	254	201	252	259	291	387	347	426	369	606	555	603	745	676	1000	841	929	924	814	888	527	443	353	281	156	91	62	59	78	88	55	29	35	59	60	55	24	31	52	51	35	20	29	40	35	21
64.00	170.00	1.00	2.00	119.21	0.00	1953125.00	12.00	0.00	0.00	0.57	0.00	0.00	0.22	0.00	0.00	19	27	25	13	12	26	31	24	11	20	33	32	19	14	29	38	32	14	21	37	39	28	12	22	37	44	29	21	22	38	72	77	45	65	133	125	144	133	158	252	194	249	261	293	385	344	431	372	604	549	609	750	668	1000	851	934	929	815	900	534	446	354	286	164	95	64	59	79	89	55	30	35	59	62	56	26	30	51	50	37	21	27	38	35	23
64.00	170.00	1.00	2.00	119.21	0.00	1953125.00	12.00	0.00	0.00	0.57	0.00	0.00	0.22	0.00	0.00	19	27	25	13	12	26	31	24	11	20	33	32	19	14	29	38	32	14	21	37	39	28	12	22	37	44	29	21	22	38	72	77	45	65	133	125	144	133	158	252	194	249	261	293	385	344	431	372	604	549	609	750	668	1000	851	934	929	815	900	534	446	354	286	164	95	64	59	79	89	55	30	35	59	62	56	26	30	51	50	37	21	27	38	35	23
64.00	170.00	1.00	2.00	119.21	0.00	1953125.00	12.00	0.00	0.00	0.57	0.00	0.00	0.22	0.00	0.00	18	28	26	14	10	24	31	24	11	18	32	32	21	13	28	38	33	15	19	35	40	30	13	20	36	44	31	22	19	37	72	78	47	63	131	124	147	130	158	251	195	251	259	291	381	347	429	369	596	550	612	741	652	1000	850	941	919	815	898	541	445	346	288	167	95	63	60	79	91	56	30	36	59	61	56	25	31	50	50	37	21	27	38	35	22
64.00	170.00	1.00	2.00	119.21	0.00	1953125.00	12.00	0.00	0.00	0.57	0.00	0.00	0.22	0.00	0.00	18	28	26	14	10	24	31	24	11	18	32	32	21	13	28	38	33	15	19	35	40	30	13	20	36	44	31	22	19	37	72	78	47	63	131	124	147	130	158	251	195	251	259	291	381	347	429	369	596	550	612	741	652	1000	850	941	919	815	898	541	445	346	288	167	95	63	60	79	91	56	30	36	59	61	56	25	31	50	50	37	21	27	38	35	22
64.00	170.00	1.00	2.00	119.21	0.00	1953125.00	12.00	0.00	0.00	0.57	0.00	0.00	0.22	0.00	0.00	18	27	25	14	11	24	30	24	11	19	32	32	20	13	28	38	33	15	19	35	40	29	13	20	36	43	30	22	19	37	70	76	47	64	129	124	146	129	159	248	194	255	256	295	383	350	433	373	601	547	621	739	657	1000	849	947	929	819	903	547	451	346	290	170	99	68	60	79	90	57	32	35	57	61	57	27	31	50	51	37	22	27	38	36	23
64.00	170.00	1.00	2.00	119.21	0.00	1953125.00	12.00	0.00	0.00	0.57	0.00	0.00	0.22	0.00	0.00	18	27	25	14	11	24	30	24	11	19	32	32	20	13	28	38	33	15	19	35	40	29	13	20	36	43	30	22	19	37	70	76	47	64	129	124	146	129	159	248	194	255	256	295	383	350	433	373	601	547	621	739	657	1000	849	947	929	819	903	547	451	346	290	170	99	68	60	79	90	57	32	35	57	61	57	27	31	50	51	37	22	27	38	36	23
64.00	170.00	1.00	2.00	119.21	0.00	1953125.00	12.00	0.00	0.00	0.57	0.00	0.00	0.22	0.00	0.00	18	27	25	14	11	24	30	24	12	19	31	31	20	14	28	37	33	15	20	35	39	29	14	20	35	42	30	23	19	37	70	78	49	62	127	125	147	127	159	247	195	255	254	294	383	352	429	376	598	551	617	739	659	1000	852	952	937	824	910	549	456	350	290	168	105	70	59	79	90	59	34	34	58	61	57	29	30	50	51	39	22	25	37	36	24
64.00	170.00	1.00	2.00	119.21	0.00	1953125.00	12.00	0.00	0.00	0.57	0.00	0.00	0.22	0.00	0.00	18	27	25	14	11	24	30	24	12	19	31	31	20	14	28	37	33	15	20	35	39	29	14	20	35	42	30	23	19	37	70	78	49	62	127	125	147	127	159	247	195	255	254	294	383	352	429	376	598	551	617	739	659	1000	852	952	937	824	910	549	456	350	290	168	105	70	59	79	90	59	34	34	58	61	57	29	30	50	51	39	22	25	37	36	24
64.00	170.00	1.00	2.00	119.21	0.00	1953125.00	12.00	0.00	0.00	0.57	0.00	0.00	0.22	0.00	0.00	14	25	26	17	10	21	29	26	14	16	29	32	23	14	25	35	33	18	17	32	38	31	17	16	32	41	31	26	16	33	68	80	54	58	122	124	149	126	155	241	202	256	250	287	388	350	428	371	590	552	612	722	657	1000	833	953	931	819	900	545	446	358	288	165	102	67	60	79	88	56	31	35	59	62	54	25	32	52	51	36	20	29	39	35	21
64.00	170.00	1.00	2.00	119.21	0.00	1953125.00	12.00	0.00	0.00	0.57	0.00	0.00	0.22	0.00	0.00	14	25	26	17	10	21	29	26	14	16	29	32	23	14	25	35	33	18	17	32	38	31	17	16	32	41	31	26	16	33	68	80	54	58	122	124	149	126	155	241	202	256	250	287	388	350	428	371	590	552	612	722	657	1000	833	953	931	819	900	545	446	358	288	165	102	67	60	79	88	56	31	35	59	62	54	25	32	52	51	36	20	29	39	35	21
64.00	170.00	1.00	2.00	119.21	0.00	1953125.00	12.00	0.00	0.00	0.57	0.00	0.00	0.22	0.00	0.00	21	26	21	10	15	26	28	19	11	23	32	28	16	17	31	36	28	13	24	36	37	25	13	24	36	40	26	21	23	39	67	74	49	66	127	123	142	131	161	241	199	254	254	296	389	347	430	384	591	558	614	732	665	1000	832	956	938	808	898	544	451	346	278	164	113	74	51	71	85	60	40	33	50	57	60	35	29	43	49	41	28	22	32	35	28
64.00	170.00	1.00	2.00	119.21	0.00	1953125.00	12.00	0.00	0.00	0.57	0.00	0.00	0.22	0.00	0.00	21	26	21	10	15	26	28	19	11	23	32	28	16	17	31	36	28	13	24	36	37	25	13	24	36	40	26	21	23	39	67	74	49	66	127	123	142	131	161	241	199	254	254	296	389	347	430	384	591	558	614	732	665	1000	832	956	938	808	898	544	451	346	278	164	113	74	51	71	85	60	40	33	50	57	60	35	29	43	49	41	28	22	32	35	28
64.00	170.00	1.00	2.00	119.21	0.00	1953125.00	12.00	0.00	0.00	0.57	0.00	0.00	0.22	0.00	0.00	16	26	25	14	11	24	29	24	12	18	31	31	21	13	27	37	33	16	19	33	39	29	15	19	34	42	31	25	19	34	69	81	52	59	125	123	149	130	152	243	203	257	245	289	386	352	429	366	590	565	622	720	660	1000	837	950	926	801	911	540	446	345	282	167	109	72	53	74	89	61	37	32	54	60	61	32	27	47	51	41	24	23	35	37	26
64.00	170.00	1.00	2.00	119.21	0.00	1953125.00	12.00	0.00	0.00	0.57	0.00	0.00	0.22	0.00	0.00	16	26	25	14	11	24	29	24	12	18	31	31	21	13	27	37	33	16	19	33	39	29	15	19	34	42	31	25	19	34	69	81	52	59	125	123	149	130	152	243	203	257	245	289	386	352	429	366	590	565	622	720	660	1000	837	950	926	801	911	540	446	345	282	167	109	72	53	74	89	61	37	32	54	60	61	32	27	47	51	41	24	23	35	37	26
64.00	170.00	1.00	2.00	119.21	0.00	1953125.00	12.00	0.00	0.00	0.57	0.00	0.00	0.22	0.00	0.00	12	24	28	20	8	19	30	28	16	13	28	33	26	13	22	36	37	22	15	30	40	34	20	12	31	44	35	32	16	29	70	89	60	55	123	125	157	130	146	241	209	261	241	283	389	358	429	354	589	574	627	717	651	999	847	945	915	794	916	541	438	342	286	168	106	67	55	78	92	62	33	31	58	64	60	27	28	51	54	39	19	26	41	38	23
64.00	170.00	1.00	2.00	119.21	0.00	1953125.00	12.00	0.00	0.00	0.57	0.00	0.00	0.22	0.00	0.00	12	24	28	20	8	19	30	28	16	13	28	33	26	13	22	36	37	22	15	30	40	34	20	12	31	44	35	32	16	29	70	89	60	55	123	125	157	130	146	241	209	261	241	283	389	358	429	354	589	574	627	717	651	999	847	945	915	794	916	541	438	342	286	168	106	67	55	78	92	62	33	31	58	64	60	27	28	51	54	39	19	26	41	38	23
64.00	170.00	1.00	2.00	119.21	0.00	1953125.00	12.00	0.00	0.00	0.57	0.00	0.00	0.22	0.00	0.00	16	26	24	14	10	23	29	24	12	18	30	31	20	13	27	36	33	16	19	33	38	30	16	18	34	43	33	27	20	35	70	84	56	62	126	127	152	133	157	244	208	262	249	293	390	354	434	368	587	572	625	725	657	999	858	962	932	801	919	561	448	340	283	174	114	74	50	73	90	65	41	31	52	62	64	35	25	46	53	44	26	22	35	38	29
64.00	170.00	1.00	2.00	119.21	0.00	1953125.00	12.00	0.00	0.00	0.57	0.00	0.00	0.22	0.00	0.00	16	26	24	14	10	23	29	24	12	18	30	31	20	13	27	36	33	16	19	33	38	30	16	18	34	43	33	27	20	35	70	84	56	62	126	127	152	133	157	244	208	262	249	293	390	354	434	368	587	572	625	725	657	999	858	962	932	801	919	561	448	340	283	174	114	74	50	73	90	65	41	31	52	62	64	35	25	46	53	44	26	22	35	38	29
64.00	170.00	1.00	2.00	119.21	0.00	1953125.00	12.00	0.00	0.00	0.57	0.00	0.00	0.22	0.00	0.00	9	23	29	22	7	17	30	30	17	11	27	34	28	13	20	36	38	23	13	29	40	37	22	10	29	44	36	34	14	26	71	89	60	54	120	124	157	128	145	242	209	262	240	279	386	353	424	356	580	569	622	716	635	1000	849	933	917	799	907	546	441	341	289	170	102	66	58	80	92	59	31	34	60	64	57	23	31	53	53	37	18	29	42	37	20
64.00	170.00	1.00	2.00	119.21	0.00	1953125.00	12.00	0.00	0.00	0.57	0.00	0.00	0.22	0.00	0.00	9	23	29	22	7	17	30	30	17	11	27	34	28	13	20	36	38	23	13	29	40	37	22	10	29	44	36	34	14	26	71	89	60	54	120	124	157	128	145	242	209	262	240	279	386	353	424	356	580	569	622	716	635	1000	849	933	917	799	907	546	441	341	289	170	102	66	58	80	92	59	31	34	60	64	57	23	31	53	53	37	18	29	42	37	20
64.00	170.00	1.00	2.00	119.21	0.00	1953125.00	12.00	0.00	0.00	0.57	0.00	0.00	0.22	0.00	0.00	17	27	26	15	10	24	31	25	12	18	31	32	21	13	27	37	33	17	18	34	39	31	15	18	35	43	32	26	18	34	71	82	53	61	125	126	148	130	153	244	206	258	250	290	391	349	430	371	588	571	612	733	664	1000	863	947	946	813	922	552	456	354	288	175	109	74	56	77	89	60	37	34	55	61	59	29	29	48	51	39	24	25	37	36	25
64.00	170.00	1.00	2.00	119.21	0.00	1953125.00	12.00	0.00	0.00	0.57	0.00	0.00	0.22	0.00	0.00	17	27	26	15	10	24	31	25	12	18	31	32	21	13	27	37	33	17	18	34	39	31	15	18	35	43	32	26	18	34	71	82	53	61	125	126	148	130	153	244	206	258	250	290	391	349	430	371	588	571	612	733	664	1000	863	947	946	813	922	552	456	354	288	175	109	74	56	77	89	60	37	34	55	61	59	29	29	48	51	39	24	25	37	36	25
64.00	170.00	1.00	2.00	119.21	0.00	1953125.00	12.00	0.00	0.00	0.57	0.00	0.00	0.22	0.00	0.00	16	27	27	16	9	23	31	26	12	17	31	33	22	12	26	38	35	16	17	34	40	32	16	17	34	45	33	26	18	35	72	83	55	60	124	129	151	129	154	247	207	258	250	288	389	358	423	375	595	571	621	738	668	1000	877	950	931	821	904	558	452	348	286	171	106	75	58	75	88	59	37	35	55	60	57	30	30	49	50	39	24	27	37	35	24
64.00	170.00	1.00	2.00	119.21	0.00	1953125.00	12.00	0.00	0.00	0.57	0.00	0.00	0.22	0.00	0.00	16	27	27	16	9	23	31	26	12	17	31	33	22	12	26	38	35	16	17	34	40	32	16	17	34	45	33	26	18	35	72	83	55	60	124	129	151	129	154	247	207	258	250	288	389	358	423	375	595	571	621	738	668	1000	877	950	931	821	904	558	452	348	286	171	106	75	58	75	88	59	37	35	55	60	57	30	30	49	50	39	24	27	37	35	24
64.00	170.00	1.00	2.00	119.21	0.00	1953125.00	12.00	0.00	0.00	0.57	0.00	0.00	0.22	0.00	0.00	16	26	25	15	10	23	30	25	13	18	32	32	22	14	27	37	34	17	19	34	40	31	17	18	34	44	32	27	20	34	71	84	56	63	127	129	154	136	156	254	214	262	261	294	394	373	435	378	615	591	628	765	686	1000	913	972	924	838	922	563	456	349	285	176	110	73	54	74	91	63	39	32	54	61	62	32	28	47	52	41	25	24	36	38	27
64.00	170.00	1.00	2.00	119.21	0.00	1953125.00	12.00	0.00	0.00	0.57	0.00	0.00	0.22	0.00	0.00	16	26	25	15	10	23	30	25	13	18	32	32	22	14	27	37	34	17	19	34	40	31	17	18	34	44	32	27	20	34	71	84	56	63	127	129	154	136	156	254	214	262	261	294	394	373	435	378	615	591	628	765	686	1000	913	972	924	838	922	563	456	349	285	176	110	73	54	74	91	63	39	32	54	61	62	32	28	47	52	41	25	24	36	38	27
64.00	170.00	1.00	2.00	119.21	0.00	1953125.00	12.00	0.00	0.00	0.57	0.00	0.00	0.22	0.00	0.00	17	27	26	16	11	24	31	26	13	18	31	32	22	14	27	38	34	17	19	34	40	32	16	18	34	44	32	27	21	35	71	83	55	63	127	129	155	137	157	255	216	263	263	297	396	375	438	382	617	597	625	768	695	1000	921	981	932	851	933	574	461	359	288	179	111	74	55	76	91	62	38	34	55	62	62	32	28	48	52	43	25	24	37	37	27
64.00	170.00	1.00	2.00	119.21	0.00	1953125.00	12.00	0.00	0.00	0.57	0.00	0.00	0.22	0.00	0.00	17	27	26	16	11	24	31	26	13	18	31	32	22	14	27	38	34	17	19	34	40	32	16	18	34	44	32	27	21	35	71	83	55	63	127	129	155	137	157	255	216	263	263	297	396	375	438	382	617	597	625	768	695	1000	921	981	932	851	933	574	461	359	288	179	111	74	55	76	91	62	38	34	55	62	62	32	28	48	52	43	25	24	37	37	27
