34928	35048	35167	35286	35405	35524	35644	35763	35882	36001	36120	36240	36359	36478	36597	36716	36836	36955	37074	37193	37313	37432	37551	37670	37789	37909	38028	38147	38266	38385	38505	38624	38743	38862	38981	39101	39220	39339	39458	39577	39697	39816	39935	40054	40174	40293	40412	40531	40650	40770	40889	41008	41127	41246	41366	41485	41604	41723	41842	41962	42081	42200	42319	42439	42558	42677	42796	42915	43035	43154	43273	43392	43511	43631	43750	43869	43988	44107	44227	44346	44465	44584	44703	44823	44942
64	170	2	2	119	0	1953125	12	0.0	58345	11.03	0	0	V0.2	0	0	-90	-98	-107	-118	-6	-5	12	-2	-31	-39	13	67	84	35	-8	-3	5	15	57	101	86	24	-19	-34	-26	-16	16	12	-13	-50	-49	-18	-14	-8	32	62	58	5	-74	-85	-30	18	81	93	44	1	-26	-27	-33	25	47	29	26	5	-15	-22	-3	44	74	25	5	21	25	31	52	64	32	-5	-42	-35	5	50	33	45	44	9	19	0	-20	-6	16	30	2	-9	-10
64	170	2	2	119	0	1953125	12	0.0	58363	11.03	0	0	V0.2	0	0	114	100	83	70	54	23	13	-5	-14	-4	19	2	-11	-29	-15	12	16	20	22	16	20	6	-9	-1	3	-1	13	19	43	37	-18	-23	-11	-24	-28	-24	-13	-20	-32	-37	-17	0	1	36	48	51	39	-24	-49	-16	17	32	16	-15	-41	-12	40	49	59	73	48	1	-19	-16	6	25	27	24	24	18	30	39	43	41	-2	4	14	35	63	29	39	49	64	55	47
64	170	2	2	119	0	1953125	12	0.0	58395	11.04	0	0	V0.2	0	0	66	44	28	9	-8	29	11	2	8	31	48	66	54	44	28	51	55	59	46	1	-43	-87	-70	-47	-3	10	20	43	18	19	17	23	13	-8	-6	-6	-44	-36	3	29	57	81	88	60	26	13	11	-1	24	44	51	22	11	29	23	4	53	70	45	-11	-61	-90	-80	-45	-7	20	39	-5	-20	2	20	20	4	5	-4	-69	-102	-97	-13	40	38	41	32	-1	-19
64	170	2	2	119	0	1953125	12	0.0	0	0.74	0	0	V0.2	0	0	53	52	15	45	49	12	37	52	23	31	47	31	32	45	44	49	41	44	67	55	51	101	88	42	97	122	47	125	180	112	113	189	154	78	169	238	274	472	776	817	930	870	702	678	760	693	216	106	400	421	399	337	401	747	969	1000	720	416	478	301	194	207	157	85	148	172	90	84	151	72	45	104	93	30	81	81	21	55	74	36	29	63	48	16	48
64	170	2	2	119	0	1953125	12	0.0	0	0.74	0	0	V0.2	0	0	53	52	15	45	49	12	37	52	23	31	47	31	32	45	44	49	41	44	67	55	51	101	88	42	97	122	47	125	180	112	113	189	154	78	169	238	274	472	776	817	930	870	702	678	760	693	216	106	400	421	399	337	401	747	969	1000	720	416	478	301	194	207	157	85	148	172	90	84	151	72	45	104	93	30	81	81	21	55	74	36	29	63	48	16	48
64	170	2	2	119	0	1953125	12	0.0	58388	11.04	0	0	V0.2	0	0	65	48	20	-8	-16	-25	-113	-94	-67	-34	7	40	72	103	130	157	183	207	229	241	248	240	234	222	208	194	178	154	119	80	40	0	-30	-57	-81	-110	-133	-154	-175	-191	-193	-191	-176	-164	-146	-122	-95	-64	-27	13	44	73	104	136	164	194	220	234	246	247	245	237	228	211	193	175	154	127	95	67	30	-6	-32	-60	-84	-105	-132	-147	-152	-153	-150	-148	-141	-126	-108
64	170	2	2	119	0	1953125	12	0.0	58401	11.04	0	0	V0.2	0	0	66	51	38	25	-8	-13	23	33	29	11	22	21	21	36	7	-8	-21	-48	-42	-15	7	2	18	19	26	17	1	-3	12	-4	5	5	0	-21	-19	13	20	60	92	82	56	8	9	28	10	-1	1	23	9	8	2	-16	-23	-11	4	-10	-28	-6	8	22	15	23	32	18	-12	-28	-30	-23	-36	-20	-17	-39	-70	-69	-17	30	39	33	21	21	-3	-29	-4	-12	-32
64	170	2	2	119	0	1953125	12	0.0	58437	11.05	0	0	V0.2	0	0	-73	-55	-31	-13	-41	-29	-32	-10	-9	5	22	33	29	23	11	-7	-18	-29	-39	-31	0	-5	-19	-45	-53	-43	-22	-16	-15	4	-7	-36	-36	2	46	54	27	2	-10	-6	28	30	34	19	18	-39	-60	-44	-7	20	22	9	-49	-61	-43	-21	-22	-13	0	20	30	1	6	24	54	40	6	-34	-44	3	36	44	69	61	24	-12	-16	-57	-45	-34	4	12	-12	0	-5
64	170	2	2	119	0	1953125	12	0.0	58390	11.04	0	0	V0.2	0	0	-13	-36	-60	-82	-106	-57	-44	-13	25	40	27	-1	2	1	20	36	48	33	1	-25	-36	-47	-39	-9	22	36	66	47	22	6	-12	-1	25	33	24	-12	-18	-24	12	43	55	31	-32	-51	-57	-34	11	70	77	45	20	-3	20	16	22	20	-4	-36	-37	8	36	46	74	61	42	28	-18	-29	1	18	38	54	70	13	-54	-49	-32	-5	-15	-24	-7	14	-1	-22	8
64	170	2	2	119	0	1953125	12	0.0	58428	11.05	0	0	V0.2	0	0	51	37	26	13	-1	88	70	3	-20	-14	-3	8	12	12	14	20	16	-7	-7	-20	-4	48	50	41	57	44	43	52	75	59	46	36	52	28	39	40	60	78	50	36	2	-42	-3	41	65	23	-27	-31	-33	-33	-42	-8	21	21	21	-11	-24	-5	-6	21	14	-5	-22	-26	9	23	37	42	32	-11	-53	-36	-1	9	24	47	47	-14	-40	-53	-47	-14	33	88	73
64	170	2	2	119	0	1953125	12	0.0	58426	11.05	0	0	V0.2	0	0	88	76	59	41	24	30	27	45	34	25	27	38	18	7	-5	-9	-12	16	16	-1	16	32	55	60	67	57	32	3	8	19	31	15	-25	-25	-31	-15	-7	2	-5	-42	-69	-61	-15	50	69	64	17	-34	-27	-7	20	17	11	-21	-20	-9	22	11	24	17	12	-9	-4	2	-20	-59	-62	-27	2	-7	-32	-31	2	43	65	51	16	10	13	6	11	15	9	-11	-10
64	170	2	2	119	0	1953125	12	0.0	58431	11.05	0	0	V0.2	0	0	-15	2	16	30	-21	-26	-31	-32	19	37	18	-6	-48	-35	-14	-16	-22	-35	-13	-7	-7	10	-24	-26	4	23	32	30	0	-34	-19	4	8	-8	-18	-12	-5	8	-8	1	14	36	66	79	53	47	48	59	55	24	2	-2	12	15	18	58	89	63	-27	-62	-54	-72	-34	-19	3	36	45	35	21	37	74	86	61	29	0	-23	-9	7	40	27	36	19	9	-12	-49
64	170	2	2	119	0	1953125	12	0.0	0	0.74	0	0	V0.2	0	0	58	53	47	41	34	32	26	26	25	21	23	24	22	16	25	19	29	18	33	14	50	30	74	23	49	35	103	46	199	130	111	71	155	161	185	166	114	125	273	304	211	585	360	326	64	624	544	239	231	540	543	332	1000	684	299	475	153	391	407	113	205	190	191	171	152	205	145	141	117	116	108	126	110	115	97	96	81	90	77	75	59	55	46	34	25
64	170	2	2	119	0	1953125	12	0.0	0	0.74	0	0	V0.2	0	0	189	185	173	199	188	171	209	205	180	216	210	182	223	213	167	212	217	164	205	206	139	195	217	141	155	168	104	198	235	27	199	202	94	223	219	86	375	644	408	169	280	219	279	582	388	483	833	1000	647	777	817	463	724	511	161	294	505	523	230	462	403	159	311	247	43	200	163	111	204	180	83	160	169	109	151	160	99	164	164	102	150	157	110	146	153
64	170	2	2	119	0	1953125	12	0.0	0	0.84	0	0	V0.2	0	0	231	184	228	203	193	231	192	244	222	225	248	202	247	213	216	242	207	260	191	214	223	147	242	146	201	218	116	279	153	142	214	128	248	92	271	418	408	883	661	286	510	218	586	798	347	572	351	875	662	157	317	398	894	1000	565	950	981	407	631	460	85	204	186	277	177	191	247	52	268	176	132	222	118	212	150	142	191	128	199	161	157	182	124	173	136
64	170	2	2	119	0	1953125	12	0.0	0	0.74	0	0	V0.2	0	0	61	51	11	56	55	9	44	54	25	43	58	40	45	52	44	54	49	46	71	52	44	97	78	60	142	138	48	125	163	127	241	329	263	199	200	210	46	234	413	623	888	1000	926	883	866	575	196	350	779	839	837	556	417	594	590	519	438	408	423	192	124	142	174	249	223	134	87	131	135	56	60	104	88	52	94	82	23	55	71	28	47	76	47	24	55
64	170	2	2	119	0	1953125	12	0.0	58469	11.05	0	0	V0.2	0	0	2	-3	-19	-32	-39	-54	-158	-161	-160	-157	-145	-128	-102	-74	-42	-15	12	38	63	86	112	142	166	180	184	185	181	175	171	161	145	119	90	52	18	-11	-38	-62	-90	-114	-138	-159	-173	-179	-178	-173	-164	-159	-152	-137	-108	-76	-36	1	33	62	86	112	140	173	196	211	221	225	216	204	194	175	149	125	103	71	34	-2	-38	-75	-103	-131	-157	-178	-202	-216	-225	-222	-214
64	170	2	2	119	0	1953125	12	0.0	58473	11.05	0	0	V0.2	0	0	-109	-117	-127	-133	-129	-130	-130	-35	-34	14	48	37	23	35	45	59	40	36	42	-11	-32	7	33	58	53	54	38	5	-23	-32	-24	6	-9	4	34	45	34	22	22	25	5	-23	-19	-18	-28	-19	-17	-1	-1	-32	-42	-46	-28	-10	7	-24	-43	-41	-16	4	56	65	49	12	-8	-32	-69	-42	-12	16	43	58	35	5	-20	-22	-17	10	34	52	53	11	-5	1	6
64	170	2	2	119	0	1953125	12	0.0	0	0.74	0	0	V0.2	0	0	104	91	84	80	68	62	43	48	28	34	9	20	21	16	47	32	57	45	91	64	102	90	129	91	154	87	124	82	140	59	252	265	54	157	126	86	330	443	42	278	84	45	527	923	395	584	668	980	999	396	682	259	272	227	661	365	384	531	151	265	83	160	144	92	39	100	100	102	74	118	111	136	138	141	128	138	120	113	115	108	108	96	88	81	75
64	170	2	2	119	0	1953125	12	0.0	20538	4.54	0	0	V0.2	0	0	52	43	52	66	48	34	55	57	35	32	43	48	40	26	48	51	33	37	45	69	43	39	71	87	49	82	93	84	71	112	53	95	269	34	55	310	101	185	313	77	486	604	327	102	463	735	265	144	203	972	500	563	1000	416	524	483	972	196	366	346	258	332	182	194	82	67	48	63	97	55	55	64	59	23	43	23	13	23	41	41	13	2	47	37	40
64	170	2	2	119	0	1953125	12	0.0	6538	2.14	0	0	V0.2	0	0	534	538	518	517	477	439	412	390	335	296	264	227	191	177	205	188	223	281	308	354	406	445	516	525	567	613	658	646	713	696	768	706	827	707	769	807	727	765	738	789	879	560	1000	515	771	739	543	591	794	480	752	525	571	524	852	420	811	482	753	583	747	657	689	692	627	642	638	592	590	554	550	508	488	446	431	381	359	319	275	234	202	170	116	79	67
64	170	2	2	119	0	1953125	12	0.0	58472	11.05	0	0	V0.2	0	0	-105	-58	-9	15	43	-84	-91	-98	-106	-112	-117	-112	-110	-106	-98	-91	-86	-72	-59	-44	-27	-8	7	35	59	72	90	97	102	107	104	105	108	115	118	119	122	122	112	96	87	77	61	50	35	18	8	-12	-28	-45	-59	-75	-94	-103	-111	-121	-119	-118	-109	-102	-100	-105	-103	-93	-80	-57	-38	-19	-6	3	24	38	53	73	84	95	97	104	111	116	126	132	135	131	123
64	170	2	2	119	0	1953125	12	0.0	58481	11.05	0	0	V0.2	0	0	-28	-14	4	21	18	12	-19	20	16	19	-19	-52	-46	-36	9	59	94	125	82	1	-27	-71	-68	-48	-9	52	62	56	55	37	-3	-23	14	53	45	21	2	-34	-26	36	74	40	-4	-24	-20	23	81	95	90	73	16	-27	-40	-29	-1	18	32	15	3	-65	-119	-87	-52	4	39	13	-11	-47	-56	-12	21	42	0	-9	-40	-28	20	21	16	3	-5	-8	-49	-60	-39
64	170	2	2	119	0	1953125	12	0.0	58478	11.05	0	0	V0.2	0	0	-53	-54	-53	-50	33	28	13	15	32	70	105	30	3	-15	0	28	22	18	4	7	17	21	16	-40	-47	-46	-19	-9	11	43	37	24	-1	-14	-6	-3	15	13	7	19	10	22	25	7	-1	-15	-15	-21	-21	7	4	25	52	61	44	46	19	-22	-29	2	-34	-51	-32	20	40	24	1	-23	-20	-2	-27	-10	11	-5	18	55	62	31	29	40	-3	-42	-28	16	29
64	170	2	2	119	0	1953125	12	0.0	0	0.83	0	0	V0.2	0	0	324	324	331	333	342	342	346	355	351	367	357	366	356	374	354	356	348	346	332	333	329	311	303	281	295	250	293	225	294	226	285	181	224	331	248	400	214	487	355	116	279	503	484	276	686	451	164	403	1000	740	262	630	619	991	534	302	502	243	298	214	410	263	297	332	280	243	253	280	240	266	285	278	251	267	264	264	266	274	268	262	266	253	253	250	242
64	170	2	2	119	0	1953125	12	0.0	521	1.11	0	0	V0.2	0	0	14	13	66	32	42	37	45	50	40	20	35	58	7	40	67	13	46	61	19	84	33	8	104	45	75	101	108	113	170	159	28	190	74	97	177	140	295	335	338	427	740	681	315	435	655	543	185	569	591	402	144	409	1000	948	582	453	765	591	252	120	324	45	238	374	254	53	81	86	46	110	60	84	127	34	103	69	20	94	82	6	56	69	16	64	40
64	170	2	2	119	0	1953125	12	0.0	0	0.41	0	0	V0.2	0	0	11	12	12	14	13	15	13	17	14	18	19	18	16	17	18	21	22	27	33	26	26	47	49	50	31	19	41	38	34	54	73	191	201	308	194	186	376	452	418	440	456	650	735	370	727	695	504	705	377	931	411	991	1000	570	546	617	431	276	65	295	248	48	113	93	164	154	119	72	50	76	73	56	40	26	33	31	25	25	28	27	26	22	22	21	22
64	170	2	2	119	0	1953125	12	0.0	0	0.82	0	0	V0.2	0	0	175	163	194	167	198	193	178	213	177	201	197	178	223	178	212	214	164	223	166	167	202	132	206	145	169	213	67	182	133	109	227	125	200	263	79	267	104	212	279	274	125	35	484	773	644	818	838	439	705	607	573	1000	623	787	737	496	606	483	161	411	111	271	244	165	292	167	167	265	45	245	181	112	236	94	171	180	74	193	110	154	181	92	182	124	115
64	170	2	2	119	0	1953125	12	0.0	58502	11.06	0	0	V0.2	0	0	232	248	267	275	288	184	171	151	120	86	48	14	-15	-47	-73	-97	-126	-155	-182	-196	-199	-197	-192	-185	-174	-159	-132	-105	-71	-34	-1	31	63	91	120	151	179	195	207	214	211	210	204	187	176	158	133	98	61	23	-8	-35	-65	-94	-120	-146	-167	-184	-193	-200	-195	-183	-170	-158	-141	-125	-95	-54	-20	16	45	72	98	122	144	164	182	191	197	200	192	184	176	163	147
64	170	2	2	119	0	1953125	12	0.0	58511	11.06	0	0	V0.2	0	0	81	52	26	-3	73	78	68	33	22	33	76	98	70	22	-21	-7	37	49	48	37	12	-12	-5	35	64	92	99	69	31	-18	-44	-22	25	59	79	50	19	-19	-6	11	31	45	54	48	37	34	46	52	52	47	44	32	15	10	16	37	84	53	9	16	13	1	10	16	21	46	60	63	66	47	11	20	81	115	80	20	1	8	-4	16	21	32	53	32	17
64	170	2	2	119	0	1953125	12	0.0	0	0.69	0	0	V0.2	0	0	564	557	560	555	559	552	547	548	541	544	520	532	511	520	497	497	478	482	459	472	453	462	444	438	454	431	470	397	519	406	528	394	521	546	461	663	375	681	474	642	513	602	704	705	967	545	960	608	1000	876	416	899	208	937	631	505	640	287	554	271	366	262	290	259	235	252	258	270	264	266	257	262	244	247	235	233	218	214	199	199	190	189	191	186	189
64	170	2	2	119	0	1953125	12	0.0	58518	11.06	0	0	V0.2	0	0	84	89	107	126	140	-147	-130	-106	-75	-37	-3	27	62	88	123	152	179	202	217	231	238	236	229	217	204	187	160	135	103	70	36	-1	-32	-60	-83	-106	-131	-152	-170	-177	-180	-173	-158	-144	-128	-111	-88	-61	-28	6	39	73	102	126	149	172	190	202	209	207	200	197	190	179	161	138	115	89	58	26	-6	-32	-52	-73	-96	-116	-123	-130	-132	-128	-123	-114	-101	-85	-71
64	170	2	2	119	0	1953125	12	0.0	58575	11.07	0	0	V0.2	0	0	-50	-60	-71	-84	-63	-56	-49	-5	28	38	22	-16	-45	-68	-42	17	51	62	31	0	-20	-34	-25	-30	-2	-5	17	-23	-33	-5	22	26	33	-2	-26	-59	-73	-85	-71	-64	-52	-18	-1	-2	-14	-21	20	50	13	-7	-6	-20	-29	21	56	37	2	-19	-38	-39	-42	-51	-42	-15	3	-2	-27	-53	-43	-13	23	42	34	45	58	63	54	31	25	27	11	-5	5	-5	-13
64	170	2	2	119	0	1953125	12	0.0	0	0.69	0	0	V0.2	0	0	295	301	286	281	275	285	253	273	249	260	237	249	229	245	222	238	212	229	189	223	168	199	119	211	150	261	183	379	284	414	385	435	599	238	665	257	611	570	306	604	146	426	228	542	780	132	620	381	654	779	360	1000	734	463	828	148	731	612	436	756	405	521	369	293	262	140	105	21	41	115	129	171	166	186	166	166	148	138	142	156	149	155	180	185	196
64	170	2	2	119	0	1953125	12	0.0	0	0.74	0	0	V0.2	0	0	33	47	19	25	45	29	13	42	36	19	40	38	30	45	47	39	49	41	42	50	31	49	74	46	53	103	70	37	116	117	31	112	157	82	200	265	308	189	406	328	222	535	622	696	694	683	844	773	937	1000	659	407	583	274	419	289	235	183	206	257	191	130	226	121	78	64	90	37	45	67	23	38	87	55	30	65	73	33	49	65	39	25	52	44	15
64	170	2	2	119	0	1953125	12	0.0	0	0.68	0	0	V0.2	0	0	148	145	178	164	135	166	175	140	152	183	156	136	176	171	125	154	187	137	128	184	167	113	161	190	126	121	201	184	53	159	264	175	87	317	288	84	230	227	27	203	204	96	94	200	222	391	479	766	846	688	999	966	836	791	954	717	322	461	497	150	158	202	203	32	123	205	168	42	156	180	98	104	168	124	62	158	154	66	115	165	103	80	151	135	64
64	170	2	2	119	0	1953125	12	0.0	0	0.66	0	0	V0.2	0	0	31	33	39	38	33	38	41	39	37	47	46	43	45	51	51	54	61	61	58	69	77	72	70	76	77	74	73	83	92	116	145	189	192	252	339	402	395	445	475	481	360	498	523	508	494	571	667	582	570	568	844	1000	910	792	784	656	593	620	610	480	293	305	261	215	153	164	147	98	89	110	106	84	89	105	94	78	84	84	66	61	70	64	50	62	65
64	170	2	2	119	0	1953125	12	0.0	0	0.71	0	0	V0.2	0	0	44	53	26	23	52	45	10	25	34	13	16	35	29	22	28	34	36	26	26	53	64	38	42	83	92	49	14	44	84	117	81	80	158	259	259	208	327	467	479	695	865	917	916	763	744	640	446	256	551	719	716	1000	636	189	98	373	568	643	670	720	555	376	277	250	136	126	162	126	52	57	66	22	31	54	39	26	60	63	30	40	57	41	12	41	41
64	170	2	2	119	0	1953125	12	0.0	0	0.61	0	0	V0.2	0	0	20	23	24	19	20	25	28	25	25	29	32	27	26	34	37	36	39	42	42	37	42	58	68	75	74	69	71	81	104	137	174	190	198	239	288	301	303	316	343	276	262	357	466	572	756	843	822	849	632	499	288	536	784	1000	873	662	508	246	140	24	59	80	72	96	123	107	65	47	61	67	69	50	44	48	45	43	47	52	44	30	34	43	41	32	33
64	170	2	2	119	0	1953125	12	0.0	0	0.41	0	0	V0.2	0	0	8	7	7	6	4	5	6	9	10	11	10	10	10	8	6	5	6	8	12	13	13	12	12	8	10	13	17	39	61	89	86	98	70	47	54	140	238	327	363	284	218	84	177	229	282	407	426	509	341	249	498	806	991	1000	944	575	438	455	568	625	544	421	306	151	81	64	104	115	109	77	52	27	11	15	19	21	19	16	12	8	6	5	8	9	8
64	170	2	2	119	0	1953125	12	0.0	0	0.56	0	0	V0.2	0	0	22	19	22	27	30	27	26	30	36	38	38	39	40	43	42	42	45	51	58	60	63	62	66	62	69	81	103	118	112	99	118	130	162	208	206	234	250	341	430	465	666	717	708	602	503	312	397	687	1000	997	932	833	426	372	483	614	680	755	503	409	306	309	328	300	288	251	239	205	208	195	181	159	135	124	107	92	88	84	81	69	69	65	65	58	52
64	170	2	2	119	0	1953125	12	0.0	0	0.55	0	0	V0.2	0	0	12	18	20	21	16	14	17	19	20	20	19	20	23	21	22	25	32	32	30	28	29	30	40	45	49	53	67	62	67	45	34	27	31	28	87	87	140	176	157	177	229	222	287	385	476	449	372	384	400	425	719	959	1000	837	891	555	579	446	484	582	528	394	309	232	175	134	128	110	108	102	103	85	72	54	46	46	46	38	33	36	39	36	28	25	31
64	170	2	2	119	0	1953125	12	0.0	0	0.52	0	0	V0.2	0	0	30	28	27	26	32	36	36	31	31	32	37	38	36	36	43	52	54	55	50	52	61	76	86	94	97	116	136	146	157	135	140	178	211	314	369	396	472	467	492	563	521	528	448	460	544	613	707	798	717	832	901	937	999	999	625	852	705	692	591	485	437	344	310	250	211	185	155	147	142	150	141	124	96	81	75	66	64	55	46	49	52	54	44	37	36
64	170	2	2	119	0	1953125	12	0.0	0	0.48	0	0	V0.2	0	0	11	12	13	14	12	6	3	9	13	15	13	11	5	7	13	17	16	16	18	26	39	42	49	57	47	45	36	33	24	47	32	54	59	130	188	359	437	552	451	401	379	264	323	475	582	882	737	959	971	837	687	468	63	411	942	850	1000	868	891	652	572	449	342	271	221	189	170	149	121	90	82	65	57	52	38	35	28	27	33	36	35	31	21	13	14
64	170	2	2	119	0	1953125	12	0.0	0	0.38	0	0	V0.2	0	0	10	9	10	10	9	10	11	11	14	16	18	19	18	18	19	21	25	28	30	29	33	32	29	34	28	38	51	65	66	78	68	89	78	63	79	39	82	149	330	459	509	495	385	266	282	399	715	785	737	690	411	166	349	538	856	1000	939	599	398	258	174	155	111	67	44	53	53	76	77	78	62	65	56	49	45	42	40	37	34	30	26	24	18	18	18
64	170	2	2	119	0	1953125	12	0.0	0	0.36	0	0	V0.2	0	0	5	6	5	5	4	4	5	4	5	5	6	7	7	8	7	8	8	9	10	11	15	23	24	30	32	26	21	3	19	61	96	142	201	225	235	248	164	80	42	187	290	358	586	621	610	610	591	499	318	25	292	627	973	983	1000	772	514	208	57	174	343	274	258	217	163	105	72	53	26	29	25	21	23	21	19	19	17	14	12	10	9	9	8	8	8
64	170	2	2	119	0	1953125	12	0.0	0	0.38	0	0	V0.2	0	0	3	3	4	5	7	9	10	11	12	12	12	12	11	11	13	16	17	19	22	23	23	26	28	27	29	36	48	56	55	63	53	57	19	43	138	221	257	335	331	450	466	373	362	252	74	184	335	625	713	877	1000	847	829	692	470	344	337	367	377	294	284	187	152	105	71	42	39	16	24	10	12	14	15	16	19	24	22	22	19	15	11	11	10	10	14
64	170	2	2	119	0	1953125	12	0.0	0	0.44	0	0	V0.2	0	0	13	14	12	9	8	8	10	13	17	16	17	11	10	8	11	15	18	17	16	15	12	12	9	7	6	11	16	23	22	45	49	89	154	166	215	223	165	157	246	303	314	456	533	579	925	691	999	966	827	843	700	618	535	366	336	524	532	519	717	559	467	363	288	255	217	128	147	106	78	70	63	52	49	50	45	37	33	24	18	18	21	21	17	15	6
64	170	2	2	119	0	1953125	12	0.0	0	0.44	0	0	V0.2	0	0	9	10	8	7	7	9	9	12	12	11	10	8	10	14	18	21	22	23	23	23	20	23	28	33	39	37	40	43	58	63	68	71	104	105	98	63	107	99	86	160	171	241	355	419	551	659	689	853	894	1000	915	980	707	546	615	598	321	357	294	206	160	95	123	79	90	102	66	45	30	15	10	10	13	10	11	13	14	16	16	14	6	3	4	9	13
64	170	2	2	119	0	1953125	12	0.0	0	0.51	0	0	V0.2	0	0	22	23	21	21	24	25	22	22	20	22	24	26	26	27	27	26	29	30	31	40	48	52	60	62	66	64	64	67	81	111	141	208	251	267	315	359	362	405	496	416	512	471	392	411	293	341	530	612	581	817	1000	795	942	742	462	613	390	321	215	182	54	52	49	41	60	74	63	54	61	65	66	60	39	26	26	30	32	28	18	16	23	34	35	29	18
64	170	2	2	119	0	1953125	12	0.0	0	0.46	0	0	V0.2	0	0	7	6	5	5	8	9	8	7	3	1	8	12	13	10	10	10	10	8	12	10	11	4	2	13	16	37	73	100	147	181	206	229	249	323	383	249	298	294	95	226	269	352	580	560	816	549	782	968	917	1000	732	654	503	256	754	708	940	832	647	558	441	354	283	293	281	224	162	124	92	73	76	76	74	57	44	23	20	29	37	38	33	25	12	3	9
64	170	2	2	119	0	1953125	12	0.0	0	0.52	0	0	V0.2	0	0	14	16	18	19	17	16	17	18	20	20	18	17	20	20	21	22	26	29	33	34	37	39	46	54	57	60	60	64	67	81	54	64	21	25	56	30	80	103	72	88	220	251	214	383	523	564	703	886	973	929	1000	981	730	666	547	188	96	186	220	152	127	108	79	80	66	67	61	34	33	33	38	44	41	32	33	38	45	41	33	26	25	30	32	24	18
64	170	2	2	119	0	1953125	12	0.0	0	0.52	0	0	V0.2	0	0	19	24	27	24	21	20	26	32	34	29	24	23	30	33	32	28	31	36	43	39	36	35	49	53	67	64	77	94	100	109	96	69	53	62	122	214	376	566	615	777	909	849	986	982	879	1000	812	948	775	998	875	772	964	793	762	501	329	215	159	129	70	88	31	12	10	38	64	69	71	65	56	69	74	74	63	48	45	49	51	44	36	32	35	43	39
64	170	2	2	119	0	1953125	12	0.0	0	0.55	0	0	V0.2	0	0	23	29	28	23	20	27	31	31	25	25	35	36	37	33	33	34	38	33	27	32	40	40	38	37	44	52	50	66	70	93	124	151	194	210	309	336	484	550	660	712	749	685	703	754	795	988	765	963	891	1000	908	774	807	673	609	505	307	236	173	52	71	50	62	83	102	95	99	74	87	101	93	76	55	51	59	62	49	31	34	42	46	38	29	38	48
64	170	2	2	119	0	1953125	12	0.0	0	0.56	0	0	V0.2	0	0	28	30	32	31	33	35	37	40	40	40	43	46	50	51	54	54	53	51	52	58	67	65	67	69	78	76	81	86	85	95	98	123	123	161	230	321	333	413	519	527	648	666	748	825	801	888	999	842	853	704	817	857	899	613	571	431	466	344	330	220	200	185	182	122	104	102	101	115	93	70	74	90	93	87	72	71	81	79	67	54	55	63	62	47	39
64	170	2	2	119	0	1953125	12	0.0	58536	11.06	0	0	V0.2	0	0	13	31	39	55	68	223	218	210	199	186	162	130	97	59	22	-12	-44	-71	-100	-125	-152	-172	-180	-183	-180	-166	-159	-149	-132	-106	-79	-43	-5	31	68	101	129	155	181	202	215	243	247	239	235	223	213	198	178	146	110	66	31	-4	-29	-59	-84	-109	-136	-165	-187	-196	-192	-185	-172	-155	-139	-118	-96	-64	-31	3	37	65	95	120	148	178	199	214	227	229	220	216	206
64	170	2	2	119	0	1953125	12	0.0	0	0.67	0	0	V0.2	0	0	58	61	60	67	65	64	72	66	74	64	77	69	73	73	75	81	81	89	83	98	81	104	73	112	82	106	60	114	100	114	157	151	305	122	370	321	305	422	297	637	470	547	559	579	817	465	717	633	799	1000	398	842	755	433	761	379	476	514	257	372	217	182	151	40	48	15	39	56	78	75	91	82	93	83	87	78	79	79	75	74	72	74	71	69	70
64	170	2	2	119	0	1953125	12	0.0	58582	11.07	0	0	V0.2	0	0	-68	-56	-52	-52	-38	-115	-85	-44	-10	23	57	85	118	150	175	195	211	222	220	215	209	200	184	165	145	112	76	40	4	-17	-50	-76	-101	-131	-159	-181	-193	-199	-198	-189	-179	-167	-146	-128	-102	-72	-40	-3	27	56	83	112	136	161	180	192	201	199	193	190	175	163	150	133	105	75	47	16	-12	-36	-56	-77	-106	-128	-140	-144	-143	-137	-136	-123	-117	-103	-85	-65	-44
64	170	2	2	119	0	1953125	12	0.0	0	0.69	0	0	V0.2	0	0	251	240	241	221	230	211	220	193	206	182	192	164	173	156	169	158	167	149	182	168	198	175	214	180	220	186	213	164	294	282	280	364	313	600	256	722	289	659	564	805	798	244	616	494	1000	354	506	256	541	604	682	698	434	515	267	677	355	290	99	300	184	175	168	181	225	249	282	262	303	290	311	288	302	284	285	262	273	257	261	255	239	254	257	246	242
64	170	2	2	119	0	1953125	12	0.0	0	0.74	0	0	V0.2	0	0	60	46	11	53	50	5	48	51	23	49	56	38	53	65	58	70	68	70	82	67	62	97	76	29	86	76	13	120	126	58	204	244	179	270	431	408	318	432	567	435	554	929	687	825	786	705	738	943	1000	889	790	785	379	520	710	535	532	355	400	265	117	199	161	87	144	116	41	111	108	17	81	105	59	50	105	75	24	83	90	26	59	87	53	20	65
64	170	2	2	119	0	1953125	12	0.0	0	0.74	0	0	V0.2	0	0	69	38	30	60	40	20	56	41	10	44	45	28	41	45	46	46	38	61	60	27	74	93	36	98	148	85	124	193	140	112	243	247	177	360	399	339	450	519	504	700	703	474	310	737	981	589	530	794	999	476	637	709	778	737	672	479	625	570	313	234	339	203	97	185	190	61	69	118	61	63	116	93	47	102	108	52	80	98	54	48	83	50	32	71	53
64	170	2	2	119	0	1953125	12	0.0	0	0.72	0	0	V0.2	0	0	38	12	25	39	23	9	35	31	12	26	32	21	23	29	27	27	24	27	40	31	18	53	52	13	50	85	53	23	93	119	57	106	147	91	19	86	119	62	101	75	81	108	183	72	104	394	440	327	536	673	774	924	1000	827	681	659	491	370	120	129	259	213	154	200	172	97	75	107	68	21	60	59	23	45	70	46	23	53	56	25	30	52	36	15	40
64	170	2	2	119	0	1953125	12	0.0	58556	11.07	0	0	V0.2	0	0	33	75	99	142	189	227	192	186	175	159	131	98	64	28	-5	-36	-65	-96	-128	-155	-179	-195	-202	-202	-202	-191	-183	-172	-153	-127	-92	-52	-16	23	52	83	114	143	171	199	217	227	232	227	216	203	193	174	151	124	91	52	16	-21	-55	-82	-110	-139	-162	-183	-202	-211	-211	-199	-185	-169	-154	-140	-116	-82	-45	-10	19	55	80	107	134	156	179	194	197	198	190	182	172
64	170	2	2	119	0	1953125	12	0.0	58563	11.07	0	0	V0.2	0	0	-151	-145	-130	-117	-62	-40	-30	-7	12	47	54	31	19	18	18	11	18	26	-8	-19	-5	4	19	23	25	38	24	22	17	20	8	37	88	59	29	-7	-6	12	21	6	-9	5	37	39	44	34	21	17	37	53	20	-29	-26	-25	-9	-14	-12	7	15	11	39	47	27	-23	-41	-45	-34	-2	30	15	-11	-15	-21	-26	-40	-3	30	33	29	-21	-25	-9	-3	-15	-34
64	170	2	2	119	0	1953125	12	0.0	0	0.71	0	0	V0.2	0	0	136	137	134	120	114	99	101	75	89	51	61	30	35	20	15	35	26	69	47	107	72	131	83	171	121	190	129	233	192	205	212	311	447	172	526	51	601	217	545	356	400	364	427	641	37	467	480	468	388	585	626	989	236	1000	715	539	872	123	675	345	471	325	269	294	197	183	89	99	44	40	45	35	70	68	95	84	109	110	118	127	130	126	118	111	110
64	170	2	2	119	0	1953125	12	0.0	58568	11.07	0	0	V0.2	0	0	342	332	316	284	250	68	33	6	-23	-50	-81	-109	-140	-171	-184	-185	-182	-177	-166	-152	-140	-118	-87	-52	-15	18	46	80	105	134	166	192	213	228	238	239	232	226	214	201	180	152	120	82	46	7	-18	-50	-76	-103	-131	-154	-178	-189	-193	-191	-178	-158	-140	-125	-101	-75	-46	-8	24	51	83	109	130	159	183	203	216	218	217	210	201	188	173	156	134	110	81	52	23
64	170	2	2	119	0	1953125	12	0.0	0	0.67	0	0	V0.2	0	0	51	56	55	49	53	54	56	63	45	64	53	63	53	63	59	57	55	60	63	57	69	64	92	45	98	50	135	53	127	88	152	207	35	204	41	284	186	172	197	216	376	80	376	249	685	722	62	335	254	1000	912	97	556	81	681	697	148	428	191	427	419	236	267	173	235	166	135	100	81	73	50	49	55	62	65	80	77	76	75	78	69	76	75	73	74
64	170	2	2	119	0	1953125	12	0.0	0	0.68	0	0	V0.2	0	0	164	203	205	159	185	217	176	158	215	207	153	195	222	169	165	221	192	146	211	215	137	189	249	171	122	259	249	109	175	267	199	94	342	373	190	382	490	295	263	683	721	460	524	748	813	590	918	737	621	614	864	1000	581	595	560	288	347	454	197	149	454	401	113	264	352	230	36	239	268	120	100	227	202	48	156	214	117	89	181	158	73	147	174	95	108
64	170	2	2	119	0	1953125	12	0.0	0	0.64	0	0	V0.2	0	0	32	35	35	32	37	43	40	40	48	50	47	46	50	51	52	58	64	64	71	85	92	95	102	111	114	121	130	129	129	133	158	177	180	223	269	359	424	491	541	600	690	697	551	486	419	425	234	428	446	513	587	821	1000	818	980	926	762	525	422	353	253	246	240	271	236	201	195	193	157	129	117	114	99	78	82	85	71	68	74	72	61	60	69	63	54
64	170	2	2	119	0	1953125	12	0.0	0	0.60	0	0	V0.2	0	0	21	23	21	19	22	26	26	21	25	29	32	30	31	34	33	30	30	37	38	36	32	41	48	49	45	52	60	61	58	86	95	103	93	87	99	143	173	184	149	121	151	157	235	354	399	442	461	518	429	481	362	294	542	750	848	1000	954	994	882	675	540	418	332	234	174	159	153	170	162	150	145	137	118	92	71	66	60	49	48	56	55	45	41	49	49
64	170	2	2	119	0	1953125	12	0.0	0	0.56	0	0	V0.2	0	0	22	22	20	21	22	21	17	17	22	26	27	25	25	28	28	26	24	27	31	32	29	30	38	42	38	35	32	42	46	45	45	56	39	32	44	92	72	27	124	237	385	388	495	499	453	357	463	414	412	564	567	749	878	1000	957	749	502	398	376	297	344	291	300	242	224	202	169	152	147	146	121	111	106	105	100	84	69	63	66	63	52	47	51	54	50
64	170	2	2	119	0	1953125	12	0.0	0	0.43	0	0	V0.2	0	0	8	10	10	10	7	4	4	6	10	12	14	14	11	9	10	13	12	14	17	14	12	11	21	28	35	42	47	46	27	27	40	47	81	80	102	263	382	461	533	427	390	201	140	224	600	539	875	799	463	362	195	704	1000	855	887	461	511	293	185	95	185	218	246	247	223	215	182	152	90	66	37	21	22	18	24	17	15	6	6	10	18	19	20	19	14
64	170	2	2	119	0	1953125	12	0.0	0	0.56	0	0	V0.2	0	0	14	17	16	14	11	14	16	16	15	19	22	26	21	21	23	29	29	30	32	36	46	55	63	69	60	48	34	15	22	34	50	63	61	86	132	218	270	305	377	405	379	469	429	411	517	482	795	578	615	599	362	245	609	628	1000	981	698	594	325	174	261	262	286	335	297	275	254	178	100	62	79	95	95	77	67	60	50	38	45	54	58	45	34	33	39
64	170	2	2	119	0	1953125	12	0.0	0	0.51	0	0	V0.2	0	0	15	14	15	18	20	20	19	19	18	20	23	23	22	24	25	29	29	30	28	30	35	40	44	53	63	68	70	72	73	81	68	42	51	99	129	289	349	395	427	515	444	462	452	466	434	383	421	439	652	559	786	1000	958	929	651	269	214	169	14	47	43	81	89	63	78	64	42	22	4	27	48	51	46	34	27	29	37	38	33	21	17	21	33	34	29
64	170	2	2	119	0	1953125	12	0.0	58545	11.07	0	0	V0.2	0	0	-16	-17	-9	-14	72	42	13	-9	-31	-58	-87	-112	-134	-145	-148	-153	-150	-143	-138	-129	-112	-92	-60	-29	3	32	55	79	105	126	149	172	189	193	192	183	172	164	150	132	113	88	55	18	-15	-45	-72	-100	-124	-141	-165	-187	-188	-193	-185	-176	-158	-143	-132	-111	-85	-53	-19	16	52	82	111	132	153	172	188	202	207	203	195	184	169	149	132	105	80	55	24	-5	-24
64	170	2	2	119	0	1953125	12	0.0	0	0.48	0	0	V0.2	0	0	3	2	4	1	5	2	4	7	2	5	7	7	4	12	12	1	10	14	8	26	31	11	35	65	68	60	113	128	69	125	233	224	268	480	554	433	452	613	556	434	474	288	157	485	514	360	394	263	313	870	859	328	697	896	728	861	1000	858	580	451	465	384	266	226	185	103	53	51	39	42	49	39	25	14	13	10	5	5	8	9	4	4	1	2	2
64	170	2	2	119	0	1953125	12	0.0	0	0.47	0	0	V0.2	0	0	9	12	15	16	16	12	8	10	16	23	25	24	21	18	18	22	24	26	24	16	12	18	35	50	52	55	45	38	49	64	82	94	105	82	73	40	32	106	113	104	211	194	352	402	495	554	548	536	535	460	513	688	720	995	1000	819	948	824	635	562	392	386	295	247	206	160	138	137	133	141	133	118	103	88	77	72	71	64	57	49	43	42	45	48	47
64	170	2	2	119	0	1953125	12	0.0	0	0.48	0	0	V0.2	0	0	20	19	17	18	22	24	24	22	20	20	24	29	37	38	36	32	31	34	39	49	56	46	45	50	46	62	95	82	72	65	22	34	52	84	60	105	97	223	225	308	611	694	742	945	866	771	876	612	607	609	433	377	546	756	766	999	886	839	702	605	485	423	206	168	99	81	73	65	53	47	57	77	83	85	72	46	29	28	39	47	44	38	24	18	25
64	170	2	2	119	0	1953125	12	0.0	0	0.37	0	0	V0.2	0	0	7	5	4	0	1	3	6	8	9	10	11	11	11	8	6	3	3	5	11	7	7	4	4	20	30	39	48	45	60	85	58	83	81	105	130	72	45	164	315	445	500	510	308	317	391	181	237	482	586	924	961	999	652	454	374	498	396	481	479	630	393	456	259	248	143	76	21	11	38	30	41	50	39	43	32	24	16	14	10	13	15	13	14	12	10
64	170	2	2	119	0	1953125	12	0.0	0	0.49	0	0	V0.2	0	0	11	9	8	6	6	8	8	8	8	4	5	8	10	11	11	9	7	2	3	6	6	11	16	19	28	30	46	62	75	87	93	117	177	185	219	218	256	263	169	209	204	147	181	255	361	325	408	539	204	366	575	811	1000	904	769	672	558	301	182	129	112	144	195	131	111	122	123	113	130	106	95	81	56	41	42	46	45	38	23	10	13	23	29	24	16
64	170	2	2	119	0	1953125	12	0.0	58570	11.07	0	0	V0.2	0	0	159	173	178	185	171	151	120	81	46	12	-20	-48	-80	-116	-144	-173	-194	-202	-200	-197	-192	-185	-176	-160	-133	-102	-66	-34	5	39	66	94	122	155	187	210	227	234	234	222	207	197	183	163	138	110	73	37	1	-37	-67	-92	-122	-147	-176	-198	-211	-206	-197	-189	-170	-163	-150	-129	-105	-74	-36	-1	30	56	85	106	131	159	181	193	196	195	185	176	165	157	142	116	90
64	170	2	2	119	0	1953125	12	0.0	0	0.47	0	0	V0.2	0	0	1	3	2	1	4	3	3	2	4	0	4	1	6	2	4	3	4	1	6	4	6	7	15	12	21	34	24	25	52	52	28	62	87	66	37	109	137	105	148	242	268	294	421	466	459	608	777	800	858	1000	916	706	690	601	325	159	165	117	44	27	58	44	28	38	37	26	32	38	36	32	27	19	13	15	16	12	6	3	4	4	1	2	1	1	1
64	170	2	2	119	0	1953125	12	0.0	0	0.51	0	0	V0.2	0	0	18	21	27	31	27	24	21	23	32	35	33	31	29	30	36	38	32	28	29	40	54	55	52	55	67	92	121	138	176	164	185	221	322	381	424	468	524	539	606	771	783	811	867	1000	893	918	904	738	378	429	306	407	377	350	755	666	280	358	369	378	402	411	326	299	231	192	164	137	98	73	24	8	16	23	27	30	40	41	41	33	27	27	28	32	31
64	170	2	2	119	0	1953125	12	0.0	0	0.52	0	0	V0.2	0	0	11	17	24	25	21	17	21	28	32	31	24	20	26	32	30	28	24	27	36	39	35	33	39	42	57	74	88	124	144	187	229	259	272	331	410	455	462	524	553	561	522	641	670	582	471	659	623	537	776	795	922	1000	783	664	452	233	234	250	196	158	107	82	78	50	31	66	43	47	46	33	24	28	32	28	22	23	31	38	36	29	27	27	32	28	27
64	170	2	2	119	0	1953125	12	0.0	0	0.50	0	0	V0.2	0	0	6	5	4	5	7	8	8	7	6	9	12	14	13	12	12	10	12	11	14	13	12	13	17	15	25	35	51	55	67	82	44	61	35	43	60	99	150	154	229	314	404	531	434	329	326	166	243	243	282	384	556	794	846	807	1000	953	804	734	619	511	335	271	240	173	146	116	105	91	87	81	72	66	54	48	46	45	37	27	20	21	25	27	23	15	16
64	170	2	2	119	0	1953125	12	0.0	0	0.52	0	0	V0.2	0	0	18	17	17	15	16	19	21	19	21	21	23	26	26	27	24	27	28	22	24	23	29	29	27	30	34	48	53	69	73	70	73	39	75	74	150	135	296	335	535	563	746	794	681	815	792	874	1000	465	658	620	433	310	334	79	238	284	202	282	440	389	235	253	187	152	161	146	104	65	58	75	80	71	58	38	36	47	48	43	27	16	24	35	34	25	12
64	170	2	2	119	0	1953125	12	0.0	0	0.56	0	0	V0.2	0	0	18	13	13	18	23	23	21	21	27	33	33	31	33	35	37	37	42	47	51	46	42	38	47	48	49	66	75	76	88	61	99	88	136	168	173	111	220	296	196	479	595	608	560	532	651	632	676	920	824	1000	750	922	764	830	894	965	350	484	631	419	269	360	192	151	191	200	137	90	57	55	60	50	31	45	65	68	52	44	59	67	68	48	36	45	56
64	170	2	2	119	0	1953125	12	0.0	58572	11.07	0	0	V0.2	0	0	55	49	54	61	117	148	174	198	208	209	208	204	198	190	180	155	122	87	52	15	-18	-51	-77	-102	-130	-160	-188	-200	-206	-210	-200	-188	-182	-173	-151	-121	-84	-47	-9	29	62	88	120	150	179	202	220	230	228	221	218	209	202	183	157	125	90	49	6	-25	-50	-80	-107	-132	-160	-182	-194	-202	-203	-189	-178	-167	-151	-129	-108	-81	-44	-11	19	45	73	100	126	154	178
64	170	2	2	119	0	1953125	12	0.0	58556	11.07	0	0	V0.2	0	0	-95	-91	-81	-76	59	76	75	44	-2	0	-6	-14	-12	-5	35	45	26	23	17	11	-18	-41	-26	-17	17	25	24	35	47	77	51	39	7	-11	0	7	8	42	106	90	74	-19	-72	-50	-10	27	42	33	12	-5	10	42	37	45	13	10	29	44	37	17	22	20	35	38	41	13	-28	-5	27	27	34	34	-8	-30	-25	11	34	-2	-31	-53	-77	-58	-47	-11	-16
64	170	2	2	119	0	1953125	12	0.0	0	0.52	0	0	V0.2	0	0	3	3	4	2	6	2	5	2	6	4	3	4	6	9	3	5	5	8	4	14	3	11	6	26	15	33	39	13	65	101	69	114	198	156	197	280	216	267	378	301	281	391	333	292	419	443	375	684	822	623	886	999	676	742	758	448	444	411	191	169	170	92	69	67	33	44	29	25	22	11	13	9	7	5	5	10	12	11	12	9	5	2	5	4	4
64	170	2	2	119	0	1953125	12	0.0	0	0.60	0	0	V0.2	0	0	22	22	15	15	22	22	16	14	19	25	23	18	22	26	21	26	37	40	38	36	39	43	41	38	47	66	73	116	150	152	189	227	183	248	340	255	209	120	222	258	178	160	394	492	326	357	513	850	846	1000	896	850	535	699	870	583	258	528	427	346	185	241	229	255	224	208	209	165	145	98	77	66	48	26	34	47	51	48	44	50	43	36	40	46	40
64	170	2	2	119	0	1953125	12	0.0	0	0.57	0	0	V0.2	0	0	19	22	27	27	23	22	26	29	27	23	24	29	30	29	28	30	31	29	24	28	38	43	45	39	52	62	66	64	77	94	78	83	131	108	134	157	199	178	159	227	270	220	280	446	434	507	494	727	739	738	1000	832	737	706	861	698	349	340	247	228	124	91	18	15	51	55	52	59	81	92	89	76	64	71	69	55	42	41	46	43	34	28	34	37	27
64	170	2	2	119	0	1953125	12	0.0	0	0.58	0	0	V0.2	0	0	26	21	19	25	29	28	21	24	32	34	30	26	30	37	31	26	32	37	34	23	25	39	50	51	52	71	78	79	89	90	79	103	111	133	72	191	257	170	252	292	430	365	355	620	555	642	952	820	904	770	1000	873	619	747	484	551	278	158	197	74	199	97	80	83	75	131	98	100	84	92	93	65	47	46	48	44	28	38	51	46	33	34	43	45	37
64	170	2	2	119	0	1953125	12	0.0	0	0.56	0	0	V0.2	0	0	22	20	24	29	30	26	28	37	39	37	35	36	41	44	40	43	45	51	53	50	53	66	70	81	73	63	83	77	65	36	58	86	84	120	185	269	287	411	513	589	439	667	757	446	718	878	843	899	1000	957	576	643	648	256	455	610	293	186	433	305	228	256	228	173	150	136	71	83	78	75	54	55	67	74	64	54	54	62	62	48	35	43	52	48	34
64	170	2	2	119	0	1953125	12	0.0	0	0.52	0	0	V0.2	0	0	14	14	10	8	10	15	18	16	12	10	14	19	19	19	21	22	25	25	20	19	20	21	26	24	28	27	48	49	45	60	89	100	166	190	152	152	205	241	223	346	428	303	473	647	360	771	1000	719	743	690	475	486	667	391	83	113	64	164	213	185	210	175	57	115	85	68	75	61	46	41	50	42	29	20	22	28	26	20	12	15	19	24	18	12	11
64	170	2	2	119	0	1953125	12	0.0	0	0.51	0	0	V0.2	0	0	12	8	11	20	22	18	14	13	23	26	27	25	21	23	28	33	33	29	28	33	39	38	38	30	50	51	62	82	68	73	97	159	184	233	264	293	194	260	285	202	541	566	295	634	670	223	957	927	852	988	1000	648	599	684	409	285	310	308	427	448	385	433	334	276	262	219	140	105	93	69	71	65	56	36	25	31	37	36	25	20	21	31	35	27	19
64	170	2	2	119	0	1953125	12	0.0	0	0.56	0	0	V0.2	0	0	13	10	10	14	15	14	12	14	19	22	20	22	24	27	25	24	27	32	37	38	32	37	49	60	60	42	50	53	52	35	8	40	87	56	48	148	170	198	325	485	384	425	549	307	479	621	616	681	581	775	680	823	1000	846	753	421	441	333	194	196	155	152	154	112	139	93	89	79	83	102	96	87	71	62	68	65	55	47	48	52	52	38	35	37	39
64	170	2	2	119	0	1953125	12	0.0	0	0.56	0	0	V0.2	0	0	17	13	15	21	22	19	19	25	29	30	26	27	30	34	31	29	36	46	49	46	40	40	43	37	24	10	26	34	45	76	115	137	150	159	135	190	276	272	304	324	241	146	199	264	195	127	398	543	743	667	899	1000	898	758	762	734	484	519	479	293	255	207	138	96	107	79	42	40	53	51	40	45	63	72	69	58	56	60	59	53	44	49	51	47	40
64	170	2	2	119	0	1953125	12	0.0	0	0.51	0	0	V0.2	0	0	22	20	17	17	18	21	23	21	17	14	17	24	25	27	27	25	27	29	26	26	26	29	36	48	47	51	53	46	47	44	62	67	53	70	22	85	158	228	116	222	313	217	203	424	433	567	818	1000	965	921	822	931	907	759	953	849	495	656	471	398	372	274	199	152	135	125	131	114	86	68	63	62	66	61	47	38	44	53	50	44	35	31	41	44	40
64	170	2	2	119	0	1953125	12	0.0	58545	11.07	0	0	V0.2	0	0	-31	-36	-41	-44	189	169	138	106	65	28	-4	-27	-53	-81	-112	-138	-162	-175	-187	-187	-179	-170	-162	-143	-124	-102	-71	-32	7	41	72	102	129	160	189	210	223	231	232	226	220	207	194	175	150	119	88	50	10	-25	-52	-81	-107	-127	-150	-175	-184	-186	-184	-177	-168	-151	-132	-109	-87	-51	-15	18	51	84	111	138	161	184	201	215	226	225	220	212	198	181	159	136	111
64	170	2	2	119	0	1953125	12	0.0	58566	11.07	0	0	V0.2	0	0	-11	-12	-12	-10	25	17	-2	1	-1	29	76	90	62	12	-1	-20	-34	6	14	8	-1	-16	-11	-18	-5	21	24	23	16	13	23	38	16	-2	-3	1	-20	-17	-19	-17	7	43	34	0	-10	-30	-20	-6	21	18	1	5	4	28	0	-31	-26	-17	1	30	55	63	36	18	16	0	-12	-37	-11	12	19	30	35	50	51	29	5	-7	4	13	8	-18	15	59	24
64	170	2	2	119	0	1953125	12	0.0	0	0.50	0	0	V0.2	0	0	4	10	1	12	1	11	8	15	4	16	16	13	11	15	18	3	13	16	20	22	38	9	35	16	43	12	71	113	27	129	250	132	154	311	118	176	169	242	322	225	677	653	349	775	689	337	548	214	745	1000	388	760	852	162	775	735	149	316	183	137	166	61	162	107	51	89	78	76	91	53	45	32	0	4	18	21	20	24	15	17	8	16	4	2	8
64	170	2	2	119	0	1953125	12	0.0	58561	11.07	0	0	V0.2	0	0	-99	-90	-70	-64	-57	55	10	-25	-59	-96	-135	-172	-208	-234	-252	-258	-265	-264	-259	-260	-249	-226	-199	-164	-128	-93	-64	-34	-5	25	58	91	119	137	148	154	155	149	146	141	128	107	83	52	21	-9	-36	-57	-83	-109	-132	-158	-177	-186	-187	-181	-177	-172	-168	-156	-143	-126	-96	-68	-47	-19	1	21	38	55	73	85	93	95	82	72	64	53	35	24	5	-16	-36	-60	-80
64	170	2	2	119	0	1953125	12	0.0	58568	11.07	0	0	V0.2	0	0	-8	-12	-10	-11	-11	-70	-38	17	77	90	57	-8	-42	-33	-3	54	83	76	3	-73	-89	-62	-5	39	82	75	31	-25	-52	-9	60	89	47	2	-8	-44	-39	33	21	63	59	9	-2	-6	-2	16	32	82	87	72	-2	-57	-72	-29	17	27	31	-11	-48	-39	-21	17	50	74	81	32	1	-39	-38	7	29	44	26	-21	-58	-49	-25	72	98	81	65	6	-53	-67	-36
64	170	2	2	119	0	1953125	12	0.0	0	0.52	0	0	V0.2	0	0	10	6	9	9	9	7	11	8	9	15	5	15	4	14	6	17	12	16	3	23	14	22	19	20	36	23	43	11	63	36	57	87	93	75	121	124	67	198	149	71	252	353	305	589	807	719	946	998	805	999	862	332	382	569	415	262	496	455	261	303	202	77	75	27	17	16	13	26	40	36	36	21	15	1	18	14	20	16	14	15	15	12	13	13	15
64	170	2	2	119	0	1953125	12	0.0	0	0.56	0	0	V0.2	0	0	15	10	13	18	20	16	13	20	26	28	24	26	30	33	34	30	39	45	55	51	52	60	69	79	76	61	65	58	93	83	107	104	99	112	146	105	115	360	493	528	642	623	514	673	572	586	639	720	792	913	871	735	977	1000	831	620	575	453	398	331	317	305	329	278	231	181	170	141	117	102	80	77	72	75	60	55	67	76	71	55	46	54	61	55	40
64	170	2	2	119	0	1953125	12	0.0	58571	11.07	0	0	V0.2	0	0	44	57	52	52	44	57	89	123	154	174	183	184	184	185	185	181	172	152	122	87	58	21	-6	-32	-61	-90	-117	-141	-160	-170	-172	-173	-164	-160	-153	-138	-120	-90	-55	-20	12	37	66	93	116	139	162	178	186	191	192	185	175	161	145	122	103	76	42	9	-26	-58	-78	-97	-120	-138	-162	-178	-185	-180	-170	-156	-138	-126	-109	-84	-58	-25	7	38	74	103	125	144	163
64	170	2	2	119	0	1953125	12	0.0	58620	11.08	0	0	V0.2	0	0	20	11	0	-12	22	-10	-39	-65	-43	-9	39	56	51	31	6	20	39	81	76	36	12	-1	34	9	14	55	80	49	-9	-51	-55	-36	16	62	61	50	26	32	41	46	60	68	51	5	-34	-52	-65	-12	36	82	49	16	-23	-42	-22	9	61	79	9	-46	-86	-62	-29	41	69	107	76	2	-68	-88	-56	10	49	27	-22	-64	-71	-51	-13	49	91	93	59	17	-17
64	170	2	2	119	0	1953125	12	0.0	58581	11.07	0	0	V0.2	0	0	40	47	53	57	15	-38	-40	-16	36	66	62	28	-13	-61	-101	-82	-18	39	49	45	38	21	6	1	19	15	-13	-19	-40	-50	-22	-5	22	75	85	48	-3	-27	-39	-18	3	14	1	13	3	5	5	11	54	50	14	-13	-4	-13	-17	-12	17	12	12	6	-7	-12	-8	20	63	67	17	-43	-36	15	52	89	111	85	46	-1	-15	-44	-52	-35	10	58	68	39	68
64	170	2	2	119	0	1953125	12	0.0	58608	11.08	0	0	V0.2	0	0	-41	-28	-19	-8	-4	4	25	43	32	20	23	-3	-5	6	35	48	22	-3	-21	-27	-10	21	47	32	51	61	75	75	15	-2	7	37	36	10	-2	8	46	68	61	32	-29	-62	-82	-50	22	45	66	41	30	-19	-18	-26	-24	-41	-21	-9	20	2	-25	-21	3	27	7	11	-9	-44	-35	-38	27	78	96	43	-4	-7	-12	-16	-8	20	32	14	-1	-13	7	32	33
64	170	2	2	119	0	1953125	12	0.0	58591	11.07	0	0	V0.2	0	0	158	166	173	175	-22	-32	-4	42	49	54	52	29	-3	-31	-5	35	62	66	54	28	11	23	40	3	-3	11	20	1	-10	8	30	47	62	71	49	-2	-27	-42	0	31	65	90	87	23	-14	-22	-7	-14	-26	-33	-14	-2	6	-9	-5	29	59	3	-34	-44	-16	19	15	5	10	-4	-39	-41	-33	-30	-21	-17	-1	-2	-1	9	-5	1	25	43	29	14	-12	-22	-10
64	170	2	2	119	0	1953125	12	0.0	0	0.56	0	0	V0.2	0	0	11	11	15	13	13	10	16	8	22	13	16	13	14	17	15	24	15	22	4	27	9	30	10	38	10	62	33	84	108	3	113	96	55	85	177	85	136	200	161	156	133	284	187	389	276	359	533	450	1000	900	252	653	448	288	530	330	73	167	317	199	126	177	87	105	61	26	6	41	38	29	19	25	21	21	23	10	18	17	20	18	15	18	17	18	13
64	170	2	2	119	0	1953125	12	0.0	0	0.59	0	0	V0.2	0	0	16	21	19	12	17	21	22	16	14	22	25	24	16	18	21	19	18	18	21	17	16	25	27	36	30	36	46	66	76	73	108	174	195	284	360	452	434	332	482	356	529	527	363	582	487	332	578	488	326	324	895	783	564	937	1000	941	766	885	650	605	490	424	369	331	256	183	152	126	120	103	62	67	68	72	52	46	60	63	49	33	36	52	44	28	26
64	170	2	2	119	0	1953125	12	0.0	0	0.57	0	0	V0.2	0	0	18	16	12	16	18	14	11	12	16	13	5	8	18	23	22	20	22	27	25	28	29	30	27	32	36	48	55	60	92	104	127	162	204	254	228	166	211	128	123	116	445	442	500	592	633	653	666	572	308	422	634	586	669	912	1000	673	602	468	354	161	171	72	32	31	94	126	95	76	87	97	99	77	69	64	70	62	38	23	34	42	29	16	25	34	32
64	170	2	2	119	0	1953125	12	0.0	58615	11.08	0	0	V0.2	0	0	-27	-21	-17	-2	17	57	91	117	145	161	168	167	167	164	162	156	148	133	107	71	43	17	-5	-29	-53	-82	-111	-132	-140	-140	-142	-139	-134	-129	-127	-106	-84	-60	-28	10	34	54	75	97	116	142	161	179	182	181	171	155	141	123	107	90	62	29	-3	-32	-61	-80	-105	-127	-140	-157	-178	-186	-187	-170	-157	-136	-118	-99	-79	-51	-22	17	52	76	105	130	157	176	193
64	170	2	2	119	0	1953125	12	0.0	58592	11.07	0	0	V0.2	0	0	16	7	-1	-5	81	33	-1	-16	-9	38	74	73	49	28	22	21	22	38	28	33	-13	-57	-82	-63	-40	3	44	56	26	12	7	6	-6	30	44	28	15	1	-8	-8	47	78	82	52	45	20	-1	7	55	44	7	-35	-45	-49	-30	0	8	24	35	3	-6	-34	-19	11	50	55	0	-52	-54	-34	36	71	70	78	89	79	34	-9	4	1	17	-8	-13	24	37
64	170	2	2	119	0	1953125	12	0.0	58606	11.08	0	0	V0.2	0	0	-103	-99	-88	-81	34	6	-25	-49	-31	-7	19	42	23	-1	-13	-13	-14	-28	-1	30	22	11	-11	-10	-12	7	62	109	90	39	-18	-59	-54	-4	42	63	69	46	-9	-30	-13	15	48	26	34	15	31	53	46	54	49	48	24	-21	-42	-38	-7	21	54	43	6	-52	-71	-39	22	65	103	128	82	17	2	-6	23	44	87	76	49	-2	-14	20	68	91	80	49	31
64	170	2	2	119	0	1953125	12	0.0	58630	11.08	0	0	V0.2	0	0	218	221	227	206	91	60	29	3	-18	-42	-66	-88	-107	-119	-126	-125	-118	-110	-102	-93	-82	-63	-43	-16	12	39	66	88	109	126	142	157	164	169	168	161	155	146	133	117	96	71	47	29	2	-23	-22	-45	-71	-97	-115	-131	-140	-132	-125	-113	-97	-83	-61	-34	-6	19	51	82	110	131	152	167	181	188	199	199	195	189	170	151	130	105	83	55	28	-4	-38	-65	-89
64	170	2	2	119	0	1953125	12	0.0	58630	11.08	0	0	V0.2	0	0	218	221	227	206	91	60	29	3	-18	-42	-66	-88	-107	-119	-126	-125	-118	-110	-102	-93	-82	-63	-43	-16	12	39	66	88	109	126	142	157	164	169	168	161	155	146	133	117	96	71	47	29	2	-23	-22	-45	-71	-97	-115	-131	-140	-132	-125	-113	-97	-83	-61	-34	-6	19	51	82	110	131	152	167	181	188	199	199	195	189	170	151	130	105	83	55	28	-4	-38	-65	-89
64	170	2	2	119	0	1953125	12	0.0	0	0.58	0	0	V0.2	0	0	21	20	25	20	27	19	31	23	26	30	23	34	23	35	26	36	24	49	26	60	39	41	21	40	19	75	88	78	149	57	94	57	188	94	205	318	95	228	404	268	308	661	569	751	729	233	380	235	871	641	357	848	452	1000	964	595	939	603	356	429	138	146	15	175	184	204	159	86	60	13	41	66	77	69	66	31	33	31	30	33	33	36	31	37	33
64	170	2	2	119	0	1953125	12	0.0	0	0.59	0	0	V0.2	0	0	5	7	9	6	5	11	14	11	8	14	17	15	11	12	17	19	18	15	20	22	20	19	18	24	21	15	21	33	43	75	85	112	146	159	182	190	100	73	98	122	90	53	103	67	186	48	16	157	320	657	763	920	1000	721	639	573	463	337	497	327	284	264	166	188	169	110	65	69	64	61	42	42	44	41	33	28	30	31	27	19	13	21	22	17	15
64	170	2	2	119	0	1953125	12	0.0	58607	11.08	0	0	V0.2	0	0	10	-25	-62	-101	79	44	11	-18	-48	-81	-116	-146	-172	-186	-192	-192	-188	-186	-184	-172	-154	-131	-101	-68	-35	-3	23	52	82	116	141	161	174	178	177	170	168	164	155	141	119	92	58	27	1	-24	-44	-64	-88	-111	-132	-141	-151	-155	-149	-138	-125	-112	-98	-82	-62	-33	-6	17	40	66	87	107	127	140	150	154	155	151	139	123	110	93	72	52	28	2	-23	-46	-64
64	170	2	2	119	0	1953125	12	0.0	58610	11.08	0	0	V0.2	0	0	-8	-10	-14	-13	-17	-81	-79	-79	-64	-52	-44	-30	-46	-70	-89	-83	-69	-66	-64	-78	-59	-60	-89	-93	-68	-29	-11	-6	19	23	-13	-45	-76	-73	-56	-71	-90	-89	-76	-58	-59	-68	-81	-77	-65	-34	-28	-41	-38	-50	-52	-39	1	15	-24	-53	-74	-79	-81	-84	-73	-58	-44	-30	-26	-30	-45	-56	-74	-78	-44	-2	33	28	-33	-63	-82	-69	-46	-15	-4	-7	-11	-22	-64
64	170	2	2	119	0	1953125	12	0.0	58632	11.08	0	0	V0.2	0	0	-18	-19	-18	-18	11	21	50	89	106	94	44	41	9	2	9	31	58	62	19	-19	-32	-46	-56	-37	13	38	-4	-50	-63	-21	24	52	57	53	22	31	56	70	36	11	0	-9	-11	3	-16	-6	7	-8	-12	8	43	39	5	3	14	34	32	17	10	4	-11	-8	21	39	42	9	-19	-16	-2	14	56	84	79	85	62	20	-18	-26	-2	49	77	74	64	20	11
64	170	2	2	119	0	1953125	12	0.0	0	0.56	0	0	V0.2	0	0	22	18	23	29	28	24	25	33	37	32	26	35	44	50	45	41	49	58	58	56	58	63	64	59	50	50	59	65	64	42	47	78	125	194	326	385	387	413	439	349	435	544	511	532	510	325	395	360	310	350	709	635	869	1000	887	542	704	708	556	562	459	329	308	254	262	228	198	181	154	135	123	120	106	91	86	85	80	71	66	65	64	67	56	48	50
64	170	2	2	119	0	1953125	12	0.0	0	0.56	0	0	V0.2	0	0	22	18	23	29	28	24	25	33	37	32	26	35	44	50	45	41	49	58	58	56	58	63	64	59	50	50	59	65	64	42	47	78	125	194	326	385	387	413	439	349	435	544	511	532	510	325	395	360	310	350	709	635	869	1000	887	542	704	708	556	562	459	329	308	254	262	228	198	181	154	135	123	120	106	91	86	85	80	71	66	65	64	67	56	48	50
64	170	2	2	119	0	1953125	12	0.0	0	0.56	0	0	V0.2	0	0	13	12	16	20	17	14	18	25	26	20	19	27	35	38	36	33	36	42	38	37	40	47	45	46	44	49	62	74	86	76	87	87	124	169	240	328	319	353	391	324	384	434	530	475	397	407	373	369	159	283	489	502	809	1000	879	609	676	561	444	399	302	201	192	163	164	156	130	128	99	94	91	88	84	72	71	72	69	62	54	49	53	52	47	42	40
64	170	2	2	119	0	1953125	12	0.0	58617	11.08	0	0	V0.2	0	0	-177	-183	-198	-210	-219	-207	217	219	221	224	221	208	183	151	116	78	48	20	-15	-43	-73	-108	-142	-158	-171	-184	-187	-185	-181	-177	-166	-146	-123	-88	-57	-31	-3	27	52	78	112	134	157	169	174	173	170	164	155	150	134	112	86	59	23	-6	-27	-49	-70	-90	-111	-134	-145	-151	-149	-140	-132	-122	-108	-95	-75	-50	-19	12	36	58	75	94	114	132	147	154	156	152	145
64	170	2	2	119	0	1953125	12	0.0	58575	11.07	0	0	V0.2	0	0	-14	-9	-11	-10	-51	-50	-70	-94	-98	-86	-76	-49	-47	-39	-30	-11	-22	-63	-48	-86	-126	-115	-81	-48	-72	-116	-133	-122	-78	-53	-30	-29	-26	-2	-11	-37	-63	-87	-75	-74	-88	-63	-27	-8	-29	-48	-84	-95	-63	-56	-81	-59	-31	-13	-3	-46	-84	-90	-67	-68	-75	-51	-39	-42	-65	-86	-87	-87	-92	-87	-58	-68	-82	-105	-108	-82	-76	-64	-81	-76	-85	-101	-108	-100	-79
64	170	2	2	119	0	1953125	12	0.0	0	0.59	0	0	V0.2	0	0	3	4	3	3	4	8	3	6	2	9	7	11	7	6	6	8	9	11	23	5	13	11	23	12	63	50	53	99	54	27	113	135	31	173	199	18	199	221	16	223	255	82	277	212	294	551	463	775	989	588	691	1000	666	667	901	592	383	508	316	112	170	121	36	67	75	40	43	30	7	6	13	11	23	21	17	22	13	2	4	6	0	4	5	6	6
64	170	2	2	119	0	1953125	12	0.0	58596	11.07	0	0	V0.2	0	0	32	53	61	74	96	111	-105	-138	-161	-175	-188	-192	-196	-194	-187	-171	-147	-119	-89	-55	-27	9	45	79	113	145	173	203	219	223	225	226	223	222	212	191	166	136	99	65	36	11	-20	-54	-83	-108	-135	-150	-155	-157	-156	-157	-153	-139	-120	-100	-68	-32	-1	27	54	81	103	128	153	176	194	199	201	195	190	178	169	152	131	106	77	46	16	-15	-38	-62	-83	-102	-124
64	170	2	2	119	0	1953125	12	0.0	58600	11.08	0	0	V0.2	0	0	-52	-61	-60	-77	-96	28	-3	-37	-68	-101	-127	-146	-156	-159	-161	-157	-154	-149	-133	-111	-83	-51	-19	9	34	60	88	117	148	171	187	199	202	196	191	186	172	159	143	115	87	52	19	-11	-32	-52	-79	-100	-115	-129	-137	-140	-132	-127	-114	-97	-87	-73	-49	-20	12	39	65	89	114	140	153	169	183	191	189	182	171	160	145	126	112	90	65	39	10	-15	-27	-43	-73
64	170	2	2	119	0	1953125	12	0.0	58600	11.08	0	0	V0.2	0	0	-52	-61	-60	-77	-96	28	-3	-37	-68	-101	-127	-146	-156	-159	-161	-157	-154	-149	-133	-111	-83	-51	-19	9	34	60	88	117	148	171	187	199	202	196	191	186	172	159	143	115	87	52	19	-11	-32	-52	-79	-100	-115	-129	-137	-140	-132	-127	-114	-97	-87	-73	-49	-20	12	39	65	89	114	140	153	169	183	191	189	182	171	160	145	126	112	90	65	39	10	-15	-27	-43	-73
64	170	2	2	119	0	1953125	12	0.0	58603	11.08	0	0	V0.2	0	0	98	103	105	107	-48	-76	-64	3	16	37	7	-14	-23	-13	11	36	61	60	43	36	24	5	-7	-2	13	39	20	-8	-31	-7	14	40	42	23	33	44	43	40	32	0	-45	-49	-32	-11	25	49	25	-10	-21	-14	30	60	78	76	62	39	35	0	-9	-14	-6	-4	17	19	-1	-2	15	15	25	11	-10	-12	-21	-33	-49	-16	50	53	39	22	5	-24	-44	-45	-16
64	170	2	2	119	0	1953125	12	0.0	58595	11.07	0	0	V0.2	0	0	74	78	79	81	79	17	32	42	24	16	14	3	21	47	53	49	61	73	77	77	70	4	-42	-46	-30	6	57	50	37	3	-15	3	38	57	55	58	42	-7	-25	-27	8	34	41	36	42	27	10	5	7	-5	-10	-16	-40	-61	0	50	38	23	15	-7	-57	-60	-13	14	21	-4	-26	-32	-50	-43	-26	15	28	18	19	21	19	22	0	1	-21	-26	-1	24	31
64	170	2	2	119	0	1953125	12	0.0	58630	11.08	0	0	V0.2	0	0	60	45	36	28	0	39	67	47	18	0	-2	17	29	61	55	31	6	-30	-30	-23	-13	22	61	45	23	10	30	60	64	57	18	-26	-77	-76	-72	-71	-56	-31	31	44	12	10	7	-2	-15	-5	13	25	17	-8	3	36	15	1	8	1	10	11	8	7	16	9	26	19	-18	-30	-11	28	32	20	24	2	5	-14	-29	26	81	95	41	5	-14	-19	-22	-1	41
64	170	2	2	119	0	1953125	12	0.0	58616	11.08	0	0	V0.2	0	0	-106	-108	-100	-95	12	4	6	5	23	59	93	60	22	7	13	42	55	49	27	-14	-36	0	14	10	28	29	17	13	36	39	51	80	72	56	29	16	15	32	72	110	98	64	4	-47	-67	-43	-1	7	10	-5	-40	-46	-38	-41	-41	-37	-18	-26	-13	-19	11	39	43	67	32	20	6	-22	-49	-19	41	57	14	5	-3	-35	-83	-86	-64	-21	1	-39	-61	-56	-7
64	170	2	2	119	0	1953125	12	0.0	58657	11.09	0	0	V0.2	0	0	81	81	80	80	42	13	5	16	48	50	32	-38	-98	-107	-63	0	34	39	36	19	10	-9	-21	-19	6	22	12	-11	-37	-38	-19	2	47	24	-8	-16	-22	2	-9	18	32	51	66	53	25	30	53	63	49	27	9	14	39	39	84	122	115	91	25	-23	-49	-50	-31	15	33	15	-38	-38	-44	-80	-110	-87	-46	-31	-58	-85	-62	-16	35	65	48	5	-26	-45	-29
64	170	2	2	119	0	1953125	12	0.0	58661	11.09	0	0	V0.2	0	0	18	8	-1	-5	-8	32	2	-28	-60	-96	-125	-154	-176	-185	-186	-179	-173	-162	-151	-132	-103	-64	-28	6	40	69	100	133	165	193	218	239	248	249	247	242	234	224	210	191	153	120	84	46	12	-11	-35	-59	-85	-111	-134	-151	-158	-160	-147	-134	-123	-107	-89	-71	-43	-10	29	59	81	106	132	156	178	194	206	218	214	202	194	186	178	161	138	112	89	61	35	15	-6
64	170	2	2	119	0	1953125	12	0.0	58661	11.09	0	0	V0.2	0	0	18	8	-1	-5	-8	32	2	-28	-60	-96	-125	-154	-176	-185	-186	-179	-173	-162	-151	-132	-103	-64	-28	6	40	69	100	133	165	193	218	239	248	249	247	242	234	224	210	191	153	120	84	46	12	-11	-35	-59	-85	-111	-134	-151	-158	-160	-147	-134	-123	-107	-89	-71	-43	-10	29	59	81	106	132	156	178	194	206	218	214	202	194	186	178	161	138	112	89	61	35	15	-6
64	170	2	2	119	0	1953125	12	0.0	58636	11.08	0	0	V0.2	0	0	-159	-188	-208	-224	-15	-17	28	34	35	22	-4	-22	-43	-42	-37	-14	36	32	27	14	7	3	26	14	-6	-17	-10	4	11	25	25	-14	-5	18	13	-45	-44	-30	-18	-14	-41	-51	-40	-42	-19	27	40	46	2	-37	-30	-5	1	38	52	31	-8	-10	11	29	26	30	46	38	27	15	-1	-16	-45	-28	-8	2	10	21	25	25	49	50	17	-27	-31	-17	-17	-8	38
64	170	2	2	119	0	1953125	12	0.0	58631	11.08	0	0	V0.2	0	0	28	3	-9	-34	-31	-56	-85	-110	-134	-159	-166	-164	-156	-146	-137	-129	-115	-86	-58	-23	12	49	80	109	138	162	188	214	231	252	256	255	241	229	215	197	176	147	113	77	40	2	-36	-70	-103	-128	-144	-163	-182	-192	-189	-179	-167	-149	-133	-116	-94	-60	-28	11	47	88	120	150	173	198	223	239	243	245	242	237	223	211	194	171	144	116	82	53	21	13	-12	-47	-82
64	170	2	2	119	0	1953125	12	0.0	58631	11.08	0	0	V0.2	0	0	28	3	-9	-34	-31	-56	-85	-110	-134	-159	-166	-164	-156	-146	-137	-129	-115	-86	-58	-23	12	49	80	109	138	162	188	214	231	252	256	255	241	229	215	197	176	147	113	77	40	2	-36	-70	-103	-128	-144	-163	-182	-192	-189	-179	-167	-149	-133	-116	-94	-60	-28	11	47	88	120	150	173	198	223	239	243	245	242	237	223	211	194	171	144	116	82	53	21	13	-12	-47	-82
64	170	2	2	119	0	1953125	12	0.0	58638	11.08	0	0	V0.2	0	0	-36	-22	-11	32	22	15	7	7	6	28	40	43	12	-26	-12	9	7	5	10	41	27	-1	-17	-19	-17	-45	-50	-28	-45	-29	-33	-32	-22	-7	22	16	0	13	-5	11	15	20	30	65	53	12	-12	-23	-12	16	41	66	80	67	35	6	-4	-13	-19	-14	6	20	-8	-31	-37	-35	-25	-10	5	-11	-27	-27	9	37	15	33	33	-2	30	79	92	90	54	16	7
64	170	2	2	119	0	1953125	12	0.0	58646	11.08	0	0	V0.2	0	0	-58	-65	-70	3	57	113	111	70	10	-33	-56	2	59	78	68	64	59	20	-6	-9	13	62	43	-19	-58	-57	-63	-16	39	63	60	26	25	8	-14	-1	9	8	12	-7	-5	-2	-18	-20	-14	22	21	-20	-81	-89	-55	34	83	73	8	-45	-70	-49	-13	-7	34	58	64	11	-50	-57	-38	-1	46	45	28	-3	0	29	57	89	82	66	25	-46	-86	-80	-14	26	64
64	170	2	2	119	0	1953125	12	0.0	58648	11.08	0	0	V0.2	0	0	8	16	28	51	47	57	57	24	-10	3	26	67	87	58	-7	-27	21	32	43	53	47	18	-14	-23	2	32	54	64	51	41	58	49	42	26	38	63	46	20	-36	-95	-89	-62	-31	-8	-18	-29	-31	-46	-29	10	77	77	37	-47	-55	-8	15	3	33	39	31	24	36	33	40	58	60	42	-21	-89	-104	-47	4	37	54	28	5	-12	-1	20	49	91	107	92	22
64	170	2	2	119	0	1953125	12	0.0	0	0.77	0	0	V0.2	0	0	134	131	121	107	104	88	85	60	54	29	30	8	19	31	28	57	54	84	73	121	88	145	85	164	99	175	32	217	69	273	95	370	257	319	414	152	350	165	454	347	490	42	329	293	1000	577	364	183	872	927	314	885	202	675	189	847	899	158	240	52	271	143	115	48	107	117	185	154	196	180	203	186	178	162	165	147	144	138	141	128	106	113	105	92	84
64	170	2	2	119	0	1953125	12	0.0	0	0.76	0	0	V0.2	0	0	213	264	254	215	274	254	223	276	248	238	295	255	254	308	249	262	304	235	249	280	195	240	261	148	236	243	115	294	287	31	327	282	57	408	431	204	581	507	438	928	930	377	754	1000	695	900	697	194	474	614	144	486	611	408	712	754	428	696	873	341	443	598	230	184	386	169	163	227	166	202	239	119	228	235	122	202	214	138	205	196	149	215	180	152	211
64	170	2	2	119	0	1953125	12	0.0	58737	11.10	0	0	V0.2	0	0	103	81	69	59	-8	-40	-70	-103	-134	-163	-185	-198	-203	-204	-197	-192	-188	-174	-148	-119	-81	-46	-10	20	48	75	106	134	159	181	198	203	207	202	197	185	168	152	132	98	63	30	-3	-36	-66	-90	-114	-144	-168	-187	-198	-203	-196	-187	-168	-157	-145	-121	-93	-66	-34	3	36	68	92	121	144	163	177	190	193	188	180	169	155	134	116	89	66	41	11	-16	-20	-40	-71
64	170	2	2	119	0	1953125	12	0.0	58785	11.11	0	0	V0.2	0	0	148	136	119	101	-34	-1	23	-11	-48	-60	-46	-7	50	77	53	15	3	0	-27	-8	3	26	34	6	-28	-37	2	29	47	66	67	39	10	15	17	24	52	57	22	-37	-53	-68	-43	17	61	83	78	18	-53	-59	4	31	72	79	44	15	4	15	49	52	34	16	14	16	-14	-25	-35	2	37	21	-10	-13	-27	-25	20	70	64	9	-40	-58	-76	-40	15	42	28
64	170	2	2	119	0	1953125	12	0.0	0	0.76	0	0	V0.2	0	0	517	522	527	526	545	543	558	553	574	568	590	584	591	587	580	586	572	569	547	552	523	537	489	516	458	500	441	479	440	421	499	395	574	290	579	541	622	638	322	711	543	770	354	636	601	551	568	367	803	321	1000	648	614	754	111	653	353	530	320	284	396	317	369	253	337	300	344	319	333	338	362	362	357	368	372	373	365	367	366	370	359	355	355	360	346
64	170	2	2	119	0	1953125	12	0.0	59079	11.16	0	0	V0.2	0	0	98	59	19	3	-21	-20	-49	-74	-103	-137	-166	-180	-184	-186	-182	-175	-168	-154	-133	-106	-73	-35	0	34	67	97	128	159	184	208	223	234	237	232	225	212	197	179	158	122	87	52	15	-20	-50	-75	-102	-124	-146	-173	-185	-195	-193	-181	-167	-154	-139	-116	-87	-58	-24	12	39	67	93	122	145	175	199	213	221	217	209	204	192	172	156	137	113	84	55	23	0	-29	-51
64	170	2	2	119	0	1953125	12	0.0	0	0.80	0	0	V0.2	0	0	120	116	119	117	115	115	103	105	88	99	73	81	64	74	67	66	69	75	93	89	121	110	151	129	195	157	229	164	278	183	274	248	303	365	179	433	199	449	187	394	311	231	334	168	533	315	203	289	366	953	597	528	647	328	999	614	517	460	458	659	397	412	267	310	240	149	120	85	66	33	29	6	19	22	32	52	60	70	79	86	86	102	94	94	95
64	170	2	2	119	0	1953125	12	0.0	59069	11.16	0	0	V0.2	0	0	162	175	188	195	188	186	186	182	183	166	151	128	112	100	82	62	27	-6	-37	-64	-80	-106	-126	-131	-156	-138	-118	-92	-60	-31	-4	22	49	82	114	150	176	202	217	223	219	216	212	206	192	175	149	118	77	41	11	-18	-45	-71	-103	-136	-165	-177	-180	-184	-177	-164	-154	-141	-124	-99	-64	-28	5	36	69	95	129	157	183	207	220	228	230	226	221	211	202	182	155
64	170	2	2	119	0	1953125	12	0.0	59062	11.15	0	0	V0.2	0	0	-13	-24	-30	-40	-57	-64	-47	-35	-20	9	33	57	38	-31	-43	2	61	85	89	38	-4	-24	-22	8	49	65	55	57	14	-33	-31	-11	-4	-16	-20	-16	-31	-27	21	54	76	45	10	-38	-79	-64	-43	-8	9	9	-4	-39	-28	-24	-6	23	23	49	62	35	-4	-25	-24	9	47	41	9	-42	-54	-16	-5	1	13	-6	-44	-48	-10	2	25	81	106	73	33	6	-1
64	170	2	2	119	0	1953125	12	0.0	58995	11.14	0	0	V0.2	0	0	-40	-33	-25	-16	-9	0	5	13	-53	-62	-46	-52	-39	22	49	49	37	12	-39	-96	-98	-62	-7	6	14	-32	-94	-117	-103	-48	20	68	66	35	10	4	-47	-38	-12	1	-25	-37	-13	-1	-4	3	14	24	-7	-35	-45	-41	-25	13	41	51	-6	-52	-61	-59	-26	25	48	43	32	24	26	23	25	48	76	82	54	15	-60	-57	-22	5	-3	-18	-46	-28	-33	-33	-22
64	170	2	2	119	0	1953125	12	0.0	58998	11.14	0	0	V0.2	0	0	-37	-38	-34	-32	-30	2	-6	-10	-20	-40	-29	-18	-16	-39	-57	-29	-25	13	35	20	5	-17	-19	-2	-8	-37	-36	-29	-6	-5	14	13	20	43	49	59	45	23	-33	-38	-19	23	48	26	5	-31	-47	-10	-2	-17	-12	-13	-2	13	32	44	-5	-25	-23	-13	-9	-35	-34	-24	-7	12	35	52	43	50	44	25	19	-3	-16	-29	-13	-8	-11	-29	-42	-29	-5	17	37
64	170	2	2	119	0	1953125	12	0.0	6628	2.16	0	0	V0.2	0	0	133	134	124	120	109	115	90	88	73	87	46	54	30	44	25	19	46	27	56	40	92	55	102	93	164	144	224	180	302	138	325	52	296	77	290	135	551	227	685	409	828	640	737	798	543	1000	312	765	446	462	859	283	757	877	48	573	173	601	331	272	189	169	102	217	187	256	259	272	258	264	242	225	194	167	147	122	104	93	81	65	47	43	24	15	20
64	170	2	2	119	0	1953125	12	0.0	58967	11.14	0	0	V0.2	0	0	66	34	4	-7	34	75	22	15	12	13	7	0	-11	-21	-32	-31	-29	-25	-23	-28	-28	-24	-26	-24	-22	-20	-9	-5	2	1	1	5	15	23	28	40	48	56	60	60	55	53	62	61	59	59	54	53	60	62	58	54	42	24	15	9	0	-5	-5	-8	-12	-19	-19	-24	-28	-27	-26	-29	-32	-33	-34	-32	-26	-26	-24	-13	-5	3	6	8	14	25	36	38	43
64	170	2	2	119	0	1953125	12	0.0	58928	11.13	0	0	V0.2	0	0	63	66	64	62	61	63	70	71	68	31	-9	-16	-13	21	51	60	57	23	-2	-32	-26	11	20	11	7	-5	-30	-23	6	44	57	32	-14	-25	-49	-50	-35	48	95	70	15	-38	-44	-31	-20	-1	14	-10	-14	1	8	14	1	-3	-17	-15	-6	18	43	62	35	24	18	-8	-7	-23	-8	27	53	82	73	57	34	-12	-56	-55	-16	38	60	50	30	34	55	61	64
64	170	2	2	119	0	1953125	12	0.0	58932	11.13	0	0	V0.2	0	0	-52	-72	-91	-104	-15	-24	-21	5	19	36	8	-25	-36	-48	-53	-51	-18	25	64	49	21	-3	-8	-27	16	36	36	10	-19	-11	15	21	42	59	73	80	60	38	33	45	57	49	6	-34	-46	-16	43	92	96	80	27	0	9	20	25	44	52	32	13	-22	-46	-39	-24	9	60	81	74	55	27	8	-1	20	-7	-37	-31	-25	-24	-9	13	35	10	-57	-56	-35	-19
64	170	2	2	119	0	1953125	12	0.0	58910	11.13	0	0	V0.2	0	0	-49	-34	-13	8	4	40	52	44	36	18	-15	-63	-60	-29	22	41	15	-6	-20	5	38	72	80	59	34	9	31	25	23	27	16	-21	-43	-30	-10	-2	26	33	32	34	17	-6	-17	-11	62	88	94	68	68	77	77	57	49	60	57	78	42	5	21	67	96	106	87	39	-5	-41	-48	-52	-51	-24	17	6	-34	-34	-9	-8	-27	-23	0	-7	-16	-7	8	32	55
64	170	2	2	119	0	1953125	12	0.0	58927	11.13	0	0	V0.2	0	0	175	168	159	150	30	49	51	47	26	-6	5	-20	-11	1	46	43	41	42	43	12	9	12	3	7	3	-7	-7	23	19	5	1	-2	-38	-38	-6	17	36	65	58	38	12	-5	23	39	40	43	11	-9	0	37	35	38	28	43	79	71	35	1	-21	-12	9	15	15	41	27	18	52	102	103	72	20	7	7	10	2	24	41	4	-18	-25	-4	16	14	4	-13
64	170	2	2	119	0	1953125	12	0.0	58908	11.13	0	0	V0.2	0	0	131	121	107	77	7	-18	-25	15	46	38	46	33	-31	-28	-10	11	61	84	72	28	13	11	34	40	39	44	36	18	-11	-13	8	29	38	47	40	38	-4	-4	31	85	112	113	57	-54	-74	-40	3	123	151	129	56	-9	-24	-8	18	64	73	60	33	0	6	9	52	90	71	35	-3	-28	-5	59	79	89	75	-5	-77	-66	-39	8	62	112	111	61	0	-33	-22
64	170	2	2	119	0	1953125	12	0.0	58908	11.13	0	0	V0.2	0	0	153	177	200	219	45	42	28	13	-8	-27	-12	44	84	99	81	53	12	18	19	35	38	29	17	-11	-21	-24	1	15	3	37	91	40	7	-8	-4	15	7	23	26	28	53	90	95	101	79	35	27	58	72	47	29	13	34	66	64	50	39	32	40	38	25	17	-27	-57	-35	-10	6	18	12	9	-7	-32	-24	6	58	81	93	63	26	0	-11	12	34	40	65
64	170	2	2	119	0	1953125	12	0.0	58917	11.13	0	0	V0.2	0	0	-74	-91	-105	-116	-126	-8	-7	-3	22	28	17	40	71	96	87	47	3	-35	-38	-8	48	70	26	-9	-33	-58	-41	-1	51	95	91	58	18	1	9	11	20	13	-36	-34	-10	23	60	121	148	134	76	18	-10	4	47	76	78	64	35	3	-9	5	57	91	91	29	-35	-43	-62	-57	-21	44	73	76	37	14	1	20	0	20	10	-25	-34	-41	-24	19	35	49	31
64	170	2	2	119	0	1953125	12	0.0	58886	11.12	0	0	V0.2	0	0	178	187	192	197	202	-62	-57	-51	-46	-56	-35	-22	7	7	-11	-25	-11	-25	-39	-54	-61	-60	-42	-50	-58	-68	-41	-20	8	19	-30	-96	-89	-48	-20	47	49	4	-37	-22	11	37	50	26	-8	-30	-59	-70	-44	-3	5	-2	-1	-21	-52	-32	-35	-30	-23	-29	-55	-70	-89	-76	-25	-28	-75	-87	-75	-58	-60	-59	-44	-24	-36	-54	-64	-70	-97	-100	-74	-64	-83	-86	-82
64	170	2	2	119	0	1953125	12	0.0	58900	11.13	0	0	V0.2	0	0	3	-13	-25	-42	38	-3	-17	9	34	14	8	39	56	60	46	49	77	28	-24	-66	-60	-40	7	46	67	62	51	0	-39	-17	49	43	39	43	39	65	85	77	51	49	33	28	3	-17	-12	-9	4	2	-1	14	30	50	62	50	25	29	44	73	69	29	5	11	11	-29	-29	-9	-22	-15	8	43	51	40	45	22	-6	-26	-25	-3	22	19	18	16	32	0	18
64	170	2	2	119	0	1953125	12	0.0	0	0.65	0	0	V0.2	0	0	18	16	13	18	19	17	16	19	23	18	19	27	25	20	30	38	30	21	25	36	35	28	36	46	43	61	83	83	66	49	58	51	35	65	65	92	121	155	202	266	397	517	540	505	571	882	790	840	1000	720	503	503	467	418	513	629	354	256	199	205	199	202	129	114	112	132	98	84	88	88	55	42	54	51	32	38	50	46	23	33	46	32	17	27	33
64	170	2	2	119	0	1953125	12	0.0	0	0.65	0	0	V0.2	0	0	18	16	13	18	19	17	16	19	23	18	19	27	25	20	30	38	30	21	25	36	35	28	36	46	43	61	83	83	66	49	58	51	35	65	65	92	121	155	202	266	397	517	540	505	571	882	790	840	1000	720	503	503	467	418	513	629	354	256	199	205	199	202	129	114	112	132	98	84	88	88	55	42	54	51	32	38	50	46	23	33	46	32	17	27	33
64	170	2	2	119	0	1953125	12	0.0	58917	11.13	0	0	V0.2	0	0	54	40	20	12	-2	-21	19	42	67	100	132	158	181	192	196	191	188	181	172	158	141	117	83	47	15	-12	-41	-71	-97	-128	-153	-172	-184	-186	-179	-178	-178	-167	-152	-132	-99	-60	-24	8	33	62	85	112	138	168	193	206	214	211	200	188	177	163	142	118	86	50	15	-18	-55	-78	-109	-137	-155	-175	-194	-204	-204	-196	-185	-164	-149	-129	-110	-83	-50	-13	22	53	79
64	170	2	2	119	0	1953125	12	0.0	58939	11.13	0	0	V0.2	0	0	52	41	33	18	12	65	56	23	-2	16	28	54	70	55	8	-63	-50	-41	-13	6	7	0	9	-5	17	16	6	23	30	31	-12	-44	-45	-55	-29	-14	12	46	40	-3	-37	-34	16	27	48	78	37	-23	-23	-17	-10	-15	-28	-33	-15	4	38	76	105	87	33	16	15	-7	-36	-16	26	66	105	109	88	77	19	-25	-59	-53	-27	1	46	30	-2	11	44	85	85
64	170	2	2	119	0	1953125	12	0.0	58933	11.13	0	0	V0.2	0	0	-14	-7	2	6	14	-14	-20	-50	-60	-67	-47	-39	-33	-27	-51	-45	-11	7	-5	-43	-62	-67	-88	-96	-86	-107	-134	-165	-138	-95	-68	-83	-100	-104	-100	-98	-86	-98	-87	-64	-42	-37	-64	-88	-103	-74	-77	-74	-91	-70	-63	-91	-85	-64	-48	-44	-45	-57	-92	-111	-116	-116	-86	-86	-82	-48	-48	-78	-93	-77	-61	-36	-44	-67	-93	-99	-119	-122	-132	-121	-112	-108	-112	-89	-51
64	170	2	2	119	0	1953125	12	0.0	58914	11.13	0	0	V0.2	0	0	-74	-77	-72	-66	42	15	-7	-14	-9	16	47	52	41	40	7	-29	-17	6	42	72	31	-6	-35	-11	43	62	55	28	26	42	50	40	2	-15	-9	-10	-23	-24	-4	15	41	42	16	-12	-21	-8	-7	-23	-37	-66	-53	-57	-62	-52	-45	-14	19	78	75	42	21	-19	-35	-45	-40	14	22	24	42	41	39	42	30	25	3	-30	-48	-54	-48	-21	17	23	6	-11	-20
64	170	2	2	119	0	1953125	12	0.0	58929	11.13	0	0	V0.2	0	0	-31	-17	-10	-4	9	211	229	244	254	254	250	241	233	220	197	169	137	92	49	11	-18	-54	-85	-120	-149	-185	-204	-218	-218	-214	-206	-197	-183	-163	-136	-104	-62	-24	14	50	83	116	149	184	214	235	247	253	249	250	246	236	218	196	163	125	91	53	18	-9	-42	-66	-92	-127	-156	-175	-186	-184	-179	-172	-163	-149	-139	-116	-92	-55	-22	10	37	64	89	118	140	163	182
64	170	2	2	119	0	1953125	12	0.0	58929	11.13	0	0	V0.2	0	0	-31	-17	-10	-4	9	211	229	244	254	254	250	241	233	220	197	169	137	92	49	11	-18	-54	-85	-120	-149	-185	-204	-218	-218	-214	-206	-197	-183	-163	-136	-104	-62	-24	14	50	83	116	149	184	214	235	247	253	249	250	246	236	218	196	163	125	91	53	18	-9	-42	-66	-92	-127	-156	-175	-186	-184	-179	-172	-163	-149	-139	-116	-92	-55	-22	10	37	64	89	118	140	163	182
64	170	2	2	119	0	1953125	12	0.0	58878	11.12	0	0	V0.2	0	0	-157	-166	-177	-181	-183	-3	43	41	43	57	42	-10	-72	-69	-54	-11	26	71	62	13	-11	3	43	122	150	140	-2	-79	-105	-90	-30	25	41	60	48	26	27	48	71	41	27	1	-19	-1	7	1	-17	3	-6	-17	-15	-17	7	17	-27	-29	-27	-27	-39	-31	9	5	-9	4	12	3	4	20	14	2	0	9	6	-34	-68	-60	-24	14	12	2	11	27	11	-10	25
64	170	2	2	119	0	1953125	12	0.0	58875	11.12	0	0	V0.2	0	0	130	136	142	143	-1	-26	-24	17	46	38	8	-13	-7	-12	12	35	41	32	18	18	23	26	56	61	20	-42	-60	-45	-26	-1	22	45	24	-13	-7	-16	-14	-31	37	77	45	28	4	-60	-76	-40	-26	27	73	72	34	9	-23	-12	0	20	51	38	16	-19	-20	14	45	64	42	0	-12	11	35	40	29	34	32	10	-31	-42	-29	-7	-13	-47	-58	-60	-66	-22	25
64	170	2	2	119	0	1953125	12	0.0	58863	11.12	0	0	V0.2	0	0	-137	-151	-160	-164	-13	13	52	70	42	17	11	-4	-11	11	25	4	7	-6	-14	2	16	31	41	54	53	38	37	30	45	33	4	12	12	1	-11	0	5	-2	2	-2	-1	14	5	3	41	44	22	10	6	-39	-93	-89	-60	-32	-13	29	23	20	24	40	69	35	-31	-47	-49	-42	-48	-26	3	12	16	-8	-12	-11	-12	19	26	46	43	3	-2	9	27	10	5
64	170	2	2	119	0	1953125	12	0.0	58880	11.12	0	0	V0.2	0	0	-3	7	25	31	65	44	45	57	42	12	-17	-34	-11	-20	-12	-4	-1	1	14	24	20	8	-3	1	35	48	3	-46	-53	-47	-33	-31	-17	-15	-27	-37	-4	16	21	14	-35	-66	-69	-45	-13	32	69	65	37	7	-14	2	-1	25	47	37	8	5	22	24	13	2	8	12	12	14	18	0	4	24	30	-1	-42	-45	-18	20	51	54	10	16	6	-25	-18	5	12
64	170	2	2	119	0	1953125	12	0.0	58845	11.12	0	0	V0.2	0	0	-1	-14	-14	-31	200	220	236	240	242	240	234	228	220	200	174	138	99	62	36	6	-24	-54	-87	-118	-146	-159	-165	-170	-167	-159	-152	-133	-118	-96	-64	-26	7	36	70	95	122	153	184	214	231	243	241	236	228	220	210	195	173	142	109	78	40	4	-24	-47	-68	-89	-116	-139	-154	-161	-164	-155	-139	-129	-111	-87	-68	-41	-5	31	59	88	110	131	160	186	205	215	219
64	170	2	2	119	0	1953125	12	0.0	58845	11.12	0	0	V0.2	0	0	-1	-14	-14	-31	200	220	236	240	242	240	234	228	220	200	174	138	99	62	36	6	-24	-54	-87	-118	-146	-159	-165	-170	-167	-159	-152	-133	-118	-96	-64	-26	7	36	70	95	122	153	184	214	231	243	241	236	228	220	210	195	173	142	109	78	40	4	-24	-47	-68	-89	-116	-139	-154	-161	-164	-155	-139	-129	-111	-87	-68	-41	-5	31	59	88	110	131	160	186	205	215	219
64	170	2	2	119	0	1953125	12	0.0	58873	11.12	0	0	V0.2	0	0	89	88	86	83	27	49	26	-13	-11	-5	11	2	2	12	33	21	28	17	1	22	28	11	23	24	13	-2	10	24	28	19	12	8	1	-20	-14	-19	-20	4	45	78	55	24	-7	-18	-10	-44	-45	-46	-35	-47	-37	-23	-14	3	9	27	43	8	-1	-2	9	35	17	8	13	-2	-20	-18	4	20	-3	-20	-22	-14	1	22	54	90	61	32	25	21	-6	-10	-1
64	170	2	2	119	0	1953125	12	0.0	58875	11.12	0	0	V0.2	0	0	-5	-11	-13	-17	63	66	58	25	37	66	68	35	2	-13	-68	-125	-73	-14	17	19	20	17	5	-29	-22	10	14	35	40	47	30	-10	-49	-26	11	1	-19	-17	-39	-78	-66	-44	2	28	41	19	-2	-20	-22	-1	-3	-5	-7	1	-3	-5	-8	3	46	56	30	-16	-15	-8	11	41	49	44	23	0	-33	-57	-40	11	65	56	8	1	18	13	30	46	44	39	1
64	170	2	2	119	0	1953125	12	0.0	58873	11.12	0	0	V0.2	0	0	-38	-47	-58	-64	-66	2	-34	-58	-24	12	23	43	93	98	-9	-76	-71	-27	21	23	5	9	-4	-22	-35	-16	17	17	20	5	-5	0	34	68	75	55	13	-21	-36	-28	2	45	43	22	28	-9	-22	-12	21	64	69	46	51	31	0	-11	11	50	54	54	5	8	1	-32	-28	15	49	63	61	18	-13	-57	-48	-23	10	27	32	17	17	48	65	60	48	43	21
64	170	2	2	119	0	1953125	12	0.0	58893	11.13	0	0	V0.2	0	0	-146	-150	-145	-137	-16	-54	-50	-36	5	51	56	43	13	-18	-33	18	48	33	21	7	-6	-20	6	39	45	60	64	32	23	14	23	36	33	23	-15	-37	-22	-1	46	71	72	73	18	-13	-32	-53	-39	5	19	22	11	-2	-19	-37	-36	45	101	81	10	-28	-36	-36	-29	-11	-12	-3	23	24	-22	-41	-32	-15	5	-10	9	14	12	11	28	41	50	19	24	3	-45
64	170	2	2	119	0	1953125	12	0.0	58907	11.13	0	0	V0.2	0	0	22	11	-7	-16	-30	-46	5	9	7	7	29	44	35	12	20	4	-8	-24	-9	25	13	27	26	42	47	31	26	35	12	-29	-44	-39	-21	-13	-26	-31	-31	-15	-4	7	25	13	23	68	101	112	93	89	82	65	50	5	-10	-28	-21	2	4	1	-9	-11	-7	-20	-30	-10	10	28	3	-15	-44	-92	-80	-66	-32	9	31	15	10	-14	-40	-5	32	57	68	68	22
64	170	2	2	119	0	1953125	12	0.0	58880	11.12	0	0	V0.2	0	0	-120	-127	-128	28	20	13	21	2	5	-10	-35	-12	40	56	92	70	61	51	42	3	-7	31	59	61	64	66	38	27	14	13	6	-20	-54	-45	-11	-9	-17	-62	-53	-10	7	4	16	43	40	20	21	11	-3	-12	-39	-63	-23	19	33	38	3	-35	-20	7	10	-19	-38	-23	-37	-30	-36	-4	30	39	30	-30	-27	-22	11	59	35	16	-16	-23	-23	-31	-26	22	31
64	170	2	2	119	0	1953125	12	0.0	58907	11.13	0	0	V0.2	0	0	-92	-105	-111	11	17	29	32	31	23	40	62	26	-13	-20	-17	-5	17	35	55	62	44	21	8	19	14	4	54	61	46	27	17	45	52	55	9	-26	-25	13	31	15	-19	-29	-21	2	13	13	-49	-91	-86	-45	-29	-7	3	31	18	4	9	9	-17	-35	-54	-30	-6	12	23	1	-54	-79	-86	-73	-29	13	38	37	24	15	23	30	22	31	58	66	85	47	-8
64	170	2	2	119	0	1953125	12	0.0	0	0.74	0	0	V0.2	0	0	136	131	159	138	139	164	141	143	172	147	151	180	154	152	185	151	147	180	133	128	180	129	105	168	126	85	165	111	101	189	119	99	266	208	55	290	322	141	294	387	274	358	424	384	124	62	149	535	621	580	838	1000	776	486	678	489	331	552	564	334	462	451	230	202	320	174	67	161	81	107	178	90	96	174	105	88	166	105	84	152	112	77	139	110	78
64	170	2	2	119	0	1953125	12	0.0	0	0.74	0	0	V0.2	0	0	136	131	159	138	139	164	141	143	172	147	151	180	154	152	185	151	147	180	133	128	180	129	105	168	126	85	165	111	101	189	119	99	266	208	55	290	322	141	294	387	274	358	424	384	124	62	149	535	621	580	838	1000	776	486	678	489	331	552	564	334	462	451	230	202	320	174	67	161	81	107	178	90	96	174	105	88	166	105	84	152	112	77	139	110	78
64	170	2	2	119	0	1953125	12	0.0	58855	11.12	0	0	V0.2	0	0	104	125	150	168	183	197	174	175	172	165	158	144	125	90	55	13	-27	-60	-94	-127	-160	-197	-233	-260	-277	-286	-291	-287	-283	-276	-267	-248	-223	-192	-154	-115	-79	-41	-9	21	49	82	109	130	145	155	153	152	148	138	125	104	75	39	3	-32	-62	-86	-118	-149	-177	-207	-233	-247	-249	-257	-254	-244	-235	-222	-205	-183	-159	-129	-99	-67	-33	-8	17	40	66	87	99	109	107
64	170	2	2	119	0	1953125	12	0.0	58868	11.12	0	0	V0.2	0	0	-4	-4	-6	-8	-16	-11	-15	1	28	45	27	10	11	-1	-21	5	19	30	43	51	41	28	36	30	-9	-29	-14	29	42	37	-10	-23	-3	-15	-2	26	51	48	31	38	30	22	33	-24	-46	-50	-20	34	94	96	39	0	-2	-13	0	42	58	19	1	-2	10	7	12	-4	9	14	-12	-32	-6	35	45	39	23	-4	-14	-30	-40	-26	11	15	10	19	18	-5	-19
64	170	2	2	119	0	1953125	12	0.0	58865	11.12	0	0	V0.2	0	0	110	102	98	92	30	19	18	33	49	49	24	17	29	34	31	15	11	8	12	6	-7	-6	-15	-42	-66	-73	-36	17	52	52	42	13	-37	-77	-82	-78	-59	-23	-3	-2	0	19	40	60	49	28	20	27	44	56	38	11	-20	-23	-36	-13	-2	-32	-37	13	41	36	8	22	21	3	1	32	86	70	12	-4	-3	-12	-15	-18	-25	-15	10	20	37	27	16	-4	-6
64	170	2	2	119	0	1953125	12	0.0	58828	11.11	0	0	V0.2	0	0	66	70	68	-12	-35	4	24	42	26	18	-8	-5	-13	-28	17	73	62	17	-3	-7	32	71	93	74	30	-34	-78	-70	-32	-15	14	43	6	-18	-14	18	47	69	65	33	1	-53	-78	-58	-8	49	64	38	-16	-47	-35	-5	24	5	-11	-34	-41	-39	-48	-9	53	52	22	-3	-11	-32	-65	-59	2	33	40	24	6	0	2	-29	-22	5	35	48	47	14	13	25	50
64	170	2	2	119	0	1953125	12	0.0	58840	11.12	0	0	V0.2	0	0	8	8	9	8	36	34	55	47	36	3	-21	-22	-27	-44	-35	-10	18	32	37	44	7	12	18	3	1	5	18	22	4	-10	0	35	37	37	53	56	54	7	-19	-14	-8	-8	36	73	108	96	43	9	21	29	18	22	13	-9	-14	-12	-13	-19	0	15	3	-6	-6	-22	-50	-29	-12	2	-6	-34	-26	-10	25	55	57	55	41	-7	-23	-39	-24	-31	-39	-25	-24
64	170	2	2	119	0	1953125	12	0.0	58838	11.12	0	0	V0.2	0	0	42	31	16	5	-5	-31	8	22	7	-23	-35	-45	-43	-2	24	35	24	35	16	10	13	31	70	88	91	65	29	-5	-25	-44	-27	0	-5	-24	-60	-56	-7	49	70	72	60	45	52	14	-28	-18	16	36	40	50	65	57	33	15	12	-15	-1	18	20	25	22	39	27	-23	-23	-24	-8	-4	7	36	2	-65	-67	-42	14	39	55	40	15	-29	-20	35	46	27	22
64	170	2	2	119	0	1953125	12	0.0	58879	11.12	0	0	V0.2	0	0	-146	-136	-124	53	27	12	-14	-10	10	11	5	2	-53	-83	-64	-35	28	62	100	124	111	63	-5	-5	28	65	78	59	21	7	-44	-46	-5	42	37	36	33	2	-19	-22	6	25	3	-9	-20	-3	8	5	18	34	38	2	-34	-62	-57	-45	-34	2	32	-3	-36	-40	-1	23	23	19	-1	-16	0	7	3	11	5	28	17	-9	-44	-37	-21	-5	11	10	4	-21	-17
64	170	2	2	119	0	1953125	12	0.0	58823	11.11	0	0	V0.2	0	0	57	46	36	26	44	-1	-23	-34	-23	18	47	88	46	9	-25	-20	-9	0	15	22	31	2	-4	-6	-8	7	64	82	67	46	26	21	22	41	57	69	69	57	20	-41	-80	-57	-19	29	53	46	-5	-64	-57	-49	-28	-7	18	4	-18	-16	-6	-25	-34	-33	-11	16	7	-14	7	49	66	77	57	20	-25	-50	-20	9	22	20	11	-11	-59	-71	-53	-20	27	61	76
64	170	2	2	119	0	1953125	12	0.0	58855	11.12	0	0	V0.2	0	0	-34	-52	-70	-86	8	34	20	20	35	45	64	35	28	43	23	4	-46	-63	-43	-38	-53	-58	-51	1	24	37	47	54	35	-10	-23	-8	-15	-61	-57	-5	13	43	66	97	74	54	22	-2	-8	-19	-42	-30	-12	2	17	19	13	2	9	-4	-19	-18	14	28	30	19	-8	-32	-20	-7	16	34	32	19	12	5	19	35	22	16	13	20	52	70	57	97	94	63	54
