34928	35048	35167	35286	35405	35524	35644	35763	35882	36001	36120	36240	36359	36478	36597	36716	36836	36955	37074	37193	37313	37432	37551	37670	37789	37909	38028	38147	38266	38385	38505	38624	38743	38862	38981	39101	39220	39339	39458	39577	39697	39816	39935	40054	40174	40293	40412	40531	40650	40770	40889	41008	41127	41246	41366	41485	41604	41723	41842	41962	42081	42200	42319	42439	42558	42677	42796	42915	43035	43154	43273	43392	43511	43631	43750	43869	43988	44107	44227	44346	44465	44584	44703	44823	44942
64	170	1	2	119	0	1953125	12	0.0	58413	11.04	0	0	V0.2	0	0	35	37	36	36	68	32	-3	17	57	59	53	38	29	33	5	-5	-26	-34	-11	12	2	-38	-40	-14	34	43	25	17	27	9	-25	-30	7	43	81	84	53	6	-40	-36	-29	-30	3	2	-16	-54	-67	-69	-53	-1	38	7	3	-7	8	21	50	65	63	59	21	-15	10	11	26	39	38	33	6	23	24	35	61	69	11	-41	-52	-53	-29	-7	2	26	34	15	-18
64	170	2	2	119	0	1953125	12	0.0	0	0.82	0	0	V0.2	0	0	360	365	363	368	377	378	390	389	399	397	403	407	405	402	391	394	384	386	367	375	336	340	300	330	292	325	274	289	278	213	262	153	336	174	382	286	234	238	265	456	375	677	424	558	364	321	387	226	405	227	411	253	918	679	832	1000	567	681	381	271	289	338	391	337	367	310	333	305	323	304	306	303	311	313	312	314	305	302	302	296	293	293	289	284	278
64	170	2	2	119	0	1953125	12	0.0	58408	11.04	0	0	V0.2	0	0	75	72	83	76	225	236	236	229	221	209	198	181	154	120	81	43	9	-21	-50	-80	-110	-143	-174	-191	-196	-198	-192	-184	-173	-162	-143	-122	-87	-49	-10	25	60	91	123	157	187	212	232	249	250	246	240	229	220	205	182	151	114	77	39	0	-31	-60	-88	-115	-144	-167	-182	-192	-194	-190	-181	-168	-153	-137	-116	-88	-53	-12	24	59	87	109	136	161	181	196	208	212	209
64	170	2	2	119	0	1953125	12	0.0	58406	11.04	0	0	V0.2	0	0	5	13	19	23	24	-9	-16	-5	26	37	44	53	46	29	22	8	-4	3	-19	-22	-5	31	68	80	92	91	55	42	51	49	47	15	-10	-5	19	13	5	2	20	21	8	-22	-27	8	16	38	51	37	-1	-17	-11	-22	-32	1	23	3	15	-1	-26	-44	2	32	79	60	35	0	-29	-13	-9	21	23	10	2	-20	-27	-37	-18	14	29	22	5	13	26	-5	-20
64	170	2	2	119	0	1953125	12	0.0	58403	11.04	0	0	V0.2	0	0	-4	-5	-5	-5	0	32	17	55	76	83	73	70	79	54	27	52	58	68	95	68	48	31	44	50	40	41	65	61	56	46	69	88	75	60	62	66	91	99	96	89	76	73	46	-1	-33	-38	-6	16	36	11	-18	-25	0	53	54	62	78	60	63	29	40	33	35	65	77	60	34	14	9	18	33	64	78	89	91	88	51	15	11	24	27	11	-27	-49	-40
64	170	2	2	119	0	1953125	12	0.0	58361	11.03	0	0	V0.2	0	0	42	39	37	35	28	136	87	66	26	-28	-43	-47	-29	-3	44	77	81	62	47	29	3	-29	-38	-45	-33	1	44	66	47	41	23	8	4	-21	-11	19	48	37	44	51	45	40	29	7	2	12	22	14	12	-13	-13	1	-9	-4	-6	-22	-24	3	36	59	56	67	55	74	50	45	50	68	83	86	36	-2	-31	-19	-9	26	41	60	70	31	-4	-3	-18	16	20
64	170	2	2	119	0	1953125	12	0.0	58383	11.04	0	0	V0.2	0	0	20	17	13	13	8	23	37	69	36	-32	-49	-52	-32	9	15	49	68	52	14	-22	-31	-10	21	22	-3	23	31	39	55	32	29	24	10	29	13	16	36	56	87	98	85	62	48	40	32	20	23	17	-18	-24	-12	-8	25	88	101	67	22	-3	-3	53	88	87	94	53	0	-23	-5	41	67	72	53	13	-1	11	32	48	65	45	40	16	0	-19	-16	12	49
64	170	2	2	119	0	1953125	12	0.0	58381	11.04	0	0	V0.2	0	0	-8	-13	-15	-13	60	26	18	4	9	33	45	43	53	70	83	129	111	71	49	39	56	50	54	32	31	56	52	41	26	53	71	46	15	-11	-12	14	24	23	27	49	79	75	65	56	54	43	21	5	-8	25	42	53	15	-34	-42	-5	78	101	109	86	50	39	38	54	32	8	20	13	10	16	12	29	43	74	93	70	61	53	34	33	41	49	36	16	45
64	170	2	2	119	0	1953125	12	0.0	58383	11.04	0	0	V0.2	0	0	12	9	3	1	-70	-77	-5	65	98	105	70	20	-30	-22	17	33	54	46	32	-11	-47	-35	-6	20	22	16	-9	-18	-14	5	27	25	12	-13	-47	-43	-12	6	54	83	73	20	-10	17	41	82	63	58	29	-28	-70	-82	-56	0	63	100	98	60	39	-4	-7	12	35	59	43	23	17	19	52	80	107	83	29	-5	-8	-2	7	41	68	44	3	-39	-52	-19	49
64	170	2	2	119	0	1953125	12	0.0	58406	11.04	0	0	V0.2	0	0	-7	-11	-8	-4	-17	-39	-74	-74	-61	-49	-41	-50	-36	-39	-36	-18	-21	-47	-84	-80	-56	-41	-24	-50	-51	-26	-35	-26	-48	-41	-38	-42	-30	-27	-5	3	16	5	-49	-99	-147	-135	-93	-63	-42	-51	-63	-59	-90	-86	-35	23	27	-14	-95	-135	-154	-115	-69	-32	-27	-56	-65	-49	-56	-55	-45	-44	-47	-30	-9	-9	-45	-43	-43	-44	-62	-81	-95	-98	-72	-42	-3	20	-9
64	170	2	2	119	0	1953125	12	0.0	58383	11.04	0	0	V0.2	0	0	51	58	60	61	-14	-6	-6	2	15	15	30	19	22	32	63	71	80	78	75	57	37	7	-14	13	17	9	31	27	35	38	31	18	14	13	-9	-1	21	44	66	55	-4	-11	-27	-5	17	22	34	27	-12	-25	-8	21	44	45	35	26	36	44	23	38	23	5	4	-9	-15	-15	-22	-7	-5	0	4	11	44	32	20	7	21	29	-10	-35	-31	-20	-18	-32	15
64	170	2	2	119	0	1953125	12	0.0	58426	11.05	0	0	V0.2	0	0	-17	-11	-5	34	18	30	57	69	44	45	57	77	88	79	42	9	44	63	56	40	-12	-37	-26	-25	-14	9	46	61	82	82	41	11	22	5	-22	-48	-33	-15	-27	-23	-33	-7	6	46	38	28	13	3	-8	-5	11	20	25	35	34	31	10	12	3	-17	-16	-17	-14	13	22	52	60	47	42	25	21	45	63	92	71	54	59	38	16	-3	3	24	40	42	23
64	170	2	2	119	0	1953125	12	0.0	58418	11.04	0	0	V0.2	0	0	-19	-14	-10	-9	-22	-26	23	51	47	1	-27	-13	20	25	26	24	31	25	-26	-40	-14	32	43	32	22	1	18	63	80	61	34	43	79	110	133	143	79	28	-6	-13	-27	-24	7	31	21	6	24	44	94	72	24	-17	-33	-6	12	-3	10	21	16	8	2	31	61	71	27	-1	-5	-9	-4	11	58	95	68	39	36	31	21	-6	-24	-53	-18	12	38	50	21
64	170	2	2	119	0	1953125	12	0.0	58421	11.04	0	0	V0.2	0	0	-133	-132	-132	-137	75	77	76	57	24	1	11	1	2	1	4	23	20	5	-12	-16	12	28	32	17	-2	-10	8	67	97	104	90	66	53	40	52	82	91	101	91	38	1	-14	24	48	69	55	36	27	27	35	58	23	6	-3	1	-19	-36	3	47	46	18	-14	-38	-40	-19	16	57	77	52	21	-14	-21	28	54	54	51	65	36	4	-6	0	31	30	33	5
64	170	2	2	119	0	1953125	12	0.0	58432	11.05	0	0	V0.2	0	0	6	9	9	9	7	9	13	-6	-16	-11	8	25	-2	-10	-16	-30	-24	-24	-14	18	61	81	64	42	7	2	23	45	54	45	34	37	9	-11	-7	23	24	40	32	-24	-35	-60	-59	1	38	70	84	70	34	5	-11	19	55	59	48	40	18	14	-13	17	43	69	95	101	72	53	27	13	32	69	48	37	49	53	92	46	34	26	5	1	39	41	38	22	10
64	170	2	2	119	0	1953125	12	0.0	58290	11.02	0	0	V0.2	0	0	-27	-33	-36	-39	-43	-45	-42	-122	-83	-42	-31	-63	-67	-56	-72	-71	-53	-32	-47	-55	-40	-38	-38	-19	-8	-11	-14	7	-7	-17	-47	-95	-101	-43	-2	18	-9	-47	-70	-97	-91	-33	10	16	-23	-64	-106	-79	-14	58	42	8	-39	-61	-55	-61	-41	-1	18	4	-26	-24	-19	3	31	35	-6	-40	-67	-99	-118	-113	-60	-52	-57	-73	-64	-31	-15	-11	-15	-22	-23	-44	-45
64	170	2	2	119	0	1953125	12	0.0	0	0.69	0	0	V0.2	0	0	187	170	197	201	173	185	202	179	177	208	187	162	194	200	163	181	206	173	166	213	202	149	188	212	143	180	238	152	131	215	248	89	205	337	177	151	375	305	202	329	372	222	367	468	755	607	455	734	480	246	838	852	395	953	1000	717	367	325	381	275	80	279	286	119	304	341	173	73	183	168	106	141	164	114	122	177	130	106	166	154	109	146	163	114	122
64	170	2	2	119	0	1953125	12	0.0	0	0.69	0	0	V0.2	0	0	187	170	197	201	173	185	202	179	177	208	187	162	194	200	163	181	206	173	166	213	202	149	188	212	143	180	238	152	131	215	248	89	205	337	177	151	375	305	202	329	372	222	367	468	755	607	455	734	480	246	838	852	395	953	1000	717	367	325	381	275	80	279	286	119	304	341	173	73	183	168	106	141	164	114	122	177	130	106	166	154	109	146	163	114	122
64	170	2	2	119	0	1953125	12	0.0	0	0.69	0	0	V0.2	0	0	21	29	18	15	24	18	12	25	24	17	30	33	23	22	34	30	19	35	40	34	37	44	36	38	51	60	65	76	91	61	82	136	166	174	198	249	211	175	251	160	203	192	482	421	571	613	456	576	565	441	780	809	554	1000	856	721	623	360	344	278	164	166	191	251	250	188	185	164	97	42	53	65	25	30	62	43	24	55	52	18	42	48	24	25	46
64	170	2	2	119	0	1953125	12	0.0	0	0.68	0	0	V0.2	0	0	155	164	185	167	151	179	174	148	172	185	146	148	184	165	133	172	175	131	161	194	151	124	181	175	107	176	213	108	136	207	201	43	228	301	153	174	326	194	177	318	319	147	273	476	643	432	356	622	406	303	862	811	452	957	1000	669	443	384	474	251	43	242	227	74	273	307	161	88	201	171	83	126	159	108	100	160	129	82	144	144	89	119	147	107	96
64	170	2	2	119	0	1953125	12	0.0	0	0.68	0	0	V0.2	0	0	20	24	15	14	21	16	16	27	26	20	29	29	20	24	34	28	21	39	43	33	33	41	31	38	55	60	62	76	102	69	66	102	153	140	156	214	186	138	246	234	207	140	375	408	448	437	371	396	393	333	739	821	689	1000	837	686	576	332	328	190	103	126	106	149	193	173	159	146	108	57	46	60	37	23	42	49	23	33	50	37	15	38	37	13	28
64	170	2	2	119	0	1953125	12	0.0	0	0.69	0	0	V0.2	0	0	14	26	18	7	20	21	5	15	20	11	18	28	20	13	27	28	11	25	31	25	25	32	26	27	41	42	49	70	93	63	59	90	140	122	143	180	169	158	256	269	235	170	359	332	362	393	353	350	416	376	788	935	725	1000	827	718	557	291	278	135	75	63	88	160	197	163	155	150	92	35	49	56	15	32	54	34	17	49	45	13	38	45	23	22	44
64	170	2	2	119	0	1953125	12	0.0	58335	11.03	0	0	V0.2	0	0	-65	-70	-75	-81	218	214	206	193	174	140	104	68	31	-4	-34	-63	-90	-118	-150	-181	-196	-203	-205	-199	-191	-182	-172	-152	-127	-95	-56	-17	19	55	84	116	147	177	205	221	228	227	229	224	213	201	190	167	133	94	57	22	-14	-39	-66	-91	-118	-145	-168	-187	-196	-198	-190	-174	-159	-147	-128	-105	-78	-43	-7	21	48	76	104	133	157	175	187	202	199	193	183	173	160
64	170	2	2	119	0	1953125	12	0.0	58296	11.02	0	0	V0.2	0	0	9	15	18	22	28	-55	-41	-43	-38	-28	-1	0	-24	-32	-36	-25	-40	-49	-42	-19	-10	21	43	49	18	-7	-8	-12	-5	4	26	23	4	-10	-14	-3	18	35	17	14	19	-2	-33	-26	28	75	52	14	-24	-31	5	43	67	51	23	10	13	37	46	9	-13	-13	-23	-48	-42	-20	-9	17	35	79	128	103	74	26	27	42	80	88	82	53	22	11	9	0	-21
64	170	2	2	119	0	1953125	12	0.0	0	0.69	0	0	V0.2	0	0	515	518	510	511	501	502	490	493	477	477	469	461	456	436	443	422	421	393	405	361	383	366	400	344	368	321	326	330	305	394	296	451	226	355	220	397	461	485	710	404	457	305	122	355	815	598	892	921	588	1000	274	730	560	466	726	127	514	199	539	463	446	457	385	451	393	433	402	399	361	357	331	327	318	311	300	286	278	261	260	252	239	247	238	230	231
64	170	2	2	119	0	1953125	12	0.0	0	0.68	0	0	V0.2	0	0	7	25	21	3	17	24	11	15	27	24	14	23	26	18	20	27	24	25	35	33	27	28	30	31	42	46	57	61	78	77	77	98	136	151	197	175	122	79	164	252	173	197	297	472	325	378	443	190	197	140	451	730	817	1000	893	767	636	505	375	188	110	64	89	101	100	135	135	119	109	83	58	61	62	33	28	50	40	17	43	51	23	24	48	28	9
64	170	2	2	119	0	1953125	12	0.0	0	0.69	0	0	V0.2	0	0	67	67	47	57	72	57	41	64	71	51	53	71	56	45	69	71	46	51	65	48	38	59	56	34	57	58	28	53	100	74	42	115	153	123	176	161	130	105	136	143	126	198	327	502	300	451	547	192	198	154	405	762	841	1000	955	783	675	598	435	281	208	105	124	171	118	101	74	106	98	42	17	70	50	19	66	63	12	38	65	44	7	52	62	29	30
64	170	2	2	119	0	1953125	12	0.0	58240	11.01	0	0	V0.2	0	0	53	60	71	183	178	176	169	154	139	119	88	46	8	-29	-59	-89	-122	-148	-177	-207	-232	-245	-245	-241	-238	-228	-215	-197	-173	-146	-110	-73	-38	-9	22	52	84	114	143	163	177	182	180	177	171	157	143	121	94	61	36	-6	-41	-69	-95	-119	-149	-174	-195	-217	-228	-236	-234	-225	-210	-196	-185	-161	-133	-102	-65	-31	0	28	56	79	103	126	142	152	154	148	145	132	123
64	170	2	2	119	0	1953125	12	0.0	58261	11.02	0	0	V0.2	0	0	36	37	33	32	30	31	56	34	-5	-22	-32	-32	-12	-1	25	60	28	-6	-32	-66	-53	-8	9	13	23	-6	-52	-63	-34	6	25	20	0	-7	-24	-12	15	37	45	35	14	-17	-46	-24	33	72	73	59	4	-52	-78	-24	42	55	79	50	-3	-73	-80	-34	11	78	111	107	65	-20	-66	-41	-1	69	85	70	28	10	20	16	35	45	38	15	0	22	55	57	25
64	170	2	2	119	0	1953125	12	0.0	58353	11.03	0	0	V0.2	0	0	-49	-51	-49	-52	-45	1	7	-5	5	42	42	4	-31	-22	-21	21	74	106	92	67	34	-13	-75	-56	-18	9	20	50	55	22	8	14	36	37	-2	-7	-13	-8	27	17	-3	-17	12	37	31	26	-2	-21	-28	-18	18	66	76	64	60	37	8	-20	-8	0	-1	-20	-36	-11	17	12	6	-7	-11	-15	-32	-36	-19	15	23	1	-9	-17	-18	-11	-10	17	52	67	61
64	170	2	2	119	0	1953125	12	0.0	58330	11.03	0	0	V0.2	0	0	35	32	31	27	25	25	113	47	-15	-23	-34	-7	25	47	64	51	28	25	33	28	22	33	10	-15	-17	-10	-10	17	38	29	-19	-49	-49	-27	-8	16	26	26	2	-25	-29	-29	-27	9	51	94	96	58	2	-36	-36	-24	-23	7	50	55	25	-1	0	45	83	91	63	12	15	63	70	27	-30	-89	-97	-81	-19	19	39	54	75	89	46	4	-46	-61	-5	62	111
64	170	2	2	119	0	1953125	12	0.0	58318	11.03	0	0	V0.2	0	0	7	3	2	-1	-6	32	15	8	11	7	-9	-41	-48	-42	-22	17	43	33	29	14	1	21	-3	17	23	42	70	76	73	48	26	18	6	0	16	20	27	31	21	-14	-17	29	12	-24	-49	-38	4	28	42	25	22	17	13	31	53	57	50	16	-20	-20	9	40	59	54	-5	-55	-78	-52	-42	-22	13	35	13	-19	-1	24	44	66	28	29	22	-31	-47	-36	-6
64	170	2	2	119	0	1953125	12	0.0	58306	11.02	0	0	V0.2	0	0	16	22	31	29	33	41	40	50	60	50	16	-12	-12	27	9	-10	-10	2	-14	-25	-29	-14	7	21	7	-30	-80	-123	-107	-47	33	48	6	-37	-23	-31	-35	-32	-8	-11	19	27	0	21	38	34	18	9	0	-15	-15	-32	-25	7	0	11	12	4	-18	-34	-5	11	16	-11	-21	-34	-36	-15	5	35	52	56	69	61	72	103	68	46	22	1	0	-17	-44	-62	-53
64	170	2	2	119	0	1953125	12	0.0	0	0.69	0	0	V0.2	0	0	542	537	532	531	525	522	516	503	501	487	487	466	469	443	455	425	430	400	411	365	383	357	392	328	364	306	353	300	347	323	330	393	215	419	144	450	213	430	269	220	119	504	565	844	1000	628	839	312	271	361	988	580	793	891	172	601	196	648	420	529	472	397	375	325	376	360	385	379	397	380	384	358	352	337	336	321	318	304	298	285	287	267	270	261	259
64	170	2	2	119	0	1953125	12	0.0	0	0.68	0	0	V0.2	0	0	240	217	202	234	231	195	222	241	204	204	244	222	194	238	245	193	216	258	207	194	253	218	180	265	261	152	207	304	228	130	318	315	35	330	568	310	67	363	434	155	138	497	599	485	677	840	810	725	757	533	543	918	1000	623	640	864	408	376	542	570	301	249	412	299	50	204	310	204	80	209	245	109	187	230	147	146	209	163	126	194	186	123	163	198	141
64	170	2	2	119	0	1953125	12	0.0	0	0.68	0	0	V0.2	0	0	23	6	31	37	17	22	39	29	12	36	41	17	30	49	34	12	42	48	25	32	56	39	40	81	86	55	61	80	63	37	112	163	159	229	332	309	148	184	207	162	189	272	221	619	533	609	1000	819	687	699	736	916	693	617	495	446	154	434	412	343	358	259	238	203	111	107	112	105	85	74	93	92	73	71	65	40	34	47	35	24	49	50	29	36	54
64	170	2	2	119	0	1953125	12	0.0	57662	10.91	0	0	V0.2	0	0	94	97	96	1	45	91	56	-2	-52	-85	-69	-60	-26	42	80	85	51	2	-27	-15	26	39	67	70	30	-12	-38	-40	12	52	82	62	-9	-42	-30	29	81	58	37	26	31	24	12	25	40	32	16	12	22	21	17	19	45	30	-19	-22	-41	-51	-70	-57	-27	8	-16	-11	6	0	-7	-19	4	25	-8	-20	-9	-16	-15	2	40	70	25	-3	-31	-34	-10	18	29
64	170	2	2	119	0	1953125	12	0.0	0	0.85	0	0	V0.2	0	0	317	321	325	328	333	335	345	341	358	354	367	355	367	357	359	353	350	348	346	334	319	318	311	326	283	295	243	303	215	285	200	237	222	153	246	163	401	267	514	339	497	491	689	872	711	915	477	602	419	871	1000	522	757	423	201	71	367	317	126	229	180	311	235	261	201	205	192	190	185	186	200	209	219	221	235	238	245	239	237	231	227	226	229	222	219
64	170	2	2	119	0	1953125	12	0.0	0	0.81	0	0	V0.2	0	0	57	36	24	50	18	32	39	1	37	26	18	39	18	27	30	40	40	16	51	36	27	59	21	40	52	38	76	12	118	158	81	112	153	131	168	199	159	38	135	246	164	206	270	301	276	340	584	956	913	847	823	999	824	910	982	894	607	517	417	357	312	261	73	135	134	102	127	66	110	112	30	102	120	49	74	75	29	59	50	35	56	32	43	58	23
64	170	2	2	119	0	1953125	12	0.0	0	0.82	0	0	V0.2	0	0	111	124	132	112	145	123	133	145	116	149	128	136	153	120	164	130	121	166	95	139	137	92	156	91	122	124	77	134	32	150	184	26	239	215	54	225	197	39	103	120	182	125	340	293	255	521	490	846	1000	707	592	640	245	514	342	352	395	276	273	317	145	249	176	114	237	101	124	139	32	156	89	106	137	66	125	66	100	124	54	137	104	80	127	63	98
64	170	2	2	119	0	1953125	12	0.0	0	0.83	0	0	V0.2	0	0	183	157	204	152	185	194	165	221	177	204	203	172	220	164	213	200	162	240	156	188	196	118	213	133	171	177	124	211	61	193	243	18	229	171	215	284	71	384	281	309	424	35	489	663	444	670	541	842	852	253	465	520	791	729	543	1000	782	350	426	257	91	303	13	313	227	91	203	65	168	146	122	220	77	184	156	85	183	87	169	159	112	179	96	140	132
64	170	2	2	119	0	1953125	12	0.0	0	0.80	0	0	V0.2	0	0	127	157	155	129	175	143	155	186	141	183	180	142	192	151	154	187	128	180	174	120	197	136	122	195	68	151	174	55	165	98	134	228	24	185	142	56	221	126	183	397	244	152	426	317	567	709	455	660	600	468	999	728	834	799	654	582	511	344	92	279	131	121	119	131	170	120	96	159	69	154	129	72	165	97	114	161	79	144	138	77	143	101	96	134	79
64	170	2	2	119	0	1953125	12	0.0	57575	10.90	0	0	V0.2	0	0	-177	-160	-131	-109	-91	-52	-68	-97	-127	-158	-186	-201	-208	-208	-205	-201	-190	-180	-164	-137	-100	-59	-20	18	48	77	105	139	165	191	215	230	236	233	225	215	204	187	160	131	103	64	24	-18	-57	-87	-113	-138	-159	-184	-202	-211	-207	-201	-190	-176	-167	-156	-131	-100	-66	-31	1	40	69	100	128	150	174	187	199	204	198	194	184	173	157	134	110	84	58	26	-1	-3	-34
64	170	2	2	119	0	1953125	12	0.0	57592	10.90	0	0	V0.2	0	0	-57	-41	-20	4	24	-69	-62	-16	33	65	64	24	10	42	44	34	41	43	63	36	27	13	7	18	42	62	40	16	0	-1	25	21	20	-8	-30	-38	-42	-48	-55	-48	-25	-15	-16	-34	-32	-27	-24	-11	5	12	-7	2	9	20	56	65	90	103	73	23	12	-14	-10	-18	-9	-26	-24	6	37	33	15	24	31	5	-11	2	14	6	16	24	8	-1	-5	13	13
64	170	2	2	119	0	1953125	12	0.0	6565	2.15	0	0	V0.2	0	0	37	38	27	33	28	21	18	19	19	12	16	20	22	18	35	24	27	36	26	62	28	37	44	31	39	29	36	80	9	17	120	63	224	170	158	194	45	159	305	256	358	167	146	271	427	489	675	758	132	198	654	817	354	471	999	456	659	268	306	246	296	71	204	89	50	126	35	45	95	42	44	47	46	57	41	46	50	41	40	38	31	40	30	36	16
64	170	2	2	119	0	1953125	12	0.0	6565	2.15	0	0	V0.2	0	0	37	38	27	33	28	21	18	19	19	12	16	20	22	18	35	24	27	36	26	62	28	37	44	31	39	29	36	80	9	17	120	63	224	170	158	194	45	159	305	256	358	167	146	271	427	489	675	758	132	198	654	817	354	471	999	456	659	268	306	246	296	71	204	89	50	126	35	45	95	42	44	47	46	57	41	46	50	41	40	38	31	40	30	36	16
64	170	2	2	119	0	1953125	12	0.0	57589	10.90	0	0	V0.2	0	0	-36	23	89	86	76	-7	-14	-21	-20	-23	-28	-38	-47	-52	-49	-46	-50	-47	-50	-43	-38	-28	-21	-16	-14	-12	-4	6	15	17	30	33	37	45	52	67	56	56	45	35	43	45	39	31	25	20	23	24	20	9	6	-4	-8	-21	-28	-29	-26	-21	-24	-25	-24	-27	-26	-20	-18	-17	-11	-12	-10	-1	5	12	11	10	11	13	18	27	31	34	30	27	24	19	18
64	170	2	2	119	0	1953125	12	0.0	57545	10.89	0	0	V0.2	0	0	63	84	109	129	14	32	26	14	18	18	6	20	41	42	30	31	25	-16	-9	8	21	40	56	57	40	14	-11	-34	-27	1	47	97	102	55	30	43	74	79	58	4	6	26	16	-10	-15	-6	31	53	39	14	27	56	44	37	46	52	42	45	63	68	84	109	93	58	12	-20	-22	12	13	29	8	-20	-39	-34	-24	16	40	62	15	-19	9	38	20	2	14
64	170	2	2	119	0	1953125	12	0.0	0	0.83	0	0	V0.2	0	0	107	116	111	109	101	102	97	92	91	79	79	55	69	37	55	37	53	47	62	87	81	108	104	154	114	172	119	244	115	290	153	347	221	321	340	305	533	248	561	214	487	298	404	439	190	563	232	501	651	139	933	661	543	1000	290	695	475	393	491	187	350	154	249	122	191	148	159	119	94	63	50	23	38	22	34	27	44	36	48	39	44	65	60	67	65
64	170	2	2	119	0	1953125	12	0.0	57542	10.89	0	0	V0.2	0	0	-250	-282	-323	-334	222	219	213	202	186	164	128	93	53	15	-14	-47	-75	-104	-134	-162	-182	-192	-200	-198	-190	-181	-171	-157	-126	-95	-61	-24	14	49	86	116	148	183	211	233	247	255	252	244	236	221	206	187	158	122	83	46	3	-28	-61	-92	-115	-139	-167	-192	-202	-205	-200	-189	-174	-160	-142	-123	-95	-63	-25	9	38	72	105	131	157	184	200	211	221	219	209	197	185
64	170	2	2	119	0	1953125	12	0.0	0	0.75	0	0	V0.2	0	0	83	80	83	81	81	79	87	76	86	68	79	53	72	44	66	30	47	10	31	19	10	53	28	114	48	120	28	194	81	252	184	338	367	232	448	218	667	351	803	500	762	688	600	788	320	867	305	828	556	492	1000	473	574	999	295	672	598	340	626	236	476	284	378	268	265	250	259	261	226	207	174	138	106	93	76	64	65	50	43	42	27	19	28	31	36
64	170	2	2	119	0	1953125	12	0.0	57545	10.89	0	0	V0.2	0	0	9	-34	-85	-136	-174	-201	150	180	203	223	233	233	232	224	210	200	184	161	127	90	50	15	-19	-47	-75	-107	-135	-165	-186	-200	-202	-199	-190	-184	-167	-147	-123	-95	-59	-20	12	45	76	109	141	171	200	223	242	248	248	242	231	214	201	186	160	124	92	55	13	-17	-47	-72	-97	-129	-160	-180	-193	-199	-197	-189	-175	-161	-144	-125	-95	-62	-27	10	39	73	98	128	157
64	170	2	2	119	0	1953125	12	0.0	20506	4.54	0	0	V0.2	0	0	164	151	148	131	141	112	116	82	98	69	68	43	36	36	5	33	36	52	41	75	85	115	86	163	156	190	150	188	208	172	226	228	404	108	406	146	597	224	749	420	760	667	714	791	497	1000	383	980	448	703	936	334	685	816	230	627	389	389	499	202	488	249	420	274	383	360	405	371	345	301	250	213	199	183	163	151	135	132	115	89	85	63	44	25	32
64	170	2	2	119	0	1953125	12	0.0	57571	10.90	0	0	V0.2	0	0	-41	-43	-47	-67	-31	-88	-110	-85	-7	39	30	0	-36	-53	-66	-48	4	27	47	55	24	26	37	39	63	61	22	32	35	34	52	88	112	102	83	58	30	1	-5	7	22	20	33	23	-14	-52	-71	-44	-12	2	-17	-44	-68	-71	-101	-90	-44	-50	-43	-60	-65	-64	-14	27	60	40	8	-25	-29	-24	10	53	90	108	67	31	21	24	48	65	93	96	70	4	-6
64	170	2	2	119	0	1953125	12	0.0	57531	10.89	0	0	V0.2	0	0	8	20	28	37	51	74	85	72	37	5	14	10	32	24	18	14	34	45	58	41	60	39	-21	-38	5	50	86	68	46	40	50	48	79	88	79	40	23	18	32	42	31	35	39	31	-1	2	30	8	-24	-6	10	52	65	56	47	11	-13	11	32	47	34	21	-18	-40	-56	-20	36	54	51	61	28	12	9	42	48	18	-10	5	18	19	17	18	41	35	48
64	170	2	2	119	0	1953125	12	0.0	57536	10.89	0	0	V0.2	0	0	-62	-55	-50	-45	-40	-9	0	-2	4	-1	5	10	7	19	50	69	71	3	-10	22	42	55	80	122	105	31	5	-22	-45	-20	37	77	70	7	-48	-44	-10	9	26	50	46	17	13	29	44	26	7	10	9	10	-7	-23	41	96	138	119	75	31	-1	-4	44	80	107	110	72	19	-40	-47	-1	64	86	37	15	-17	-51	-41	-29	29	42	38	33	33	12	2	29
64	170	2	2	119	0	1953125	12	0.0	20515	4.54	0	0	V0.2	0	0	170	165	164	161	143	142	130	131	98	110	81	86	65	66	73	64	79	82	118	101	148	122	182	110	175	126	246	148	314	262	327	317	318	519	255	678	231	521	297	341	312	215	170	440	230	527	431	534	831	126	1000	620	400	786	529	160	685	381	503	600	372	567	393	506	387	344	249	189	138	139	134	159	144	144	134	116	97	75	62	33	32	4	15	9	19
64	170	2	2	119	0	1953125	12	0.0	57572	10.90	0	0	V0.2	0	0	-86	-43	-34	-28	-34	6	-5	-33	-11	9	-7	-29	-16	0	-3	-32	-51	-37	-31	-15	2	16	2	-5	27	69	95	50	-1	-18	-31	-27	-11	16	17	-8	-7	23	37	21	13	48	44	10	-20	-26	12	28	-7	16	28	48	71	54	43	4	-33	-43	-55	-56	-77	-92	-73	-67	-70	-50	-14	-21	-16	-5	5	10	10	32	15	-18	-2	39	62	82	101	87	23	3	-28
64	170	2	2	119	0	1953125	12	0.0	57536	10.89	0	0	V0.2	0	0	-39	-49	-42	28	36	12	-19	-57	-45	-16	-4	11	-4	7	-10	-17	-17	3	-16	13	37	33	47	41	23	14	14	40	54	38	1	-24	6	51	94	91	59	24	-22	-35	-49	-27	20	51	35	-14	-53	-62	-47	-38	-17	25	26	-5	-40	-30	-5	39	67	77	58	8	-34	-64	-78	-25	57	77	41	-5	-30	-2	29	28	38	45	31	-5	-34	-33	-4	41	82	61	24
64	170	2	2	119	0	1953125	12	0.0	57538	10.89	0	0	V0.2	0	0	121	118	117	114	12	11	-5	-34	-31	-13	-17	-19	6	20	28	-1	-33	-46	-42	-22	-23	2	26	37	39	26	40	78	85	66	19	-4	-5	-8	9	10	9	2	-33	-17	-21	-19	-5	13	76	91	92	82	50	3	-7	43	55	61	62	25	14	16	15	29	19	7	-36	-64	-76	-59	-10	40	57	22	-5	-16	-35	-34	-34	-13	-29	-8	-28	-57	-37	-11	-3	11	3
64	170	2	2	119	0	1953125	12	0.0	57531	10.89	0	0	V0.2	0	0	-98	-89	-76	19	69	65	22	-22	-28	2	52	83	73	46	14	11	-3	-19	-3	46	57	28	-18	-55	-61	-33	16	69	95	77	47	20	18	0	-19	-45	-32	-22	-24	-18	18	71	88	75	56	5	-22	-20	-4	13	23	-1	-17	-37	10	40	24	17	24	-8	-15	-5	23	41	21	6	-9	2	2	-12	-7	1	1	4	22	20	2	-13	-28	-36	-15	5	-8	12	-15
64	170	2	2	119	0	1953125	12	0.0	57557	10.90	0	0	V0.2	0	0	-121	-140	-154	-168	-24	-23	11	12	-11	-4	-25	-26	-17	15	11	22	24	9	0	0	-15	-27	-62	-64	-37	-7	19	15	10	19	18	20	9	-7	-21	-23	1	3	17	49	72	39	24	-20	-35	-25	13	17	-9	-9	27	38	44	64	71	53	-15	-23	-14	-10	10	-8	-27	-42	-14	47	64	57	34	-8	6	13	30	74	83	73	21	23	8	-20	-4	30	56	56	21
64	170	2	2	119	0	1953125	12	0.0	57526	10.89	0	0	V0.2	0	0	-63	-72	-83	-90	6	22	60	60	28	-7	-24	-16	-20	-45	-60	-35	-9	31	87	131	112	83	60	33	16	16	7	21	57	26	23	7	7	-3	17	-6	-30	-45	-46	-40	-52	-64	-33	-1	26	24	11	-15	-23	-30	-14	13	13	6	17	16	15	29	32	31	13	-7	-2	-3	-28	-26	-22	-27	-16	-27	-33	-33	-3	23	84	91	85	46	7	5	30	42	24	17	0
64	170	2	2	119	0	1953125	12	0.0	57547	10.89	0	0	V0.2	0	0	-37	-50	-65	-79	-26	9	49	25	-4	-13	-35	-33	35	87	91	87	79	85	37	31	10	-17	-9	6	36	53	47	37	16	-7	-30	-32	3	20	29	25	9	5	-28	-43	-23	4	8	-34	-38	-20	0	8	31	44	-7	-90	-104	-45	-22	4	41	46	24	3	14	24	17	27	25	26	19	-7	5	-3	6	34	53	48	21	-21	-14	7	39	32	5	-12	-7	22	34
64	170	2	2	119	0	1953125	12	0.0	57570	10.90	0	0	V0.2	0	0	106	94	86	74	34	16	26	54	52	13	-22	-37	-42	-38	-22	18	53	20	-32	-56	-16	18	4	2	15	40	20	10	-1	-1	23	28	14	-1	4	25	33	26	-9	-42	3	23	4	16	34	41	35	6	-31	0	24	71	57	30	-17	-38	-25	-7	-7	-26	-26	21	37	30	32	41	49	28	12	24	33	12	3	-29	-26	22	53	23	2	29	55	26	15	-4	13
64	170	2	2	119	0	1953125	12	0.0	57508	10.89	0	0	V0.2	0	0	79	66	53	40	28	-30	-8	26	40	15	1	-7	12	5	47	86	87	62	46	20	-21	-44	-30	-12	-8	24	11	24	32	30	54	59	42	40	30	20	8	36	51	80	59	28	22	10	13	5	-29	5	51	61	34	2	9	-15	-15	-13	-5	4	-9	-18	-8	-4	-10	-44	-41	-32	7	42	42	33	22	-7	22	36	48	36	-9	4	-5	-3	-16	-41	-18	-27	-19
64	170	2	2	119	0	1953125	12	0.0	57531	10.89	0	0	V0.2	0	0	56	74	97	48	29	8	-1	20	20	11	14	2	-10	6	19	21	45	85	92	62	8	-41	-59	-35	-2	-20	-1	0	17	1	10	16	19	45	78	50	12	8	7	13	39	45	34	30	-5	-49	-48	-30	-12	-3	-11	-22	-50	-50	0	45	40	6	-38	-67	-55	-18	17	27	38	24	-3	-10	-8	14	22	10	-15	-24	-43	-30	-8	4	-3	-16	-23	-38	-29	3	23
64	170	2	2	119	0	1953125	12	0.0	57523	10.89	0	0	V0.2	0	0	-121	-118	-118	-114	-23	-17	-3	12	32	33	18	-17	-33	-35	-2	22	5	-34	-28	-1	34	51	5	-13	9	27	38	49	60	45	43	37	41	43	28	25	42	58	68	59	50	18	-20	-20	-24	-18	-26	-3	22	42	50	49	55	35	-35	-93	-86	-41	-12	9	32	15	-22	-37	-46	-44	-45	-17	16	35	15	-18	-24	5	40	53	55	94	76	33	-11	2	0	-2	-8
64	170	2	2	119	0	1953125	12	0.0	57535	10.89	0	0	V0.2	0	0	-59	-48	-38	-27	14	40	44	19	22	19	32	26	15	3	-2	-14	-21	-26	-15	-6	-12	-15	-12	9	32	45	27	10	10	-2	44	54	63	60	41	24	37	19	25	32	35	11	9	6	19	33	22	15	-8	-27	-16	-5	18	10	12	73	62	25	-15	-17	-21	-36	-48	-56	-34	-24	-38	-39	-47	-48	-33	-23	-44	-65	-69	-9	30	34	20	22	34	20	0	-24	-14
64	170	2	2	119	0	1953125	12	0.0	57553	10.90	0	0	V0.2	0	0	-13	-12	-10	-4	91	83	44	5	3	6	30	60	35	-2	-61	-48	2	22	6	-6	-24	-42	-35	-44	-44	-50	-33	-15	-2	19	-1	-16	-24	-33	-3	19	41	36	25	41	-9	-14	-3	13	12	-11	-26	-6	21	33	23	3	10	23	7	-9	-5	-9	8	17	41	55	40	45	7	7	25	26	25	21	22	0	-56	-54	-41	-18	1	-17	2	9	42	84	95	72	25
64	170	2	2	119	0	1953125	12	0.0	57526	10.89	0	0	V0.2	0	0	49	54	63	65	63	-3	-11	28	34	41	23	53	69	24	20	-24	-32	-33	-45	-26	2	30	22	-12	-3	-1	-16	-43	-48	-35	-32	-2	13	-30	-51	-21	-4	-24	-17	-8	24	28	26	38	46	28	13	5	-13	-9	-6	-5	6	31	21	0	-7	-8	19	59	86	70	33	8	7	-13	1	8	8	6	22	-4	-35	-17	29	36	17	-19	-10	9	39	50	31	16	17
64	170	2	2	119	0	1953125	12	0.0	57510	10.89	0	0	V0.2	0	0	36	0	-47	-37	-7	71	15	26	18	14	-8	3	24	27	46	39	23	-1	-34	-24	-5	23	33	-4	-4	18	10	-34	-45	-16	37	60	30	-8	-19	-22	15	44	44	52	53	34	-37	-70	-46	-25	10	8	-23	-33	-32	-26	-19	-5	41	74	107	78	24	-53	-79	-47	-15	7	18	8	15	20	30	58	58	30	-1	13	19	7	-3	13	38	39	34	48	23	11	-8
64	170	2	2	119	0	1953125	12	0.0	57510	10.89	0	0	V0.2	0	0	36	0	-47	-37	-7	71	15	26	18	14	-8	3	24	27	46	39	23	-1	-34	-24	-5	23	33	-4	-4	18	10	-34	-45	-16	37	60	30	-8	-19	-22	15	44	44	52	53	34	-37	-70	-46	-25	10	8	-23	-33	-32	-26	-19	-5	41	74	107	78	24	-53	-79	-47	-15	7	18	8	15	20	30	58	58	30	-1	13	19	7	-3	13	38	39	34	48	23	11	-8
64	170	2	2	119	0	1953125	12	0.0	57523	10.89	0	0	V0.2	0	0	-122	-144	-161	26	59	53	6	-11	-17	-6	-24	-50	-35	-18	2	-52	-55	6	30	-20	-26	-9	22	27	33	4	-22	-5	0	3	13	12	-17	-36	-36	-22	-16	6	35	6	-22	-6	11	9	17	37	55	57	25	-2	-3	-41	-56	-13	25	49	58	36	34	27	9	7	18	35	15	29	46	54	58	39	27	34	31	21	12	-1	4	21	49	50	35	8	-49	-60	-29
64	170	2	2	119	0	1953125	12	0.0	57520	10.89	0	0	V0.2	0	0	-55	-29	-10	20	45	-42	2	28	34	37	51	63	67	51	47	25	7	18	47	30	5	-4	-15	1	30	37	23	12	-20	-47	-58	-65	-69	-47	20	53	70	66	44	27	15	5	10	32	46	54	66	77	81	60	33	3	5	16	-10	-36	-29	-18	4	15	-3	-27	-44	-88	-87	-50	-12	17	-13	25	40	30	8	-7	-12	-17	-47	-16	35	55	57	49	17	-8	-6
64	170	2	2	119	0	1953125	12	0.0	57563	10.90	0	0	V0.2	0	0	-143	-158	-171	23	15	4	-11	-4	-10	-3	18	1	31	54	35	6	-27	-27	-22	10	17	-14	-13	0	-23	10	63	66	34	-5	-13	-10	23	30	5	-10	9	20	23	49	75	80	52	8	-3	-1	-12	-25	-34	-24	-6	-22	-40	-26	-5	0	33	55	60	4	-63	-60	-34	-23	-26	0	17	16	14	10	-2	-13	-17	-7	1	19	26	22	1	-26	-46	-22	6	0	-35
64	170	2	2	119	0	1953125	12	0.0	57541	10.89	0	0	V0.2	0	0	118	103	83	65	25	19	8	-11	-26	-23	-17	-29	-26	-6	-6	32	17	51	53	48	-3	-22	-14	-29	2	22	34	24	32	38	7	-23	-46	-36	3	43	37	20	28	-3	-15	6	17	-9	-47	-53	-42	9	51	58	59	36	46	30	30	26	10	18	23	10	1	-32	-64	-28	9	29	34	12	9	7	-18	-17	-22	-2	-16	-17	5	1	-26	-54	-47	-22	1	17	-1
64	170	2	2	119	0	1953125	12	0.0	57585	10.90	0	0	V0.2	0	0	-54	-81	-99	-112	-37	-32	-24	-17	-3	30	29	10	-18	-59	-81	-72	-33	13	30	22	-30	-48	-70	-54	-13	18	57	47	39	8	-12	2	25	63	54	2	-21	0	-6	32	51	53	32	8	-18	-48	-51	-21	61	132	126	60	-3	-8	15	4	20	24	26	23	18	7	5	28	35	24	-12	-39	-48	-25	4	29	57	61	43	3	-34	-35	-14	-10	-17	-15	7	-27	-42
64	170	2	2	119	0	1953125	12	0.0	57550	10.90	0	0	V0.2	0	0	-86	-87	-88	-89	133	112	70	2	-41	-69	-46	8	48	60	28	27	-6	-2	30	35	58	39	0	-38	-31	11	17	12	-3	23	38	27	10	24	30	40	44	37	7	-36	-92	-104	-56	-15	-6	23	21	-14	-59	-37	12	39	23	-23	-42	-34	-31	-11	17	35	14	-7	-26	-40	-16	55	62	38	18	-2	-16	-33	-8	13	58	75	53	-11	-53	-55	-6	43	43	28	0
64	170	2	2	119	0	1953125	12	0.0	57548	10.89	0	0	V0.2	0	0	-110	-120	-124	-123	24	9	-6	-13	21	54	44	-7	-18	-2	-9	20	33	19	14	1	20	52	61	52	50	49	29	17	43	62	67	49	8	-10	-16	-3	18	12	-16	-34	-38	-66	-96	-76	-37	-6	6	3	-18	-44	-62	-62	-45	-23	-13	-10	-4	1	-26	-25	1	60	59	29	8	17	-6	26	27	64	45	49	-9	-39	-26	-1	-26	-33	-39	-3	45	57	47	36	42
64	170	2	2	119	0	1953125	12	0.0	57590	10.90	0	0	V0.2	0	0	-96	-104	-109	23	31	12	-19	-22	7	35	31	40	49	46	37	22	-26	-33	-12	16	0	-9	-24	-38	-37	-46	-29	-10	15	-1	-35	-30	-8	-8	-8	18	8	4	-42	-46	0	37	54	66	18	-37	-75	-63	-21	2	12	-1	-25	-27	-15	1	33	41	40	25	-9	-26	-25	-29	-38	-14	27	45	34	4	-28	-22	24	52	50	13	-31	-54	-47	-24	23	67	69	57	36
64	170	2	2	119	0	1953125	12	0.0	57567	10.90	0	0	V0.2	0	0	95	93	91	84	76	32	41	-5	-12	10	27	51	55	40	9	-24	-68	-77	-30	-2	28	36	31	17	-3	-3	-6	-16	-21	-9	11	33	35	-9	-11	-2	15	18	5	10	21	71	110	83	25	11	20	46	33	4	-19	-7	31	54	36	19	-3	-33	-52	-42	-16	17	8	0	21	7	-25	-67	-69	-39	-31	-31	-2	27	51	28	-7	-56	-53	-39	-29	4	17	40	53
64	170	2	2	119	0	1953125	12	0.0	57540	10.89	0	0	V0.2	0	0	73	67	62	59	59	-6	22	30	17	-4	-21	-40	-33	18	90	78	49	0	-31	-53	2	71	92	104	94	51	48	51	53	53	57	52	36	19	-28	-58	-49	-5	-3	-17	-49	-43	-56	-51	0	41	46	7	-40	-67	-86	-81	-75	-26	7	11	-17	-44	-35	-9	-5	4	29	59	48	8	-27	-15	20	52	57	8	-51	-80	-54	-17	20	49	59	40	2	-8	6	11	12
64	170	2	2	119	0	1953125	12	0.0	0	0.82	0	0	V0.2	0	0	503	515	514	524	529	542	548	558	564	563	577	562	581	559	584	555	564	543	556	520	531	494	511	454	442	414	383	390	291	420	260	460	218	450	339	454	590	410	735	397	832	560	844	736	745	976	603	999	382	780	520	392	299	613	746	461	962	597	799	725	568	630	477	563	450	452	385	377	349	349	352	364	375	387	393	394	406	401	400	392	379	385	375	370	357
64	170	2	2	119	0	1953125	12	0.0	0	0.81	0	0	V0.2	0	0	41	29	57	29	31	48	10	35	34	15	38	21	21	31	19	24	20	45	27	46	80	34	73	95	44	103	112	17	60	23	112	193	83	168	163	33	148	110	311	629	656	672	837	654	424	533	339	261	332	376	515	886	932	971	1000	829	622	476	266	202	242	22	122	106	73	136	53	75	86	39	90	80	29	96	83	35	74	63	24	52	37	32	44	18	50
64	170	2	2	119	0	1953125	12	0.0	0	0.81	0	0	V0.2	0	0	153	169	188	144	190	173	158	202	159	189	203	167	215	175	176	207	140	199	181	134	218	146	160	220	83	157	185	93	144	81	192	232	44	253	124	147	224	63	430	597	479	773	789	386	487	546	279	472	111	531	425	513	1000	803	712	899	537	387	435	126	192	177	67	213	158	123	200	71	150	165	61	167	105	135	181	78	161	158	82	160	108	115	148	90	147
64	170	2	2	119	0	1953125	12	0.0	0	0.82	0	0	V0.2	0	0	20	50	38	18	46	14	34	37	11	50	39	27	43	31	39	28	46	41	22	61	39	57	68	46	123	120	84	155	98	38	113	89	168	116	106	170	93	164	396	535	700	797	798	669	603	565	549	478	337	516	471	694	1000	919	873	850	623	506	459	243	215	201	122	145	183	95	156	137	61	132	91	63	116	74	86	95	34	79	68	34	79	56	44	69	51
64	170	2	2	119	0	1953125	12	0.0	0	0.81	0	0	V0.2	0	0	167	207	197	173	220	173	199	222	174	236	215	202	242	180	221	212	166	238	170	195	241	124	231	211	76	229	171	103	160	129	236	203	166	271	36	239	199	218	611	636	693	960	815	568	693	525	516	577	94	564	291	505	1000	705	872	865	355	574	408	38	353	152	167	278	90	222	206	72	213	142	120	197	93	196	173	102	207	129	135	180	96	165	150	118	176
64	170	2	2	119	0	1953125	12	0.0	0	0.82	0	0	V0.2	0	0	167	181	160	187	179	184	200	185	199	178	197	203	173	218	190	192	216	166	194	167	165	191	135	221	140	142	267	106	143	167	101	275	32	206	194	43	234	35	433	608	528	882	913	528	716	651	431	594	226	461	341	428	1000	861	865	929	479	610	523	153	397	205	240	321	88	251	205	78	219	82	176	170	95	223	112	139	173	83	175	123	132	174	94	162	130
64	170	2	2	119	0	1953125	12	0.0	0	0.81	0	0	V0.2	0	0	193	214	170	219	197	192	245	190	231	245	187	243	207	207	246	182	242	218	183	259	166	195	235	72	247	226	76	216	152	182	190	21	272	92	228	229	111	395	394	632	928	709	796	956	533	542	785	429	434	413	197	738	633	796	1000	521	656	585	283	432	322	203	373	158	224	302	16	256	203	96	252	136	175	203	93	210	151	129	210	115	189	183	113	191	126
64	170	2	2	119	0	1953125	12	0.0	0	0.82	0	0	V0.2	0	0	34	66	28	39	52	6	53	36	32	63	33	43	50	44	49	34	64	41	40	67	29	80	54	86	152	99	152	210	77	82	144	114	204	81	167	200	25	233	402	661	881	915	1000	961	780	743	796	704	515	558	396	657	952	911	962	909	688	730	616	337	414	342	286	318	252	185	239	154	113	164	81	96	111	74	122	97	62	114	74	62	105	53	68	82	56
64	170	2	2	119	0	1953125	12	0.0	0	0.81	0	0	V0.2	0	0	62	57	16	61	32	41	67	16	55	64	21	42	41	43	34	35	60	19	64	63	40	96	57	120	174	92	127	177	48	96	140	113	227	93	174	202	29	269	476	679	879	957	1000	886	731	701	709	745	534	518	381	514	818	798	818	885	716	747	684	352	402	369	256	276	297	178	217	210	93	158	142	36	97	79	57	105	59	69	92	30	68	84	24	67	68
64	170	2	2	119	0	1953125	12	0.0	0	0.81	0	0	V0.2	0	0	66	52	25	68	30	48	69	10	59	64	23	45	35	46	36	33	59	18	62	54	50	99	45	142	177	81	153	178	19	118	139	153	253	77	199	227	31	275	469	688	878	935	1000	880	681	648	721	724	540	609	379	552	852	818	913	966	782	850	733	382	461	389	288	339	315	205	261	214	102	180	130	48	111	75	86	114	51	87	95	33	91	84	25	77	66
64	170	2	2	119	0	1953125	12	0.0	0	0.81	0	0	V0.2	0	0	191	215	236	184	244	210	201	259	193	243	257	203	272	223	219	257	179	249	222	179	275	169	221	285	66	237	243	78	222	116	210	337	18	255	172	98	223	103	537	682	503	879	899	480	646	644	447	734	439	632	493	369	970	705	735	1000	573	778	671	185	470	345	152	393	229	206	324	87	213	244	65	226	143	174	234	100	215	196	111	215	125	161	196	110	199
64	170	2	2	119	0	1953125	12	0.0	0	0.82	0	0	V0.2	0	0	32	70	40	34	57	5	54	43	26	69	39	41	54	43	49	31	67	55	32	74	34	71	63	80	164	116	140	225	93	100	192	149	227	125	115	210	80	179	410	627	818	871	915	884	753	754	782	725	602	679	476	610	965	786	923	1000	821	839	704	361	402	337	215	258	247	152	215	151	76	148	81	90	130	77	124	111	50	113	82	59	105	57	65	86	57
64	170	2	2	119	0	1953125	12	0.0	0	0.81	0	0	V0.2	0	0	179	231	191	198	233	172	239	226	194	268	209	230	253	180	255	210	200	260	161	243	240	132	272	175	148	270	123	171	173	131	278	198	210	227	64	226	131	296	613	537	768	888	648	739	669	425	805	653	389	776	307	634	880	587	1000	876	622	935	428	297	501	116	311	332	12	319	195	126	259	94	194	200	114	244	143	161	228	94	193	174	109	211	135	162	195
64	170	2	2	119	0	1953125	12	0.0	0	0.82	0	0	V0.2	0	0	217	179	219	216	193	240	194	226	224	197	262	201	237	261	184	257	212	190	242	161	241	194	187	231	94	255	214	84	242	117	249	254	165	250	31	241	250	195	640	538	812	952	751	856	818	575	935	780	583	824	235	593	763	540	1000	867	681	931	388	443	533	115	431	277	149	323	41	244	189	130	242	89	236	196	103	233	106	190	196	116	223	129	165	187	88
64	170	2	2	119	0	1953125	12	0.0	0	0.82	0	0	V0.2	0	0	223	183	215	219	200	245	206	230	242	191	262	219	221	269	194	257	239	188	249	167	221	217	166	265	118	210	284	51	206	147	188	342	22	244	197	35	303	23	521	577	513	831	799	497	661	519	626	684	408	716	352	385	919	617	853	1000	492	893	565	242	561	280	293	383	78	288	215	107	239	96	214	187	133	265	118	180	210	93	222	145	163	213	105	197	162
64	170	2	2	119	0	1953125	12	0.0	0	0.81	0	0	V0.2	0	0	57	31	39	56	20	52	50	7	51	34	23	35	17	41	21	32	36	20	45	18	57	69	31	129	112	57	155	130	25	99	53	161	157	54	120	132	74	213	296	586	649	520	650	617	311	463	626	393	588	680	468	679	809	788	1000	898	632	773	490	326	467	264	200	247	147	119	147	63	77	104	40	79	68	58	100	67	42	83	52	39	76	35	41	53	28
64	170	2	2	119	0	1953125	12	0.0	0	0.80	0	0	V0.2	0	0	60	20	75	51	31	74	38	34	60	25	40	33	38	55	33	54	46	55	76	40	87	95	44	146	138	34	102	102	57	96	32	118	185	66	219	109	84	324	469	664	813	750	742	724	509	458	665	571	536	697	457	614	912	869	1000	994	615	717	531	316	390	310	158	172	191	83	141	150	55	123	122	30	90	79	45	101	72	60	97	45	58	92	36	51	71
64	170	2	2	119	0	1953125	12	0.0	0	0.81	0	0	V0.2	0	0	52	45	19	59	27	40	62	15	44	54	21	35	27	39	29	32	49	20	57	52	49	93	52	105	143	78	94	126	48	97	76	110	221	89	193	201	118	279	470	593	755	799	766	739	634	478	488	469	394	612	438	625	979	996	960	1000	634	620	491	271	245	223	92	118	144	66	144	130	34	115	93	46	111	72	77	106	47	67	82	19	66	68	18	62	53
64	170	2	2	119	0	1953125	12	0.0	0	0.83	0	0	V0.2	0	0	36	33	56	16	39	36	15	47	18	40	49	28	49	42	43	35	41	57	15	49	42	37	64	14	85	112	75	157	131	12	67	50	153	93	112	205	178	209	376	438	612	786	819	820	813	532	374	383	398	644	474	728	1000	992	790	866	541	404	299	154	104	109	127	190	127	118	173	89	99	120	68	113	97	64	107	57	48	79	33	63	68	41	64	46	46
64	170	2	2	119	0	1953125	12	0.0	0	0.83	0	0	V0.2	0	0	148	175	164	157	180	162	187	178	181	196	164	200	177	166	205	167	196	183	161	181	131	182	146	139	193	85	191	202	65	129	100	246	114	155	249	49	269	264	223	576	412	632	1000	682	649	661	121	234	341	582	646	519	852	916	417	647	497	118	199	14	227	136	153	294	109	191	212	35	211	113	141	212	54	180	149	94	156	89	154	131	109	165	95	131	129
64	170	2	2	119	0	1953125	12	0.0	57428	10.87	0	0	V0.2	0	0	-191	-171	-143	-117	-91	-46	31	-4	-37	-65	-99	-128	-154	-182	-204	-215	-218	-211	-203	-197	-188	-173	-148	-111	-72	-33	5	37	70	99	130	162	191	211	225	231	225	216	211	196	184	167	140	104	67	22	-15	-48	-77	-103	-130	-156	-182	-202	-215	-217	-210	-203	-188	-172	-156	-131	-107	-74	-35	-3	26	55	83	113	142	169	186	198	202	200	192	187	176	162	145	127	96	66	31
64	170	2	2	119	0	1953125	12	0.0	57436	10.88	0	0	V0.2	0	0	146	144	140	136	129	-4	-5	13	39	73	96	62	25	-3	4	5	-16	0	21	51	18	-9	4	25	27	-6	-34	-42	-59	-38	-8	-11	-12	-24	-46	-38	-10	25	40	42	27	24	-5	19	39	6	-1	-3	24	44	28	25	23	34	44	27	42	24	13	7	6	26	10	-28	-31	-56	-50	-22	-3	19	-1	-4	-12	-3	18	52	32	5	5	11	23	40	11	-5	23
64	170	2	2	119	0	1953125	12	0.0	57458	10.88	0	0	V0.2	0	0	-72	-54	-38	-23	-43	-61	-80	-65	-44	-51	-43	-27	3	5	5	1	22	54	48	9	-13	-4	19	38	47	56	70	73	53	40	22	-6	1	-4	-30	-46	-52	-26	-13	17	-8	-19	0	29	54	6	-14	1	-6	-19	-49	-75	-42	11	20	33	32	24	9	-3	-7	44	72	58	31	15	32	43	26	24	36	34	19	15	2	21	32	51	30	-3	14	2	-31	-37	-35
64	170	2	2	119	0	1953125	12	0.0	57436	10.88	0	0	V0.2	0	0	9	22	39	56	64	30	37	63	24	-30	-34	-23	-12	13	9	-18	-34	-18	7	65	117	107	65	8	-41	-29	-2	12	12	30	-3	-45	-36	-23	-20	12	34	32	38	26	34	17	13	35	76	76	22	-6	-38	-28	24	44	25	28	42	22	8	-26	19	76	72	-1	-56	-51	-70	-82	-63	-29	-15	-18	-46	-45	-69	-53	-23	16	66	69	34	-1	-15	28	46	52	63
64	170	2	2	119	0	1953125	12	0.0	57423	10.87	0	0	V0.2	0	0	100	87	79	70	-27	-70	-60	-31	-25	-42	-30	9	43	52	20	-1	-16	-34	-44	-13	21	59	53	53	60	26	-21	-40	-35	-23	-30	-29	19	51	36	33	40	16	-26	-77	-86	-42	11	31	24	24	-10	-37	-13	8	39	60	45	18	-16	-35	-34	15	55	64	74	40	2	-39	-6	50	72	59	13	9	-5	-3	33	26	-12	10	-13	-36	-33	12	49	52	43	31	27
64	170	2	2	119	0	1953125	12	0.0	57421	10.87	0	0	V0.2	0	0	85	93	105	111	48	-8	-14	1	6	29	43	44	22	35	17	14	-2	-46	-58	-49	7	87	106	81	32	7	-11	-13	7	31	48	20	-19	-45	-65	-36	-8	27	18	21	17	-4	1	-11	-13	18	39	39	15	8	8	-4	10	46	63	64	29	7	-21	-16	5	-13	-32	-13	4	-8	-33	-20	-10	0	2	-3	-4	-11	4	13	7	16	34	37	15	-4	-33	-5	39
64	170	2	2	119	0	1953125	12	0.0	57487	10.88	0	0	V0.2	0	0	19	3	-14	-32	7	-2	-17	-9	33	42	73	112	84	20	-29	-17	4	9	56	60	24	-1	-16	4	33	32	26	8	19	13	-15	2	30	34	-19	-65	-93	-75	-27	-2	33	60	48	43	-5	-12	-45	-28	-11	-20	-52	-63	-40	-29	-7	10	-1	11	15	13	28	15	39	39	56	39	18	-1	-13	14	44	34	-18	-66	-103	-104	-84	-27	30	87	141	129	74	7	-10
64	170	2	2	119	0	1953125	12	0.0	57415	10.87	0	0	V0.2	0	0	-303	-320	-344	-357	240	244	237	228	228	223	212	194	157	118	73	33	-5	-32	-59	-83	-109	-138	-166	-180	-187	-185	-174	-163	-153	-140	-119	-90	-57	-16	20	57	88	119	151	186	214	238	253	262	261	255	244	234	220	206	181	149	113	70	30	-6	-39	-68	-91	-116	-140	-165	-183	-189	-184	-174	-162	-149	-131	-113	-87	-56	-23	16	50	76	104	133	163	192	212	225	236	236	229
64	170	2	2	119	0	1953125	12	0.0	57415	10.87	0	0	V0.2	0	0	-303	-320	-344	-357	240	244	237	228	228	223	212	194	157	118	73	33	-5	-32	-59	-83	-109	-138	-166	-180	-187	-185	-174	-163	-153	-140	-119	-90	-57	-16	20	57	88	119	151	186	214	238	253	262	261	255	244	234	220	206	181	149	113	70	30	-6	-39	-68	-91	-116	-140	-165	-183	-189	-184	-174	-162	-149	-131	-113	-87	-56	-23	16	50	76	104	133	163	192	212	225	236	236	229
64	170	2	2	119	0	1953125	12	0.0	0	0.84	0	0	V0.2	0	0	139	161	132	173	148	151	172	136	176	154	168	176	152	193	140	165	169	126	190	134	157	161	106	160	103	149	96	122	221	87	138	104	90	250	110	318	349	179	357	154	304	409	639	1000	890	683	693	530	481	409	88	459	328	506	591	390	474	267	56	164	119	146	118	125	246	80	173	157	72	166	76	146	137	95	161	97	130	113	104	140	93	139	112	106	126
64	170	2	2	119	0	1953125	12	0.0	0	0.84	0	0	V0.2	0	0	139	161	132	173	148	151	172	136	176	154	168	176	152	193	140	165	169	126	190	134	157	161	106	160	103	149	96	122	221	87	138	104	90	250	110	318	349	179	357	154	304	409	639	1000	890	683	693	530	481	409	88	459	328	506	591	390	474	267	56	164	119	146	118	125	246	80	173	157	72	166	76	146	137	95	161	97	130	113	104	140	93	139	112	106	126
64	170	2	2	119	0	1953125	12	0.0	57420	10.87	0	0	V0.2	0	0	278	298	313	317	-171	-167	-159	-151	-130	-107	-76	-41	-8	18	46	75	103	135	166	194	214	223	221	211	206	198	184	173	150	120	83	47	8	-24	-56	-85	-115	-148	-174	-188	-199	-200	-193	-187	-181	-170	-156	-135	-101	-63	-21	18	43	73	102	131	161	193	217	234	242	244	233	219	206	189	172	144	110	75	38	1	-36	-64	-90	-123	-152	-181	-198	-207	-212	-207	-196	-179	-160
64	170	2	2	119	0	1953125	12	0.0	57430	10.87	0	0	V0.2	0	0	123	125	148	188	210	-92	-82	-66	-51	-37	-12	8	25	41	59	79	89	106	118	127	144	153	158	161	163	168	168	168	160	153	147	128	109	97	85	64	32	11	-2	-21	-42	-52	-66	-79	-84	-99	-105	-108	-114	-113	-104	-103	-86	-76	-57	-47	-27	-7	8	24	42	56	72	89	110	122	139	154	155	171	183	185	182	175	166	153	137	122	107	100	86	62	43	27	7
64	170	2	2	119	0	1953125	12	0.0	57430	10.87	0	0	V0.2	0	0	123	125	148	188	210	-92	-82	-66	-51	-37	-12	8	25	41	59	79	89	106	118	127	144	153	158	161	163	168	168	168	160	153	147	128	109	97	85	64	32	11	-2	-21	-42	-52	-66	-79	-84	-99	-105	-108	-114	-113	-104	-103	-86	-76	-57	-47	-27	-7	8	24	42	56	72	89	110	122	139	154	155	171	183	185	182	175	166	153	137	122	107	100	86	62	43	27	7
64	170	2	2	119	0	1953125	12	0.0	57415	10.87	0	0	V0.2	0	0	131	131	130	128	22	-21	-42	-23	-24	18	66	55	38	20	-12	-22	-4	42	53	46	20	7	13	35	69	75	63	45	4	-35	-39	-48	-71	-59	-44	-35	-39	-42	-3	14	-20	-33	-6	0	15	-13	-4	-9	-8	-18	-29	-7	-5	6	25	10	-13	-19	-9	-16	-28	-27	3	43	59	52	23	-8	-42	-35	9	21	14	-6	-39	-49	-46	-33	27	59	77	85	78	63	30
64	170	2	2	119	0	1953125	12	0.0	6538	2.14	0	0	V0.2	0	0	125	124	121	117	112	106	101	89	91	71	79	60	67	50	60	65	63	77	80	107	94	132	118	187	140	210	141	237	139	206	152	224	238	151	278	98	351	76	337	147	261	219	136	239	146	219	206	197	452	63	703	631	422	1000	500	657	670	282	477	182	179	93	65	27	60	49	97	75	96	76	76	54	56	48	58	52	62	59	57	53	59	48	43	43	37
64	170	2	2	119	0	1953125	12	0.0	57427	10.87	0	0	V0.2	0	0	91	79	74	46	-18	-89	-150	78	84	87	86	80	82	87	87	84	86	88	71	66	60	57	47	37	28	23	18	1	-3	-5	-13	-23	-32	-35	-31	-27	-22	-19	-15	-8	-10	-4	1	-1	-4	0	3	16	34	44	46	49	58	64	69	71	70	76	83	82	85	80	77	75	67	66	62	56	57	47	38	27	24	15	11	11	-2	-17	-20	-28	-27	-26	-24	-25	-24
64	170	2	2	119	0	1953125	12	0.0	57441	10.88	0	0	V0.2	0	0	-9	-34	-49	-64	-55	-14	17	30	20	20	2	-3	9	1	15	26	-9	-25	-27	-46	-27	-14	5	12	18	6	7	10	28	44	22	-19	-35	-56	-58	-25	28	31	22	-9	-17	-8	-6	16	30	25	54	43	40	32	15	15	8	1	8	2	-1	-10	16	17	13	-21	-26	-9	2	-12	3	7	12	23	16	15	-40	-55	-39	-11	46	50	66	105	100	73	62	44	21
64	170	2	2	119	0	1953125	12	0.0	57462	10.88	0	0	V0.2	0	0	-125	-137	-144	-150	-153	-4	-45	-67	-57	-43	4	38	76	53	5	-27	-31	-22	-19	14	24	29	12	0	3	-14	20	-1	3	6	-27	-51	-25	33	61	52	-1	-13	-2	-10	-49	-60	-45	-19	16	18	-13	-9	3	47	64	51	71	86	49	14	-12	-32	-39	-34	-24	-13	-31	-22	29	66	105	82	61	54	30	3	32	37	22	13	-2	-19	-15	-2	35	63	68	49	7
64	170	2	2	119	0	1953125	12	0.0	57446	10.88	0	0	V0.2	0	0	9	27	46	65	30	24	34	10	-22	-14	-10	-12	-22	2	38	20	-4	-2	19	23	-8	-31	-43	-41	-38	-21	16	28	-7	-24	-49	-78	-90	-47	1	28	61	52	38	25	-10	-5	-10	3	-14	8	48	49	38	16	19	8	-18	-1	38	77	87	65	41	23	2	-23	-20	-18	-24	5	45	71	69	61	39	4	-26	-32	-41	-25	-24	1	14	14	31	28	19	17	3
64	170	2	2	119	0	1953125	12	0.0	57472	10.88	0	0	V0.2	0	0	14	36	52	70	-30	-3	9	-8	-4	-1	-16	0	-29	-5	12	20	8	-20	-29	-37	-32	-29	7	32	24	15	-25	-90	-95	-24	39	47	18	22	10	-12	-62	-51	-3	37	47	50	37	12	-23	-21	24	90	93	53	3	-22	-21	17	50	34	-30	-59	-31	-3	2	21	27	-22	-39	-32	-22	13	33	74	79	69	73	44	18	4	3	4	2	-4	-6	0	-3	-33	-4
64	170	2	2	119	0	1953125	12	0.0	57470	10.88	0	0	V0.2	0	0	-130	-119	-107	-94	12	-15	13	21	48	58	69	57	23	-2	-6	-37	-47	-67	-56	-17	33	42	11	-32	-29	-10	-7	-11	-12	-18	-20	-7	32	11	15	33	10	-16	-47	-43	-7	1	-11	-3	15	30	21	-5	-23	6	19	18	4	6	-9	-10	-18	-1	23	50	78	51	-2	-22	-42	-40	-21	-15	-35	-33	-26	-15	-3	-2	3	9	25	46	65	80	59	67	74	52	62
64	170	2	2	119	0	1953125	12	0.0	57467	10.88	0	0	V0.2	0	0	-143	-132	-119	-107	-22	35	68	67	33	9	-60	-74	-58	-16	13	-9	-26	-14	-8	37	55	79	92	86	48	-45	-91	-84	-51	-2	41	62	62	51	9	-28	-15	20	53	34	-3	-12	-34	-31	-2	46	60	18	22	11	7	-39	-54	-24	8	42	67	40	23	27	26	57	69	60	20	-7	-21	-17	3	7	-4	10	25	38	24	4	20	7	-26	-39	-52	-85	-93	-21	55
64	170	2	2	119	0	1953125	12	0.0	57530	10.89	0	0	V0.2	0	0	-93	-104	-113	-121	-127	-133	15	-23	-33	0	15	39	63	29	-12	-26	-6	31	29	25	4	-66	-84	-72	-40	13	36	44	43	36	34	31	29	14	38	41	64	68	56	53	51	27	18	-12	-14	2	24	-1	-16	13	9	-21	-52	-49	-41	-28	-28	-12	13	13	2	8	7	-10	-11	3	5	-3	-1	22	-2	-15	-34	-5	23	35	17	5	21	31	-10	-3	25	40	19
64	170	2	2	119	0	1953125	12	0.0	57513	10.89	0	0	V0.2	0	0	26	42	55	68	83	97	14	10	-22	-15	24	52	48	14	-23	-50	-57	-57	-50	-5	8	-12	-13	13	39	21	17	11	12	-15	-19	-12	-9	10	29	26	12	-1	26	36	53	43	27	56	45	18	-31	-43	4	-5	-27	-32	-40	-44	-21	21	57	85	53	21	-25	-53	-41	-2	14	56	84	85	50	15	-22	11	62	52	-9	-16	-26	-8	21	69	54	12	-7	-25	-18
64	170	2	2	119	0	1953125	12	0.0	57486	10.88	0	0	V0.2	0	0	-2	11	31	48	53	46	45	48	33	24	-8	-39	-28	-30	-8	12	19	10	10	28	14	-36	-47	-18	45	41	38	20	25	26	32	28	-5	-6	20	32	40	32	43	57	38	39	40	9	10	15	30	-24	-35	-29	-3	4	-20	-17	-8	-1	-29	-38	9	48	32	11	-10	-13	-10	-4	-55	-80	-98	-69	-32	-2	-4	1	7	37	48	66	52	33	18	-17	-25	-12	-36
64	170	2	2	119	0	1953125	12	0.0	57483	10.88	0	0	V0.2	0	0	-51	-31	-14	1	10	-3	22	2	-37	-57	-35	-27	-10	-6	16	4	-4	0	21	30	3	-28	-28	3	0	-25	-43	-33	-10	-3	-11	-21	-20	-7	-8	-1	28	33	6	0	19	43	35	70	89	65	24	-9	-2	-7	-30	-19	-2	-22	-33	-21	-21	22	67	66	54	26	-2	9	-18	-3	9	8	24	42	51	56	52	48	48	53	23	-17	-10	4	33	36	23	14	11
64	170	2	2	119	0	1953125	12	0.0	57506	10.89	0	0	V0.2	0	0	101	116	130	58	39	30	41	21	27	78	89	89	48	49	37	-7	-25	-39	-33	-35	-54	-57	-54	-10	25	1	-5	-13	6	15	-10	8	36	40	24	33	11	2	8	21	74	90	81	23	-9	9	15	-3	3	6	4	-21	-56	-55	-32	-9	1	26	35	56	44	1	-20	-9	-28	-26	-26	-35	-21	-9	-8	-3	13	27	31	36	14	12	32	48	30	19	51	46	9
64	170	2	2	119	0	1953125	12	0.0	57535	10.89	0	0	V0.2	0	0	2	-15	-31	-50	-67	56	76	87	80	50	14	-10	4	19	32	36	6	-44	-76	-78	-65	-14	15	-5	11	-12	-36	-57	-46	7	40	47	21	0	-51	-79	-48	8	50	42	-19	-37	-39	-18	13	52	61	44	7	-59	-80	-40	21	64	79	71	58	22	30	29	30	14	-6	-18	-12	-7	-6	-1	37	62	45	36	24	-24	-4	50	73	59	57	55	28	-20	-21	-5	13
64	170	2	2	119	0	1953125	12	0.0	57540	10.89	0	0	V0.2	0	0	-81	-93	-108	59	55	21	0	10	34	55	33	16	12	6	18	17	28	14	10	-2	-23	-26	-15	21	50	33	28	24	23	2	27	60	72	61	54	32	3	-29	-8	16	39	30	40	28	34	6	-19	-9	43	36	8	-22	-9	2	-7	-14	-26	-38	-33	-16	20	7	-25	-28	-15	-7	-13	-12	47	59	43	21	39	25	28	30	56	38	5	-17	-32	-50	-54	-47	-39
64	170	2	2	119	0	1953125	12	0.0	57512	10.89	0	0	V0.2	0	0	-69	-83	-95	-101	-109	-12	-43	-64	-36	-2	18	13	-1	15	2	-21	-29	13	45	9	-38	-44	-40	-31	-11	-5	35	65	44	8	36	46	58	41	49	33	22	0	7	2	10	29	29	-9	-38	-68	-70	-40	22	86	122	96	75	33	24	27	4	9	22	16	14	17	53	69	69	5	10	8	-28	-61	-32	-18	-6	22	37	17	1	-10	-11	5	-3	-32	-39	-24	6
64	170	2	2	119	0	1953125	12	0.0	57520	10.89	0	0	V0.2	0	0	139	126	106	94	44	84	86	42	-1	-31	-29	-3	27	26	19	6	-12	-57	-68	-18	32	74	73	61	43	30	25	-6	-2	52	75	54	46	59	36	2	11	25	38	19	-30	-29	-8	9	16	-17	-6	-18	-41	-8	46	92	73	39	7	-41	-57	-37	-4	13	1	-6	-2	13	18	32	54	59	41	15	-3	-44	-60	-19	25	27	12	6	-18	-60	-100	-87	-34	51	88
64	170	2	2	119	0	1953125	12	0.0	57568	10.90	0	0	V0.2	0	0	-14	4	25	19	70	60	11	-2	-20	-36	-54	-27	-4	0	8	16	26	46	81	90	74	23	-5	-18	1	26	38	34	10	-13	-30	-5	4	2	22	36	21	3	-26	-27	21	54	63	108	122	105	73	41	10	21	61	87	72	56	23	-23	-17	13	32	15	-46	-92	-96	-28	10	26	16	6	1	-11	-5	-12	5	57	85	69	3	-54	-75	-61	13	74	86	58	19
64	170	2	2	119	0	1953125	12	0.0	57576	10.90	0	0	V0.2	0	0	-63	-46	-31	11	29	48	47	64	43	21	9	-13	-10	3	38	64	64	47	17	9	42	47	42	27	-6	-34	-88	-95	-39	13	26	16	21	36	39	3	-10	-14	-6	11	24	20	-23	-52	-37	9	51	59	40	15	-3	-17	-39	-10	-1	9	16	-29	-62	-48	-12	29	47	54	49	8	-16	-6	35	86	120	89	79	36	9	-19	-15	-2	35	67	41	30	-10	-43	-40
64	170	2	2	119	0	1953125	12	0.0	57548	10.89	0	0	V0.2	0	0	87	85	84	75	22	21	2	3	17	16	1	7	1	-17	0	14	47	60	32	43	32	-2	-24	-7	45	56	54	41	28	38	35	28	22	21	-8	-16	21	51	53	44	28	40	41	44	72	74	67	20	-4	19	21	18	0	32	27	8	24	56	84	91	88	86	73	46	26	36	30	16	12	18	63	95	85	61	32	28	7	-38	-36	-6	37	35	36	64	54
64	170	2	2	119	0	1953125	12	0.0	57531	10.89	0	0	V0.2	0	0	53	63	67	-24	2	27	35	29	33	25	30	44	57	34	-5	11	5	12	33	29	19	22	50	54	54	28	18	51	90	56	29	20	38	44	42	66	57	25	35	33	22	19	9	26	42	42	63	46	7	-32	-12	37	86	73	72	59	38	36	52	63	43	0	-19	-50	-16	9	4	3	-1	3	5	15	26	18	32	38	15	17	33	61	49	41	40	37	29
64	170	2	2	119	0	1953125	12	0.0	57603	10.90	0	0	V0.2	0	0	-38	-44	-57	67	101	93	22	-24	-15	1	9	23	41	58	43	40	46	36	3	0	-18	-53	-40	14	26	2	-20	-21	-23	8	53	59	51	8	-4	27	55	37	7	14	21	16	-14	-20	12	37	15	-36	-51	-53	-44	18	78	93	81	29	-23	-48	-28	16	30	22	9	-6	-25	-44	-29	-3	21	21	14	-10	-25	-2	19	27	30	32	16	6	20	-7	18	30	52
64	170	2	2	119	0	1953125	12	0.0	57615	10.91	0	0	V0.2	0	0	125	120	116	-141	-133	-120	-63	-6	5	-18	-68	-105	-90	-85	-75	-92	-112	-114	-124	-104	-64	-44	-10	-42	-80	-71	-53	-45	-55	-37	-20	-44	-96	-126	-118	-128	-116	-78	-59	-66	-89	-113	-142	-101	-69	-26	-3	-34	-85	-134	-134	-92	-18	21	19	-5	-41	-61	-76	-54	-45	-36	-47	-61	-103	-93	-71	-73	-65	-52	-65	-104	-125	-140	-96	-62	-23	-20	-49	-82	-112	-154	-138	-109	-94
64	170	2	2	119	0	1953125	12	0.0	57628	10.91	0	0	V0.2	0	0	129	119	108	102	56	37	-16	-45	-18	37	82	82	31	-17	-58	-47	-9	8	10	29	52	74	51	29	31	42	-3	-38	-46	-51	-18	22	47	99	133	86	74	73	61	63	82	74	65	48	7	-36	-49	-16	-23	-44	-36	-28	-10	-2	-15	-32	-32	-39	-59	-58	-46	-23	21	51	66	43	23	42	45	26	29	38	59	65	61	59	36	-1	-31	-20	18	51	40	12	15
64	170	2	2	119	0	1953125	12	0.0	57606	10.90	0	0	V0.2	0	0	65	48	33	19	19	-4	-25	-42	11	77	73	18	-15	-1	38	60	67	64	36	-20	-55	-52	-25	1	15	45	8	-20	-102	-126	-75	-1	70	82	23	-19	-25	7	28	65	99	101	68	1	-57	-101	-79	-13	50	70	57	22	27	54	83	111	112	78	43	-26	-68	-44	1	9	35	50	55	20	16	13	51	73	52	24	14	22	37	10	26	48	86	91	66	28	16
64	170	2	2	119	0	1953125	12	0.0	57628	10.91	0	0	V0.2	0	0	97	97	90	81	36	35	45	67	73	41	18	22	7	25	60	55	44	29	22	-8	-9	25	15	47	32	-14	-45	-42	-19	-2	-2	22	34	48	3	-35	-31	-14	9	34	46	49	17	-5	-1	43	70	60	34	24	19	22	23	42	41	18	-2	30	37	17	33	36	28	-5	-2	20	39	60	21	33	37	26	5	-13	-14	-8	-9	17	75	92	60	10	6	5	11
64	170	2	2	119	0	1953125	12	0.0	57630	10.91	0	0	V0.2	0	0	-158	-157	-156	-152	-147	35	45	41	36	14	21	33	24	19	5	27	44	31	53	75	56	58	64	64	68	67	49	44	42	22	45	26	43	9	-21	-19	14	30	40	57	73	72	39	2	-9	23	41	33	7	-16	-24	-47	-46	-23	44	83	31	-30	-50	-40	8	66	98	75	44	-2	-12	-21	5	24	58	46	8	-13	7	26	54	74	44	3	-1	-14	-5	8	54
64	170	2	2	119	0	1953125	12	0.0	57621	10.91	0	0	V0.2	0	0	53	62	63	70	30	-10	-32	-24	-21	18	68	80	82	58	61	57	56	74	53	29	31	17	-5	-28	-5	22	49	54	40	35	2	-8	-26	-63	-73	-58	-47	-27	-5	-11	-17	-9	1	16	-2	-8	14	45	19	-21	-46	-37	-12	46	48	37	18	-11	-43	-63	-33	7	-8	-25	-12	38	69	69	15	-22	-31	-32	-47	-19	20	51	48	42	29	2	-2	2	-9	-42	-65
64	170	2	2	119	0	1953125	12	0.0	57610	10.91	0	0	V0.2	0	0	-17	-11	-8	-71	-96	-121	-106	-84	-49	-35	-89	-103	-108	-126	-142	-118	-70	-52	-68	-80	-89	-70	-44	-28	-30	-57	-85	-107	-104	-65	-71	-71	-65	-58	-93	-146	-151	-127	-87	-52	-53	-68	-101	-130	-135	-95	-71	-56	-48	-56	-98	-118	-99	-79	-79	-86	-61	-57	-83	-105	-71	-71	-99	-109	-82	-56	-64	-101	-102	-42	7	12	-29	-80	-105	-67	-34	10	45	22	-38	-107	-137	-123	-53
64	170	2	2	119	0	1953125	12	0.0	57647	10.91	0	0	V0.2	0	0	99	89	86	-3	-10	-71	-95	-35	29	25	9	14	-6	-25	-22	4	43	48	16	-9	-68	-81	-102	-29	69	88	70	27	-6	-7	-17	4	-9	-1	-14	-1	-6	-9	12	63	102	119	53	-26	-47	-52	-28	-6	13	-1	-25	-34	-30	-13	10	32	43	39	33	-9	-23	-13	60	70	60	41	13	-5	-8	24	71	80	73	66	19	-17	-29	-21	48	80	79	15	-33	-4	13
64	170	2	2	119	0	1953125	12	0.0	0	0.80	0	0	V0.2	0	0	60	13	56	56	13	59	44	15	50	31	30	36	28	47	34	41	46	35	59	30	64	80	24	118	123	30	109	92	44	150	100	132	228	83	72	209	112	96	277	394	686	845	766	858	741	621	697	660	379	677	690	740	1000	650	717	911	604	380	276	305	176	128	111	81	152	57	91	117	34	82	111	31	71	77	29	78	70	37	74	52	28	69	38	28	57
64	170	2	2	119	0	1953125	12	0.0	0	0.80	0	0	V0.2	0	0	60	13	56	56	13	59	44	15	50	31	30	36	28	47	34	41	46	35	59	30	64	80	24	118	123	30	109	92	44	150	100	132	228	83	72	209	112	96	277	394	686	845	766	858	741	621	697	660	379	677	690	740	1000	650	717	911	604	380	276	305	176	128	111	81	152	57	91	117	34	82	111	31	71	77	29	78	70	37	74	52	28	69	38	28	57
64	170	2	2	119	0	1953125	12	0.0	0	0.80	0	0	V0.2	0	0	42	25	61	35	26	54	21	29	42	18	36	26	28	42	29	39	34	43	48	21	67	51	44	113	79	54	108	49	78	118	53	166	187	23	119	175	77	68	179	318	543	533	531	660	446	473	649	518	443	669	633	800	999	533	724	777	425	382	300	275	261	173	80	149	146	38	102	93	24	97	75	29	74	40	50	82	40	52	70	21	53	59	15	44	44
64	170	2	2	119	0	1953125	12	0.0	0	0.83	0	0	V0.2	0	0	34	34	23	28	50	56	47	22	5	20	20	13	30	44	45	34	26	30	23	5	41	77	88	64	20	25	64	63	28	78	141	219	155	94	53	84	153	153	207	260	405	413	402	423	266	443	516	362	304	574	676	849	1000	592	663	623	516	523	319	228	153	82	55	90	54	51	77	82	38	20	73	95	90	61	27	33	43	35	10	27	54	62	52	32	8
64	170	2	2	119	0	1953125	12	0.0	0	0.82	0	0	V0.2	0	0	27	40	30	30	45	19	33	41	5	31	25	20	35	12	29	26	28	39	16	56	53	15	68	39	52	97	55	63	77	28	132	176	76	167	165	69	192	92	132	309	353	442	585	508	197	315	238	361	326	484	694	954	1000	729	845	652	498	484	221	208	311	73	30	122	47	56	56	45	98	64	42	85	48	46	81	49	28	53	23	39	47	13	46	47	15
64	170	2	2	119	0	1953125	12	0.0	57646	10.91	0	0	V0.2	0	0	-182	-171	-157	-146	-131	-104	-91	-63	-45	-140	-115	-90	-64	-39	-17	2	29	56	78	98	120	137	149	156	157	152	146	138	124	113	94	76	53	34	16	-8	-29	-49	-68	-89	-101	-110	-110	-110	-111	-114	-109	-102	-85	-63	-41	-21	-6	9	18	30	52	65	77	87	88	87	85	83	76	70	60	48	36	19	2	-11	-18	-27	-43	-54	-58	-67	-73	-76	-73	-67	-55	-46	-40
64	170	2	2	119	0	1953125	12	0.0	57246	10.84	0	0	V0.2	0	0	25	28	29	26	23	19	-10	19	24	11	7	14	16	-12	-27	-17	-13	5	24	30	25	9	22	42	49	18	-27	-53	-29	18	24	3	2	-41	-49	-23	-14	-4	5	23	44	53	-1	-39	-38	-11	-23	-1	17	37	24	10	22	54	62	39	4	-20	-50	-40	-22	-25	0	7	-9	-53	-72	-70	-43	26	57	64	35	-22	-57	-55	-47	-33	-20	-9	5	9	-49	-61	-29
64	170	2	2	119	0	1953125	12	0.0	57258	10.85	0	0	V0.2	0	0	103	119	135	151	155	160	166	-12	-4	37	30	27	3	-21	-27	-17	5	23	16	-3	-39	-23	7	-11	-16	0	23	28	15	19	31	79	69	47	17	1	12	12	2	0	41	75	24	-5	-39	-45	13	18	8	16	-1	1	6	21	18	38	60	57	53	52	33	42	19	-6	-46	-50	-27	42	33	-34	-76	-76	-56	-31	3	21	23	17	2	4	32	9	5	0	-21
64	170	2	2	119	0	1953125	12	0.0	57261	10.85	0	0	V0.2	0	0	43	24	3	-18	14	9	23	5	-8	-7	26	33	36	27	7	-11	-18	-29	-8	2	34	30	-4	-42	-50	-55	-33	0	27	31	19	22	2	-10	-1	22	57	71	68	38	15	9	-8	-23	-28	10	59	60	70	62	33	24	61	74	45	24	17	35	15	-29	-37	-22	-42	-43	-49	-53	-77	-58	-32	-2	-19	-40	-15	10	14	6	28	25	-6	-8	28	44	87	57	35
64	170	2	2	119	0	1953125	12	0.0	57310	10.85	0	0	V0.2	0	0	-106	-113	-117	-121	-123	3	27	8	4	19	23	6	-32	-42	-20	-4	5	28	50	53	19	4	11	48	50	41	20	21	27	10	-3	8	19	28	15	-6	-25	3	6	-10	14	37	21	-12	-38	-49	-64	-39	17	27	10	-24	-33	0	32	35	4	-41	-48	-51	-27	-4	5	10	-2	-4	-12	-24	-13	24	37	28	10	9	-13	-33	-23	-2	-5	14	32	46	53	19	29
64	170	2	2	119	0	1953125	12	0.0	57255	10.84	0	0	V0.2	0	0	56	40	32	18	15	8	16	29	-1	-11	-13	5	35	31	0	-38	-58	-67	-53	24	77	73	41	18	-8	-40	-36	-28	-44	-16	-4	4	15	-10	-23	-35	-29	-28	-30	7	42	63	104	85	93	80	73	61	36	-16	-53	-48	-23	2	9	3	12	18	35	37	51	38	-15	-35	-23	-13	14	26	36	3	2	-5	-2	14	41	60	53	36	17	2	-16	-3	10	39	13
64	170	2	2	119	0	1953125	12	0.0	57303	10.85	0	0	V0.2	0	0	-117	-114	-108	-99	-89	9	9	-2	7	5	-14	8	14	-22	-24	-52	-82	-57	-17	24	17	44	83	67	38	4	-3	1	-22	-7	-25	-49	-50	-36	-1	44	93	103	85	55	-1	-23	5	24	9	-29	-34	-38	-39	-24	8	31	35	42	21	12	9	10	60	74	48	16	-18	-24	-7	1	17	14	11	20	31	26	-2	-26	-28	6	35	30	11	16	4	3	-2	-23	-58
64	170	2	2	119	0	1953125	12	0.0	57291	10.85	0	0	V0.2	0	0	4	-7	-19	-27	-6	-5	37	60	43	10	10	25	21	28	32	17	1	-19	-56	-80	-53	-16	37	69	56	34	29	12	12	4	-13	-54	-27	-16	23	28	-9	7	29	30	1	-27	-15	-10	2	15	14	0	-42	-56	-43	22	51	30	-2	-41	-82	-80	-48	12	63	61	49	29	6	17	-1	-12	-22	-17	3	11	-11	-29	-6	17	22	24	27	46	40	16	27	68	18
64	170	2	2	119	0	1953125	12	0.0	7773	2.35	0	0	V0.2	0	0	125	121	116	104	102	91	90	71	66	59	44	43	17	33	13	32	34	51	58	67	85	78	89	87	122	127	170	138	249	62	233	17	300	82	269	115	326	145	467	399	452	578	379	652	138	669	266	738	542	546	1000	391	569	943	394	572	710	214	516	216	251	176	232	212	184	193	190	203	204	209	207	191	165	145	122	116	86	84	73	64	43	37	29	14	15
64	170	2	2	119	0	1953125	12	0.0	57275	10.85	0	0	V0.2	0	0	-128	-125	-123	-120	-59	1	45	69	41	11	-46	-33	7	38	56	77	70	35	49	31	35	28	12	18	15	50	70	37	25	30	25	14	8	-22	-74	-92	-61	-20	-17	-36	-47	-16	-15	-7	1	4	22	47	27	-8	-47	-54	-34	-21	-11	2	22	28	-11	-2	22	56	46	26	-14	-42	-35	-15	14	27	30	24	9	-17	-26	-29	-13	0	11	15	-6	7	34	26	14
64	170	2	2	119	0	1953125	12	0.0	7768	2.35	0	0	V0.2	0	0	118	110	102	99	95	82	80	60	61	42	42	25	21	20	5	34	24	51	36	66	47	76	56	124	97	144	115	172	178	99	173	110	249	85	247	114	360	77	492	246	645	600	715	897	513	999	561	826	712	367	918	442	447	827	323	496	590	182	524	228	329	267	257	260	180	201	171	193	179	202	191	191	175	169	139	135	103	99	69	68	50	41	38	25	17
64	170	2	2	119	0	1953125	12	0.0	7800	2.36	0	0	V0.2	0	0	48	95	26	76	52	76	23	28	68	53	30	24	82	18	34	70	73	34	51	117	57	86	61	122	51	195	116	137	114	262	167	182	121	280	106	115	408	446	475	449	401	358	314	499	635	663	608	790	674	521	309	672	587	386	394	870	1000	862	286	318	422	494	191	275	170	175	63	163	39	25	148	151	13	16	125	69	70	82	113	20	97	98	80	33	97
64	170	2	2	119	0	1953125	12	0.0	7723	2.34	0	0	V0.2	0	0	30	54	47	111	18	44	50	108	22	27	69	83	7	37	85	58	36	61	103	58	72	93	106	76	153	112	135	154	178	151	112	157	207	35	133	510	592	552	459	276	400	265	354	535	774	600	491	282	414	299	508	607	710	620	482	755	1000	768	428	172	380	377	209	168	234	250	19	37	136	105	101	109	149	77	95	87	80	8	123	108	57	29	111	86	38
64	170	2	2	119	0	1953125	12	0.0	7889	2.37	0	0	V0.2	0	0	81	35	49	27	105	24	38	50	81	8	28	63	25	48	52	57	35	53	41	35	107	57	33	79	105	43	50	146	119	118	112	198	19	243	212	206	422	545	482	360	297	467	385	389	467	548	341	333	355	363	433	648	532	242	467	882	1000	728	207	321	414	343	38	123	72	101	178	62	52	117	183	19	64	118	95	79	113	105	32	106	96	60	46	94	45
64	170	2	2	119	0	1953125	12	0.0	7803	2.36	0	0	V0.2	0	0	71	74	60	77	66	64	54	55	34	65	43	45	8	73	48	53	28	52	25	19	93	54	66	11	162	84	101	12	160	41	180	112	288	212	129	187	311	364	583	394	263	188	493	446	388	512	859	1000	665	423	758	985	868	562	426	898	901	779	288	379	425	443	206	167	172	177	76	161	106	80	40	148	63	36	70	153	55	42	72	117	24	60	85	86	25
64	170	2	2	119	0	1953125	12	0.0	57342	10.86	0	0	V0.2	0	0	-2	26	46	59	28	-205	-201	-187	-151	-120	-98	-73	-44	-17	9	17	32	52	73	92	102	116	124	125	121	116	111	101	95	70	50	21	0	-21	-50	-80	-111	-140	-159	-180	-194	-213	-226	-235	-243	-251	-259	-263	-260	-257	-235	-216	-210	-199	-185	-163	-134	-111	-89	-58	-33	-8	8	24	35	54	74	99	104	113	123	123	122	119	106	88	69	52	29	14	-6	-35	-56	-81	-101
64	170	2	2	119	0	1953125	12	0.0	7803	2.36	0	0	V0.2	0	0	114	111	111	101	99	84	91	69	75	52	55	36	33	19	14	23	7	36	21	64	41	72	40	116	86	155	107	191	165	145	167	182	278	141	332	128	497	182	606	331	649	570	636	787	443	945	447	862	661	440	1000	483	521	924	285	606	562	279	548	188	419	258	322	237	213	195	214	227	221	221	212	197	173	155	129	117	91	80	62	54	48	35	26	16	18
64	170	2	2	119	0	1953125	12	0.0	57357	10.86	0	0	V0.2	0	0	4	-18	-28	-16	-2	-11	-5	82	103	119	139	159	165	170	169	152	142	135	140	134	136	131	115	104	92	69	51	29	12	-7	-23	-45	-58	-65	-87	-102	-117	-128	-130	-129	-124	-109	-113	-114	-122	-113	-94	-80	-63	-37	-14	-2	6	38	52	67	77	87	98	118	135	135	137	137	136	128	130	131	120	118	115	111	94	72	45	19	3	-11	-25	-33	-42	-55	-69	-83	-88
64	170	2	2	119	0	1953125	12	0.0	57371	10.86	0	0	V0.2	0	0	-115	-93	-70	-46	-21	3	-5	13	12	9	2	26	18	-5	0	19	47	70	34	-49	-96	-65	-7	83	109	97	57	3	-14	6	53	73	69	35	-27	-33	-18	20	42	32	44	52	29	-3	-4	10	38	27	23	-8	-34	-12	-6	22	47	44	20	-43	-60	-77	-66	-60	-18	27	24	-10	-61	-107	-106	-58	-16	24	52	77	73	62	29	32	23	-1	-6	-48	-44	-27	-11
64	170	2	2	119	0	1953125	12	0.0	57383	10.87	0	0	V0.2	0	0	199	195	190	183	170	43	21	-1	-21	-31	-17	-3	10	2	-18	-19	-8	15	40	47	35	20	17	3	5	32	42	47	41	10	-19	-53	3	33	90	84	38	26	1	-20	-15	32	76	57	0	-45	-71	-53	-30	6	10	14	12	-6	-19	-29	-25	22	53	50	20	-21	-38	-9	21	25	32	22	-16	-38	-24	7	-16	-7	13	30	25	-1	-6	1	19	35	23	15	16
64	170	2	2	119	0	1953125	12	0.0	57386	10.87	0	0	V0.2	0	0	-154	-160	-163	-165	-163	-17	-17	3	40	39	4	7	26	23	19	26	45	32	-3	-47	-48	-41	-18	-19	-34	17	36	46	37	17	9	-22	-1	26	64	68	34	22	8	-2	-5	-16	-1	5	2	-25	-11	-10	14	48	4	-10	6	-2	22	45	54	47	9	24	44	56	56	39	33	16	-18	-35	-27	17	44	55	49	57	21	-33	-68	-76	-65	-28	12	32	-5	-29	-13
64	170	2	2	119	0	1953125	12	0.0	5031	1.88	0	0	V0.2	0	0	127	128	118	117	106	101	85	83	71	60	64	42	56	43	62	56	72	70	103	106	112	137	152	173	150	190	133	205	62	194	37	220	56	245	99	283	237	184	279	89	287	133	155	355	172	432	531	396	867	315	952	820	526	1000	389	612	524	208	415	197	178	251	155	265	220	227	201	179	163	132	125	113	120	117	121	122	125	102	102	89	73	67	58	46	40
64	170	2	2	119	0	1953125	12	0.0	5009	1.88	0	0	V0.2	0	0	32	81	29	99	13	76	25	100	15	65	57	86	48	64	99	63	77	61	140	41	123	84	173	56	177	133	228	127	256	143	236	180	315	103	171	381	581	486	518	334	495	189	73	484	707	595	422	286	773	885	995	691	471	161	603	745	999	761	550	380	414	317	172	152	344	244	196	139	236	132	168	132	211	105	152	110	158	82	147	110	123	87	119	93	75
64	170	2	2	119	0	1953125	12	0.0	57352	10.86	0	0	V0.2	0	0	-145	-138	-128	-131	-122	64	42	26	7	-13	-32	-50	-61	-76	-85	-100	-117	-120	-123	-126	-129	-119	-115	-106	-102	-87	-79	-63	-47	-32	-12	7	19	36	55	68	82	96	108	115	124	138	145	141	137	129	126	114	105	92	83	68	45	29	15	-5	-29	-44	-55	-70	-84	-96	-107	-114	-115	-120	-121	-120	-113	-105	-97	-86	-74	-62	-50	-37	-18	-1	15	30	50	68	83	94	103
64	170	2	2	119	0	1953125	12	0.0	57410	10.87	0	0	V0.2	0	0	57	62	69	73	-32	18	42	45	-3	-30	-57	-72	-63	-17	24	56	37	-14	-44	-68	-62	-25	33	80	57	34	-11	-29	-18	-10	14	62	65	27	-29	-35	-7	42	63	1	-31	-44	-41	-4	32	86	81	26	-1	-42	-23	15	53	61	41	40	21	-22	-25	37	82	91	91	2	-67	-67	-14	26	77	105	89	29	10	-6	-15	1	19	44	59	43	19	6	15	7	25
64	170	2	2	119	0	1953125	12	0.0	57401	10.87	0	0	V0.2	0	0	62	59	57	57	3	17	9	10	15	37	27	5	23	31	36	25	38	22	6	-3	-26	-11	-4	-9	24	84	82	67	36	16	35	45	54	50	37	32	48	49	49	5	3	28	44	37	-10	-23	-8	6	-11	-39	-44	-27	0	39	43	38	40	32	22	2	-13	-11	1	14	30	20	20	12	-8	-39	-31	-19	-11	21	29	3	-2	-15	-7	-12	14	38	49	48	40
64	170	2	2	119	0	1953125	12	0.0	57405	10.87	0	0	V0.2	0	0	44	47	47	48	-22	-8	-13	-7	-16	-28	-34	-31	19	52	55	28	17	26	39	36	20	32	51	44	50	34	26	35	44	39	30	46	57	42	61	53	27	22	19	22	0	-3	-12	-23	19	25	30	36	50	48	-1	-36	-35	-12	8	16	33	33	-14	-33	-26	-8	-5	-20	-53	-63	-48	3	56	99	104	61	28	-15	-55	-52	-16	-11	-9	3	29	36	40	61	53
64	170	2	2	119	0	1953125	12	0.0	57413	10.87	0	0	V0.2	0	0	2	7	9	11	60	33	37	6	-10	-5	33	69	97	123	90	68	49	-19	-49	-50	-27	4	17	14	0	15	34	58	78	55	34	20	3	5	6	6	-16	-56	-57	-40	-17	4	2	-6	-6	3	-1	25	67	77	65	49	38	11	-14	2	8	24	20	38	46	44	47	38	52	74	102	89	58	24	16	-12	-6	-9	-17	-12	-10	-4	13	46	79	34	36	59	42
64	170	2	2	119	0	1953125	12	0.0	0	0.83	0	0	V0.2	0	0	174	173	169	148	152	134	143	115	133	91	100	64	69	60	45	65	53	89	64	112	92	142	121	225	223	290	272	370	410	310	463	218	571	172	469	226	391	217	406	310	399	391	401	644	159	697	233	457	491	519	505	965	228	973	904	495	1000	380	782	517	410	403	210	255	41	68	94	123	134	161	159	158	122	118	92	76	71	82	78	89	103	87	91	87	77
64	170	2	2	119	0	1953125	12	0.0	57460	10.88	0	0	V0.2	0	0	-82	-109	-140	-164	-183	201	185	162	133	96	61	23	-17	-43	-73	-101	-130	-156	-183	-197	-204	-201	-194	-186	-174	-162	-139	-112	-78	-44	-8	27	64	101	127	158	191	215	226	235	236	227	221	210	197	179	158	127	93	56	15	-21	-50	-82	-109	-137	-159	-182	-198	-204	-201	-189	-174	-164	-148	-127	-105	-76	-40	-4	30	65	92	119	147	171	190	201	207	209	200	194	185	176	160
64	170	2	2	119	0	1953125	12	0.0	0	0.74	0	0	V0.2	0	0	596	603	604	619	628	629	647	654	664	663	680	661	682	664	671	657	656	630	647	616	610	592	595	590	547	564	494	575	379	527	372	533	476	434	628	312	732	365	707	446	671	665	677	950	437	999	441	667	506	387	518	548	378	550	786	273	899	564	795	825	655	792	616	709	592	584	526	500	482	453	449	441	460	456	469	466	484	469	467	462	465	462	453	447	433
64	170	2	2	119	0	1953125	12	0.0	57482	10.88	0	0	V0.2	0	0	36	20	3	-16	-20	132	161	189	213	227	224	221	217	210	203	193	173	147	113	71	30	-4	-36	-62	-91	-118	-149	-172	-190	-197	-192	-187	-179	-166	-152	-132	-104	-70	-32	4	37	71	95	127	161	188	215	235	247	251	241	231	222	210	192	174	139	99	59	23	-8	-38	-66	-96	-122	-147	-173	-185	-187	-189	-187	-175	-161	-146	-126	-104	-75	-34	6	41	71	99	123	148	177
64	170	2	2	119	0	1953125	12	0.0	57535	10.89	0	0	V0.2	0	0	-12	-30	-42	-53	-60	-42	-49	-67	-38	4	14	4	0	-8	-22	-3	13	7	1	5	-4	13	11	9	11	27	52	37	17	8	16	51	95	107	70	25	4	-18	-17	29	66	56	46	15	-1	7	-9	-36	-11	50	73	60	43	15	14	55	63	60	32	-3	-2	0	33	73	62	41	47	58	-2	-20	-9	24	36	20	-7	-4	-55	-86	-51	31	62	60	25	4	-41
64	170	2	2	119	0	1953125	12	0.0	57496	10.89	0	0	V0.2	0	0	33	24	17	10	-103	-134	-148	-129	-103	-93	-79	-79	-68	-33	-48	-55	-89	-124	-131	-127	-92	-56	-62	-70	-94	-106	-141	-134	-100	-50	-56	-98	-107	-101	-78	-78	-88	-97	-112	-117	-140	-123	-69	-39	-27	-43	-56	-51	-82	-83	-96	-112	-107	-133	-143	-116	-80	-54	-40	-36	-55	-94	-122	-141	-151	-156	-147	-148	-146	-141	-135	-134	-106	-63	-60	-66	-45	-49	-67	-76	-90	-77	-74	-77	-93
64	170	2	2	119	0	1953125	12	0.0	57525	10.89	0	0	V0.2	0	0	37	42	49	56	3	-27	-49	-24	19	33	35	19	21	21	42	27	22	42	57	77	61	27	-12	-15	-13	-24	-4	16	43	63	47	34	18	2	-30	-28	8	9	-11	-13	5	22	53	54	41	23	28	14	-6	-24	-32	-6	45	78	68	12	-17	-19	-5	7	18	11	9	13	-1	18	26	41	33	17	21	21	29	47	23	-1	-9	-8	20	28	18	1	10	29	41
64	170	2	2	119	0	1953125	12	0.0	57516	10.89	0	0	V0.2	0	0	80	79	76	74	66	53	64	10	-22	-48	-48	0	28	18	-16	-15	-44	-75	-60	-10	27	42	1	-14	-29	-43	-15	-2	-11	-38	-66	-81	-61	-61	-57	-42	-13	-43	-66	-67	-56	-32	-23	-28	-24	11	-4	-3	3	13	3	-14	-3	-12	8	-16	-2	-3	10	13	12	-21	-34	-46	-46	-10	-3	-22	-50	-75	-55	-28	27	55	82	96	66	2	-48	-59	-24	8	36	13	-30
64	170	2	2	119	0	1953125	12	0.0	57492	10.89	0	0	V0.2	0	0	71	72	63	52	-83	-96	-73	-46	-36	-33	-41	-76	-89	-82	-80	-68	-82	-76	-74	-50	-61	-85	-75	-51	-28	-14	17	7	-39	-29	-26	-24	-36	-91	-132	-143	-153	-117	-58	-8	-16	-28	-45	-79	-87	-94	-77	-69	-69	-70	-67	-42	-25	-42	-37	-50	-46	-42	-36	-39	-17	3	-11	-8	-27	-35	-55	-87	-89	-63	-34	-23	-35	-61	-81	-77	-47	-11	20	-4	-8	-50	-105	-71	-34
64	170	2	2	119	0	1953125	12	0.0	57566	10.90	0	0	V0.2	0	0	-53	-53	-54	-49	-44	42	67	31	6	31	32	25	12	5	0	23	45	42	9	0	8	1	-2	-7	-2	33	28	19	65	95	73	35	-35	-69	-44	0	36	38	34	28	21	6	-20	-20	-32	-22	-19	-9	-5	-18	-14	2	19	28	26	34	33	14	-17	-64	-55	-49	-43	-5	62	96	68	39	26	-12	-45	-40	0	24	39	38	29	25	2	-34	-51	-19	16	12	2
64	170	2	2	119	0	1953125	12	0.0	57567	10.90	0	0	V0.2	0	0	-12	-18	-25	-34	-40	-25	-29	-19	-6	-26	-22	-52	-60	-34	-32	-6	0	19	34	30	48	29	41	28	24	44	57	36	5	-24	-27	-24	-7	9	-5	-25	-22	-50	-55	-33	10	29	46	30	-36	-60	-43	-20	11	26	35	35	43	44	31	4	-21	-27	-34	-35	-10	34	42	41	60	90	93	81	33	-27	-32	-16	22	76	99	108	57	20	22	37	13	-25	-25	-24	-23
64	170	2	2	119	0	1953125	12	0.0	57550	10.90	0	0	V0.2	0	0	29	34	36	35	-26	-16	-11	-60	-52	-50	-3	20	-5	-26	-46	-27	8	0	16	13	25	42	21	-5	1	16	34	40	26	0	4	7	-10	-39	-24	4	-2	-16	-38	-23	2	18	44	51	25	1	-8	9	25	34	27	24	21	2	29	48	47	15	-10	-14	-12	-49	-55	-13	9	21	-14	-8	-13	11	36	70	78	42	-4	4	-18	-41	-31	-9	34	77	42	10	3
64	170	2	2	119	0	1953125	12	0.0	6583	2.15	0	0	V0.2	0	0	61	66	31	84	36	77	27	66	12	63	21	52	12	30	35	20	46	10	63	14	76	25	64	87	138	13	16	193	201	231	246	122	143	163	221	111	98	340	444	608	504	237	179	455	677	853	1000	788	601	112	278	361	464	520	805	745	695	277	329	354	478	227	224	151	246	81	109	52	155	57	171	83	141	34	110	55	102	65	95	49	73	60	69	47	59
64	170	2	2	119	0	1953125	12	0.0	6583	2.15	0	0	V0.2	0	0	61	66	31	84	36	77	27	66	12	63	21	52	12	30	35	20	46	10	63	14	76	25	64	87	138	13	16	193	201	231	246	122	143	163	221	111	98	340	444	608	504	237	179	455	677	853	1000	788	601	112	278	361	464	520	805	745	695	277	329	354	478	227	224	151	246	81	109	52	155	57	171	83	141	34	110	55	102	65	95	49	73	60	69	47	59
64	170	2	2	119	0	1953125	12	0.0	6585	2.15	0	0	V0.2	0	0	10	84	15	82	14	62	24	48	36	42	38	24	45	29	64	15	50	35	54	69	74	68	53	138	120	53	27	212	155	254	150	181	109	220	133	118	60	381	439	642	503	371	140	260	518	896	945	740	458	87	254	408	421	767	1000	987	826	281	211	330	423	141	174	157	254	48	89	73	103	103	140	107	115	59	76	87	88	91	79	54	58	73	55	53	64
64	170	2	2	119	0	1953125	12	0.0	57565	10.90	0	0	V0.2	0	0	69	54	72	71	-100	-98	-89	-86	-78	-65	-42	-23	-6	9	24	37	45	52	63	81	96	106	116	121	123	122	124	122	117	107	104	92	88	80	68	51	41	27	7	-2	-15	-28	-37	-50	-68	-74	-84	-91	-92	-94	-91	-95	-87	-81	-83	-78	-70	-53	-39	-31	-30	-21	-1	14	35	51	62	78	84	91	94	104	111	117	120	119	114	107	103	103	93	83	69	51	43
64	170	2	2	119	0	1953125	12	0.0	57635	10.91	0	0	V0.2	0	0	-30	-45	-39	-21	-18	7	30	41	56	64	79	82	95	102	112	124	125	125	134	130	122	118	117	104	97	91	81	65	53	37	20	13	-2	-17	-25	-42	-56	-62	-65	-66	-69	-76	-81	-80	-77	-75	-77	-68	-62	-61	-51	-36	-23	-14	4	23	35	54	61	69	75	80	82	95	108	114	124	130	126	125	116	102	89	84	80	75	62	51	39	24	7	-2	-10	-13	-23
64	170	2	2	119	0	1953125	12	0.0	57635	10.91	0	0	V0.2	0	0	-30	-45	-39	-21	-18	7	30	41	56	64	79	82	95	102	112	124	125	125	134	130	122	118	117	104	97	91	81	65	53	37	20	13	-2	-17	-25	-42	-56	-62	-65	-66	-69	-76	-81	-80	-77	-75	-77	-68	-62	-61	-51	-36	-23	-14	4	23	35	54	61	69	75	80	82	95	108	114	124	130	126	125	116	102	89	84	80	75	62	51	39	24	7	-2	-10	-13	-23
64	170	2	2	119	0	1953125	12	0.0	57628	10.91	0	0	V0.2	0	0	23	20	15	-10	-3	10	43	60	59	66	53	38	25	34	11	-7	6	31	54	28	-13	-26	-52	-47	3	45	64	48	20	3	-5	1	2	14	1	-10	-24	-46	-67	-39	-1	4	3	2	-3	-21	-45	-37	-23	-6	13	7	-18	-19	-11	-15	3	14	28	41	16	-8	-15	-18	-8	37	57	50	29	7	-11	-15	3	34	25	14	-24	-38	10	33	25	24	1	-21	-49
64	170	2	2	119	0	1953125	12	0.0	57669	10.92	0	0	V0.2	0	0	-19	-19	-19	-23	63	90	65	28	-4	-16	-16	-12	-18	8	33	50	38	21	8	-19	4	7	-23	-7	18	43	51	37	39	49	37	22	-23	-55	-59	5	56	78	60	-12	-31	2	51	85	83	53	37	32	6	-23	-38	-24	-3	-21	-41	-36	-16	14	46	55	24	4	20	-1	7	36	45	28	4	-36	-34	-43	-9	-1	0	5	19	39	6	-31	-27	-17	-27	-51	-17
64	170	2	2	119	0	1953125	12	0.0	57665	10.91	0	0	V0.2	0	0	156	123	103	62	36	-22	-34	-50	-62	-69	-86	-96	-101	-99	-99	-95	-89	-85	-74	-57	-54	-52	-46	-31	-16	6	37	59	77	89	99	118	137	149	153	162	166	170	174	161	154	145	142	127	108	97	85	67	58	42	33	21	2	-19	-34	-50	-59	-72	-82	-89	-91	-90	-77	-83	-80	-71	-70	-57	-45	-32	-28	-19	-7	22	48	65	69	75	91	110	115	121	131	145	153
64	170	2	2	119	0	1953125	12	0.0	57665	10.91	0	0	V0.2	0	0	156	123	103	62	36	-22	-34	-50	-62	-69	-86	-96	-101	-99	-99	-95	-89	-85	-74	-57	-54	-52	-46	-31	-16	6	37	59	77	89	99	118	137	149	153	162	166	170	174	161	154	145	142	127	108	97	85	67	58	42	33	21	2	-19	-34	-50	-59	-72	-82	-89	-91	-90	-77	-83	-80	-71	-70	-57	-45	-32	-28	-19	-7	22	48	65	69	75	91	110	115	121	131	145	153
64	170	2	2	119	0	1953125	12	0.0	57625	10.91	0	0	V0.2	0	0	40	45	48	40	2	-16	-42	-32	-11	4	28	55	49	32	2	-28	-57	-59	-51	-5	35	18	6	15	-6	-10	-16	-11	47	100	121	97	41	11	-22	-16	-3	20	53	44	-9	-37	-7	15	15	3	2	-19	1	48	66	75	57	37	-3	-36	-63	-59	-40	-22	-27	-2	12	7	14	20	38	58	82	68	22	-33	-57	-68	-31	-2	34	34	10	-4	1	7	9	-21	-28
64	170	2	2	119	0	1953125	12	0.0	57671	10.92	0	0	V0.2	0	0	59	43	30	12	-3	-13	-28	-47	-32	-7	1	-12	-12	1	0	-13	8	21	19	3	-9	-6	-24	-8	38	51	48	22	-7	-10	-7	-12	27	33	13	-10	-45	-44	-21	2	23	53	73	62	39	3	-14	-4	35	26	46	68	65	51	11	22	21	17	-6	5	2	-22	-31	-10	-1	-17	-45	-45	-30	-23	-23	-24	-21	14	41	16	-13	-28	-20	15	45	34	16	20	8
64	170	2	2	119	0	1953125	12	0.0	57720	10.92	0	0	V0.2	0	0	-57	-71	-91	-95	50	28	22	15	7	32	28	23	21	-7	-17	-5	44	60	43	20	-17	-28	-28	3	6	31	61	60	84	56	1	-13	-18	-1	16	8	-4	-7	-27	-30	-12	3	15	29	11	26	47	43	45	41	29	9	-19	-42	-59	-50	-37	-11	3	18	36	4	-37	-23	1	24	20	22	-7	-31	-53	-46	-37	-23	2	32	15	1	-16	-1	7	-5	14	4	2
64	170	2	2	119	0	1953125	12	0.0	57708	10.92	0	0	V0.2	0	0	20	3	-15	-32	-46	35	11	-1	-6	-19	-22	-23	-19	-21	-36	-58	-57	-41	-24	-24	-13	24	44	51	51	33	29	-11	-30	-6	26	22	3	-26	-39	-31	-12	1	24	48	34	10	-8	-25	-22	6	39	29	22	32	48	45	40	51	27	-4	-4	18	40	17	-1	-19	-24	-38	-34	-8	11	28	24	31	29	13	-22	-7	13	21	17	27	42	80	55	22	-14	-35	-51
64	170	2	2	119	0	1953125	12	0.0	0	0.74	0	0	V0.2	0	0	115	111	109	92	97	79	78	57	64	42	44	35	26	45	36	62	52	77	60	102	88	131	110	171	160	197	183	217	247	159	256	65	294	125	167	208	246	84	292	42	332	89	324	127	378	204	381	265	554	685	313	999	367	793	806	268	632	227	293	257	18	144	120	108	187	154	194	150	149	107	97	58	73	68	87	83	105	90	103	93	96	84	83	79	72
64	170	2	2	119	0	1953125	12	0.0	0	0.74	0	0	V0.2	0	0	37	47	30	26	45	30	15	41	31	10	35	27	20	34	32	36	42	36	54	57	30	76	84	33	90	140	66	109	177	142	74	128	202	54	110	243	256	171	422	317	305	544	692	717	1000	809	716	838	867	886	668	600	577	425	525	773	638	255	273	213	128	136	196	127	120	165	102	75	112	95	51	108	110	49	72	102	64	36	76	62	15	65	64	14	44
64	170	2	2	119	0	1953125	12	0.0	57704	10.92	0	0	V0.2	0	0	-66	-85	-95	-112	-125	104	133	157	180	196	210	209	206	199	190	182	167	142	108	69	29	-5	-35	-67	-96	-125	-157	-186	-209	-218	-222	-218	-207	-196	-180	-163	-141	-114	-80	-40	-8	26	67	98	127	157	187	205	224	231	226	221	210	197	181	163	137	98	64	23	-18	-47	-77	-105	-133	-155	-180	-203	-213	-215	-209	-200	-188	-175	-158	-139	-113	-79	-39	1	30	59	88	117	142
64	170	2	2	119	0	1953125	12	0.0	57718	10.92	0	0	V0.2	0	0	-79	-74	-70	-62	40	52	45	36	-6	-38	-61	-28	11	15	-3	10	26	41	49	49	64	72	50	21	-17	-29	-28	-39	-20	7	21	44	65	50	55	96	114	76	33	0	-9	-15	-8	-12	-8	3	-5	7	10	-28	-12	-8	13	26	39	39	52	35	25	18	8	5	11	42	63	74	71	40	15	-12	-17	10	18	-18	-24	11	25	4	-26	-57	-88	-90	-62	-23	7
64	170	2	2	119	0	1953125	12	0.0	57733	10.93	0	0	V0.2	0	0	108	112	109	110	112	4	8	9	-9	-20	-33	-20	-17	-10	23	-11	-34	-18	-34	-33	-23	8	47	18	1	-7	21	43	68	60	40	24	-6	-21	-59	-74	-34	-31	-23	0	51	95	71	2	-27	-9	-3	-19	-10	22	32	31	22	36	29	17	3	14	35	29	21	19	13	-16	-65	-70	-36	-17	6	-7	-6	-11	-47	-58	-64	-35	-7	-14	1	26	8	-12	-31	-8	1
64	170	2	2	119	0	1953125	12	0.0	57737	10.93	0	0	V0.2	0	0	115	116	117	-39	-22	-16	-4	16	0	8	16	20	19	4	31	17	0	-7	-7	2	20	27	25	-5	-34	-32	-18	-28	-21	-7	18	12	11	-5	-57	-65	-26	-2	34	31	5	16	51	80	98	90	42	-25	-5	-22	-39	-17	13	3	-10	-8	29	49	9	11	1	-5	-11	-6	-6	4	26	28	16	25	35	42	25	-30	-40	-24	15	37	33	15	-3	-11	7	30	49
64	170	2	2	119	0	1953125	12	0.0	5026	1.88	0	0	V0.2	0	0	136	129	125	115	114	96	93	68	78	44	51	18	30	19	8	42	26	58	38	77	54	104	81	164	124	190	127	198	168	112	125	185	156	265	253	343	569	330	736	398	873	628	881	876	555	1000	360	766	516	366	832	473	427	885	327	507	491	161	362	68	292	150	342	237	330	293	328	289	275	246	214	174	140	118	104	96	96	89	81	82	63	43	34	27	8
64	170	2	2	119	0	1953125	12	0.0	57757	10.93	0	0	V0.2	0	0	-240	-230	-220	-233	-248	-233	158	152	142	132	122	105	84	67	53	36	18	2	-15	-36	-55	-68	-89	-97	-107	-119	-124	-124	-126	-125	-123	-115	-108	-97	-86	-69	-46	-26	-13	5	23	42	59	81	97	108	119	132	140	146	147	146	146	147	138	135	128	115	99	74	63	53	39	22	6	-15	-29	-46	-67	-85	-95	-108	-112	-114	-119	-120	-114	-111	-105	-90	-82	-73	-59	-43	-32
64	170	2	2	119	0	1953125	12	0.0	57793	10.94	0	0	V0.2	0	0	81	81	78	80	78	-12	-17	-19	-17	-29	-57	-85	-63	-2	45	72	47	29	12	22	13	-5	-6	4	-1	11	3	33	23	-24	-56	-23	-2	27	49	65	54	10	-25	-62	-76	-80	-74	-48	-11	20	39	20	5	-18	-36	-15	10	-2	-12	-10	-14	-19	-7	8	20	6	18	17	23	18	45	65	50	30	21	30	31	-2	2	-6	-29	-42	-24	-5	-7	-3	-6	-10	15
64	170	2	2	119	0	1953125	12	0.0	57773	10.93	0	0	V0.2	0	0	41	54	62	68	74	9	-2	-32	-39	-5	-28	-38	-38	-72	-52	-34	17	69	55	18	-4	-49	-81	-72	-25	-17	-21	-48	-47	-26	9	21	23	-4	-18	-27	-19	-3	9	19	33	56	36	20	25	43	23	-2	-3	-12	2	29	31	46	31	21	29	21	3	-19	-14	17	64	72	37	21	-1	3	33	33	18	22	49	51	14	0	31	40	79	94	44	-8	-41	-39	-8
64	170	2	2	119	0	1953125	12	0.0	57791	10.94	0	0	V0.2	0	0	26	32	38	44	54	-21	0	10	11	-17	-29	-42	-19	4	0	28	27	30	34	-5	-21	-18	-4	0	7	-3	7	40	88	76	62	41	33	11	-19	-10	21	46	41	9	-23	-44	-55	-64	-57	-36	12	38	31	1	4	26	30	37	43	39	39	7	-24	-12	12	28	31	23	9	20	14	5	-4	28	53	52	47	2	-22	-15	-9	12	15	28	38	58	72	64	-3
64	170	2	2	119	0	1953125	12	0.0	57808	10.94	0	0	V0.2	0	0	-9	-4	4	-60	-65	-60	-10	29	48	3	-56	-79	-83	-59	-14	44	48	14	-18	-35	-35	-24	-24	4	20	-8	-22	-23	-15	1	-10	0	23	4	-36	-59	-44	-24	-1	0	-30	-43	-17	28	69	54	46	40	48	35	24	46	50	88	94	69	-6	-43	-12	12	25	7	17	33	-1	-38	-68	-77	-51	-27	11	34	20	18	-11	-23	-20	18	94	113	85	60	41	55	65
64	170	2	2	119	0	1953125	12	0.0	57800	10.94	0	0	V0.2	0	0	72	64	60	55	53	8	-40	-34	-21	14	49	39	20	-4	-6	-10	-19	-4	58	67	12	-17	-28	-5	19	33	56	48	24	-19	-44	-18	11	37	35	-15	2	47	80	54	25	20	0	-7	-4	5	29	32	18	14	39	45	21	-4	-12	0	22	30	31	19	29	29	17	5	8	22	15	-2	-24	-42	-60	-55	-33	-18	25	32	-14	-29	11	18	11	34	32	5	-27
64	170	2	2	119	0	1953125	12	0.0	57808	10.94	0	0	V0.2	0	0	33	30	24	11	-2	45	42	33	1	-27	-48	-32	-23	-10	-2	-2	18	53	54	47	23	-18	9	23	56	54	45	28	14	25	51	53	23	-15	-2	15	41	62	23	23	22	-15	-29	-42	-10	6	3	16	14	8	-16	-53	-73	-69	-15	22	12	6	18	14	25	42	27	-14	-12	-18	19	3	-2	9	32	43	30	19	-27	-51	-32	-10	28	44	19	-10	-31	-35	-35
64	170	2	2	119	0	1953125	12	0.0	57850	10.95	0	0	V0.2	0	0	133	128	125	77	69	27	-6	-6	-22	-17	5	17	17	17	12	29	23	20	33	25	4	-10	-3	-11	-16	-12	-11	0	3	4	-19	0	14	27	36	23	-8	-15	-15	5	-5	17	23	26	29	-4	-20	-26	-20	-10	-25	-19	1	30	57	44	21	-15	-19	-12	17	41	41	28	23	-1	-21	-26	8	23	19	-10	-36	-51	-17	-8	6	8	12	19	36	29	19	32	42
64	170	2	2	119	0	1953125	12	0.0	57863	10.95	0	0	V0.2	0	0	-86	-95	-102	-108	5	-19	-45	-22	-11	-3	4	-19	-6	19	19	-2	-3	31	63	40	18	-12	-18	-17	-11	-16	-8	4	27	47	62	39	55	86	79	3	-27	-27	-10	12	18	31	53	60	46	17	3	33	64	80	41	30	34	21	34	31	49	42	-1	-26	-64	-71	-33	4	30	11	6	5	-20	-39	-49	-62	-40	-36	-32	-40	-25	-5	19	43	60	68	53	55	55
64	170	2	2	119	0	1953125	12	0.0	57850	10.95	0	0	V0.2	0	0	-52	-63	-76	7	-5	25	33	45	48	63	55	33	72	104	92	99	96	32	11	0	-11	-47	-61	-32	-5	12	39	68	85	50	21	-16	-34	-14	10	33	33	29	29	24	9	-8	19	46	61	54	44	23	-12	-1	-3	-5	-8	-10	-28	-40	-58	-32	1	21	34	52	25	3	1	11	26	46	25	17	18	52	43	40	58	35	16	-1	-12	-30	-40	-41	-7	39	67
64	170	2	2	119	0	1953125	12	0.0	57853	10.95	0	0	V0.2	0	0	78	60	38	-7	-48	-27	10	30	31	36	53	64	73	74	72	69	42	41	55	67	71	46	22	18	-12	-4	15	31	36	19	-9	-14	-8	-3	5	4	23	53	70	83	80	88	86	45	12	-11	0	13	1	-1	15	17	7	-9	4	-12	4	12	31	47	33	33	29	-1	-3	-6	-4	0	6	-2	-18	-1	12	5	50	81	61	-18	-59	-55	-22	10	18	20	35
64	170	2	2	119	0	1953125	12	0.0	57865	10.95	0	0	V0.2	0	0	166	148	136	120	100	6	-8	-5	-24	-8	6	-12	11	35	33	18	4	10	10	11	33	52	37	45	57	72	59	36	25	25	12	1	2	12	-16	-5	8	4	0	33	51	50	58	62	42	22	32	30	69	55	60	68	40	44	39	-4	-25	-15	33	73	71	75	12	-15	7	12	29	27	24	0	-3	27	73	112	84	46	7	-9	-2	34	49	49	46	32	2
64	170	2	2	119	0	1953125	12	0.0	0	0.74	0	0	V0.2	0	0	61	28	35	57	28	24	54	36	16	47	37	25	46	43	43	51	41	58	59	31	74	79	30	96	128	64	132	204	131	98	201	127	85	229	278	204	171	293	400	373	559	611	609	1000	902	708	696	676	628	556	577	516	449	678	759	729	594	734	430	335	373	174	113	198	169	64	67	131	63	58	125	108	47	93	111	61	50	93	67	24	76	70	18	60	69
64	170	2	2	119	0	1953125	12	0.0	0	0.74	0	0	V0.2	0	0	61	28	35	57	28	24	54	36	16	47	37	25	46	43	43	51	41	58	59	31	74	79	30	96	128	64	132	204	131	98	201	127	85	229	278	204	171	293	400	373	559	611	609	1000	902	708	696	676	628	556	577	516	449	678	759	729	594	734	430	335	373	174	113	198	169	64	67	131	63	58	125	108	47	93	111	61	50	93	67	24	76	70	18	60	69
64	170	2	2	119	0	1953125	12	0.0	0	0.74	0	0	V0.2	0	0	206	219	192	213	226	195	224	238	200	230	247	200	240	258	197	237	263	185	224	253	159	211	242	117	206	260	83	212	287	114	188	261	135	193	359	251	64	323	352	262	602	529	471	999	744	494	830	666	376	571	705	355	577	867	583	470	750	558	365	527	265	146	307	275	60	239	216	69	208	203	74	217	217	83	201	220	104	186	207	111	181	199	111	167	180
64	170	2	2	119	0	1953125	12	0.0	0	0.74	0	0	V0.2	0	0	52	15	45	53	11	39	50	16	28	45	26	31	45	39	40	41	45	60	40	44	79	54	45	110	94	52	159	175	88	147	193	68	137	255	239	145	185	253	279	397	606	560	665	1000	754	722	766	613	555	522	637	505	667	736	657	655	685	775	440	423	401	166	166	250	154	71	127	143	42	112	144	81	71	121	98	40	78	91	38	57	84	50	39	73	54
64	170	2	2	119	0	1953125	12	0.0	0	0.74	0	0	V0.2	0	0	55	31	36	49	30	23	42	23	15	33	18	13	33	26	24	28	33	44	29	29	70	48	36	105	91	39	157	180	84	135	193	71	138	266	249	117	155	255	259	386	618	510	643	1000	772	722	706	592	545	516	687	468	653	772	737	697	725	839	469	455	426	209	183	259	180	70	127	156	53	109	154	93	66	126	110	41	75	95	40	52	83	50	28	64	53
64	170	2	2	119	0	1953125	12	0.0	0	0.74	0	0	V0.2	0	0	55	23	49	53	17	42	54	18	27	45	24	29	44	35	38	39	41	54	36	42	80	53	46	115	92	52	170	181	82	149	188	53	172	288	258	141	187	289	284	432	622	491	664	1000	772	755	725	603	578	563	741	433	638	796	726	687	757	831	484	497	448	227	212	266	180	88	151	163	50	130	159	88	78	136	111	37	89	100	42	61	95	55	34	80	62
64	170	2	2	119	0	1953125	12	0.0	0	0.74	0	0	V0.2	0	0	55	24	48	53	22	38	45	14	26	40	13	25	33	26	30	30	43	51	21	52	82	35	66	123	79	78	187	167	72	168	177	41	202	290	243	186	256	313	319	504	637	486	723	1000	726	748	691	573	562	524	711	413	727	869	659	601	794	826	524	553	432	223	251	270	150	121	174	152	63	158	159	74	95	139	91	42	97	90	24	77	90	35	56	77	38
64	170	2	2	119	0	1953125	12	0.0	57931	10.96	0	0	V0.2	0	0	-158	-159	-143	-39	-9	23	52	81	106	132	162	190	202	212	207	203	193	187	178	164	133	96	61	23	-14	-44	-74	-100	-131	-162	-188	-207	-216	-216	-203	-192	-182	-175	-156	-129	-96	-54	-14	21	53	87	113	146	176	202	221	233	238	232	227	214	200	182	162	133	98	62	19	-22	-52	-78	-107	-133	-159	-185	-200	-212	-215	-212	-193	-182	-168	-154	-133	-99	-65	-26	6	37	69
64	170	2	2	119	0	1953125	12	0.0	57938	10.96	0	0	V0.2	0	0	54	36	21	7	-4	41	60	67	68	29	-9	-15	-2	12	-5	-36	-64	-54	-14	4	13	6	-12	-2	-12	-38	3	31	8	2	3	-3	-25	-28	-4	7	-3	10	37	49	-23	-67	-27	4	43	22	9	-15	-38	-36	-38	-6	30	28	18	5	-33	-37	-13	-3	-16	0	47	70	50	13	23	41	41	15	17	16	13	8	-2	19	24	8	14	27	28	-2	4	2	13
64	170	2	2	119	0	1953125	12	0.0	57954	10.96	0	0	V0.2	0	0	-3	9	17	26	37	6	14	20	26	48	64	58	-1	-8	-4	-33	-34	-47	-32	-2	17	42	55	81	87	52	-9	-37	-28	-11	16	-28	-33	-38	-39	-45	-44	-48	-49	-47	-42	-34	-32	-26	-5	-12	3	-7	6	8	16	26	18	17	16	2	-17	-5	-11	-41	-45	-29	-18	-29	-33	-11	-14	-28	-27	-11	-5	-40	-45	-32	-33	-24	19	62	78	73	49	15	-20	-23	-10
