34928	35048	35167	35286	35405	35524	35644	35763	35882	36001	36120	36240	36359	36478	36597	36716	36836	36955	37074	37193	37313	37432	37551	37670	37789	37909	38028	38147	38266	38385	38505	38624	38743	38862	38981	39101	39220	39339	39458	39577	39697	39816	39935	40054	40174	40293	40412	40531	40650	40770	40889	41008	41127	41246	41366	41485	41604	41723	41842	41962	42081	42200	42319	42439	42558	42677	42796	42915	43035	43154	43273	43392	43511	43631	43750	43869	43988	44107	44227	44346	44465	44584	44703	44823	44942
64	170	2	2	119	0	1953125	12	0.0	0	0.29	0	0	V0.2	0	0	-17	-20	-20	-361	-354	-346	-336	-310	-279	-243	-207	-174	-138	-108	-74	-35	12	60	105	144	184	225	264	302	340	374	399	411	419	429	436	436	431	417	394	360	323	286	234	184	129	68	2	-71	-145	-216	-282	-342	-400	-451	-497	-539	-576	-600	-607	-605	-585	-563	-529	-485	-428	-364	-288	-207	-121	-60	21	110	211	316	421	528	619	699	769	819	852	870	871	855	816	760	687	595	494
64	170	2	2	119	0	1953125	12	0.0	0	0.29	0	0	V0.2	0	0	16	15	17	16	16	505	498	486	474	460	444	422	390	346	298	252	203	154	109	57	4	-55	-116	-172	-221	-268	-316	-358	-395	-431	-462	-484	-498	-508	-505	-497	-489	-469	-447	-415	-367	-312	-252	-187	-119	-46	23	101	181	257	333	406	469	521	561	603	645	672	697	691	676	643	603	552	496	430	347	259	163	58	-45	-148	-240	-334	-428	-504	-590	-699	-809	-856	-888	-905	-909	-897	-871
64	170	2	2	119	0	1953125	12	0.0	0	0.30	0	0	V0.2	0	0	8	10	9	10	9	10	9	9	8	5	7	7	8	9	10	10	13	13	14	15	18	22	14	28	25	42	45	41	69	77	85	69	59	158	258	181	162	269	343	246	189	292	495	242	189	316	433	294	513	409	647	426	622	1000	797	584	448	483	343	388	268	76	225	165	99	100	103	103	85	76	60	51	60	60	57	53	44	38	37	35	32	28	24	22	21
64	170	2	2	119	0	1953125	12	0.0	0	0.30	0	0	V0.2	0	0	8	10	9	10	9	10	9	9	8	5	7	7	8	9	10	10	13	13	14	15	18	22	14	28	25	42	45	41	69	77	85	69	59	158	258	181	162	269	343	246	189	292	495	242	189	316	433	294	513	409	647	426	622	1000	797	584	448	483	343	388	268	76	225	165	99	100	103	103	85	76	60	51	60	60	57	53	44	38	37	35	32	28	24	22	21
64	170	2	2	119	0	1953125	12	0.0	0	0.30	0	0	V0.2	0	0	15	16	17	16	16	17	18	18	16	15	15	16	17	15	18	19	21	23	16	25	27	36	24	39	35	56	71	80	82	103	98	150	55	163	327	314	256	228	416	391	228	451	570	269	172	322	617	431	425	367	972	1000	110	779	973	771	324	600	457	447	335	146	196	246	82	156	101	113	101	103	97	66	65	71	75	71	56	43	46	44	43	36	34	33	33
64	170	2	2	119	0	1953125	12	0.0	0	0.30	0	0	V0.2	0	0	20	20	19	21	21	21	22	22	19	19	20	20	22	20	22	20	26	27	19	30	32	37	28	51	39	55	75	123	123	114	103	125	62	218	375	384	121	234	539	584	323	536	800	305	313	474	794	613	383	557	949	963	315	788	1000	788	203	638	477	478	384	232	184	303	93	175	146	157	139	124	97	87	83	87	83	75	69	57	54	51	46	46	41	37	36
64	170	2	2	119	0	1953125	12	0.0	0	0.30	0	0	V0.2	0	0	-6	-6	-4	-5	-9	1	26	53	85	121	152	174	195	211	233	255	282	297	313	319	320	317	314	310	305	292	270	234	198	161	123	88	50	4	-45	-103	-160	-218	-266	-308	-347	-378	-407	-436	-461	-475	-475	-466	-443	-418	-386	-346	-295	-238	-176	-103	-29	52	130	204	275	350	415	477	538	584	614	631	638	634	621	601	565	512	448	371	285	203	117	23	-71	-166	-264	-354	-436
64	170	2	2	119	0	1953125	12	0.0	0	0.30	0	0	V0.2	0	0	11	12	12	16	684	640	590	532	461	383	300	207	116	22	-62	-138	-213	-287	-361	-428	-477	-517	-548	-564	-572	-572	-564	-555	-527	-496	-448	-389	-333	-276	-219	-161	-102	-40	22	85	148	203	252	290	324	361	401	429	448	460	470	464	457	443	428	406	377	341	300	258	213	171	123	84	32	-25	-87	-144	-196	-243	-287	-327	-369	-409	-445	-472	-489	-496	-494	-481	-464	-476	-490	-479	-445
64	170	2	2	119	0	1953125	12	0.0	435	1.09	0	0	V0.2	0	0	58	10	20	45	31	43	20	38	26	43	19	13	54	13	27	53	15	50	55	48	53	57	42	44	123	18	53	143	121	64	93	138	71	203	112	99	272	335	113	158	319	279	318	301	405	264	246	182	530	1000	879	493	193	435	383	661	709	577	75	305	362	162	184	222	188	20	145	88	63	62	21	83	73	84	28	65	38	30	70	27	48	48	34	27	48
64	170	2	2	119	0	1953125	12	0.0	0	0.30	0	0	V0.2	0	0	30	31	33	32	33	35	34	36	37	38	36	40	35	37	42	46	49	50	43	42	31	38	49	26	29	39	55	68	100	70	121	83	21	101	246	380	488	554	623	110	98	64	348	418	663	836	703	773	156	572	495	209	72	915	122	999	891	527	189	205	268	295	113	270	184	168	181	123	70	50	65	82	95	79	82	84	72	70	67	59	60	55	55	56	54
64	170	2	2	119	0	1953125	12	0.0	0	0.30	0	0	V0.2	0	0	5	5	2	0	-1	154	77	-6	-86	-170	-258	-342	-422	-492	-555	-604	-640	-668	-688	-699	-695	-673	-629	-578	-521	-448	-369	-283	-192	-86	25	139	250	346	434	521	597	664	720	764	794	805	799	777	739	694	634	560	476	380	281	170	57	-52	-158	-254	-355	-449	-534	-612	-673	-728	-803	-796	-782	-766	-735	-691	-644	-575	-495	-407	-319	-223	-132	-34	67	168	265	414	473	523	564	603	636
64	170	2	2	119	0	1953125	12	0.0	0	0.30	0	0	V0.2	0	0	9	9	9	10	10	10	11	11	12	11	11	10	8	8	6	6	7	8	6	10	8	10	10	11	10	7	8	16	33	42	46	34	71	44	106	88	116	152	198	356	322	368	173	17	10	144	92	227	194	158	110	362	623	1000	890	736	431	131	180	207	304	249	243	165	90	48	79	89	76	82	60	56	39	45	46	46	44	40	36	31	26	27	25	23	21
64	170	2	2	119	0	1953125	12	0.0	0	0.28	0	0	V0.2	0	0	10	13	12	11	10	6	1136	1148	1143	1112	1058	988	905	812	700	560	415	257	90	-73	-228	-375	-518	-658	-832	-963	-1045	-1102	-1140	-1162	-1169	-1160	-1139	-1087	-1015	-920	-806	-672	-534	-392	-249	-99	61	223	427	561	682	783	877	958	1025	1081	1116	1128	1123	1090	1041	971	885	789	690	576	452	316	172	27	-113	-249	-374	-490	-600	-716	-852	-901	-937	-963	-973	-975	-965	-938	-901	-848	-775	-694	-599
64	170	2	2	119	0	1953125	12	0.0	54986	10.46	0	0	V0.2	0	0	73	79	78	129	216	297	376	447	500	543	573	589	599	599	587	560	521	468	405	335	264	192	114	36	-47	-130	-211	-285	-343	-387	-429	-465	-496	-511	-519	-511	-485	-451	-411	-367	-317	-263	-205	-142	-74	-3	60	123	182	232	276	318	352	381	402	409	401	389	379	360	337	305	271	230	186	139	89	44	6	-34	-73	-112	-144	-177	-205	-222	-228	-234	-236	-241	-245	-245	-239	-226	-207
64	170	2	2	119	0	1953125	12	0.0	58826	11.11	0	0	V0.2	0	0	78	76	38	-14	27	62	71	47	12	-1	-10	23	54	98	90	60	11	-30	-45	-38	-14	14	10	-27	-69	-73	-54	4	29	33	21	-38	-72	-81	-61	-26	19	5	-18	-33	-21	8	41	69	49	50	29	21	-31	-75	-33	23	51	66	46	18	8	-14	0	46	77	55	6	-36	-71	-37	16	71	73	43	9	-33	-62	-50	21	94	159	141	84	-13	-59	-42	-8	26	31
64	170	2	2	119	0	1953125	12	0.0	0	0.55	0	0	V0.2	0	0	16	16	16	18	16	21	17	18	24	14	22	23	21	24	17	24	16	27	32	10	44	31	32	63	23	56	72	19	40	104	178	138	70	260	261	44	261	418	394	353	582	768	645	691	979	786	142	511	418	359	1000	994	470	635	720	236	355	544	283	119	253	133	59	102	73	102	91	52	53	53	40	34	26	28	32	34	25	26	27	28	29	30	27	24	27
64	170	2	2	119	0	1953125	12	0.0	47306	9.14	0	0	V0.2	0	0	-22	-8	3	23	-36	-49	-54	-72	-76	-38	34	85	84	56	12	-17	-41	-33	-18	-28	-29	-39	-51	-31	15	73	85	80	54	14	-4	-23	-15	-16	9	27	28	36	18	-9	-5	14	26	16	14	-15	-22	0	8	-35	-14	10	1	36	65	51	52	59	62	80	69	24	-5	5	60	59	37	19	5	10	5	0	-5	8	22	7	5	-3	-17	-28	-7	33	28	34	33
64	170	2	2	119	0	1953125	12	0.0	43466	8.48	0	0	V0.2	0	0	-11	-4	11	-10	-53	-58	-35	-7	37	69	61	8	-26	-39	-59	-40	0	68	78	48	23	-49	-44	-17	13	15	4	-17	-32	-53	-51	-23	16	24	3	-39	-77	-63	-52	-25	2	25	23	2	-21	-39	-32	5	35	80	68	12	-48	-72	-21	34	63	53	4	-30	-43	9	68	90	94	84	39	21	43	21	-37	-26	34	48	34	27	1	-14	-35	-4	29	32	-14	-73	-85
64	170	2	2	119	0	1953125	12	0.0	47306	9.14	0	0	V0.2	0	0	-38	18	18	11	57	56	51	34	32	22	10	-13	-13	5	31	10	-17	8	34	29	-2	6	23	19	1	-28	-42	-38	-50	-51	-21	-5	9	-17	-52	-102	-99	-52	-3	22	46	68	63	46	6	3	48	74	83	66	25	-5	-28	-32	-31	-20	-1	4	3	-16	-14	-15	-32	-34	-33	-10	9	-7	-13	-1	18	43	31	11	-12	21	24	6	14	20	12	16	11	-10	-21
64	170	2	2	119	0	1953125	12	0.0	51146	9.80	0	0	V0.2	0	0	-2	8	7	12	48	30	-38	-69	-78	-58	-24	16	61	95	96	75	53	39	21	-4	-3	4	-3	-18	2	-5	-6	9	20	14	-7	1	5	19	19	18	14	-36	-69	-41	-13	-12	-12	-14	18	36	13	-12	-30	-30	-3	-15	-15	-15	-13	-23	-31	-5	23	22	4	-4	-12	-30	-11	20	43	68	67	27	-4	-1	17	29	36	52	42	13	-12	9	41	33	28	15	9
64	170	2	2	119	0	1953125	12	0.0	47306	9.14	0	0	V0.2	0	0	24	-2	-23	-14	-3	40	66	59	9	-18	-30	-55	-38	-26	-8	-17	-24	-32	2	52	73	49	39	-14	-32	-58	-38	-26	-31	-16	6	20	-23	-48	-31	-36	-43	-7	5	12	25	31	13	14	-4	-10	-14	1	28	61	57	57	40	0	-30	-27	-15	2	36	49	45	24	-2	-7	-4	-11	-17	14	60	49	8	-20	-22	-14	-30	-32	-24	5	41	74	59	33	37	30	14
64	170	2	2	119	0	1953125	12	0.0	0	0.00	0	0	V0.2	0	0	-26	-36	-13	24	-53	-54	-9	17	14	13	-6	-23	1	15	20	-12	0	-16	-9	5	-20	-38	-34	4	-9	-28	-21	-14	13	-5	-11	-6	-20	-19	-13	-10	-15	-19	1	11	15	5	-7	15	41	63	79	82	67	58	51	19	4	-40	-52	-27	-10	-9	3	12	8	8	43	-4	-44	-47	-41	-38	-36	-35	2	35	53	47	34	23	19	35	13	23	32	55	54	42	20
64	170	2	2	119	0	1953125	12	0.0	0	0.00	0	0	V0.2	0	0	110	135	159	173	-78	-51	-25	1	26	47	75	103	127	155	170	178	180	175	170	165	161	146	130	100	66	37	4	-20	-42	-67	-88	-110	-134	-155	-162	-161	-157	-145	-136	-119	-102	-79	-53	-19	12	45	72	102	128	153	178	199	222	231	231	221	213	205	185	168	149	122	83	48	13	-27	-56	-82	-105	-126	-148	-170	-188	-197	-200	-190	-171	-157	-140	-115	-86	-55	-21	16	49
64	170	2	2	119	0	1953125	12	0.0	0	0.00	0	0	V0.2	0	0	108	125	141	-60	-28	2	37	67	98	131	168	199	220	238	241	231	228	225	217	204	185	153	119	81	46	8	-20	-51	-82	-109	-140	-169	-185	-195	-194	-192	-188	-178	-164	-145	-124	-92	-56	-16	17	51	84	115	147	174	200	227	239	244	241	238	228	217	203	183	152	118	84	52	12	-17	-46	-71	-92	-120	-147	-163	-168	-165	-161	-153	-142	-141	-127	-103	-77	-44	-12	17	45
64	170	2	2	119	0	1953125	12	0.0	0	0.33	0	0	V0.2	0	0	7	9	9	9	10	8	8	8	6	7	1	2	1	1	5	5	4	6	5	14	24	19	26	31	32	33	62	63	48	104	176	233	225	124	77	331	385	192	122	486	674	507	680	576	877	828	484	553	597	779	999	636	314	200	608	573	342	140	287	215	217	84	140	107	66	77	104	88	44	41	29	20	24	18	16	15	18	15	7	7	10	6	2	3	10
64	170	2	2	119	0	1953125	12	0.0	0	0.00	0	0	V0.2	0	0	46	56	65	81	256	247	235	217	192	159	121	83	39	-3	-39	-81	-122	-163	-198	-225	-241	-248	-257	-252	-251	-249	-236	-208	-173	-132	-90	-51	-19	12	48	84	121	152	182	208	223	234	239	241	230	220	205	179	149	118	83	44	8	-22	-50	-80	-108	-144	-167	-184	-189	-194	-190	-185	-184	-179	-168	-148	-118	-89	-64	-35	-9	14	38	65	90	111	126	141	146	141	136	136	131
64	170	2	2	119	0	1953125	12	0.0	0	0.00	0	0	V0.2	0	0	-136	-133	-115	-95	-91	5	34	70	106	140	159	175	181	174	162	150	139	119	91	58	12	-34	-81	-126	-160	-194	-231	-271	-308	-336	-361	-372	-372	-365	-358	-349	-332	-303	-270	-237	-192	-145	-101	-58	-14	24	62	98	137	166	183	191	193	188	180	169	153	131	102	62	21	-24	-70	-109	-143	-175	-210	-250	-283	-309	-332	-341	-341	-334	-331	-320	-309	-291	-260	-228	-192	-158	-122	-93	-61
64	170	2	2	119	0	1953125	12	0.0	0	0.00	0	0	V0.2	0	0	-155	-174	-186	-196	-23	15	47	81	110	134	163	191	219	242	253	253	242	233	219	200	181	157	125	86	41	-6	-44	-80	-114	-148	-181	-209	-239	-254	-259	-254	-247	-239	-225	-205	-178	-144	-99	-52	-6	38	76	112	152	188	226	260	283	295	300	297	289	277	261	245	220	182	145	100	54	5	-31	-68	-109	-146	-178	-210	-230	-245	-252	-251	-243	-235	-227	-210	-183	-155	-117	-79	-41
64	170	2	2	119	0	1953125	12	0.0	0	0.00	0	0	V0.2	0	0	-164	-172	-165	-161	56	92	122	155	192	226	251	276	287	290	284	277	264	250	230	198	162	119	73	26	-18	-59	-96	-137	-175	-213	-250	-268	-279	-279	-272	-261	-250	-228	-204	-170	-133	-86	-35	11	57	97	139	187	227	264	287	311	321	318	313	306	299	287	266	229	182	133	86	43	3	-35	-73	-108	-148	-186	-219	-241	-251	-254	-248	-240	-234	-222	-205	-179	-145	-103	-66	-34	5
64	170	2	2	119	0	1953125	12	0.0	0	0.00	0	0	V0.2	0	0	-154	-161	-171	-192	-209	64	99	133	168	204	243	275	298	315	326	322	307	288	267	248	225	190	145	95	50	-2	-53	-93	-134	-176	-212	-247	-273	-293	-298	-295	-286	-277	-264	-242	-210	-169	-118	-66	-14	31	77	120	162	207	248	285	314	333	343	338	336	319	299	285	264	225	183	142	96	51	9	-35	-78	-118	-162	-197	-225	-242	-247	-251	-245	-245	-242	-230	-203	-172	-141	-106	-70
64	170	2	2	119	0	1953125	12	0.0	0	0.33	0	0	V0.2	0	0	12	11	14	13	12	11	9	8	4	3	3	1	3	2	5	6	10	15	12	11	6	9	23	32	33	44	19	1	45	110	135	139	158	131	81	193	160	121	360	530	576	584	524	1000	568	624	646	822	913	884	849	212	772	830	766	836	254	94	290	235	95	79	148	100	61	91	50	49	26	6	10	10	27	30	22	21	28	33	30	26	23	23	20	17	14
64	170	2	2	119	0	1953125	12	0.0	0	0.33	0	0	V0.2	0	0	12	11	12	10	8	10	8	6	5	1	2	2	2	4	6	7	10	14	11	8	9	11	21	33	38	42	24	7	43	90	126	128	154	137	69	100	208	114	373	415	556	400	566	915	767	709	366	504	889	1000	953	145	585	709	833	898	491	293	325	260	188	94	112	75	46	86	71	61	28	13	12	13	2	12	12	11	13	17	18	14	14	17	9	7	5
64	170	2	2	119	0	1953125	12	0.0	0	0.00	0	0	V0.2	0	0	55	46	33	16	65	95	127	150	162	167	165	164	159	150	133	101	62	20	-27	-57	-93	-129	-173	-215	-253	-286	-307	-320	-330	-333	-333	-333	-328	-311	-283	-252	-225	-191	-162	-127	-92	-57	-23	11	41	67	83	96	101	103	105	104	98	79	51	24	-4	-36	-61	-87	-108	-128	-154	-180	-209	-229	-236	-237	-236	-237	-239	-234	-225	-209	-191	-163	-141	-122	-105	-86	-72	-53	-34	-18	-8
64	170	2	2	119	0	1953125	12	0.0	0	0.00	0	0	V0.2	0	0	-8	-32	-47	-64	-81	228	202	173	134	97	60	24	-9	-42	-81	-118	-156	-181	-199	-208	-210	-212	-212	-209	-196	-182	-161	-128	-92	-57	-30	2	35	72	105	136	157	175	186	191	196	199	197	190	178	156	128	96	65	38	17	-7	-33	-61	-83	-110	-123	-131	-138	-140	-131	-131	-123	-119	-112	-88	-64	-39	-16	3	20	35	57	73	92	106	116	114	105	99	97	88	80	70	58
64	170	2	2	119	0	1953125	12	0.0	0	0.00	0	0	V0.2	0	0	66	68	64	56	-4	33	66	105	147	182	213	235	247	247	249	244	233	223	202	180	146	106	67	32	0	-36	-73	-107	-140	-166	-186	-199	-209	-216	-216	-215	-209	-190	-168	-139	-101	-65	-30	1	33	59	90	121	148	165	181	186	191	195	197	195	182	161	136	109	76	49	22	-1	-28	-52	-74	-98	-119	-133	-139	-138	-125	-133	-137	-143	-138	-121	-94	-64	-36	-7	19	41	60
64	170	2	2	119	0	1953125	12	0.0	0	0.00	0	0	V0.2	0	0	10	9	21	20	-108	-74	-37	-3	29	67	105	144	174	197	214	227	231	230	229	229	218	196	164	130	89	52	20	-10	-41	-75	-107	-143	-169	-187	-197	-204	-206	-205	-201	-187	-174	-148	-116	-79	-46	-19	10	38	67	100	132	156	172	179	180	180	181	181	172	159	137	110	81	52	24	1	-19	-44	-67	-90	-113	-136	-143	-149	-148	-142	-133	-126	-117	-106	-85	-60	-30	-3	20
64	170	2	2	119	0	1953125	12	0.0	0	0.00	0	0	V0.2	0	0	15	10	0	-2	190	214	229	227	227	226	226	221	206	177	148	109	71	33	-2	-31	-70	-104	-139	-163	-185	-195	-197	-205	-207	-206	-205	-194	-172	-140	-105	-68	-37	-7	29	63	92	119	145	163	175	185	189	187	188	185	172	157	135	107	73	48	17	-7	-28	-54	-77	-104	-124	-140	-148	-148	-130	-136	-142	-142	-133	-115	-90	-61	-28	-2	22	45	67	91	110	130	143	148	142
64	170	2	2	119	0	1953125	12	0.0	0	0.00	0	0	V0.2	0	0	47	50	65	74	67	-217	-217	-214	-206	-194	-174	-147	-118	-81	-46	-11	24	59	99	138	169	190	208	220	227	228	223	220	209	192	165	136	98	60	-10	6	22	19	29	23	21	18	31	33	46	64	75	78	87	82	81	74	73	60	54	54	38	21	24	15	13	9	-6	-23	-25	-32	-45	-37	-35	-50	-67	-71	-66	-65	-55	-47	-48	-37	-31	-24	-24	-17	-8	-6	1
64	170	2	2	119	0	1953125	12	0.0	0	0.00	0	0	V0.2	0	0	-36	-41	-29	-28	202	217	222	220	222	217	209	200	183	156	125	90	52	20	-10	-41	-71	-103	-135	-159	-179	-189	-196	-194	-196	-198	-185	-166	-145	-113	-78	-43	-12	16	46	72	103	133	156	169	179	184	188	185	187	177	163	141	114	86	56	26	-2	-22	-47	-72	-98	-121	-135	-145	-149	-136	-133	-142	-144	-133	-118	-100	-70	-37	-9	19	47	70	93	112	131	142	152	154	147
64	170	2	2	119	0	1953125	12	0.0	0	0.00	0	0	V0.2	0	0	-6	-4	-10	-20	-127	-92	-58	-23	9	45	78	117	150	179	198	211	217	219	219	217	211	196	171	140	104	65	34	7	-26	-58	-94	-125	-154	-172	-187	-190	-186	-189	-186	-177	-163	-142	-115	-84	-52	-22	4	32	62	91	117	142	161	173	174	176	173	168	166	157	142	115	87	55	24	-4	-31	-49	-67	-91	-111	-127	-135	-138	-141	-141	-134	-126	-113	-99	-77	-48	-20	6	27
64	170	2	2	119	0	1953125	12	0.0	0	0.00	0	0	V0.2	0	0	30	39	36	30	-175	-180	-182	-176	-175	-170	-160	-136	-105	-73	-42	-13	14	44	70	95	125	152	167	174	178	182	176	169	160	147	130	104	76	45	11	-16	-38	-61	-87	-109	-129	-141	-149	-147	-143	-130	-136	-135	-127	-109	-88	-60	-32	0	29	54	81	103	123	146	160	170	169	163	154	141	127	113	94	70	41	11	-20	-49	-73	-84	-102	-121	-135	-146	-152	-151	-142	-129	-112
64	170	2	2	119	0	1953125	12	0.0	0	0.00	0	0	V0.2	0	0	-1	1	-1	1	-10	-34	-66	-98	-131	-157	-178	-187	-187	-181	-175	-172	-167	-157	-133	-106	-77	-45	-14	19	48	73	104	136	153	172	186	186	183	176	170	167	155	136	109	78	47	13	-6	-30	-55	-79	-101	-126	-142	-148	-154	-156	-146	-134	-125	-116	-104	-87	-56	-20	14	38	57	75	93	107	124	136	148	150	142	133	129	115	108	96	76	66	44	17	-14	-39	-58	-77	-97
64	170	2	2	119	0	1953125	12	0.0	0	0.00	0	0	V0.2	0	0	125	134	131	137	53	17	-20	-61	-96	-129	-164	-189	-203	-210	-217	-221	-218	-207	-190	-168	-133	-98	-61	-31	4	33	68	105	141	175	200	217	223	225	224	221	216	204	189	161	132	97	61	26	-9	-40	-72	-104	-134	-156	-177	-186	-189	-191	-188	-186	-175	-158	-134	-101	-73	-38	-9	17	43	68	97	126	151	172	182	182	184	182	177	169	155	141	117	87	55	24	-9	-32	-56
64	170	2	2	119	0	1953125	12	0.0	0	0.00	0	0	V0.2	0	0	-167	-156	-140	215	220	223	222	215	204	183	154	122	85	49	16	-10	-41	-74	-109	-142	-165	-184	-194	-194	-194	-195	-190	-180	-164	-141	-112	-75	-45	-19	5	35	67	98	124	146	163	172	173	175	173	171	164	152	135	107	79	47	17	-8	-36	-59	-78	-101	-121	-134	-137	-140	-139	-130	-120	-113	-100	-93	-71	-42	-13	9	24	43	63	81	100	112	123	128	128	122	116	107	97
64	170	2	2	119	0	1953125	12	0.0	0	0.61	0	0	V0.2	0	0	14	12	13	18	17	11	10	15	20	16	9	14	19	16	11	13	19	20	24	28	37	32	26	24	40	54	47	23	31	91	108	114	78	67	90	134	154	217	295	401	374	224	295	644	795	818	566	308	399	753	1000	772	573	158	418	675	556	506	227	56	52	85	49	70	40	32	34	29	20	28	39	35	24	22	34	38	32	22	23	31	25	16	17	21	16
64	170	2	2	119	0	1953125	12	0.0	0	0.00	0	0	V0.2	0	0	-77	-85	-93	-92	-86	-211	-187	-154	-117	-79	-39	-5	32	72	108	143	174	204	221	228	236	238	240	236	226	210	178	141	100	64	29	-4	-37	-72	-108	-142	-175	-197	-206	-211	-213	-212	-209	-200	-183	-162	-134	-98	-62	-34	-5	24	58	96	123	150	172	188	195	198	198	191	185	181	166	140	109	74	46	21	-5	-33	-57	-84	-104	-126	-139	-149	-160	-159	-150	-146	-139	-130	-108
64	170	2	2	119	0	1953125	12	0.0	0	0.00	0	0	V0.2	0	0	11	6	1	-5	-16	-77	-117	-156	-189	-207	-221	-233	-240	-242	-242	-232	-214	-193	-160	-123	-83	-45	-4	31	64	105	147	179	215	238	250	249	250	249	245	235	216	191	153	112	70	32	2	-35	-71	-107	-140	-171	-193	-205	-215	-225	-229	-225	-220	-202	-181	-153	-119	-75	-37	-8	24	55	87	126	156	176	189	200	207	208	208	205	194	178	155	129	98	66	32	4	-22	-53	-82
64	170	2	2	119	0	1953125	12	0.0	0	0.00	0	0	V0.2	0	0	23	19	27	11	203	175	143	104	67	28	-6	-47	-90	-131	-167	-192	-214	-230	-241	-242	-242	-240	-233	-208	-178	-144	-104	-64	-26	10	49	82	120	158	198	226	247	255	253	254	250	247	238	214	183	143	107	69	30	-12	-46	-78	-115	-152	-180	-196	-213	-217	-220	-222	-222	-214	-195	-176	-137	-104	-70	-37	-5	27	59	92	128	157	183	198	203	203	203	201	197	186	170	147	123
64	170	2	2	119	0	1953125	12	0.0	0	0.00	0	0	V0.2	0	0	-43	-44	-63	20	-13	-49	-86	-131	-169	-194	-207	-222	-228	-228	-227	-222	-209	-187	-154	-122	-88	-59	-19	13	52	91	126	164	200	224	233	236	237	237	232	223	213	184	146	110	73	39	7	-21	-53	-88	-126	-164	-186	-205	-215	-214	-207	-206	-200	-189	-166	-142	-110	-73	-41	-8	21	52	90	122	147	165	181	193	195	196	192	192	184	167	148	118	84	53	25	0	-25	-46	-71
64	170	2	2	119	0	1953125	12	0.0	0	0.00	0	0	V0.2	0	0	-80	-77	-89	-84	-23	-60	-95	-130	-161	-186	-207	-215	-219	-217	-217	-213	-199	-178	-144	-112	-77	-41	-8	21	62	95	131	163	196	222	237	238	238	231	220	208	194	167	137	103	67	30	-5	-39	-75	-108	-144	-176	-193	-208	-218	-223	-220	-214	-205	-188	-161	-125	-90	-53	-21	6	37	66	98	130	162	182	200	213	215	207	202	197	183	171	149	120	89	51	14	-14	-38	-66	-93
64	170	2	2	119	0	1953125	12	0.0	0	0.00	0	0	V0.2	0	0	-86	-98	-123	-134	-27	-68	-110	-150	-177	-200	-212	-220	-224	-224	-220	-211	-195	-173	-145	-112	-75	-36	0	38	78	117	152	179	206	225	234	235	231	227	225	218	205	175	139	98	54	18	-15	-45	-81	-114	-149	-181	-198	-210	-214	-214	-211	-210	-201	-183	-157	-123	-88	-53	-21	13	44	74	108	144	169	186	203	209	209	207	200	192	178	161	134	107	70	36	2	-28	-51	-71	-97
64	170	2	2	119	0	1953125	12	0.0	0	0.00	0	0	V0.2	0	0	83	58	28	15	-8	142	106	72	43	10	-28	-71	-115	-154	-182	-201	-211	-217	-225	-224	-226	-218	-199	-175	-142	-105	-70	-35	-3	32	66	110	151	185	215	236	244	243	239	234	224	212	195	172	135	96	56	19	-10	-43	-82	-114	-149	-178	-198	-209	-214	-220	-217	-217	-206	-186	-158	-121	-87	-54	-26	4	37	69	98	133	164	189	206	211	210	207	205	193	183	170	145	115	84
64	170	2	2	119	0	1953125	12	0.0	0	0.00	0	0	V0.2	0	0	-104	-107	-110	-120	-121	-9	-42	-84	-125	-164	-198	-217	-230	-233	-236	-231	-220	-208	-191	-166	-129	-94	-60	-20	19	56	91	125	168	201	222	237	242	245	246	242	231	219	194	157	123	86	49	9	-27	-59	-93	-133	-169	-198	-217	-227	-230	-227	-222	-215	-203	-182	-157	-123	-85	-53	-17	13	45	82	113	147	175	194	211	214	215	212	211	207	190	167	142	111	76	41	13	-13	-41
64	170	2	2	119	0	1953125	12	0.0	0	0.00	0	0	V0.2	0	0	-124	-141	-167	-170	-1	-40	-79	-114	-153	-179	-200	-212	-222	-223	-219	-216	-206	-188	-158	-130	-96	-58	-22	14	49	82	121	159	194	222	238	247	247	245	236	227	215	196	163	126	91	53	13	-21	-58	-98	-133	-166	-190	-214	-230	-232	-231	-226	-222	-214	-194	-168	-133	-98	-61	-27	4	31	65	96	132	164	192	214	219	218	219	217	206	194	174	151	121	88	55	22	-7	-33	-59
64	170	2	2	119	0	1953125	12	0.0	0	0.34	0	0	V0.2	0	0	0	1	3	2	4	6	6	7	6	7	8	6	7	6	5	2	3	1	4	1	1	1	3	6	10	9	28	29	21	38	47	88	88	65	29	81	94	199	228	423	516	256	255	390	448	635	411	194	285	671	1000	509	317	253	538	666	348	204	89	41	19	56	50	92	61	25	10	22	21	27	17	17	6	4	3	3	5	6	7	7	7	10	10	11	11
64	170	2	2	119	0	1953125	12	0.0	0	0.34	0	0	V0.2	0	0	0	3	2	4	5	6	7	7	7	8	9	6	9	7	7	4	4	2	5	3	1	3	3	7	9	8	25	23	28	46	67	101	101	79	36	82	127	213	281	444	536	286	286	502	491	675	438	266	306	735	1000	450	404	342	570	754	422	226	63	10	72	68	18	81	52	18	12	21	25	31	21	18	7	1	3	2	4	7	9	10	13	9	12	14	14
64	170	2	2	119	0	1953125	12	0.0	0	0.34	0	0	V0.2	0	0	7	9	8	9	10	9	9	6	4	4	3	0	1	5	4	7	8	6	12	7	6	8	6	4	4	12	23	23	40	58	94	128	143	108	40	99	184	241	315	477	632	395	385	639	581	732	429	427	347	754	962	460	552	590	692	1000	486	273	27	105	133	63	16	95	52	18	12	35	28	32	18	20	8	2	7	6	12	12	13	9	14	12	12	12	10
64	170	2	2	119	0	1953125	12	0.0	0	0.34	0	0	V0.2	0	0	4	7	7	7	9	9	9	7	6	5	5	7	4	3	2	3	1	2	7	5	6	6	3	3	6	10	19	19	24	46	86	112	134	87	33	87	175	213	239	375	487	348	360	595	543	604	305	343	392	720	751	360	417	591	701	1000	436	175	63	152	146	65	40	69	40	22	11	30	22	27	13	13	5	2	6	9	10	12	11	9	13	10	9	10	10
64	170	2	2	119	0	1953125	12	0.0	0	0.33	0	0	V0.2	0	0	6	5	3	2	1	0	2	2	5	7	9	8	9	8	11	12	12	10	5	7	5	8	12	17	17	26	32	35	33	51	92	119	138	100	17	69	146	193	254	369	464	271	399	647	556	544	325	384	411	713	638	274	558	681	772	1000	282	153	148	194	129	79	49	62	22	33	12	56	43	35	15	8	17	20	10	6	8	8	8	5	6	3	2	4	6
64	170	2	2	119	0	1953125	12	0.0	0	0.33	0	0	V0.2	0	0	8	9	9	6	5	5	2	1	2	5	7	7	8	9	11	13	14	13	8	8	8	10	10	14	16	23	28	32	36	56	101	129	154	111	24	87	170	222	253	376	491	274	463	668	568	502	360	457	446	706	495	205	758	874	885	1000	164	107	241	267	161	116	70	64	30	36	2	49	41	33	13	9	18	19	10	1	3	3	4	4	2	6	6	6	9
64	170	2	2	119	0	1953125	12	0.0	0	0.34	0	0	V0.2	0	0	5	6	6	8	7	8	8	7	5	5	4	4	3	2	2	4	3	2	6	6	5	7	2	2	3	9	12	18	27	42	81	111	118	82	46	101	182	193	226	330	488	265	385	547	495	388	274	393	448	627	335	203	931	999	931	891	153	69	306	285	182	119	69	50	29	37	18	29	22	23	10	2	5	10	11	10	8	10	6	7	11	9	9	9	10
64	170	2	2	119	0	1953125	12	0.0	0	0.34	0	0	V0.2	0	0	1	2	3	3	5	7	8	7	6	7	8	7	8	5	3	0	1	2	4	2	4	3	2	6	6	9	12	19	27	40	62	98	102	74	34	99	156	172	271	351	482	240	335	556	592	364	263	392	421	593	323	251	948	963	999	905	157	47	346	346	219	158	72	28	4	57	25	27	19	19	11	3	10	15	12	8	5	7	5	7	8	14	12	10	9
64	170	1	2	119	0	1953125	12	0.0	0	0.34	0	0	V0.2	0	0	22	23	25	26	28	28	27	31	32	32	34	34	35	40	40	43	43	44	47	53	57	58	56	57	68	66	76	67	77	105	100	92	5	61	167	214	221	200	297	290	371	121	238	398	398	242	73	141	237	409	195	250	757	821	967	999	296	129	276	391	345	276	92	86	77	86	103	73	86	83	74	60	63	64	69	63	56	50	49	49	47	43	42	40	38
64	170	1	2	119	0	1953125	12	0.0	0	0.60	0	0	V0.2	0	0	21	24	18	13	23	30	26	14	10	23	30	23	12	21	34	32	21	17	28	36	32	26	44	59	54	37	28	51	60	60	63	100	92	81	76	173	240	281	281	226	266	178	318	464	433	263	84	174	243	383	159	257	773	877	999	983	438	275	307	386	345	294	166	87	104	131	79	19	46	71	62	30	8	42	47	33	7	22	37	35	17	8	28	35	27
64	170	1	2	119	0	1953125	12	0.0	0	0.59	0	0	V0.2	0	0	5	8	12	15	12	9	8	6	6	8	14	13	8	7	14	16	12	8	16	21	17	18	27	38	27	13	15	40	38	19	51	112	144	149	123	174	213	263	249	211	277	243	377	528	478	270	86	327	325	497	183	277	850	973	1000	948	400	278	289	313	263	232	161	104	95	99	56	43	61	59	42	32	32	25	16	22	34	31	17	15	26	28	19	10	20
64	170	1	2	119	0	1953125	12	0.0	0	0.59	0	0	V0.2	0	0	8	10	11	7	11	10	9	13	5	15	6	11	12	12	13	15	17	11	14	18	15	13	22	17	36	25	53	31	28	58	37	92	127	132	40	82	282	50	139	273	351	234	114	104	191	53	224	523	598	459	295	228	487	440	345	1000	814	574	271	29	205	210	241	118	112	168	114	62	31	17	12	15	21	11	6	6	3	10	17	15	16	18	18	13	14
64	170	1	2	119	0	1953125	12	0.0	57831	10.94	0	0	V0.2	0	0	-50	-55	-76	-96	-107	-113	-157	-149	-138	-118	-95	-66	-40	-23	5	23	42	63	82	97	104	111	104	101	95	93	86	78	67	47	29	11	-8	-20	-34	-43	-53	-66	-74	-75	-74	-61	-54	-41	-31	-24	-9	4	18	32	53	66	76	84	87	91	90	91	98	105	87	61	31	5	-21	-41	-68	-97	-124	-139	-158	-171	-177	-182	-182	-177	-168	-157	-137	-109	-77	-44	-8	26	54
64	170	1	2	119	0	1953125	12	0.0	58046	10.98	0	0	V0.2	0	0	-85	-121	-140	-151	75	35	-2	-42	-85	-121	-160	-187	-201	-210	-209	-209	-211	-209	-196	-170	-141	-104	-69	-25	9	51	92	125	161	191	218	244	258	261	264	267	264	260	244	226	199	169	134	98	73	45	10	-19	-46	-77	-102	-123	-133	-130	-119	-129	-136	-136	-130	-114	-89	-56	-28	-3	22	48	76	100	125	148	162	166	163	162	162	159	155	144	129	109	89	70	47	31	15
64	170	1	2	119	0	1953125	12	0.0	58046	10.98	0	0	V0.2	0	0	-85	-121	-140	-151	75	35	-2	-42	-85	-121	-160	-187	-201	-210	-209	-209	-211	-209	-196	-170	-141	-104	-69	-25	9	51	92	125	161	191	218	244	258	261	264	267	264	260	244	226	199	169	134	98	73	45	10	-19	-46	-77	-102	-123	-133	-130	-119	-129	-136	-136	-130	-114	-89	-56	-28	-3	22	48	76	100	125	148	162	166	163	162	162	159	155	144	129	109	89	70	47	31	15
64	170	1	2	119	0	1953125	12	0.0	58077	10.99	0	0	V0.2	0	0	-13	-17	-20	-18	-22	20	11	11	9	10	41	25	-4	-12	14	38	37	29	-1	-42	-61	-54	-48	-26	29	74	72	43	35	41	45	57	26	-1	-16	5	30	42	60	57	23	12	-5	14	31	32	42	21	5	4	35	18	20	35	39	0	-20	-33	-45	-69	-36	7	7	-8	-6	-41	-60	-45	-19	-2	26	-13	-53	-64	-51	-36	-32	9	33	25	20	10	29	56	59
64	170	2	2	119	0	1953125	12	0.0	0	0.33	0	0	V0.2	0	0	7	6	6	4	3	1	1	1	3	6	5	6	7	8	9	12	11	7	6	6	3	2	4	9	9	18	26	21	29	52	96	125	129	106	120	132	184	199	217	318	406	365	381	599	358	327	209	561	577	728	458	135	665	1000	799	744	171	79	259	182	146	55	94	79	24	44	10	28	19	14	5	10	8	11	8	4	4	4	2	3	3	3	2	4	4
64	170	2	2	119	0	1953125	12	0.0	0	0.33	0	0	V0.2	0	0	7	6	6	4	3	1	1	1	3	6	5	6	7	8	9	12	11	7	6	6	3	2	4	9	9	18	26	21	29	52	96	125	129	106	120	132	184	199	217	318	406	365	381	599	358	327	209	561	577	728	458	135	665	1000	799	744	171	79	259	182	146	55	94	79	24	44	10	28	19	14	5	10	8	11	8	4	4	4	2	3	3	3	2	4	4
64	170	2	2	119	0	1953125	12	0.0	0	0.33	0	0	V0.2	0	0	7	5	3	0	0	1	4	4	9	9	9	11	9	10	12	11	12	5	10	7	4	3	4	15	7	24	43	38	44	70	113	163	138	113	156	204	138	224	305	551	580	478	325	687	382	709	409	500	499	708	801	382	652	1000	678	598	68	231	257	132	125	180	145	104	29	20	16	40	34	29	2	6	7	10	10	8	7	2	4	4	5	3	5	7	7
64	170	2	2	119	0	1953125	12	0.0	0	0.33	0	0	V0.2	0	0	6	7	8	8	9	8	7	7	7	4	4	1	2	2	0	3	1	4	3	7	14	17	13	12	13	29	54	49	34	59	83	115	110	70	64	131	90	276	331	435	485	263	290	620	482	707	366	274	496	701	1000	644	493	667	423	508	192	253	182	77	80	168	118	78	27	25	34	42	26	28	11	4	8	13	13	11	14	10	7	8	7	7	3	1	3
64	170	2	2	119	0	1953125	12	0.0	0	0.33	0	0	V0.2	0	0	5	4	4	1	2	1	3	4	4	8	7	9	5	9	9	8	7	6	9	9	13	15	13	12	4	32	65	65	46	66	122	156	163	100	101	214	201	343	432	367	548	395	540	740	419	570	403	513	541	599	1000	894	723	867	648	561	74	148	299	144	120	154	79	83	23	64	33	42	12	13	5	18	14	13	8	6	7	6	7	3	8	3	6	8	6
64	170	1	2	119	0	1953125	12	0.0	0	0.33	0	0	V0.2	0	0	7	5	5	4	2	1	0	2	7	9	8	9	10	12	8	12	10	8	13	14	12	10	14	10	4	18	56	63	52	51	91	128	150	106	83	171	189	297	455	401	625	289	357	680	530	790	347	341	548	692	999	938	700	789	592	482	203	200	309	152	95	144	106	100	37	47	44	62	28	20	2	20	16	14	11	6	2	3	1	3	7	3	8	13	11
64	170	2	2	119	0	1953125	12	0.0	0	0.33	0	0	V0.2	0	0	7	7	6	5	3	3	2	3	5	5	4	6	5	7	8	10	7	7	6	8	10	8	8	14	11	13	33	41	39	60	106	122	128	81	124	202	185	149	310	400	644	399	315	450	321	785	519	375	470	509	788	763	953	1000	689	196	209	287	460	257	151	155	158	130	61	36	15	35	20	26	11	10	9	7	9	4	6	6	4	3	1	5	6	8	6
64	170	2	2	119	0	1953125	12	0.0	0	0.33	0	0	V0.2	0	0	9	9	9	8	7	5	4	1	1	4	1	5	4	6	6	8	8	7	9	10	10	8	5	11	3	14	31	40	26	44	94	113	130	83	109	175	160	144	285	302	504	356	364	463	265	577	376	436	562	483	619	645	871	1000	663	268	174	233	398	219	112	104	109	110	49	47	30	34	12	16	6	17	12	8	4	2	3	3	3	3	0	3	5	7	7
64	170	2	2	119	0	1953125	12	0.0	0	0.33	0	0	V0.2	0	0	8	9	7	4	4	5	3	3	3	3	5	5	5	6	5	7	7	8	7	11	13	10	9	14	5	23	40	53	32	51	99	129	161	114	127	197	210	170	270	313	583	457	424	492	272	606	488	462	601	522	761	744	849	1000	639	421	225	205	368	207	113	87	122	135	61	52	36	41	18	16	6	17	15	11	7	4	2	1	5	7	4	3	8	8	7
64	170	1	2	119	0	1953125	12	0.0	0	0.33	0	0	V0.2	0	0	7	11	9	7	7	4	4	3	4	4	6	8	6	8	8	8	10	11	10	10	11	7	3	13	4	21	45	64	42	46	99	142	192	151	132	187	238	222	270	315	593	489	499	588	356	613	590	506	658	599	915	750	737	1000	704	697	223	197	342	239	156	62	112	142	73	52	33	50	30	20	4	12	12	14	7	7	4	0	1	3	3	6	9	9	8
64	170	1	2	119	0	1953125	12	0.0	0	0.33	0	0	V0.2	0	0	6	6	6	5	3	3	2	4	4	6	6	6	7	6	4	8	7	10	6	8	9	8	4	15	8	23	44	55	41	45	84	124	167	120	105	134	194	200	234	348	551	407	409	535	379	612	574	365	489	583	1000	726	477	753	624	702	236	236	248	160	127	57	99	131	67	38	18	49	37	26	9	7	10	15	12	12	9	4	6	7	7	4	7	8	7
64	170	1	2	119	0	1953125	12	0.0	0	0.33	0	0	V0.2	0	0	9	10	9	10	8	6	7	6	2	2	3	3	4	5	4	6	5	8	6	11	12	8	1	11	10	22	40	46	35	45	70	112	144	109	91	115	146	202	180	389	574	415	355	428	395	682	605	288	368	527	1000	727	405	588	632	718	244	176	187	166	119	25	86	125	64	36	4	33	31	25	14	8	5	9	12	11	8	4	4	5	5	4	4	1	5
64	170	1	2	119	0	1953125	12	0.0	0	0.33	0	0	V0.2	0	0	7	6	6	5	4	3	2	2	2	2	4	6	6	6	6	7	7	6	5	9	9	7	1	9	7	20	37	43	42	42	56	99	116	109	74	82	100	279	206	397	471	390	326	445	426	649	561	233	315	609	1000	702	430	422	636	755	350	235	111	136	104	31	72	118	56	36	11	30	29	26	7	7	6	9	9	7	8	3	2	1	5	5	6	6	5
64	170	1	2	119	0	1953125	12	0.0	0	0.33	0	0	V0.2	0	0	7	7	6	6	6	4	2	2	2	2	3	3	3	4	4	7	7	8	7	9	8	5	2	10	10	22	35	39	36	42	47	97	105	111	83	76	108	274	152	381	403	418	340	431	383	586	447	227	320	728	999	576	349	407	708	826	422	217	81	123	112	32	65	111	58	32	9	26	27	20	9	6	6	6	8	7	6	1	3	4	7	5	5	6	5
64	170	1	2	119	0	1953125	12	0.0	0	0.33	0	0	V0.2	0	0	8	8	7	5	5	3	2	1	1	3	2	4	5	6	4	7	7	9	5	8	10	6	2	15	11	25	36	43	39	53	59	100	100	114	64	50	105	284	179	462	442	484	412	476	362	617	518	394	329	769	993	565	363	504	864	1000	502	256	148	202	182	47	44	107	67	43	17	27	30	23	15	8	11	9	10	10	6	6	5	7	4	6	2	2	4
64	170	1	2	119	0	1953125	12	0.0	0	0.33	0	0	V0.2	0	0	10	6	6	4	3	2	0	4	6	9	8	8	10	11	9	13	14	12	10	10	5	0	3	11	10	26	37	42	45	63	77	112	108	124	60	59	91	287	263	554	498	532	411	502	369	631	497	476	285	743	919	543	468	538	808	1000	547	335	140	195	206	63	24	87	62	42	18	24	28	20	13	6	6	8	8	5	5	3	1	1	8	6	8	6	7
64	170	1	2	119	0	1953125	12	0.0	0	0.33	0	0	V0.2	0	0	8	8	5	4	3	1	1	3	4	5	6	7	9	8	8	10	12	11	9	10	8	4	3	18	17	33	38	38	46	71	86	118	118	121	74	57	107	281	305	604	575	583	426	450	390	696	589	604	243	779	900	650	645	643	631	1000	499	363	158	182	182	62	33	92	47	30	20	33	35	16	13	9	7	7	10	7	7	2	3	3	8	7	7	5	8
64	170	2	2	119	0	1953125	12	0.0	0	0.33	0	0	V0.2	0	0	10	11	8	7	4	4	3	3	1	3	2	5	6	8	6	9	13	12	7	9	9	3	6	19	17	30	38	38	50	62	72	104	123	132	83	58	171	291	311	530	547	492	411	436	511	714	632	508	276	869	1000	747	715	557	511	889	431	381	194	197	165	52	79	126	62	31	3	49	34	18	14	8	10	12	12	7	5	9	4	3	8	4	2	4	4
64	170	2	2	119	0	1953125	12	0.0	58219	11.01	0	0	V0.2	0	0	248	235	220	194	152	254	252	245	244	238	223	197	162	126	85	41	3	-34	-69	-106	-142	-177	-207	-231	-241	-245	-243	-237	-230	-217	-201	-177	-145	-109	-70	-34	5	42	81	119	156	186	208	226	237	236	232	229	225	215	197	169	137	102	65	32	3	-25	-56	-86	-113	-144	-163	-177	-182	-182	-179	-175	-167	-158	-142	-120	-90	-65	-36	-8	14	35	54	81	102	117	127	130	127
64	170	2	2	119	0	1953125	12	0.0	58220	11.01	0	0	V0.2	0	0	44	45	48	45	44	73	89	64	36	31	2	-31	-46	-58	-59	-45	-28	12	45	60	74	66	17	-1	-12	7	11	-4	12	-12	-10	6	3	-19	3	30	8	2	-40	-76	-83	-68	-22	23	33	12	18	22	30	22	54	62	24	-17	-43	-32	-8	-5	-10	3	1	7	5	0	-20	-18	3	35	48	41	30	6	20	40	51	45	54	55	55	52	29	11	-18	-11	-4
64	170	2	2	119	0	1953125	12	0.0	58230	11.01	0	0	V0.2	0	0	44	44	38	34	-42	-5	22	35	20	23	46	60	59	25	-19	-16	-14	-5	11	21	32	36	10	-15	-22	-13	-24	-4	26	44	54	32	23	22	14	23	19	14	-7	-9	10	32	46	51	54	47	28	15	7	22	36	75	107	81	7	-39	-44	-41	5	33	43	71	47	0	-56	-68	-50	-30	-10	37	36	19	19	29	21	-4	23	-22	-48	-29	-13	18	21	28	8
64	170	2	2	119	0	1953125	12	0.0	58235	11.01	0	0	V0.2	0	0	24	15	4	62	71	66	50	32	-13	-20	-15	-12	-3	12	40	8	-22	-17	22	58	55	22	-4	-44	-68	-88	-73	-42	-22	-23	-13	7	58	70	73	55	28	-20	-64	-65	-34	4	14	38	37	16	-10	-20	-18	-20	27	66	59	32	-5	-36	-7	16	96	105	80	37	-3	7	26	44	48	51	9	-41	-36	-28	-32	-14	2	42	38	31	25	21	17	6	-5	2	14
64	170	2	2	119	0	1953125	12	0.0	58274	11.02	0	0	V0.2	0	0	-40	-35	-28	-22	-14	95	42	-17	-48	-37	-21	-2	-10	-6	18	38	23	-8	-24	-33	-28	1	14	21	18	26	17	20	8	1	21	24	11	-12	-27	-34	-53	-52	-36	-27	-22	-38	-12	41	74	83	73	28	2	-17	10	23	31	32	22	23	42	76	94	75	50	10	-25	-28	4	42	55	62	65	31	30	19	44	22	37	34	29	28	4	-12	-12	-15	-12	-26	2
64	170	2	2	119	0	1953125	12	0.0	0	0.34	0	0	V0.2	0	0	8	7	6	4	5	2	11	6	13	4	12	6	11	10	8	12	6	6	22	35	17	28	20	34	6	39	21	68	106	59	25	55	79	72	91	119	202	225	168	336	659	753	469	50	244	377	540	941	1000	399	658	936	562	549	603	311	62	217	251	147	158	161	151	132	57	58	60	34	13	37	18	14	14	20	20	21	19	3	12	13	12	15	13	12	14
64	170	2	2	119	0	1953125	12	0.0	0	0.33	0	0	V0.2	0	0	3	1	2	2	5	7	9	9	13	14	14	16	15	13	13	14	12	8	3	4	7	12	18	30	24	33	35	51	66	77	98	154	170	116	51	205	317	213	277	486	636	456	275	477	733	722	680	280	444	1000	844	610	581	752	645	477	383	309	277	299	250	70	103	143	138	88	10	52	50	45	20	19	19	20	6	11	7	7	5	2	5	8	11	12	15
64	170	2	2	119	0	1953125	12	0.0	0	0.33	0	0	V0.2	0	0	2	0	3	3	4	5	9	9	11	12	10	11	13	12	10	10	9	8	6	5	13	14	24	32	25	36	38	57	69	76	87	152	153	110	49	199	301	240	327	526	616	409	246	562	769	778	684	266	438	1000	924	701	611	649	529	438	438	308	271	328	258	66	108	148	148	93	6	59	57	52	24	23	22	24	9	17	13	15	8	4	5	4	7	9	13
64	170	2	2	119	0	1953125	12	0.0	0	0.33	0	0	V0.2	0	0	6	5	2	1	2	3	6	8	10	11	12	12	13	13	11	12	12	10	3	7	12	15	25	31	26	33	43	59	77	83	88	153	138	107	64	213	315	278	394	611	673	460	238	627	781	882	748	335	441	1000	913	773	815	702	459	358	462	276	293	354	282	62	109	147	149	94	12	59	55	52	24	26	25	23	13	19	15	19	10	6	3	1	3	6	9
64	170	2	2	119	0	1953125	12	0.0	0	0.33	0	0	V0.2	0	0	2	0	2	4	4	6	10	10	11	12	12	13	12	13	11	11	9	9	2	5	12	17	25	30	27	33	43	57	79	88	82	145	118	102	71	201	262	265	418	638	664	416	181	661	760	845	747	398	434	857	805	794	1000	852	455	278	327	171	333	357	256	48	119	155	139	87	11	60	54	43	27	31	25	21	11	20	18	20	10	9	2	4	5	7	10
64	170	1	2	119	0	1953125	12	0.0	0	0.32	0	0	V0.2	0	0	5	6	3	1	3	2	5	6	8	9	9	11	10	12	10	13	9	11	4	5	11	14	21	30	24	27	39	55	68	76	71	135	113	103	58	183	239	244	404	597	605	381	230	669	695	843	778	378	393	788	806	791	1000	779	442	213	319	157	325	342	222	59	133	164	140	90	14	57	53	44	26	25	21	21	11	21	16	16	13	4	5	4	2	4	7
64	170	1	2	119	0	1953125	12	0.0	0	0.32	0	0	V0.2	0	0	2	1	1	2	5	5	8	12	12	13	12	16	12	14	12	12	10	9	2	4	9	13	25	31	28	30	44	63	76	83	83	146	136	124	50	206	293	275	379	557	575	404	325	706	668	892	793	398	405	857	920	853	1000	724	452	248	363	126	392	435	270	82	162	188	172	102	14	60	57	50	28	25	22	20	14	19	17	17	13	6	5	4	8	9	12
64	170	1	2	119	0	1953125	12	0.0	0	0.33	0	0	V0.2	0	0	14	12	11	11	8	5	7	4	1	1	3	7	5	9	10	12	9	9	7	9	9	7	11	16	15	16	29	49	66	75	83	150	130	110	66	236	321	273	321	523	565	406	356	769	693	928	828	409	417	865	907	810	1000	719	410	147	274	74	485	479	290	126	165	185	184	119	17	37	43	43	21	21	12	10	3	12	9	11	5	3	7	6	10	13	13
64	170	1	2	119	0	1953125	12	0.0	0	0.32	0	0	V0.2	0	0	4	3	0	0	3	5	7	9	13	12	11	16	15	15	14	13	10	10	4	5	7	10	20	29	25	26	33	53	74	88	83	146	137	114	75	233	326	289	270	494	527	421	357	725	653	919	801	383	482	948	892	791	1000	696	358	163	327	119	421	422	232	79	167	176	154	92	15	51	44	41	22	23	23	17	12	18	19	17	12	10	9	8	6	6	4
64	170	1	2	119	0	1953125	12	0.0	0	0.32	0	0	V0.2	0	0	3	4	1	1	3	6	7	10	14	14	13	15	14	15	14	14	10	9	5	6	8	8	16	27	21	25	33	54	69	85	83	146	130	105	81	219	313	286	290	509	514	348	333	723	661	859	711	409	508	1000	856	743	930	680	333	253	303	137	381	396	223	43	158	166	134	74	23	64	44	39	19	23	20	18	9	16	14	12	10	4	5	6	6	9	7
64	170	1	2	119	0	1953125	12	0.0	0	0.32	0	0	V0.2	0	0	5	6	2	1	1	3	4	5	8	9	9	12	10	11	10	12	9	9	7	6	10	10	21	24	21	21	27	42	59	73	78	124	99	88	82	185	258	245	292	491	483	221	262	672	628	767	563	346	549	1000	751	590	802	668	442	307	177	82	365	360	187	40	145	152	109	61	26	67	39	36	19	24	22	23	14	16	14	16	11	9	5	6	2	4	4
64	170	1	2	119	0	1953125	12	0.0	0	0.32	0	0	V0.2	0	0	7	5	3	4	2	2	2	5	5	8	8	9	9	9	10	10	9	10	8	8	10	11	19	24	20	20	31	37	56	71	75	125	82	70	108	186	249	217	315	541	515	210	205	674	679	774	562	339	555	1000	722	578	779	674	435	297	202	114	345	328	139	49	168	167	103	62	29	69	43	39	18	23	21	20	8	17	14	14	10	6	5	2	2	4	4
64	170	1	2	119	0	1953125	12	0.0	0	0.33	0	0	V0.2	0	0	8	9	7	6	4	4	3	3	2	3	2	6	4	6	5	8	6	8	5	5	6	8	12	17	16	21	33	35	46	65	70	124	79	60	122	169	233	230	356	573	517	191	206	678	717	699	505	336	549	1000	668	551	717	692	419	321	196	119	321	288	99	54	169	161	93	60	23	63	36	36	13	18	16	18	5	9	10	11	5	2	0	1	6	5	4
64	170	1	2	119	0	1953125	12	0.0	0	0.33	0	0	V0.2	0	0	9	9	7	2	3	1	2	5	5	5	4	6	8	9	8	10	7	11	6	2	6	0	8	13	13	19	37	38	49	66	68	124	90	74	117	139	232	236	352	558	489	220	223	613	655	676	577	376	519	1000	712	635	711	745	393	428	264	184	324	319	153	45	145	157	89	64	19	74	41	35	10	16	18	16	2	10	4	8	0	1	8	4	7	9	10
64	170	1	2	119	0	1953125	12	0.0	0	0.33	0	0	V0.2	0	0	10	9	7	7	5	4	1	2	2	4	5	6	6	9	6	7	9	13	7	6	7	6	12	19	17	21	36	40	49	74	77	138	111	79	116	147	231	254	368	611	562	300	224	581	641	791	704	438	395	1000	789	719	806	923	507	546	223	146	374	383	192	23	136	154	89	69	15	77	42	33	10	15	17	19	6	8	7	8	6	3	5	5	4	4	6
64	170	1	2	119	0	1953125	12	0.0	0	0.33	0	0	V0.2	0	0	10	8	8	5	5	3	3	4	6	5	5	8	9	9	9	11	10	14	9	7	7	8	11	23	17	23	33	39	50	71	89	140	117	59	119	152	244	279	350	607	579	356	253	518	617	778	728	495	360	1000	792	682	733	989	618	717	228	148	374	422	232	31	132	168	90	72	20	82	46	30	9	19	20	22	5	4	3	6	0	3	1	7	7	8	10
64	170	1	2	119	0	1953125	12	0.0	0	0.33	0	0	V0.2	0	0	7	7	10	10	10	11	9	11	10	8	7	7	5	4	3	3	2	4	7	11	14	15	19	32	27	32	42	43	54	69	88	131	109	48	112	120	228	275	350	584	550	367	249	469	593	728	624	499	373	1000	802	603	646	992	664	843	304	211	375	407	236	19	106	142	63	50	12	61	40	27	9	6	11	18	19	13	14	14	16	12	18	12	7	5	7
64	170	1	2	119	0	1953125	12	0.0	58305	11.02	0	0	V0.2	0	0	153	137	131	125	277	276	273	268	258	241	218	187	149	104	60	22	-12	-55	-90	-126	-167	-201	-223	-234	-241	-243	-240	-234	-220	-202	-177	-138	-99	-66	-37	2	41	75	115	150	179	208	225	233	232	230	230	227	218	200	180	151	120	90	54	26	-4	-31	-57	-87	-114	-133	-143	-141	-137	-136	-140	-136	-125	-111	-96	-72	-45	-20	-3	16	35	54	76	94	108	121	115	109	106
64	170	1	2	119	0	1953125	12	0.0	0	0.33	0	0	V0.2	0	0	8	7	6	5	1	1	0	2	5	5	7	7	8	8	7	11	14	12	9	4	4	5	6	10	11	27	39	36	11	59	105	155	138	80	122	143	217	301	204	442	426	385	330	583	354	515	245	642	503	867	788	404	218	792	745	1000	502	270	298	385	220	30	45	108	39	43	50	58	46	17	10	23	24	24	11	3	5	3	1	0	3	5	9	7	7
64	170	1	2	119	0	1953125	12	0.0	0	0.33	0	0	V0.2	0	0	8	7	6	5	1	1	0	2	5	5	7	7	8	8	7	11	14	12	9	4	4	5	6	10	11	27	39	36	11	59	105	155	138	80	122	143	217	301	204	442	426	385	330	583	354	515	245	642	503	867	788	404	218	792	745	1000	502	270	298	385	220	30	45	108	39	43	50	58	46	17	10	23	24	24	11	3	5	3	1	0	3	5	9	7	7
64	170	1	2	119	0	1953125	12	0.0	0	0.33	0	0	V0.2	0	0	11	10	8	7	7	6	1	2	0	6	5	7	7	8	8	9	11	10	10	7	7	2	9	10	14	28	36	32	16	67	112	162	144	92	121	150	207	283	179	476	487	501	413	585	401	572	301	735	565	815	833	502	300	838	717	1000	516	289	222	361	224	51	37	100	46	42	49	54	51	25	11	18	24	31	17	8	4	4	4	4	4	1	6	3	6
64	170	1	2	119	0	1953125	12	0.0	0	0.33	0	0	V0.2	0	0	11	8	7	6	5	2	0	2	5	9	7	10	8	11	10	11	14	13	10	9	6	4	8	9	10	22	35	37	15	68	113	158	139	88	112	153	208	259	184	492	543	588	511	567	413	616	395	702	565	728	842	471	319	827	701	1000	528	299	158	322	236	68	28	86	43	39	44	52	52	26	15	15	21	28	16	9	3	0	1	3	3	6	9	10	7
64	170	1	2	119	0	1953125	12	0.0	0	0.33	0	0	V0.2	0	0	8	7	4	5	3	1	2	4	5	7	4	8	10	12	10	10	12	10	8	6	7	2	10	13	10	25	35	38	16	59	105	143	125	82	100	125	180	199	197	478	585	555	451	479	365	607	412	657	430	667	744	434	340	857	753	999	470	253	176	329	249	70	24	87	47	37	45	49	52	23	11	16	21	26	18	9	3	3	3	4	4	7	8	2	6
64	170	1	2	119	0	1953125	12	0.0	0	0.33	0	0	V0.2	0	0	13	9	10	8	6	5	3	1	1	4	4	6	5	9	7	10	12	12	10	7	9	4	11	9	10	22	33	36	19	65	108	144	128	77	102	117	197	192	215	483	624	532	423	475	450	615	409	692	483	725	725	477	492	918	721	1000	412	251	223	363	266	79	29	103	52	33	42	50	59	30	17	15	24	30	20	13	4	4	4	7	3	4	6	4	5
64	170	1	2	119	0	1953125	12	0.0	0	0.33	0	0	V0.2	0	0	8	5	7	6	3	2	1	3	5	7	6	8	8	9	9	9	10	9	8	4	5	1	8	13	12	23	31	36	28	71	106	133	117	58	103	118	209	198	191	452	572	439	366	485	468	550	357	649	568	815	783	401	462	860	736	999	402	273	231	353	266	77	43	116	65	37	30	49	54	27	10	17	24	32	20	11	4	2	3	9	8	4	7	4	5
64	170	2	2	119	0	1953125	12	0.0	0	0.32	0	0	V0.2	0	0	5	3	2	2	3	4	4	7	10	10	9	10	12	9	8	10	10	9	5	4	5	3	9	12	14	25	39	41	33	66	99	130	112	71	83	84	206	219	217	442	505	346	341	574	604	629	319	507	608	1000	967	510	392	712	712	952	446	325	145	284	202	55	67	128	57	27	27	60	49	25	6	19	24	29	15	4	3	1	5	7	5	7	7	5	7
64	170	2	2	119	0	1953125	12	0.0	0	0.33	0	0	V0.2	0	0	5	3	2	0	1	1	4	7	7	9	10	11	10	7	9	12	10	10	5	3	5	4	6	12	10	26	39	39	29	63	90	124	97	68	70	57	171	219	287	478	489	314	317	567	670	663	399	409	519	967	1000	655	491	600	543	760	418	380	53	182	120	61	96	143	64	28	25	61	50	29	2	16	20	25	15	4	3	7	7	6	6	5	7	6	6
64	170	2	2	119	0	1953125	12	0.0	0	0.33	0	0	V0.2	0	0	8	11	20	19	18	22	27	19	3	13	22	21	19	29	38	36	18	11	37	43	48	36	38	28	8	39	68	74	34	22	92	132	86	62	193	214	268	234	177	425	575	423	360	573	744	772	619	699	659	1000	905	581	546	707	595	779	355	344	300	400	290	79	98	120	48	5	68	122	105	87	43	20	25	41	49	50	47	38	22	6	10	18	25	29	38
64	170	2	2	119	0	1953125	12	0.0	0	0.33	0	0	V0.2	0	0	6	7	6	4	1	0	2	6	6	8	10	10	11	12	10	12	12	13	9	5	2	3	4	4	12	28	37	32	28	50	88	116	110	79	49	53	218	272	322	413	470	275	321	563	675	585	285	336	639	1000	988	645	331	476	593	766	272	277	165	225	85	69	133	154	58	21	36	69	45	29	1	14	13	18	7	0	1	2	2	4	5	6	7	7	9
64	170	1	2	119	0	1953125	12	0.0	0	0.33	0	0	V0.2	0	0	9	8	5	5	3	1	0	3	5	8	8	9	8	9	8	12	13	12	7	4	4	3	5	7	14	28	39	32	29	46	87	116	113	77	47	64	252	290	354	415	476	300	359	617	624	546	393	303	630	987	1000	722	291	409	674	771	342	330	200	225	109	47	138	162	74	42	34	68	45	42	9	9	7	16	5	2	1	1	2	4	6	3	6	6	6
64	170	1	2	119	0	1953125	12	0.0	0	0.33	0	0	V0.2	0	0	8	8	7	8	5	5	4	3	2	4	2	4	5	6	6	7	8	11	8	6	7	8	11	13	16	32	41	39	37	50	80	124	119	75	47	78	250	268	352	452	537	318	319	654	626	609	468	302	556	1000	927	694	367	456	791	828	400	342	273	267	162	15	121	137	69	48	35	64	45	42	12	12	10	17	11	7	7	6	8	4	4	3	1	4	2
64	170	1	2	119	0	1953125	12	0.0	0	0.32	0	0	V0.2	0	0	6	7	8	10	10	12	14	13	15	13	14	13	12	11	8	6	5	1	6	7	9	15	19	25	25	45	54	56	58	76	92	154	146	78	54	113	278	288	395	512	610	322	302	701	699	610	522	415	480	1000	922	808	585	508	702	790	478	376	276	320	212	29	128	147	82	36	62	88	59	39	8	21	25	16	7	9	7	4	7	8	17	18	19	20	22
64	170	1	2	119	0	1953125	12	0.0	0	0.32	0	0	V0.2	0	0	6	4	3	1	4	4	5	9	11	13	12	17	13	15	14	12	15	15	6	4	6	5	13	18	14	30	43	46	46	68	75	147	139	84	31	100	253	306	443	556	583	290	334	790	779	637	545	436	459	992	1000	996	616	438	654	750	501	402	318	366	223	19	132	149	78	35	64	93	61	48	3	16	19	22	8	8	6	9	7	5	7	8	8	9	10
64	170	2	2	119	0	1953125	12	0.0	0	0.33	0	0	V0.2	0	0	15	11	11	9	8	5	5	2	4	5	6	8	12	13	13	19	16	20	11	11	11	12	9	12	15	27	35	32	33	66	77	141	143	79	14	95	264	338	457	563	501	277	399	890	797	575	469	388	522	1000	995	996	529	365	638	752	546	469	332	389	264	71	87	111	65	45	49	68	52	46	14	10	7	16	10	9	6	7	4	3	4	0	4	4	6
64	170	2	2	119	0	1953125	12	0.0	58309	11.03	0	0	V0.2	0	0	195	210	216	221	226	217	212	196	169	135	99	65	36	13	-12	-40	-72	-103	-129	-147	-159	-166	-164	-165	-159	-154	-144	-135	-111	-87	-67	-52	-32	-11	10	33	57	68	80	87	87	86	84	81	73	68	59	42	29	12	-1	-15	-24	-32	-34	-41	-43	-42	-37	-27	-20	-9	1	10	20	31	47	58	70	79	85	87	85	82	83	79	81	79	61	30	-5	-33	-57	-83	-105
64	170	2	2	119	0	1953125	12	0.0	58325	11.03	0	0	V0.2	0	0	27	41	50	58	-2	2	14	12	16	18	5	-7	-4	14	21	14	10	34	66	36	-13	-53	-88	-99	-86	-37	0	13	36	23	23	6	-35	-30	-19	33	55	16	-18	-55	-82	-39	-19	7	19	58	81	51	27	13	20	2	-6	-6	-10	14	15	6	-1	3	-13	-31	-25	1	2	-9	-8	19	32	35	35	33	34	20	-7	13	11	-8	-8	37	49	30	11	2	9
64	170	2	2	119	0	1953125	12	0.0	0	0.33	0	0	V0.2	0	0	10	8	10	9	8	10	11	8	16	7	17	6	20	8	15	9	12	6	29	32	10	28	12	30	1	32	20	81	94	48	42	65	45	13	20	147	237	222	178	373	653	568	336	459	220	331	706	999	868	199	611	507	398	952	793	253	209	163	53	63	134	129	135	117	62	46	26	6	42	39	17	34	25	26	22	23	18	14	20	16	17	13	15	17	13
64	170	2	2	119	0	1953125	12	0.0	0	0.33	0	0	V0.2	0	0	4	4	2	5	7	6	9	12	13	14	15	15	16	18	13	17	12	10	6	8	2	3	16	23	27	29	37	54	58	88	87	125	144	75	49	160	309	379	388	478	450	414	406	764	669	429	527	357	424	788	912	1000	659	304	433	627	513	397	284	332	248	44	100	129	111	68	40	54	36	36	6	14	12	7	7	7	5	6	13	12	12	19	14	17	19
64	170	1	2	119	0	1953125	12	0.0	0	0.32	0	0	V0.2	0	0	5	2	0	0	3	3	5	7	10	10	11	13	13	14	12	13	9	10	3	5	6	12	20	24	24	22	30	49	53	76	70	112	139	82	23	152	293	367	379	469	368	368	428	782	629	390	531	381	375	728	880	1000	680	297	406	549	479	321	229	303	223	32	97	121	106	58	45	55	45	44	14	19	17	16	10	10	8	5	6	3	1	5	7	9	9
64	170	1	2	119	0	1953125	12	0.0	0	0.32	0	0	V0.2	0	0	6	6	6	2	0	1	3	4	6	10	8	11	11	12	10	12	12	12	4	7	9	13	16	21	19	21	31	50	44	66	66	115	138	98	34	143	327	427	421	421	264	404	531	807	587	408	564	378	416	843	930	1000	609	329	484	580	465	304	263	344	250	47	82	127	112	59	42	53	51	48	17	14	15	16	13	11	8	7	7	7	3	4	5	7	7
64	170	1	2	119	0	1953125	12	0.0	0	0.32	0	0	V0.2	0	0	7	7	5	1	3	2	4	7	11	11	9	12	13	17	14	14	16	14	7	7	7	12	17	21	22	23	29	45	49	79	71	129	137	113	35	141	356	493	502	482	171	441	673	961	689	307	485	392	506	846	951	1000	612	277	468	605	455	353	315	372	282	73	104	139	128	82	30	54	56	57	17	18	18	22	17	19	12	13	10	9	7	5	2	4	5
64	170	1	2	119	0	1953125	12	0.0	0	0.32	0	0	V0.2	0	0	7	8	7	9	3	3	2	2	5	5	6	7	8	12	8	11	14	19	9	10	15	18	23	28	28	28	34	45	41	76	86	149	129	80	54	174	331	429	436	514	248	352	610	937	788	262	380	424	551	909	1000	956	518	261	624	743	455	379	335	358	258	52	91	116	96	63	43	70	59	55	13	18	17	24	17	19	17	13	11	11	11	8	5	2	1
64	170	1	2	119	0	1953125	12	0.0	0	0.32	0	0	V0.2	0	0	8	7	5	4	2	2	1	1	4	3	5	6	8	8	9	9	12	14	8	9	14	15	20	20	21	24	30	36	34	61	74	123	94	70	46	128	258	357	354	427	217	276	452	700	589	301	382	318	411	851	1000	887	438	195	589	659	371	342	295	294	203	40	95	106	68	43	49	74	54	45	7	14	15	23	13	16	12	13	11	10	8	7	4	4	3
64	170	1	2	119	0	1953125	12	0.0	0	0.33	0	0	V0.2	0	0	8	10	9	10	7	8	6	6	3	1	1	0	1	5	5	6	10	14	9	9	13	16	18	17	22	37	31	25	26	63	82	121	86	59	48	112	277	350	365	403	213	233	409	632	545	360	382	313	436	876	1000	783	364	294	525	625	291	307	292	328	197	57	86	104	48	33	50	76	50	39	14	10	11	20	10	11	8	9	6	6	6	2	2	1	3
64	170	1	2	119	0	1953125	12	0.0	0	0.33	0	0	V0.2	0	0	7	9	9	8	5	5	5	5	2	2	1	1	2	5	4	6	11	11	6	8	11	13	13	15	26	41	36	23	25	62	86	120	96	61	51	106	281	383	399	429	201	205	354	613	607	422	308	291	514	915	1000	737	377	260	517	601	317	289	244	335	189	113	96	110	26	25	55	86	53	37	11	10	12	18	11	11	10	6	9	8	4	5	2	2	0
64	170	1	2	119	0	1953125	12	0.0	0	0.33	0	0	V0.2	0	0	8	7	8	8	7	5	4	6	4	3	2	1	3	2	2	7	11	10	6	7	10	13	15	14	26	45	55	45	28	57	78	118	117	85	55	85	263	418	407	485	341	279	227	525	687	668	498	366	340	738	1000	820	567	160	444	651	516	452	155	272	184	164	105	140	63	23	32	75	64	50	18	10	12	19	13	9	8	9	10	8	1	2	2	3	3
64	170	1	2	119	0	1953125	12	0.0	0	0.32	0	0	V0.2	0	0	6	4	5	2	2	0	0	1	5	6	7	8	9	10	11	7	6	14	12	16	22	20	18	18	19	34	41	42	59	43	89	85	69	89	176	256	145	199	227	438	476	407	315	162	618	904	478	711	250	444	622	1000	911	792	258	450	680	555	359	49	127	134	141	92	112	80	41	15	46	57	33	35	22	26	25	19	9	10	6	7	2	4	4	6	6
64	170	1	2	119	0	1953125	12	0.0	0	0.56	0	0	V0.2	0	0	9	11	13	11	8	6	11	13	12	12	11	15	16	17	16	15	19	19	21	15	23	37	49	54	45	28	42	70	91	66	45	18	63	109	85	140	37	157	232	383	455	432	224	159	534	860	609	624	217	85	336	572	786	1000	589	359	512	457	410	235	101	80	76	128	173	156	102	59	70	92	77	59	44	48	58	57	48	36	37	38	39	29	22	29	34
64	170	1	2	119	0	1953125	12	0.0	0	0.56	0	0	V0.2	0	0	3	6	9	10	5	4	10	13	13	12	11	17	20	18	15	17	21	26	24	18	20	37	54	64	59	40	26	55	103	111	94	22	63	121	127	243	84	191	406	649	710	558	311	118	391	854	729	990	511	238	189	531	610	1000	588	310	350	333	392	274	173	126	80	108	150	162	111	50	41	74	68	52	40	41	54	51	43	29	25	31	29	26	14	19	26
64	170	1	2	119	0	1953125	12	0.0	0	0.56	0	0	V0.2	0	0	3	9	14	12	7	4	12	13	11	11	15	20	20	16	13	20	25	28	23	20	23	38	46	59	58	44	31	49	86	110	96	45	61	131	162	245	100	182	406	570	629	604	562	316	240	709	631	864	552	305	101	195	552	1000	746	391	306	304	271	194	166	99	59	105	142	148	101	42	49	67	67	52	37	38	46	44	39	35	30	31	28	26	19	18	24
64	170	1	2	119	0	1953125	12	0.0	0	0.32	0	0	V0.2	0	0	8	8	6	6	4	4	3	1	3	5	7	3	8	12	17	15	13	13	14	17	19	22	23	34	31	29	42	37	58	103	104	88	58	107	191	385	194	88	427	648	649	648	774	667	315	460	535	1000	763	606	572	438	389	819	525	201	376	237	247	62	139	247	166	54	98	113	102	63	27	45	38	39	17	15	19	20	16	9	4	3	3	4	4	4	7
64	170	1	2	119	0	1953125	12	0.0	0	0.32	0	0	V0.2	0	0	12	10	9	9	5	5	4	1	2	3	3	4	7	11	14	14	11	16	16	20	14	27	24	32	25	35	46	55	61	79	81	74	95	149	166	327	57	197	490	595	612	595	643	794	458	379	429	999	815	803	513	487	813	936	294	448	951	522	131	209	326	285	160	56	113	97	58	66	46	54	33	35	15	18	19	16	10	10	5	5	4	4	6	3	2
64	170	2	2	119	0	1953125	12	0.0	0	0.32	0	0	V0.2	0	0	10	9	7	9	4	4	4	3	4	6	5	6	11	12	12	15	13	16	18	18	20	32	32	29	23	63	64	56	73	55	101	125	109	246	167	156	152	480	522	479	600	606	871	884	325	704	540	849	400	777	1000	938	510	387	187	540	709	567	198	338	485	402	196	60	129	124	88	70	44	72	54	42	19	22	28	23	17	9	11	6	5	0	6	3	2
64	170	2	2	119	0	1953125	12	0.0	0	0.32	0	0	V0.2	0	0	10	9	9	9	7	5	5	2	1	3	6	4	6	9	10	10	11	13	16	18	17	17	20	22	20	48	50	48	50	40	68	101	116	187	142	119	117	393	490	471	389	401	781	758	362	478	451	693	286	586	939	1000	547	107	206	361	476	411	208	202	283	296	192	119	46	74	63	46	36	44	45	38	17	8	18	18	15	14	9	10	8	4	0	3	1
64	170	2	2	119	0	1953125	12	0.0	0	0.32	0	0	V0.2	0	0	11	11	10	7	3	3	2	4	9	12	12	14	19	17	17	19	18	19	16	18	23	15	14	25	31	57	53	60	54	63	84	181	201	230	109	75	294	567	314	597	690	803	963	793	171	958	797	999	305	810	905	950	453	659	418	456	524	356	158	393	398	307	165	38	106	129	100	76	55	68	49	28	17	18	33	26	17	13	7	5	6	4	8	8	10
64	170	1	2	119	0	1953125	12	0.0	0	0.32	0	0	V0.2	0	0	3	4	2	0	1	2	6	5	9	11	13	15	15	16	16	21	18	19	20	21	26	28	27	30	31	54	73	56	34	57	109	164	169	176	40	104	272	403	200	489	677	798	787	493	314	940	885	893	289	576	1000	985	417	230	673	625	558	230	167	324	332	143	115	100	102	80	61	85	68	65	42	19	23	32	36	29	24	17	13	15	14	10	11	9	7
64	170	1	2	119	0	1953125	12	0.0	0	0.32	0	0	V0.2	0	0	3	3	1	2	3	4	4	6	9	10	8	11	10	12	11	11	10	12	9	13	13	16	22	28	22	48	55	63	46	46	86	136	134	213	75	84	173	425	288	444	514	571	633	553	406	836	263	637	602	869	1000	675	167	342	611	644	516	288	63	235	329	272	152	88	62	69	75	73	71	56	40	36	20	18	24	25	20	13	11	7	9	5	3	5	3
64	170	1	2	119	0	1953125	12	0.0	0	0.31	0	0	V0.2	0	0	6	7	9	9	10	14	12	15	14	17	17	16	13	15	15	18	12	12	12	12	17	18	25	23	29	46	54	47	67	67	47	127	179	235	178	184	283	580	724	798	444	372	778	1000	639	619	475	859	563	768	775	754	858	951	329	404	613	636	285	211	350	367	247	112	20	110	105	102	91	54	42	24	39	43	46	36	27	24	18	16	15	18	7	3	3
64	170	1	2	119	0	1953125	12	0.0	0	0.33	0	0	V0.2	0	0	4	3	1	1	0	2	2	4	6	7	7	9	10	9	7	7	8	12	10	10	14	15	16	15	28	25	35	40	51	59	60	85	64	60	113	210	149	213	174	508	751	603	407	167	524	1000	557	541	200	773	943	557	66	514	648	637	194	84	187	240	158	66	103	132	138	76	53	49	44	58	52	49	34	31	24	18	16	16	11	9	5	3	1	2	7
64	170	2	2	119	0	1953125	12	0.0	0	0.65	0	0	V0.2	0	0	14	15	4	8	15	8	14	21	21	10	25	37	27	9	21	28	20	28	40	32	30	46	53	29	30	68	63	24	67	93	74	115	251	410	461	407	587	760	728	602	580	427	695	578	623	385	665	545	628	423	479	630	987	820	823	786	900	1000	883	519	291	295	344	285	166	101	146	128	70	55	78	97	84	65	64	66	52	23	33	45	40	27	39	47	36
64	170	2	2	119	0	1953125	12	0.0	0	0.66	0	0	V0.2	0	0	21	19	27	28	23	29	32	24	34	45	38	21	35	46	38	29	38	42	43	52	53	46	59	76	67	44	60	92	88	101	161	149	172	176	284	356	327	379	530	768	722	510	338	334	677	676	412	111	489	717	1000	595	421	905	852	676	419	271	431	523	549	449	345	270	233	220	170	108	75	79	76	63	65	67	53	53	62	58	43	44	52	44	34	35	32
64	170	2	2	119	0	1953125	12	0.0	58288	11.02	0	0	V0.2	0	0	39	34	32	41	42	34	-95	-57	-17	22	56	95	137	176	211	238	257	266	269	267	264	261	250	231	197	158	119	80	47	14	-24	-63	-100	-135	-172	-200	-209	-219	-218	-217	-215	-203	-189	-170	-145	-108	-73	-36	-5	29	66	103	134	162	187	198	204	206	210	206	203	193	181	157	125	97	67	39	8	-15	-38	-62	-85	-111	-126	-134	-140	-137	-130	-123	-117	-105	-87	-64	-36
64	170	2	2	119	0	1953125	12	0.0	0	0.71	0	0	V0.2	0	0	198	232	209	181	221	215	175	213	225	171	191	220	176	179	224	184	166	233	199	135	214	218	125	205	240	140	145	242	161	149	319	316	58	353	530	301	383	576	485	164	385	368	269	694	911	499	615	996	984	694	980	1000	265	424	613	280	167	206	331	392	379	308	85	313	362	200	82	231	221	58	137	161	79	140	152	76	138	163	104	134	174	126	133	187	152
64	170	2	2	119	0	1953125	12	0.0	0	0.71	0	0	V0.2	0	0	198	232	209	181	221	215	175	213	225	171	191	220	176	179	224	184	166	233	199	135	214	218	125	205	240	140	145	242	161	149	319	316	58	353	530	301	383	576	485	164	385	368	269	694	911	499	615	996	984	694	980	1000	265	424	613	280	167	206	331	392	379	308	85	313	362	200	82	231	221	58	137	161	79	140	152	76	138	163	104	134	174	126	133	187	152
64	170	2	2	119	0	1953125	12	0.0	0	0.74	0	0	V0.2	0	0	200	180	217	196	182	232	206	194	248	220	201	265	236	205	277	247	190	269	232	158	255	226	97	222	213	53	220	210	48	326	316	93	299	343	157	325	478	221	213	444	469	837	769	307	576	1000	609	232	526	875	306	667	763	731	783	537	207	573	608	220	365	512	201	178	380	209	69	252	185	76	209	163	122	194	130	155	218	140	146	218	155	133	206	149	120
64	170	2	2	119	0	1953125	12	0.0	0	0.77	0	0	V0.2	0	0	206	170	201	194	169	214	187	180	230	183	201	240	184	218	245	176	219	221	143	205	193	141	198	163	172	206	106	206	215	90	205	184	99	265	112	223	525	413	236	468	506	369	691	486	291	646	549	787	931	640	890	1000	553	403	704	604	249	214	195	396	176	112	336	271	117	300	238	64	268	200	73	227	164	119	197	123	150	174	94	166	162	94	173	148	108
64	170	2	2	119	0	1953125	12	0.0	0	0.75	0	0	V0.2	0	0	63	62	9	56	64	21	46	61	35	38	53	43	37	41	51	55	38	62	77	41	61	86	47	58	96	45	65	115	112	138	171	79	43	203	240	86	62	214	115	271	406	431	487	657	829	892	725	627	757	879	884	974	1000	624	525	796	574	412	472	481	408	303	243	247	216	200	136	80	116	93	68	127	112	41	100	126	58	60	104	63	35	83	65	25	65
64	170	2	2	119	0	1953125	12	0.0	58251	11.02	0	0	V0.2	0	0	86	77	70	64	57	-415	-385	-355	-325	-282	-240	-187	-129	-76	-23	25	68	110	153	190	227	260	285	299	302	305	303	298	292	279	260	239	214	189	162	136	114	91	64	34	6	-20	-42	-63	-79	-96	-114	-135	-153	-168	-179	-186	-189	-194	-204	-210	-217	-216	-215	-203	-195	-187	-177	-165	-147	-124	-100	-69	-38	-6	26	61	92	129	165	202	236	266	288	311	326	340	350	354	355
64	170	2	2	119	0	1953125	12	0.0	0	0.79	0	0	V0.2	0	0	61	59	59	55	54	54	48	44	44	31	41	25	31	21	21	22	20	37	31	37	42	73	41	77	71	92	76	137	80	143	168	79	173	187	266	99	441	426	134	45	246	335	356	491	461	394	455	655	999	997	441	173	301	566	522	464	630	344	51	221	316	200	58	158	64	29	36	11	52	48	9	36	21	17	43	28	26	41	37	40	45	38	41	41	42
64	170	2	2	119	0	1953125	12	0.0	58264	11.02	0	0	V0.2	0	0	17	44	68	72	67	2	37	65	93	119	145	172	201	231	255	277	285	297	307	321	329	339	343	334	322	308	295	278	260	234	208	176	136	96	51	9	-37	-77	-127	-175	-218	-260	-296	-326	-345	-368	-382	-389	-388	-377	-357	-369	-364	-338	-295	-240	-180	-107	-26	59	143	227	302	372	442	508	571	620	655	678	688	687	669	640	601	550	490	418	337	242	148	54	-35	-129	-223
64	170	2	2	119	0	1953125	12	0.0	58284	11.02	0	0	V0.2	0	0	1	9	17	21	19	21	18	-3	-33	-46	-51	-38	-8	-1	25	23	15	12	5	27	24	16	27	18	-13	-8	-13	-15	3	63	78	58	-6	-40	-49	-3	64	90	47	11	-17	-14	2	17	41	50	41	48	50	40	19	10	-2	10	27	7	-30	-47	-18	0	-33	-38	-35	-28	-46	-25	-8	6	9	0	-7	-10	-22	-21	5	7	-23	-56	-32	-10	-15	-11	-8	6	16
64	170	2	2	119	0	1953125	12	0.0	0	0.31	0	0	V0.2	0	0	11	11	9	12	10	14	12	15	9	16	11	16	13	16	16	11	18	18	15	20	32	6	21	21	29	7	54	24	58	70	34	34	95	186	129	185	225	200	129	172	405	381	274	323	390	302	438	753	699	420	415	783	1000	787	475	410	356	257	139	227	204	67	83	87	47	20	64	42	17	35	27	6	29	26	5	21	17	9	10	14	13	11	12	12	11
64	170	2	2	119	0	1953125	12	0.0	0	0.30	0	0	V0.2	0	0	33	35	34	34	36	37	37	37	36	35	38	39	39	39	45	41	43	48	54	53	55	70	70	62	86	99	87	122	127	158	162	86	254	288	113	257	338	285	240	351	431	350	211	310	598	210	562	476	406	641	699	366	651	386	1000	926	373	638	794	203	408	324	210	217	252	130	160	146	150	131	123	135	119	81	98	91	70	70	68	61	54	55	49	47	46
64	170	2	2	119	0	1953125	12	0.0	58249	11.02	0	0	V0.2	0	0	55	38	27	16	13	-342	-276	-205	-126	-42	40	122	203	275	345	412	476	529	574	603	612	612	600	579	549	506	450	379	306	227	141	58	-29	-108	-191	-271	-354	-428	-486	-534	-564	-583	-596	-596	-588	-564	-527	-480	-420	-351	-285	-212	-140	-59	18	95	177	248	313	370	418	456	486	510	526	531	523	500	469	431	387	343	291	234	176	113	50	-13	-73	-128	-180	-224	-266	-306	-331
64	170	2	2	119	0	1953125	12	0.0	0	0.74	0	0	V0.2	0	0	223	222	226	228	231	234	237	240	242	250	246	251	249	253	247	254	242	250	241	241	220	237	212	218	211	205	183	222	190	141	239	152	188	193	334	109	327	435	211	164	514	584	48	545	537	178	401	1000	877	213	702	712	508	343	639	554	189	301	221	81	116	203	46	143	156	100	139	175	134	135	157	129	136	155	144	136	148	137	140	145	143	139	140	138	137
64	170	2	2	119	0	1953125	12	0.0	0	0.82	0	0	V0.2	0	0	129	153	141	147	167	155	177	159	164	167	133	182	158	160	197	150	185	165	135	166	105	168	153	105	196	126	131	142	72	116	38	248	235	22	180	69	191	334	233	507	569	370	659	683	295	246	280	276	215	501	638	355	674	700	753	999	693	348	669	417	157	258	161	329	279	81	186	93	102	121	65	184	98	142	180	75	141	99	100	134	75	150	124	103	145
64	170	2	2	119	0	1953125	12	0.0	0	0.32	0	0	V0.2	0	0	25	24	24	24	27	26	25	28	31	32	33	36	37	40	39	45	41	44	49	48	44	56	48	51	62	78	81	87	101	76	119	141	168	162	135	128	192	285	235	146	487	557	182	510	496	422	200	578	562	479	341	698	448	488	1000	799	245	414	388	85	234	178	175	250	99	75	128	102	76	81	64	50	45	47	43	40	41	42	38	38	39	36	38	34	31
64	170	2	2	119	0	1953125	12	0.0	0	0.31	0	0	V0.2	0	0	28	28	30	31	34	35	35	33	36	37	37	36	37	39	36	41	39	39	41	43	36	51	51	54	58	62	76	88	92	108	123	101	186	167	168	206	152	174	340	52	303	429	375	201	283	678	452	268	481	720	456	1000	987	274	697	659	160	541	341	208	240	107	132	172	88	162	92	94	97	81	71	73	60	52	52	47	37	39	34	30	30	28	29	29	29
64	170	2	2	119	0	1953125	12	0.0	0	0.31	0	0	V0.2	0	0	25	25	26	27	29	29	29	29	29	31	31	31	35	33	28	36	35	33	37	37	31	49	43	51	61	59	76	82	81	107	132	87	162	154	154	210	179	133	297	37	313	438	366	163	208	602	499	170	505	852	382	855	999	605	607	699	115	546	306	239	208	96	138	194	76	147	93	89	87	81	62	72	58	48	47	43	32	34	30	27	23	25	24	22	20
64	170	2	2	119	0	1953125	12	0.0	0	0.31	0	0	V0.2	0	0	25	25	28	29	30	30	30	30	31	31	31	33	33	35	30	35	34	32	34	37	33	43	39	48	53	55	77	78	64	88	117	80	165	186	92	191	150	159	300	193	211	353	243	227	210	515	381	151	642	939	319	877	1000	332	681	725	165	262	210	201	192	119	125	163	57	122	77	68	76	60	47	63	41	38	39	32	26	28	22	20	21	17	20	17	18
64	170	2	2	119	0	1953125	12	0.0	0	0.31	0	0	V0.2	0	0	30	31	33	34	36	36	37	38	40	41	40	42	42	43	40	42	45	43	51	43	48	56	63	69	75	77	90	91	114	126	138	126	197	207	184	208	158	300	234	186	426	431	227	242	391	590	48	736	1000	563	736	940	417	652	985	402	606	489	40	507	274	100	229	154	118	163	90	95	101	82	83	71	56	53	52	46	40	39	34	33	33	32	31	33	32
64	170	2	2	119	0	1953125	12	0.0	0	0.31	0	0	V0.2	0	0	25	26	26	28	30	30	31	32	33	35	35	35	36	36	34	34	34	37	42	37	41	47	46	59	56	61	74	73	89	103	111	121	150	177	176	137	130	346	137	200	439	215	195	379	221	368	338	346	687	424	468	781	569	403	999	462	370	529	86	295	228	75	171	137	96	123	79	94	83	58	74	67	35	48	43	35	37	34	29	30	28	25	27	27	27
64	170	2	2	119	0	1953125	12	0.0	0	0.31	0	0	V0.2	0	0	30	34	35	37	38	42	43	45	48	48	50	51	51	54	49	51	53	50	59	51	49	71	70	61	101	82	107	128	119	140	233	125	207	342	234	188	274	576	295	430	770	546	91	781	463	421	933	521	566	892	465	873	1000	937	980	804	199	341	342	292	432	145	314	326	86	139	172	97	135	108	59	89	69	49	57	46	38	38	36	34	36	30	32	29	35
64	170	2	2	119	0	1953125	12	0.0	0	0.30	0	0	V0.2	0	0	22	22	22	27	316	232	146	57	-37	-134	-228	-307	-377	-438	-494	-541	-579	-610	-622	-615	-595	-563	-528	-486	-434	-374	-311	-237	-159	-84	-6	69	138	206	257	314	366	411	449	476	493	497	499	490	477	459	427	384	341	292	239	193	149	100	56	4	-56	-108	-151	-187	-221	-252	-282	-306	-334	-348	-359	-365	-367	-362	-356	-347	-336	-319	-287	-257	-228	-187	-148	-110	-66	-21	30	67	98
64	170	2	2	119	0	1953125	12	0.0	0	0.30	0	0	V0.2	0	0	49	50	54	58	56	55	54	-576	-638	-699	-765	-812	-792	-761	-727	-687	-639	-576	-499	-407	-307	-201	-97	6	107	213	355	464	539	602	654	694	725	745	756	753	736	708	665	604	529	442	354	266	178	81	-22	-119	-217	-312	-393	-465	-524	-569	-610	-646	-664	-672	-728	-682	-629	-578	-522	-457	-392	-317	-235	-152	-71	12	83	154	225	289	410	457	488	514	535	550	554	552	544	531	508
64	170	2	2	119	0	1953125	12	0.0	0	0.30	0	0	V0.2	0	0	5	4	0	-1	1	-1	180	251	324	392	450	496	532	558	574	585	593	589	572	535	481	413	341	269	195	114	30	-63	-161	-257	-346	-428	-497	-557	-613	-659	-692	-764	-764	-726	-682	-640	-580	-521	-449	-362	-264	-158	-51	60	163	261	409	485	550	615	671	723	752	765	767	752	722	683	636	578	507	418	318	216	121	22	-77	-177	-274	-365	-458	-537	-602	-652	-724	-751	-743	-730	-708
64	170	2	2	119	0	1953125	12	0.0	0	0.30	0	0	V0.2	0	0	16	20	17	22	21	-520	-528	-527	-522	-498	-461	-408	-351	-288	-216	-144	-61	25	112	202	291	377	450	515	568	615	656	695	714	716	700	667	617	565	499	423	344	252	154	47	-65	-174	-275	-367	-455	-538	-616	-679	-739	-822	-808	-787	-760	-728	-690	-633	-563	-477	-378	-276	-168	-63	41	143	247	408	488	556	620	669	712	741	763	767	758	742	714	662	592	512	426	338	249	158	56
64	170	2	2	119	0	1953125	12	0.0	0	0.30	0	0	V0.2	0	0	11	10	14	17	17	-375	-375	-364	-353	-335	-310	-281	-243	-193	-135	-81	-19	43	98	158	226	296	364	424	477	510	540	565	580	588	583	564	537	496	439	370	302	225	147	61	-27	-123	-221	-312	-392	-465	-529	-588	-639	-678	-724	-766	-734	-695	-647	-588	-529	-464	-387	-300	-198	-87	16	124	229	355	460	523	589	652	702	738	759	771	762	742	710	662	606	537	454	360	256	154	54
64	170	2	2	119	0	1953125	12	0.0	0	0.30	0	0	V0.2	0	0	11	12	11	9	87	154	221	287	352	414	471	513	545	570	584	594	598	585	567	526	472	403	330	252	172	92	2	-96	-191	-285	-374	-456	-526	-589	-643	-681	-713	-778	-775	-735	-686	-632	-570	-502	-422	-341	-244	-134	-18	95	200	325	440	509	581	647	702	745	773	785	784	770	742	697	647	582	504	410	307	199	92	-2	-102	-204	-305	-396	-489	-570	-632	-677	-764	-769	-757	-740	-713
64	170	2	2	119	0	1953125	12	0.0	0	0.30	0	0	V0.2	0	0	10	9	9	11	12	583	589	585	572	537	492	434	371	302	217	140	55	-31	-123	-220	-311	-396	-466	-532	-593	-640	-675	-715	-772	-740	-699	-648	-589	-529	-461	-377	-285	-184	-77	30	138	235	367	468	532	596	658	704	735	754	763	753	734	696	652	598	531	444	348	246	146	48	-48	-147	-246	-342	-432	-512	-576	-628	-665	-754	-743	-729	-702	-669	-627	-572	-509	-437	-357	-284	-199	-110	-17
64	170	2	2	119	0	1953125	12	0.0	0	0.31	0	0	V0.2	0	0	50	50	51	50	52	51	53	50	51	53	53	52	57	58	61	64	70	76	76	80	90	91	91	110	135	101	127	166	155	201	190	191	213	241	184	328	209	331	182	300	453	155	273	476	339	570	432	550	944	266	736	1000	154	395	743	413	549	378	310	425	325	188	302	140	169	147	162	119	161	94	123	129	97	83	98	83	77	73	67	62	59	58	53	47	46
64	170	2	2	119	0	1953125	12	0.0	0	0.29	0	0	V0.2	0	0	7	13	9	9	10	9	11	429	447	458	456	451	444	429	403	366	315	256	184	112	39	-29	-96	-174	-251	-328	-400	-464	-517	-558	-592	-619	-633	-640	-626	-597	-550	-500	-441	-371	-303	-222	-132	-34	72	170	269	349	435	501	563	620	665	699	718	716	703	671	627	570	513	439	358	264	158	53	-49	-147	-236	-324	-411	-492	-569	-632	-674	-752	-759	-739	-712	-680	-646	-598	-538	-465	-384
64	170	2	2	119	0	1953125	12	0.0	0	0.30	0	0	V0.2	0	0	48	48	51	51	53	55	57	57	61	64	69	69	77	80	78	89	96	97	93	108	111	109	115	158	138	114	179	189	152	257	199	202	273	228	159	363	160	390	160	352	571	175	221	569	351	513	594	537	583	346	848	900	377	643	999	391	636	487	225	564	419	163	383	217	184	200	228	153	202	136	160	176	135	127	147	124	120	124	115	109	107	102	99	89	89
64	170	2	2	119	0	1953125	12	0.0	0	0.30	0	0	V0.2	0	0	46	41	47	45	45	50	49	54	54	56	61	63	65	76	72	80	84	80	88	92	95	99	101	136	106	112	168	143	140	223	149	193	208	152	215	317	177	257	101	436	278	214	353	244	244	445	424	507	374	342	1000	621	351	851	635	322	733	493	166	483	309	173	337	186	180	168	186	133	171	117	130	151	111	107	130	100	107	107	95	98	90	85	85	74	79
64	170	2	2	119	0	1953125	12	0.0	0	0.31	0	0	V0.2	0	0	24	24	25	27	27	28	31	31	35	36	36	39	39	41	41	43	47	51	49	53	60	54	52	85	85	54	118	112	105	183	143	171	225	131	184	370	161	281	268	364	321	403	414	377	259	426	798	448	214	774	999	415	742	931	537	630	820	494	221	485	277	226	309	83	208	140	113	154	121	73	120	93	73	78	70	61	63	58	53	50	48	49	49	45	49
64	170	2	2	119	0	1953125	12	0.0	0	0.30	0	0	V0.2	0	0	33	34	32	34	33	33	35	33	33	32	33	32	36	37	37	41	46	51	51	55	64	61	67	93	92	70	130	122	126	192	155	200	211	148	216	391	148	284	360	372	250	490	420	389	267	450	811	425	145	913	965	314	838	1000	485	737	929	475	214	462	280	243	303	81	232	128	112	165	133	86	135	109	91	90	80	71	69	64	56	52	45	41	41	40	38
64	170	2	2	119	0	1953125	12	0.0	0	0.30	0	0	V0.2	0	0	26	28	28	28	29	29	29	29	30	27	29	28	32	33	35	38	41	47	50	51	61	62	63	83	92	66	118	124	123	169	151	199	202	117	245	398	157	285	351	357	279	437	418	402	225	351	770	419	194	901	902	399	717	1000	549	790	940	551	137	426	299	231	275	109	231	113	108	167	134	87	131	110	92	87	82	71	73	64	58	53	44	46	41	37	38
64	170	2	2	119	0	1953125	12	0.0	0	0.30	0	0	V0.2	0	0	32	32	33	35	34	34	34	31	34	34	34	33	34	35	36	41	43	52	55	54	66	71	70	86	104	78	128	142	147	183	177	214	235	111	276	442	201	311	378	338	360	493	534	414	240	278	862	465	341	919	1000	595	630	989	742	631	912	735	97	380	360	243	279	135	256	142	116	184	151	101	141	128	106	101	92	82	81	73	65	63	50	53	50	44	45
64	170	2	2	119	0	1953125	12	0.0	0	0.30	0	0	V0.2	0	0	33	33	32	32	33	32	33	32	34	33	31	33	36	35	39	42	42	52	57	55	68	71	70	88	103	84	120	142	148	173	173	226	228	111	287	414	234	294	324	387	351	448	601	297	191	378	730	399	492	762	949	618	486	999	822	534	872	700	167	379	331	262	278	120	261	158	124	180	163	107	137	128	111	103	95	85	88	71	66	63	55	52	49	43	46
64	170	1	2	119	0	1953125	12	0.0	0	0.30	0	0	V0.2	0	0	25	25	26	27	26	25	26	25	27	23	22	22	27	24	27	30	30	36	41	38	49	53	53	66	76	65	94	107	114	135	127	188	174	91	237	320	179	206	234	342	190	381	539	124	157	438	466	297	500	453	745	473	321	1000	693	285	705	638	113	361	226	203	249	68	200	148	87	142	132	82	101	97	85	76	68	62	64	53	47	45	43	34	35	30	34
64	170	1	2	119	0	1953125	12	0.0	0	0.30	0	0	V0.2	0	0	22	22	23	23	23	23	23	24	23	22	24	26	28	25	29	32	32	35	36	38	45	46	49	65	62	59	84	87	89	114	102	169	138	83	217	263	133	151	276	258	80	383	435	88	271	435	328	227	456	322	551	287	322	1000	612	166	614	625	64	312	199	150	211	68	151	130	90	117	113	77	93	82	73	70	63	59	59	50	47	45	41	41	42	36	37
64	170	1	2	119	0	1953125	12	0.0	0	0.32	0	0	V0.2	0	0	17	18	19	19	20	22	23	24	26	26	28	31	33	33	35	37	37	41	39	39	47	44	49	60	50	68	76	74	89	124	82	145	149	102	163	259	174	108	304	136	164	416	278	16	473	378	213	419	552	347	352	359	369	999	656	293	508	700	102	353	208	115	234	123	127	108	107	117	100	73	89	75	62	60	54	55	50	49	47	44	49	45	47	46	44
64	170	1	2	119	0	1953125	12	0.0	0	0.30	0	0	V0.2	0	0	24	24	28	26	27	27	29	29	27	27	31	30	31	32	30	35	35	36	38	40	46	45	52	66	50	81	79	73	95	126	85	135	167	92	167	245	195	113	339	107	180	310	317	122	438	344	218	445	502	341	331	413	402	999	610	270	435	513	154	313	224	102	189	134	119	108	109	121	103	81	90	75	70	66	59	59	53	48	45	43	38	39	39	37	36
64	170	1	2	119	0	1953125	12	0.0	0	0.32	0	0	V0.2	0	0	25	24	25	26	27	28	31	31	33	35	38	41	41	44	43	47	48	47	47	51	53	52	55	74	50	88	76	78	102	118	101	152	193	79	213	254	176	136	350	160	183	301	527	246	369	420	342	449	375	406	630	498	286	1000	694	284	425	368	186	265	174	167	174	171	106	111	99	106	84	81	78	60	53	52	50	48	43	44	42	42	41	40	40	39	38
64	170	1	2	119	0	1953125	12	0.0	58171	11.00	0	0	V0.2	0	0	60	76	103	125	153	171	489	529	561	581	592	585	567	537	500	457	407	353	289	226	153	78	9	-55	-113	-172	-223	-273	-322	-358	-381	-393	-395	-391	-385	-381	-366	-346	-316	-277	-235	-191	-148	-104	-65	-29	17	59	102	143	175	205	230	247	263	278	297	307	311	315	307	299	294	290	282	266	247	222	193	165	145	122	96	68	32	-7	-46	-84	-115	-131	-161	-191	-222	-257	-289
64	170	1	2	119	0	1953125	12	0.0	58214	11.01	0	0	V0.2	0	0	-63	-64	-56	-51	60	46	47	37	25	7	-13	-39	-23	20	67	77	78	56	31	38	41	24	25	68	113	134	121	43	-25	-52	-39	-3	23	42	37	10	-56	-71	-27	29	87	109	67	0	-35	-39	4	26	39	22	-11	-47	-53	1	55	56	2	-34	-51	-72	-75	-49	-10	15	11	-1	-29	-52	-48	-30	16	25	27	18	12	1	-24	-7	44	79	52	42	36	24	8
64	170	1	2	119	0	1953125	12	0.0	58269	11.02	0	0	V0.2	0	0	-57	-62	-57	-12	19	42	47	29	-4	-2	38	66	62	51	28	13	-23	-40	-20	22	48	75	51	-14	-62	-70	-49	-19	-6	4	-21	-20	-21	-29	-13	44	89	87	50	-2	-42	-45	-3	38	22	6	24	51	50	18	-35	-46	-4	29	30	18	9	27	47	36	12	-37	-54	-31	4	18	52	80	64	35	-9	-32	-39	-5	39	66	52	2	-22	5	56	93	110	42	-2
