34928	35048	35167	35286	35405	35524	35644	35763	35882	36001	36120	36240	36359	36478	36597	36716	36836	36955	37074	37193	37313	37432	37551	37670	37789	37909	38028	38147	38266	38385	38505	38624	38743	38862	38981	39101	39220	39339	39458	39577	39697	39816	39935	40054	40174	40293	40412	40531	40650	40770	40889	41008	41127	41246	41366	41485	41604	41723	41842	41962	42081	42200	42319	42439	42558	42677	42796	42915	43035	43154	43273	43392	43511	43631	43750	43869	43988	44107	44227	44346	44465	44584	44703	44823	44942
64	170	1	2	119	0	1953125	12	0.0	0	0.65	0	0	V0.2	0	0	32	27	24	33	35	26	29	38	36	27	36	44	37	32	45	50	39	41	53	54	42	48	60	56	44	55	66	55	59	59	90	66	93	96	146	113	178	169	266	196	297	292	372	329	435	470	508	519	578	695	619	808	746	999	713	945	769	752	458	467	339	259	142	145	130	114	72	84	102	93	73	74	89	76	64	66	74	59	53	56	56	44	40	44	40
64	170	1	2	119	0	1953125	12	0.0	0	0.65	0	0	V0.2	0	0	24	14	19	28	24	14	25	31	23	17	30	34	22	22	35	35	21	29	40	34	22	31	42	31	19	29	38	24	24	21	58	44	59	63	123	96	151	141	250	174	273	268	364	302	416	453	503	494	558	686	601	789	726	1000	684	933	763	743	442	460	339	235	133	124	109	76	34	48	68	65	39	44	64	57	41	46	59	49	38	44	50	40	31	39	40
64	170	1	2	119	0	1953125	12	0.0	0	0.65	0	0	V0.2	0	0	21	14	21	27	21	16	27	29	19	19	30	30	19	24	34	31	20	30	37	30	20	30	39	25	18	26	34	17	20	18	51	43	56	61	121	91	154	136	251	173	271	270	358	309	410	458	496	498	557	684	604	789	725	1000	681	943	753	752	442	459	340	235	136	120	110	72	31	42	63	61	35	39	58	53	41	39	56	48	37	39	49	41	30	35	39
64	170	1	2	119	0	1953125	12	0.0	0	0.65	0	0	V0.2	0	0	23	15	21	28	23	17	26	31	23	19	31	33	22	25	35	35	23	31	40	34	24	32	41	30	22	29	37	24	26	24	58	43	62	65	123	94	154	142	250	175	275	269	361	307	414	456	497	499	555	685	602	793	721	1000	682	939	749	751	439	458	337	235	134	121	110	80	34	48	68	65	41	43	63	57	45	43	59	50	40	43	50	41	31	37	39
64	170	1	2	119	0	1953125	12	0.0	0	0.65	0	0	V0.2	0	0	22	13	19	27	22	15	25	30	21	18	30	31	20	23	34	33	20	29	38	32	20	30	40	27	19	26	36	22	22	19	56	43	58	62	122	95	151	141	248	176	274	267	361	308	415	456	497	502	558	689	604	796	725	1000	689	942	762	744	452	463	337	235	139	125	107	72	35	47	65	60	38	44	62	55	43	45	58	47	39	44	50	39	33	38	40
64	170	1	2	119	0	1953125	12	0.0	0	0.65	0	0	V0.2	0	0	23	14	20	28	23	15	26	31	22	18	31	32	22	23	35	34	21	30	39	34	22	31	41	29	21	28	37	24	24	23	56	44	59	64	123	94	154	143	249	178	273	274	358	312	412	458	501	497	567	683	610	792	732	1000	691	944	763	743	452	461	341	232	139	125	109	74	35	49	67	62	40	45	63	56	43	46	59	49	40	45	50	40	33	38	39
64	170	1	2	119	0	1953125	12	0.0	0	0.65	0	0	V0.2	0	0	23	15	19	28	23	15	25	31	22	18	31	33	20	23	35	34	21	29	39	33	21	31	41	30	20	28	38	23	23	21	57	44	59	63	124	96	152	141	249	177	269	272	358	309	409	455	499	493	558	678	600	785	716	1000	674	931	753	738	443	449	340	232	134	120	108	75	33	46	67	63	39	43	62	57	42	45	58	49	38	43	50	41	32	38	40
64	170	1	2	119	0	1953125	12	0.0	0	0.65	0	0	V0.2	0	0	23	15	20	28	23	15	26	31	22	18	30	33	21	23	35	34	21	29	39	34	22	31	41	30	20	28	38	23	24	22	57	44	60	64	122	96	151	143	249	176	273	270	361	308	412	456	498	498	557	685	603	789	722	1000	683	932	759	741	444	455	339	233	135	122	110	76	34	47	68	64	40	44	62	57	43	46	59	50	39	44	51	40	32	38	39
64	170	1	2	119	0	1953125	12	0.0	0	0.65	0	0	V0.2	0	0	33	30	22	30	36	28	25	37	39	28	32	45	40	31	42	52	42	39	52	56	43	45	60	58	44	51	67	58	57	57	91	70	91	93	150	116	175	168	268	198	291	295	374	331	429	477	509	518	574	698	616	802	742	1000	706	937	770	749	452	467	340	254	141	145	132	111	70	85	103	89	70	76	90	73	62	68	73	56	51	59	55	41	42	46	38
64	170	1	2	119	0	1953125	12	0.0	0	0.65	0	0	V0.2	0	0	23	15	21	29	24	16	26	31	23	19	31	34	22	24	35	35	23	30	40	35	24	33	42	30	22	30	38	24	26	24	56	43	60	64	122	93	153	142	247	178	270	274	355	310	411	457	497	497	563	683	603	794	725	1000	687	940	765	738	455	459	342	235	139	125	110	77	37	50	70	65	41	45	64	56	44	46	60	49	40	46	51	40	33	38	38
64	170	1	2	119	0	1953125	12	0.0	0	0.65	0	0	V0.2	0	0	33	30	22	30	36	29	26	37	39	28	32	44	40	31	42	51	41	38	51	55	43	45	59	58	44	51	66	58	57	55	90	68	91	93	146	115	173	166	266	198	287	293	367	330	421	472	503	512	566	691	609	796	731	1000	695	931	766	741	453	460	339	252	140	144	132	110	70	84	103	89	70	76	90	72	63	68	73	56	51	59	55	41	42	45	37
64	170	1	2	119	0	1953125	12	0.0	0	0.65	0	0	V0.2	0	0	24	14	20	29	23	14	25	31	22	17	31	33	21	23	35	35	21	29	39	34	21	31	41	30	20	29	38	23	24	22	57	44	59	64	125	94	153	142	249	177	269	276	358	310	409	460	496	499	557	687	599	790	724	1000	678	935	760	740	446	456	342	233	137	123	110	76	33	48	68	64	39	44	64	56	42	44	59	49	39	45	51	40	33	38	39
64	170	1	2	119	0	1953125	12	0.0	0	0.65	0	0	V0.2	0	0	32	28	22	30	35	27	26	36	37	28	33	44	39	31	42	50	40	39	51	55	43	46	59	57	44	52	66	56	58	56	90	67	92	93	148	113	175	165	267	195	290	292	368	330	421	474	502	514	565	692	607	797	727	1000	687	934	755	746	443	457	339	253	138	142	131	112	68	81	102	90	70	74	89	73	61	67	74	57	49	58	56	41	40	46	39
64	170	1	2	119	0	1953125	12	0.0	0	0.65	0	0	V0.2	0	0	21	14	21	28	21	16	26	30	21	20	31	31	21	25	35	32	22	31	39	32	23	32	40	28	23	28	36	21	25	24	57	41	61	66	122	94	154	143	249	174	274	272	357	309	415	457	497	501	561	685	603	793	725	1000	680	940	757	745	443	460	337	236	135	122	109	77	33	46	68	65	41	42	62	58	44	43	59	50	40	44	50	41	33	37	39
64	170	1	2	119	0	1953125	12	0.0	0	0.65	0	0	V0.2	0	0	32	29	22	30	36	27	26	38	38	28	33	44	40	31	42	51	41	38	51	56	42	45	60	58	43	53	67	57	58	56	91	68	91	93	149	112	176	166	268	197	293	291	372	329	426	476	506	516	575	697	610	807	735	1000	696	942	762	748	445	468	337	251	141	146	131	110	67	85	103	89	69	76	90	72	62	69	73	56	51	59	55	41	42	47	38
64	170	1	2	119	0	1953125	12	0.0	0	0.65	0	0	V0.2	0	0	23	14	21	28	23	16	27	31	22	19	31	33	22	25	36	34	22	32	40	34	24	33	42	30	23	30	39	23	26	24	58	42	62	67	124	95	155	146	252	177	275	277	359	312	419	463	498	507	566	688	609	794	737	999	686	947	766	739	449	462	340	232	137	126	110	76	35	49	70	65	40	46	65	58	42	45	60	49	39	45	52	40	33	39	40
64	170	1	2	119	0	1953125	12	0.0	0	0.65	0	0	V0.2	0	0	33	27	23	32	35	26	28	38	37	27	35	45	37	32	44	50	39	41	52	54	42	48	60	57	44	54	67	55	58	58	90	67	93	95	149	112	176	169	267	195	293	294	367	332	427	475	504	519	572	697	612	799	738	1000	690	939	764	740	448	456	341	252	139	140	132	112	68	81	103	91	71	73	90	76	61	65	74	58	49	56	56	42	40	46	40
64	170	1	2	119	0	1953125	12	0.0	0	0.65	0	0	V0.2	0	0	23	14	20	28	23	14	25	31	22	18	31	32	22	23	35	34	21	30	39	34	22	31	41	29	20	28	37	23	23	22	57	44	59	64	122	95	152	142	249	174	272	269	359	307	412	454	499	497	557	682	605	786	724	999	680	935	758	739	441	458	338	233	135	124	108	75	33	48	67	63	39	44	62	57	41	44	59	49	39	44	50	40	32	38	39
64	170	1	2	119	0	1953125	12	0.0	0	0.65	0	0	V0.2	0	0	33	29	22	31	36	28	26	37	38	28	33	44	40	31	42	51	41	38	51	56	43	45	60	59	44	53	67	58	57	57	91	69	92	94	150	116	176	170	270	198	294	294	375	332	431	477	513	518	582	695	626	797	749	1000	705	941	769	746	450	463	341	253	140	145	132	111	68	84	104	90	70	76	92	74	62	69	74	56	51	60	56	41	42	47	39
64	170	1	2	119	0	1953125	12	0.0	0	0.65	0	0	V0.2	0	0	24	14	19	28	23	14	25	31	23	17	30	34	21	23	35	35	22	30	39	34	22	31	42	30	21	28	38	23	24	23	58	45	60	66	125	96	153	143	252	177	273	273	363	308	415	460	502	499	563	686	608	790	731	1000	684	937	761	740	442	457	340	234	135	124	109	76	33	47	68	64	40	45	65	57	43	45	59	50	39	44	50	40	32	39	39
64	170	1	2	119	0	1953125	12	0.0	0	0.65	0	0	V0.2	0	0	33	29	22	31	36	28	26	37	38	28	33	44	40	32	42	51	41	39	51	55	43	46	59	58	44	53	66	58	58	58	90	69	92	94	149	114	177	167	268	196	293	290	374	328	431	473	510	517	577	694	622	800	746	1000	705	945	764	751	449	468	339	256	141	147	132	113	69	85	103	90	71	76	91	74	62	68	75	57	51	59	56	41	42	46	38
64	170	1	2	119	0	1953125	12	0.0	0	0.65	0	0	V0.2	0	0	30	29	20	27	34	29	23	34	38	28	30	42	41	31	40	50	43	38	50	57	45	46	60	62	48	56	70	64	64	64	99	78	101	104	158	126	184	178	278	206	301	301	381	337	435	483	519	519	585	697	631	794	751	1000	703	934	768	746	444	456	342	259	138	147	138	122	76	91	113	99	78	82	99	82	69	75	80	62	56	63	60	45	46	51	42
64	170	1	2	119	0	1953125	12	0.0	0	0.65	0	0	V0.2	0	0	22	14	20	27	22	15	25	30	21	17	30	32	20	23	35	34	20	30	38	33	21	30	41	29	19	27	36	23	22	21	56	45	59	64	123	98	152	141	252	177	273	270	364	308	415	457	508	494	566	680	614	783	732	1000	688	931	761	744	441	453	339	236	132	122	109	77	32	44	65	64	38	42	62	58	43	44	58	50	39	43	51	41	32	37	40
64	170	1	2	119	0	1953125	12	0.0	0	0.65	0	0	V0.2	0	0	22	14	22	28	21	17	27	30	21	20	31	32	21	26	36	33	22	32	39	32	24	33	41	28	23	30	37	22	25	26	57	43	62	69	124	97	155	147	251	180	278	275	365	313	422	461	509	502	574	685	623	789	742	1000	702	935	768	746	449	456	342	239	133	121	110	79	34	45	66	66	43	42	63	59	45	42	58	52	41	42	50	44	33	36	39
64	170	1	2	119	0	1953125	12	0.0	0	0.65	0	0	V0.2	0	0	32	30	22	30	36	28	25	38	39	28	33	44	41	31	42	52	42	38	51	57	43	45	60	59	44	52	67	59	57	56	92	71	92	94	150	117	176	168	272	200	292	295	376	331	428	476	515	514	579	695	625	793	745	1000	703	931	770	743	447	456	342	252	137	142	132	111	68	83	104	90	70	76	90	74	62	68	74	57	50	59	56	41	41	47	39
64	170	1	2	119	0	1953125	12	0.0	0	0.65	0	0	V0.2	0	0	23	14	21	28	23	16	25	31	23	18	30	33	22	24	35	35	22	30	39	34	23	32	41	30	22	29	37	23	25	23	57	44	61	66	123	96	154	143	252	178	274	272	363	310	417	458	507	498	567	684	615	787	734	1000	696	931	767	744	446	453	341	236	132	121	110	78	32	45	68	66	41	43	63	59	45	44	59	51	40	43	50	41	33	37	40
64	170	1	2	119	0	1953125	12	0.0	0	0.65	0	0	V0.2	0	0	20	13	22	26	20	16	27	29	19	20	31	30	19	25	35	32	21	31	38	31	22	31	40	26	21	28	35	20	23	22	55	43	60	65	123	95	154	143	249	177	273	272	361	310	416	456	503	500	565	684	613	789	733	1000	698	933	766	746	450	452	342	239	134	119	109	78	33	42	64	65	42	40	59	58	44	42	57	52	41	41	50	43	33	36	40
64	170	1	2	119	0	1953125	12	0.0	0	0.65	0	0	V0.2	0	0	22	14	25	29	21	17	29	31	20	22	33	32	21	28	37	33	22	34	41	32	24	35	42	28	24	33	38	21	27	28	58	40	61	68	124	93	154	146	248	176	274	275	359	310	417	459	499	501	566	684	612	793	736	1000	702	936	767	747	455	454	342	241	136	121	111	81	39	46	67	66	46	44	61	60	48	44	57	52	43	42	48	42	35	35	37
64	170	1	2	119	0	1953125	12	0.0	0	0.65	0	0	V0.2	0	0	20	14	23	27	19	17	27	28	18	21	31	29	19	26	35	31	20	32	38	30	22	33	38	25	22	29	34	19	24	23	55	40	59	66	122	92	153	144	246	176	274	273	358	312	417	459	500	506	566	688	612	798	737	1000	704	941	771	748	459	458	343	239	139	120	109	77	35	43	64	64	42	42	60	59	45	43	57	52	41	41	50	43	34	36	39
64	170	1	2	119	0	1953125	12	0.0	0	0.65	0	0	V0.2	0	0	21	14	23	28	20	17	28	30	20	21	32	30	20	26	36	32	21	33	40	31	24	34	40	27	23	31	36	21	26	26	57	41	61	68	122	93	153	146	247	177	274	276	357	313	415	460	499	505	565	688	614	797	738	999	703	938	771	745	458	453	343	238	137	120	110	78	36	45	66	66	44	43	61	58	47	42	56	51	42	42	49	43	34	35	38
64	170	1	2	119	0	1953125	12	0.0	0	0.65	0	0	V0.2	0	0	20	14	23	27	20	17	28	29	19	21	32	30	19	27	36	31	21	33	39	31	23	34	40	26	23	31	37	21	25	26	57	41	60	67	122	93	154	145	246	176	273	273	357	312	416	458	498	505	562	686	608	796	734	1000	704	937	769	747	458	454	342	239	138	120	110	78	37	44	65	65	44	43	61	58	47	43	57	51	42	42	49	43	35	35	38
64	170	1	2	119	0	1953125	12	0.0	0	0.65	0	0	V0.2	0	0	21	14	23	28	20	17	27	29	20	21	32	31	20	26	36	32	21	33	39	31	24	34	39	27	23	31	36	20	26	26	56	41	60	67	122	93	153	145	246	176	272	275	357	312	414	458	499	504	566	686	615	794	739	1000	706	940	773	749	459	456	345	241	137	121	110	79	36	45	66	66	44	43	61	58	47	42	57	52	42	42	49	43	34	35	38
64	170	1	2	119	0	1953125	12	0.0	0	0.65	0	0	V0.2	0	0	19	13	23	27	18	17	28	28	18	21	32	30	18	26	35	31	20	33	38	29	22	33	39	25	22	30	36	19	23	24	55	40	58	67	121	92	152	144	246	176	272	274	356	310	415	458	498	502	565	683	610	795	736	1000	705	936	773	746	460	454	344	239	138	119	109	76	36	42	64	64	43	42	59	58	46	43	56	51	42	41	49	43	35	35	39
64	170	1	2	119	0	1953125	12	0.0	0	0.65	0	0	V0.2	0	0	21	15	24	29	21	17	28	30	21	22	33	32	21	27	37	33	23	34	40	33	25	34	41	29	24	32	37	22	28	27	57	40	60	67	121	91	153	143	245	175	271	273	357	311	416	456	501	502	564	684	612	794	735	1000	706	937	771	750	458	457	344	243	136	121	111	81	38	46	68	67	45	44	62	59	48	43	57	52	43	42	49	43	34	35	38
64	170	1	2	119	0	1953125	12	0.0	0	0.65	0	0	V0.2	0	0	33	27	23	32	34	26	28	38	36	28	35	44	38	32	44	50	40	40	52	54	42	47	59	56	44	54	66	56	58	58	89	67	92	95	146	113	176	167	265	197	290	294	369	331	427	474	509	516	575	694	624	798	743	1000	711	932	772	748	455	456	343	256	141	139	132	113	70	80	101	92	71	73	89	76	62	64	73	59	50	56	57	44	39	44	41
64	170	1	2	119	0	1953125	12	0.0	0	0.65	0	0	V0.2	0	0	21	14	23	28	21	16	28	30	20	21	32	31	20	26	36	32	21	33	40	32	23	34	41	27	23	31	37	21	26	25	57	41	60	67	123	92	153	143	247	174	272	272	359	308	415	456	499	500	559	683	604	791	727	1000	696	933	763	746	452	452	340	238	135	119	110	79	36	44	66	66	45	42	61	58	45	43	56	51	42	41	48	42	33	35	38
64	170	1	2	119	0	1953125	12	0.0	0	0.65	0	0	V0.2	0	0	20	14	22	27	20	17	27	29	20	21	31	30	20	26	36	32	22	32	39	32	23	33	40	27	22	29	36	21	25	23	55	41	61	65	121	93	152	142	246	177	273	272	359	312	416	455	501	503	565	685	614	794	734	1000	704	938	768	748	458	456	343	239	137	121	110	78	35	45	66	64	43	42	61	59	46	42	58	52	41	42	50	42	33	36	40
64	170	1	2	119	0	1953125	12	0.0	0	0.65	0	0	V0.2	0	0	21	13	24	29	21	17	29	30	19	21	33	31	19	27	36	32	21	33	39	31	23	34	41	26	23	31	37	21	26	26	57	41	60	67	123	92	153	143	247	175	273	273	358	309	414	456	497	501	559	684	606	791	726	1000	694	932	760	746	452	451	339	240	135	118	109	79	36	43	66	65	45	42	61	59	47	42	56	51	43	41	48	43	33	34	37
64	170	1	2	119	0	1953125	12	0.0	0	0.65	0	0	V0.2	0	0	21	14	20	26	21	16	25	29	20	19	30	30	19	24	34	33	21	29	38	31	21	31	39	27	20	27	35	21	23	21	55	43	60	63	122	95	152	139	247	175	270	268	360	308	411	453	500	496	554	682	602	786	717	1000	687	926	755	747	445	450	339	239	132	117	109	77	32	43	65	64	40	40	60	58	44	42	58	50	40	41	50	42	32	36	40
64	170	1	2	119	0	1953125	12	0.0	0	0.65	0	0	V0.2	0	0	21	15	22	28	22	18	27	30	21	21	32	32	22	26	37	33	23	33	39	33	25	34	41	29	24	30	37	22	26	25	57	41	62	66	123	93	154	142	247	175	273	270	359	309	413	453	498	499	558	683	604	792	721	1000	687	934	754	748	446	453	337	241	134	120	110	81	37	46	67	67	44	43	63	59	48	43	56	52	42	41	49	42	33	35	38
64	170	1	2	119	0	1953125	12	0.0	0	0.65	0	0	V0.2	0	0	32	26	24	33	34	25	28	38	36	27	36	43	37	33	45	49	39	41	53	52	41	48	59	55	44	54	66	54	58	59	89	65	93	95	147	111	178	167	265	195	294	291	369	329	431	470	506	519	574	693	616	804	737	1000	703	945	760	752	454	463	337	257	141	142	129	113	71	82	100	91	73	73	89	77	63	65	72	59	51	55	56	43	40	44	40
64	170	1	2	119	0	1953125	12	0.0	0	0.65	0	0	V0.2	0	0	22	15	19	27	23	16	24	30	23	18	29	32	22	22	34	35	22	29	39	34	23	31	41	30	21	27	37	23	26	21	57	43	61	64	123	94	154	141	250	177	272	271	359	311	413	459	497	503	557	688	601	794	724	1000	681	941	763	739	449	458	341	230	137	124	109	74	34	48	69	64	39	46	65	57	42	45	61	49	38	45	52	39	31	40	41
64	170	1	2	119	0	1953125	12	0.0	0	0.65	0	0	V0.2	0	0	33	26	23	34	34	25	29	39	35	27	37	44	36	33	46	49	38	42	54	53	41	50	61	54	44	56	66	54	59	60	90	64	95	96	148	109	179	170	266	195	298	295	368	334	434	477	502	527	579	698	614	814	741	1000	699	957	763	746	459	467	338	253	144	144	130	111	71	83	101	90	72	73	90	75	65	66	72	59	52	56	55	45	41	44	40
64	170	1	2	119	0	1953125	12	0.0	0	0.65	0	0	V0.2	0	0	20	15	24	28	21	18	28	29	20	22	33	31	21	28	36	32	22	34	39	31	25	35	41	27	25	32	37	20	28	27	58	39	65	69	125	90	158	147	251	174	282	276	358	314	422	464	494	513	570	692	605	807	734	1000	685	959	761	739	455	462	339	233	140	125	109	76	36	47	68	65	42	45	65	60	44	45	58	51	42	43	49	42	34	36	39
64	170	1	2	119	0	1953125	12	0.0	0	0.65	0	0	V0.2	0	0	33	25	23	34	34	24	29	39	35	26	38	45	36	32	45	50	37	42	54	52	41	50	61	54	45	56	66	53	59	60	92	63	96	97	149	108	181	170	268	192	298	293	367	331	434	479	500	528	575	698	607	813	736	1000	686	957	757	744	451	465	337	251	143	143	130	111	71	84	102	91	72	73	91	73	64	66	73	58	51	56	56	44	40	45	40
64	170	1	2	119	0	1953125	12	0.0	0	0.65	0	0	V0.2	0	0	19	14	24	27	18	18	29	28	18	22	32	29	18	28	35	30	21	34	38	28	24	35	39	24	25	31	36	18	27	26	57	38	63	68	124	88	157	145	249	170	281	273	356	310	422	461	491	511	568	690	601	807	730	1000	678	962	757	742	451	464	338	233	140	125	108	75	36	48	67	64	42	44	63	58	44	45	57	50	42	43	49	42	34	36	39
64	170	1	2	119	0	1953125	12	0.0	0	0.65	0	0	V0.2	0	0	32	27	23	32	34	26	29	38	35	27	36	44	37	33	44	49	39	41	53	53	41	49	60	55	44	55	66	54	59	59	90	63	95	95	149	109	180	167	268	193	298	292	367	330	432	477	500	525	576	698	609	810	735	1000	684	956	757	741	447	466	337	250	141	145	130	110	67	84	103	89	70	74	90	73	61	67	73	56	50	57	55	42	40	45	39
64	170	1	2	119	0	1953125	12	0.0	0	0.65	0	0	V0.2	0	0	20	13	23	28	19	17	28	30	18	21	32	30	19	27	35	31	20	33	39	30	22	34	40	26	23	30	36	19	25	25	58	39	62	68	124	90	157	145	251	170	279	273	357	310	418	462	494	508	564	687	597	800	724	1000	671	953	755	739	446	460	338	233	136	123	109	75	34	46	67	63	40	42	63	57	45	43	58	50	41	42	49	42	34	36	38
64	170	1	2	119	0	1953125	12	0.0	0	0.65	0	0	V0.2	0	0	32	26	23	33	34	25	29	39	35	27	37	44	36	33	45	50	38	41	53	53	41	49	60	55	45	55	66	53	59	59	90	63	95	95	148	108	180	168	267	193	297	294	368	332	433	476	501	526	577	698	612	812	737	1000	691	958	759	745	452	468	338	253	143	146	130	110	69	84	102	90	71	75	89	74	61	66	74	58	51	57	56	43	41	45	39
64	170	1	2	119	0	1953125	12	0.0	0	0.65	0	0	V0.2	0	0	21	15	23	28	21	17	28	30	21	22	32	31	20	27	36	32	22	33	39	32	25	34	40	27	25	31	37	20	28	26	57	38	63	67	123	89	156	145	250	174	279	274	355	312	420	462	493	511	566	689	601	805	732	1000	681	960	761	741	453	464	339	232	139	126	109	76	36	49	69	64	41	45	65	57	46	45	59	50	42	44	50	42	33	37	39
64	170	1	2	119	0	1953125	12	0.0	0	0.65	0	0	V0.2	0	0	31	25	21	30	33	24	25	37	34	25	33	42	36	30	42	48	38	39	51	53	41	47	59	55	44	55	67	56	59	61	92	68	96	99	151	114	181	173	270	198	300	298	370	337	436	481	505	529	586	699	621	811	750	1000	700	961	768	744	457	470	340	252	143	148	133	112	73	89	107	92	75	79	95	77	66	72	76	60	55	62	59	45	44	49	41
64	170	1	2	119	0	1953125	12	0.0	0	0.65	0	0	V0.2	0	0	34	26	23	34	35	24	30	40	36	26	37	45	36	32	46	50	37	42	55	53	41	50	62	55	44	57	67	54	59	61	92	64	94	99	149	110	180	173	269	196	300	299	368	335	436	483	504	528	584	699	617	811	749	1000	700	955	772	743	459	464	342	251	143	143	132	112	71	83	102	91	73	74	90	76	63	67	73	59	51	56	56	44	41	44	39
64	170	1	2	119	0	1953125	12	0.0	0	0.65	0	0	V0.2	0	0	19	14	22	27	20	17	27	29	19	21	32	30	20	26	35	31	21	33	38	31	24	34	40	26	24	30	36	20	25	25	56	39	63	68	123	91	157	148	251	178	281	279	358	318	423	468	498	517	577	694	614	807	747	1000	697	963	777	739	464	467	346	231	143	126	110	74	35	48	68	63	41	45	64	59	43	45	60	51	41	44	51	42	33	38	39
64	170	1	2	119	0	1953125	12	0.0	0	0.65	0	0	V0.2	0	0	31	26	21	30	33	26	26	36	35	26	33	42	37	31	43	49	39	39	52	53	41	47	60	56	45	54	67	57	60	61	93	69	97	99	151	115	182	176	272	204	301	304	369	343	436	489	504	537	587	708	624	816	759	1000	710	961	781	738	466	467	346	247	146	148	135	111	74	89	109	92	76	80	95	76	67	72	77	60	55	63	59	45	45	50	41
64	170	1	2	119	0	1953125	12	0.0	0	0.65	0	0	V0.2	0	0	21	15	24	28	20	17	29	29	20	22	32	31	20	27	36	31	23	34	39	30	25	35	41	26	25	33	37	19	28	27	58	38	63	69	122	89	157	149	249	177	279	281	352	320	420	472	491	520	572	696	606	809	743	999	696	959	779	734	467	462	348	229	144	124	111	74	38	49	71	64	42	45	65	57	47	46	60	51	41	44	50	42	33	37	39
64	170	1	2	119	0	1953125	12	0.0	0	0.65	0	0	V0.2	0	0	33	29	23	32	35	27	27	38	37	28	34	44	39	32	43	50	40	40	53	55	43	47	61	57	45	53	67	57	58	58	91	66	94	95	149	113	176	171	267	200	293	300	366	340	425	487	498	532	576	705	617	809	750	1000	704	951	779	739	463	461	349	247	148	146	135	109	71	86	106	89	71	78	91	73	62	70	74	57	51	59	56	41	42	47	38
64	170	1	2	119	0	1953125	12	0.0	0	0.65	0	0	V0.2	0	0	23	13	20	29	22	14	26	31	21	18	31	32	20	24	36	34	20	30	40	33	21	32	42	28	21	29	38	22	23	23	59	42	61	66	125	92	154	147	253	178	275	281	356	318	413	473	492	513	567	695	600	800	736	999	682	950	776	726	459	456	346	223	142	125	110	71	35	49	70	62	38	46	66	54	42	46	60	48	39	46	51	39	33	40	39
64	170	1	2	119	0	1953125	12	0.0	0	0.65	0	0	V0.2	0	0	33	29	22	31	36	28	27	39	38	28	34	45	39	31	43	52	41	40	53	56	42	47	61	58	45	53	68	57	58	58	92	66	93	95	149	113	178	171	268	200	294	300	366	339	428	487	498	533	579	706	616	811	750	1000	704	958	778	738	466	468	347	247	149	149	134	108	73	87	105	87	72	78	92	72	63	70	73	56	53	60	55	41	43	47	37
64	170	1	2	119	0	1953125	12	0.0	0	0.65	0	0	V0.2	0	0	20	14	25	28	19	18	29	30	18	23	34	30	19	29	37	31	21	35	40	30	25	36	41	26	25	33	37	19	27	28	59	39	64	71	125	90	157	152	250	178	281	284	355	322	421	474	493	521	577	697	612	810	748	1000	700	959	779	735	468	460	347	231	143	124	110	75	38	48	68	64	44	45	62	59	45	45	57	51	43	44	49	43	36	36	37
64	170	1	2	119	0	1953125	12	0.0	0	0.65	0	0	V0.2	0	0	31	30	24	30	36	29	26	36	38	29	33	44	40	32	41	51	42	39	51	56	45	45	60	59	46	52	66	58	59	56	91	68	94	94	149	115	178	170	270	202	296	299	369	340	430	486	504	531	582	705	623	809	757	999	706	957	782	738	463	468	347	245	145	150	135	107	68	89	106	88	70	79	93	72	61	73	75	54	52	63	56	39	44	49	37
64	170	1	2	119	0	1953125	12	0.0	0	0.65	0	0	V0.2	0	0	19	14	24	27	19	18	29	28	18	22	32	29	19	27	36	30	22	34	38	29	24	35	39	24	25	31	35	18	26	27	56	38	63	70	123	90	158	151	250	178	284	281	357	322	426	472	495	524	580	697	615	814	753	1000	705	970	779	740	471	468	346	231	145	127	109	73	37	48	68	62	41	45	63	58	45	45	59	51	42	44	50	42	34	37	39
64	170	1	2	119	0	1953125	12	0.0	0	0.65	0	0	V0.2	0	0	20	15	23	27	19	18	28	27	19	23	32	29	19	27	35	29	21	33	37	28	22	33	38	23	23	28	32	16	21	20	52	37	59	64	119	89	154	146	248	177	280	277	355	319	422	467	494	519	579	695	617	812	752	1000	706	974	782	742	474	473	349	231	150	128	109	68	36	47	65	58	37	42	61	54	41	43	57	48	38	43	49	40	31	37	39
64	170	1	2	119	0	1953125	12	0.0	0	0.65	0	0	V0.2	0	0	20	14	22	27	20	18	27	28	19	21	31	30	20	26	34	31	21	32	38	31	23	33	39	26	23	29	35	19	25	24	56	39	63	67	122	91	156	148	250	178	281	279	358	319	423	468	496	519	576	694	614	808	749	1000	703	967	778	741	468	468	346	231	144	127	109	72	36	49	68	63	40	45	63	58	44	46	58	50	41	45	51	41	34	38	40
64	170	1	2	119	0	1953125	12	0.0	0	0.65	0	0	V0.2	0	0	28	20	20	31	30	19	26	35	29	21	33	39	28	27	40	42	30	34	46	43	31	39	51	42	30	39	51	36	38	37	71	48	73	75	133	98	161	153	256	184	283	284	362	325	422	474	497	522	574	698	615	807	747	999	701	959	776	740	463	466	344	235	143	135	117	87	51	67	84	74	55	61	77	64	53	59	66	52	46	54	54	40	38	43	39
64	170	1	2	119	0	1953125	12	0.0	0	0.65	0	0	V0.2	0	0	20	14	24	28	19	18	29	29	19	22	33	30	20	28	36	31	22	34	39	30	25	36	40	26	26	32	37	19	27	27	57	37	64	68	123	89	156	147	248	174	281	276	355	317	420	466	491	518	570	694	611	810	741	1000	699	963	769	745	466	463	345	234	145	125	111	76	39	48	68	64	44	45	64	57	46	44	57	51	43	43	49	43	35	36	38
64	170	1	2	119	0	1953125	12	0.0	0	0.65	0	0	V0.2	0	0	32	26	23	32	34	26	28	38	36	27	35	43	37	33	44	50	39	41	52	53	42	48	59	56	44	54	65	54	59	58	89	65	94	94	147	110	178	167	266	195	296	292	366	333	427	477	501	526	574	696	613	808	738	1000	700	951	766	746	459	462	344	252	146	143	132	111	71	84	103	90	72	74	91	75	63	67	74	58	51	58	56	43	40	45	39
64	170	1	2	119	0	1953125	12	0.0	0	0.65	0	0	V0.2	0	0	20	14	21	26	20	16	26	28	19	20	31	30	19	25	34	30	20	31	37	29	22	31	38	24	21	26	33	17	21	18	53	38	59	61	120	89	152	139	247	173	275	269	354	312	412	460	491	510	561	691	602	804	729	1000	688	955	764	743	461	463	345	230	145	125	109	70	35	44	64	58	37	41	61	52	40	42	57	47	38	42	49	40	31	37	39
64	170	1	2	119	0	1953125	12	0.0	0	0.65	0	0	V0.2	0	0	20	14	23	27	19	17	27	28	20	20	31	30	19	26	34	31	21	32	38	30	23	33	40	25	23	29	35	19	25	24	56	38	62	66	123	90	155	145	249	174	278	274	356	316	415	465	492	514	564	690	602	804	730	1000	686	952	765	739	458	457	345	231	141	122	109	74	35	46	68	63	42	43	61	57	44	44	58	51	41	43	50	42	33	37	39
64	170	1	2	119	0	1953125	12	0.0	0	0.65	0	0	V0.2	0	0	33	26	23	34	34	25	29	39	35	27	37	44	36	33	45	49	37	42	53	53	41	50	60	54	45	56	66	53	59	60	90	63	95	96	148	109	179	169	266	196	297	295	366	337	429	479	498	532	574	702	610	818	737	1000	701	955	765	744	463	462	343	251	148	143	131	110	73	83	102	90	73	74	88	74	64	66	73	59	52	56	55	45	41	44	39
64	170	1	2	119	0	1953125	12	0.0	0	0.65	0	0	V0.2	0	0	33	26	23	33	35	25	29	38	35	28	36	43	37	33	45	48	39	42	53	52	42	50	59	54	46	56	65	53	60	60	90	63	95	96	147	108	179	169	264	196	297	294	364	335	430	478	498	530	575	701	612	819	742	1000	708	961	770	748	468	469	344	252	150	145	132	110	73	85	102	90	73	75	90	74	64	66	72	58	52	57	55	44	41	44	39
64	170	1	2	119	0	1953125	12	0.0	0	0.65	0	0	V0.2	0	0	20	14	23	27	19	18	28	28	19	22	31	28	20	27	35	29	21	34	37	29	25	34	38	24	25	31	34	18	26	26	56	38	63	68	123	88	156	146	249	173	279	276	355	316	418	464	492	514	567	692	604	809	731	1000	693	955	768	741	462	459	345	232	142	123	110	75	36	45	67	64	42	42	61	57	46	43	57	51	43	42	48	43	35	35	38
64	170	1	2	119	0	1953125	12	0.0	0	0.65	0	0	V0.2	0	0	26	16	23	31	26	18	29	34	26	22	34	36	26	29	41	40	28	38	46	40	31	42	50	39	33	44	51	34	42	44	73	47	78	82	135	96	167	159	257	185	290	288	360	328	427	474	497	526	577	699	611	818	742	1000	702	960	769	741	464	462	340	239	142	131	116	92	55	66	85	79	60	62	79	69	58	58	67	57	50	51	54	46	39	42	40
64	170	1	2	119	0	1953125	12	0.0	0	0.65	0	0	V0.2	0	0	20	14	21	26	20	17	27	28	19	21	31	29	19	25	34	30	20	31	37	29	22	32	38	24	21	26	33	17	21	19	52	38	58	63	121	90	153	141	249	174	275	273	355	314	415	463	494	512	564	692	602	806	731	1000	692	956	771	742	463	464	347	230	145	125	109	70	34	46	65	58	35	41	60	53	39	42	57	47	37	42	50	40	31	36	39
64	170	1	2	119	0	1953125	12	0.0	0	0.65	0	0	V0.2	0	0	28	20	20	30	29	20	26	34	29	21	33	39	29	26	40	42	29	34	46	43	31	38	50	41	31	39	51	37	39	38	72	49	74	75	133	98	162	153	257	186	284	283	362	324	422	471	499	521	574	699	614	811	744	1000	705	959	773	744	464	467	342	239	143	135	116	88	51	67	84	74	56	62	78	64	54	59	67	52	47	54	54	40	39	44	39
64	170	1	2	119	0	1953125	12	0.0	0	0.65	0	0	V0.2	0	0	23	14	20	28	23	15	26	32	23	19	31	33	21	24	36	34	22	31	40	34	23	33	42	29	22	29	38	22	25	24	57	41	61	64	124	92	154	144	250	178	276	276	359	316	416	465	498	512	567	693	609	804	738	1000	701	954	773	745	465	466	345	233	144	127	109	74	38	52	69	63	41	47	63	56	44	47	59	49	41	46	50	40	33	39	38
64	170	1	2	119	0	1953125	12	0.0	0	0.65	0	0	V0.2	0	0	20	14	22	27	21	17	28	29	20	22	31	30	19	26	35	31	21	31	38	29	22	32	38	24	20	26	33	16	19	17	51	38	57	60	120	90	152	140	247	176	274	272	356	314	414	460	494	512	565	693	607	808	736	1000	701	956	775	745	468	467	349	233	149	127	109	69	35	45	64	57	34	41	60	52	40	42	55	46	36	41	48	39	30	35	38
64	170	1	2	119	0	1953125	12	0.0	0	0.65	0	0	V0.2	0	0	20	14	22	27	20	17	27	29	20	21	31	30	20	26	34	31	22	32	38	31	24	33	39	26	23	29	35	19	25	24	56	39	62	66	123	91	157	147	249	180	280	277	357	318	419	464	495	516	568	694	609	811	739	1000	704	956	773	744	466	464	345	233	143	125	109	74	37	49	67	63	41	44	64	57	44	46	59	51	41	44	51	42	34	37	40
64	170	1	2	119	0	1953125	12	0.0	0	0.65	0	0	V0.2	0	0	21	14	22	27	20	17	26	29	19	20	31	30	18	24	35	31	20	30	38	30	21	32	39	25	20	27	34	18	20	19	53	40	59	62	122	92	153	143	248	177	275	274	358	316	415	464	496	514	566	694	607	805	738	1000	701	953	775	744	465	465	346	231	145	126	108	69	34	46	64	58	36	42	60	55	40	43	57	47	38	42	49	40	31	37	38
64	170	1	2	119	0	1953125	12	0.0	0	0.65	0	0	V0.2	0	0	22	13	20	28	22	15	26	30	21	19	31	32	20	24	35	33	21	31	39	33	22	33	41	27	21	28	37	20	24	23	57	41	61	65	124	92	156	146	251	179	277	279	359	319	418	467	497	517	571	699	610	812	741	1000	701	958	778	740	466	467	346	229	146	127	109	71	37	50	68	61	38	46	64	56	44	47	59	49	41	46	50	39	34	40	40
64	170	1	2	119	0	1953125	12	0.0	0	0.65	0	0	V0.2	0	0	24	14	21	29	23	16	27	31	22	19	32	33	20	25	37	34	22	32	40	33	23	33	42	29	22	30	39	22	25	25	59	41	62	66	126	92	156	146	251	178	276	280	356	318	412	470	491	516	564	697	601	806	734	1000	690	952	775	736	463	461	347	228	144	126	110	73	38	51	71	63	41	48	65	57	43	47	60	49	40	46	50	39	33	39	39
64	170	1	2	119	0	1953125	12	0.0	0	0.65	0	0	V0.2	0	0	33	26	23	34	34	25	29	39	35	27	37	44	36	33	46	49	38	42	54	53	41	49	61	54	45	56	66	53	59	60	90	63	95	96	148	109	179	171	266	198	297	298	365	339	428	482	497	534	575	705	612	820	743	1000	707	954	772	744	466	463	344	250	148	144	132	110	72	84	103	90	73	74	90	74	65	67	73	58	52	56	56	44	41	45	40
64	170	1	2	119	0	1953125	12	0.0	0	0.65	0	0	V0.2	0	0	22	13	21	28	22	15	26	30	21	19	31	32	20	24	35	33	21	31	39	33	22	32	41	27	21	29	37	21	24	23	57	41	62	64	124	92	155	146	250	177	276	278	356	318	413	469	493	517	565	696	604	807	736	1000	693	954	774	738	463	462	346	228	145	125	109	71	37	50	68	62	39	46	65	56	43	47	59	48	40	45	51	40	34	39	39
64	170	1	2	119	0	1953125	12	0.0	0	0.65	0	0	V0.2	0	0	31	23	27	36	31	25	33	39	32	29	40	42	34	36	47	46	37	47	54	49	43	53	59	52	48	59	65	51	62	63	88	61	99	100	146	108	184	174	263	199	303	300	363	344	435	482	497	542	583	704	618	826	748	1000	716	959	775	747	472	463	347	255	149	141	132	113	75	82	102	93	75	72	89	79	66	63	74	63	52	53	57	49	39	43	43
64	170	1	2	119	0	1953125	12	0.0	0	0.65	0	0	V0.2	0	0	15	19	25	23	17	22	29	24	19	26	30	25	21	30	33	26	26	36	34	27	29	36	34	23	29	32	31	15	32	28	53	33	68	72	120	86	162	151	245	177	286	279	350	323	423	465	489	525	572	691	606	818	737	1000	704	956	773	743	468	454	349	237	141	117	112	80	38	42	67	68	46	39	60	62	50	39	55	55	47	37	48	48	36	30	38
64	170	1	2	119	0	1953125	12	0.0	0	0.65	0	0	V0.2	0	0	33	25	23	34	34	24	29	39	35	26	38	45	36	33	47	49	37	42	54	53	41	50	61	54	45	56	67	53	59	61	91	63	95	97	149	110	179	173	266	197	297	299	366	338	431	484	499	533	579	701	614	816	746	1000	707	951	773	741	465	460	344	249	147	142	131	110	73	82	102	90	73	74	88	75	65	66	71	59	53	56	55	44	40	44	40
64	170	1	2	119	0	1953125	12	0.0	0	0.65	0	0	V0.2	0	0	17	22	24	21	20	25	26	22	23	28	28	24	25	31	30	26	30	36	31	28	33	35	33	26	33	31	29	18	36	30	50	31	73	74	116	86	167	150	241	179	289	276	349	328	426	462	489	529	572	687	609	821	732	1000	708	955	769	748	469	450	349	242	138	113	114	85	39	39	67	71	51	36	60	65	53	36	54	60	48	34	47	51	38	26	39
64	170	1	2	119	0	1953125	12	0.0	0	0.65	0	0	V0.2	0	0	32	29	23	31	36	28	26	37	38	28	33	44	40	32	43	51	41	39	52	55	43	46	60	58	45	52	67	57	58	57	91	67	94	93	150	113	177	169	269	199	294	297	369	338	426	483	502	529	575	704	615	812	743	1000	702	947	775	738	460	462	346	247	146	146	133	107	70	86	105	88	70	77	91	72	61	70	74	56	51	60	56	40	42	47	37
64	170	1	2	119	0	1953125	12	0.0	0	0.65	0	0	V0.2	0	0	19	13	24	28	18	17	29	29	18	22	33	29	18	28	37	29	21	34	39	29	24	36	40	24	25	32	35	18	25	26	57	38	62	69	124	89	156	149	250	175	280	279	355	319	418	469	491	520	570	693	604	811	739	1000	697	954	772	738	465	457	346	231	144	121	110	74	38	46	66	63	43	44	61	57	45	44	56	51	43	42	48	43	35	35	38
64	170	1	2	119	0	1953125	12	0.0	0	0.65	0	0	V0.2	0	0	33	27	23	33	35	26	29	38	36	28	36	44	38	33	44	50	39	41	53	54	42	49	60	56	45	55	67	54	59	59	91	65	95	96	148	111	178	170	266	198	295	297	366	339	427	484	500	532	576	703	614	813	743	1000	706	945	774	741	463	458	347	249	145	142	134	110	71	83	104	90	72	75	90	74	63	67	74	58	50	58	56	43	40	46	39
64	170	1	2	119	0	1953125	12	0.0	0	0.65	0	0	V0.2	0	0	16	17	26	25	16	21	29	26	18	26	32	26	20	31	35	27	24	36	36	27	27	36	37	23	29	33	33	16	30	28	55	34	66	71	123	86	160	150	246	174	283	277	351	319	419	465	488	521	565	692	600	814	728	1000	694	950	764	743	462	451	345	237	140	116	112	79	38	42	66	67	48	41	60	60	50	40	54	54	45	39	47	47	37	32	38
64	170	1	2	119	0	1953125	12	0.0	0	0.65	0	0	V0.2	0	0	32	28	23	31	34	28	28	37	37	28	34	43	38	33	44	49	40	40	52	54	43	48	59	56	46	54	66	55	59	58	90	65	95	93	148	111	178	167	266	198	294	295	366	337	426	481	500	531	572	701	610	813	737	1000	701	947	769	744	458	460	344	249	144	143	134	110	70	84	104	90	72	75	91	74	62	68	74	57	50	58	57	43	41	46	39
64	170	1	2	119	0	1953125	12	0.0	0	0.65	0	0	V0.2	0	0	33	26	24	34	34	25	29	39	35	27	37	45	36	32	46	49	38	42	54	53	42	49	61	54	44	56	67	53	59	60	90	64	94	96	148	109	179	171	266	197	296	299	365	338	429	483	499	533	578	703	613	818	744	1000	708	950	772	742	465	460	345	250	147	143	132	110	73	83	102	90	74	74	89	75	63	66	73	59	52	56	56	44	40	43	40
64	170	1	2	119	0	1953125	12	0.0	0	0.65	0	0	V0.2	0	0	20	14	23	27	19	17	28	29	19	21	32	30	19	27	35	31	22	33	38	31	24	34	39	25	24	30	36	19	26	25	56	39	62	67	123	90	157	146	248	177	278	277	355	319	418	466	494	518	567	694	605	811	735	1000	700	952	771	742	464	460	345	233	142	122	110	74	36	46	67	64	42	44	63	58	47	43	58	51	42	43	50	43	34	36	38
64	170	1	2	119	0	1953125	12	0.0	0	0.65	0	0	V0.2	0	0	33	27	24	33	35	26	29	38	36	28	37	44	37	33	45	50	40	43	53	54	43	50	60	55	46	56	67	55	60	60	90	65	95	97	148	111	180	172	266	201	299	299	369	342	434	483	505	536	586	705	625	821	755	1000	721	958	780	746	471	468	347	252	150	146	133	110	73	86	104	90	73	76	91	76	65	69	74	59	52	58	56	44	41	46	40
64	170	1	2	119	0	1953125	12	0.0	0	0.65	0	0	V0.2	0	0	19	13	24	27	18	18	29	29	18	22	33	29	19	27	35	30	21	34	38	30	24	35	39	25	25	31	35	18	26	26	56	38	63	68	123	89	156	149	248	178	280	280	356	320	421	469	496	520	574	695	612	813	747	1000	709	956	778	743	469	461	346	233	144	123	110	74	37	46	67	63	43	44	62	57	45	44	57	51	42	43	49	43	35	36	39
64	170	1	2	119	0	1953125	12	0.0	0	0.65	0	0	V0.2	0	0	23	15	21	28	23	16	27	31	22	19	31	33	21	24	36	35	22	31	40	34	23	33	42	29	22	30	38	22	26	24	58	42	61	64	124	91	155	144	250	177	275	277	358	316	414	465	496	512	564	695	604	807	732	1000	694	947	769	740	458	461	342	232	142	125	111	74	38	50	70	64	42	47	65	57	43	46	60	49	40	45	50	40	34	38	38
64	170	1	2	119	0	1953125	12	0.0	0	0.65	0	0	V0.2	0	0	23	15	21	28	23	16	27	31	22	19	31	33	21	24	36	35	22	31	40	34	23	33	42	29	22	30	38	22	26	24	58	42	61	64	124	91	155	144	250	177	275	277	358	316	414	465	496	512	564	695	604	807	732	1000	694	947	769	740	458	461	342	232	142	125	111	74	38	50	70	64	42	47	65	57	43	46	60	49	40	45	50	40	34	38	38
64	170	1	2	119	0	1953125	12	0.0	0	0.65	0	0	V0.2	0	0	20	15	23	26	19	18	28	28	19	22	32	29	19	27	35	29	21	32	37	28	22	32	38	23	21	27	32	15	21	19	51	38	58	63	120	89	153	142	247	175	276	273	356	316	417	463	496	515	568	691	607	808	737	1000	703	954	774	743	466	464	347	233	146	125	109	70	35	43	63	58	36	40	58	53	41	42	55	47	38	40	48	40	31	35	38
64	170	1	2	119	0	1953125	12	0.0	0	0.65	0	0	V0.2	0	0	19	14	25	28	18	17	29	29	18	22	34	30	18	28	37	30	21	34	39	29	24	35	40	24	24	32	36	18	25	27	58	39	62	70	126	90	158	150	251	178	281	283	359	320	424	471	500	519	576	696	610	812	745	1000	705	951	780	738	466	459	346	232	142	122	110	74	36	45	67	63	43	44	61	58	46	43	57	51	43	43	49	43	36	36	39
64	170	1	2	119	0	1953125	12	0.0	0	0.65	0	0	V0.2	0	0	33	26	23	33	34	25	29	39	35	27	37	45	36	32	45	49	38	42	53	53	41	50	61	55	44	56	67	54	59	60	90	64	94	96	149	108	181	170	268	197	295	298	367	336	431	480	503	529	577	702	611	817	738	1000	704	946	769	741	459	460	342	251	145	142	132	110	71	82	103	91	73	74	89	75	62	66	73	59	51	56	56	44	40	43	40
64	170	1	2	119	0	1953125	12	0.0	0	0.65	0	0	V0.2	0	0	19	14	24	28	19	17	29	29	19	22	32	30	19	27	36	30	21	34	39	30	24	35	39	25	24	31	36	19	27	26	56	38	62	67	124	88	157	145	248	174	278	275	357	314	420	461	495	514	564	692	599	812	727	1000	698	950	762	745	462	459	341	236	142	121	108	76	39	46	65	63	44	44	61	58	48	44	57	50	44	43	48	43	35	35	38
64	170	1	2	119	0	1953125	12	0.0	0	0.65	0	0	V0.2	0	0	26	18	23	31	26	20	29	34	26	24	34	36	26	29	40	40	29	37	45	40	32	41	48	39	33	41	49	34	41	41	70	48	76	77	132	96	167	154	254	185	286	284	362	325	424	467	499	522	572	696	611	815	737	1000	710	951	766	747	465	463	340	243	142	130	116	92	53	63	82	77	58	59	76	66	56	56	66	56	47	51	53	44	37	40	40
64	170	1	2	119	0	1953125	12	0.0	0	0.65	0	0	V0.2	0	0	20	15	23	27	20	18	28	29	20	22	32	31	21	27	36	32	23	34	40	31	25	35	40	27	25	32	37	20	28	27	57	38	63	67	124	89	157	147	249	177	280	278	356	318	420	464	497	517	571	695	607	813	737	1000	705	954	772	743	467	463	346	235	143	124	110	76	39	48	69	65	44	44	63	58	46	45	58	51	42	44	49	43	34	37	39
64	170	1	2	119	0	1953125	12	0.0	0	0.65	0	0	V0.2	0	0	33	29	23	31	36	28	26	37	38	28	33	44	39	31	42	51	41	39	52	56	43	46	60	57	45	53	67	57	58	57	91	67	92	93	149	112	178	168	268	199	292	297	369	337	428	481	507	527	576	703	615	812	742	1000	711	945	775	743	464	465	345	249	146	146	133	108	71	86	104	89	71	77	91	72	65	70	73	56	52	59	56	41	43	46	37
64	170	1	2	119	0	1953125	12	0.0	0	0.65	0	0	V0.2	0	0	23	14	20	28	22	16	26	30	22	19	31	32	21	24	35	34	22	31	39	33	24	32	41	29	22	29	38	22	25	23	57	42	62	64	124	92	155	143	249	179	274	278	358	318	414	465	498	514	567	697	609	808	737	1000	705	947	776	740	466	461	347	232	144	125	110	73	37	49	69	63	41	45	64	56	42	46	59	49	40	45	51	41	33	39	40
64	170	1	2	119	0	1953125	12	0.0	0	0.65	0	0	V0.2	0	0	33	26	24	34	34	25	30	39	35	27	36	44	36	33	46	50	39	42	54	53	42	50	61	55	45	56	67	53	59	61	90	64	94	96	148	109	180	171	265	200	296	301	367	340	432	482	504	533	581	704	617	819	748	1000	721	948	779	743	472	462	347	252	150	143	133	111	74	83	102	91	75	75	89	76	65	67	72	60	52	56	55	45	41	44	40
64	170	1	2	119	0	1953125	12	0.0	0	0.65	0	0	V0.2	0	0	19	13	24	28	19	17	29	29	19	22	33	30	19	28	37	31	21	34	39	30	24	35	40	26	24	32	36	18	26	27	57	39	62	68	125	89	157	148	248	178	277	282	356	320	418	467	497	516	572	695	609	810	739	1000	710	946	781	739	472	457	349	235	144	121	110	75	39	46	66	63	44	44	62	57	47	43	56	51	43	42	48	43	36	35	37
64	170	1	2	119	0	1953125	12	0.0	0	0.65	0	0	V0.2	0	0	21	14	24	29	20	18	29	31	20	22	33	31	20	28	37	32	22	34	40	31	25	36	41	27	25	32	37	19	28	27	57	38	61	66	124	88	157	145	246	178	274	281	354	319	415	465	493	517	560	697	598	812	728	1000	708	939	776	741	470	454	347	236	145	120	111	76	41	47	67	65	46	44	61	58	49	45	56	52	44	43	48	42	35	36	37
64	170	1	2	119	0	1953125	12	0.0	0	0.65	0	0	V0.2	0	0	19	15	24	26	18	19	28	27	18	24	31	29	19	28	34	28	21	33	37	27	24	33	37	22	22	28	32	13	21	20	51	36	58	62	120	86	154	142	243	178	273	277	352	320	415	463	492	520	563	701	605	817	736	999	719	948	784	744	481	460	353	235	150	122	111	70	37	42	62	58	39	39	56	54	43	41	54	48	39	39	47	41	33	34	37
64	170	1	2	119	0	1953125	12	0.0	0	0.65	0	0	V0.2	0	0	33	26	23	33	35	26	29	39	36	28	36	44	37	33	45	50	39	42	54	53	43	49	60	55	47	56	67	54	60	60	90	65	94	97	149	111	180	173	266	203	294	305	366	344	429	487	506	534	579	707	620	818	750	1000	727	938	789	740	477	455	351	250	149	140	134	110	74	82	102	91	75	73	90	76	64	66	73	60	53	56	56	45	41	44	40
64	170	1	2	119	0	1953125	12	0.0	0	0.65	0	0	V0.2	0	0	22	14	23	28	21	17	29	30	20	22	32	31	20	27	37	32	23	34	40	31	26	36	41	26	25	32	38	19	28	27	59	38	62	67	126	88	157	147	248	180	272	284	353	321	412	469	492	518	559	702	596	810	728	1000	707	932	784	736	473	449	354	234	143	118	113	76	39	45	68	65	45	43	61	58	46	43	56	51	43	42	48	43	35	35	37
64	170	1	2	119	0	1953125	12	0.0	0	0.65	0	0	V0.2	0	0	20	13	24	28	19	17	29	30	19	22	33	30	19	27	36	31	21	34	39	30	24	35	40	26	23	32	37	18	26	26	58	39	61	67	126	88	157	146	249	179	274	283	354	320	412	467	492	516	558	699	595	811	725	1000	703	932	776	736	468	447	348	232	142	116	111	75	40	43	66	64	45	43	60	58	47	43	56	51	43	42	47	43	35	35	37
64	170	1	2	119	0	1953125	12	0.0	0	0.64	0	0	V0.2	0	0	21	16	24	28	20	18	29	29	20	22	32	30	20	27	36	31	21	32	38	29	23	32	39	23	21	27	33	14	19	15	50	38	57	59	121	88	154	139	245	177	268	276	354	316	409	463	494	511	553	699	593	806	721	1000	701	928	779	739	466	451	353	233	144	119	113	71	34	39	62	58	35	36	57	51	39	39	54	47	36	37	47	39	29	32	37
64	170	1	2	119	0	1953125	12	0.0	0	0.65	0	0	V0.2	0	0	22	13	25	30	21	16	30	31	19	22	35	32	20	28	38	33	21	35	41	31	25	36	42	27	24	33	39	19	27	27	60	41	62	69	129	90	159	150	254	180	275	288	358	322	416	471	499	515	564	703	598	810	728	1000	699	927	780	733	462	445	349	231	139	116	112	76	38	43	67	66	45	44	62	58	47	43	57	51	43	42	48	43	34	35	37
64	170	1	2	119	0	1953125	12	0.0	0	0.65	0	0	V0.2	0	0	33	26	22	34	35	25	29	40	36	26	36	46	37	31	45	50	38	40	55	54	41	49	62	56	44	55	68	53	59	59	91	65	93	97	153	109	181	171	268	200	290	305	367	339	426	485	503	529	566	710	597	815	727	1000	702	922	775	736	461	445	347	250	144	135	133	111	73	79	102	92	74	72	89	77	66	64	73	60	51	55	56	46	40	44	40
64	170	1	2	119	0	1953125	12	0.0	0	0.65	0	0	V0.2	0	0	22	15	21	27	22	16	26	30	21	19	31	32	21	25	35	34	22	31	38	33	23	33	41	28	23	29	37	21	27	23	57	41	62	64	126	90	158	143	249	179	270	279	356	317	409	464	494	511	548	701	587	804	712	1000	690	917	770	734	455	441	349	232	136	116	114	77	36	43	69	66	43	42	64	59	47	43	59	52	40	42	50	43	32	36	40
64	170	1	2	119	0	1953125	12	0.0	0	0.65	0	0	V0.2	0	0	23	16	19	26	23	16	23	29	23	18	28	32	23	22	34	35	23	27	38	35	22	29	41	31	20	26	38	23	25	19	55	43	61	60	125	93	157	139	249	182	269	276	358	316	406	462	496	509	546	700	591	800	715	1000	690	917	770	736	453	446	348	230	137	120	113	74	34	45	70	64	39	43	65	57	42	45	61	49	36	44	52	41	30	39	41
64	170	1	2	119	0	1953125	12	0.0	0	0.65	0	0	V0.2	0	0	21	15	23	28	21	17	27	30	20	21	32	31	21	26	36	32	21	33	39	31	24	34	41	28	23	31	37	20	27	25	57	41	62	65	126	89	159	146	249	179	273	282	356	319	414	468	496	517	555	703	592	810	722	1000	696	926	776	736	461	446	349	231	140	117	113	76	37	43	68	66	44	42	62	59	47	42	58	52	42	41	49	43	33	36	39
64	170	1	2	119	0	1953125	12	0.0	0	0.65	0	0	V0.2	0	0	31	30	23	29	35	29	26	36	38	29	32	43	40	32	40	50	42	39	50	55	44	45	58	58	46	50	66	57	59	54	90	68	92	90	149	112	178	164	267	201	287	297	367	338	418	480	501	528	558	710	602	812	725	1000	701	926	771	740	459	451	348	249	145	140	136	108	70	82	106	89	70	75	91	72	61	68	74	55	50	60	56	40	40	47	38
64	170	1	2	119	0	1953125	12	0.0	0	0.65	0	0	V0.2	0	0	22	15	22	28	22	18	27	30	22	21	32	32	22	26	36	34	22	33	39	32	25	34	41	29	24	31	38	20	27	25	57	40	62	65	126	89	157	145	248	179	271	281	354	320	411	466	496	515	557	700	596	809	724	1000	701	927	778	736	466	447	352	233	141	118	114	77	39	44	69	65	44	42	64	58	47	44	58	51	41	42	49	42	34	36	38
64	170	1	2	119	0	1953125	12	0.0	0	0.65	0	0	V0.2	0	0	34	25	22	34	36	25	28	40	36	26	36	45	37	31	45	51	38	40	54	54	40	47	61	55	44	54	68	54	58	58	91	65	93	94	152	109	179	169	267	199	288	302	366	337	420	482	499	528	561	710	598	813	726	1000	702	918	774	737	459	442	349	250	145	133	134	111	73	78	102	92	73	71	90	76	64	65	72	60	51	55	55	45	40	44	40
64	170	1	2	119	0	1953125	12	0.0	0	0.65	0	0	V0.2	0	0	21	14	22	27	20	16	27	29	20	20	31	31	20	26	35	33	21	31	39	32	23	33	40	27	21	29	37	20	25	23	56	40	61	62	125	87	156	138	246	174	266	273	354	311	406	457	492	506	541	697	581	801	701	1000	683	912	758	737	449	437	345	234	136	113	113	77	37	40	66	65	44	40	61	58	46	41	57	51	41	40	48	43	33	34	38
64	170	1	2	119	0	1953125	12	0.0	0	0.65	0	0	V0.2	0	0	21	13	22	28	21	16	28	30	20	21	32	31	20	25	35	32	21	32	39	31	23	33	40	27	23	30	37	19	26	24	56	40	60	62	126	88	156	140	246	175	269	274	356	312	407	459	491	509	541	699	584	806	706	1000	689	918	757	740	453	439	344	236	137	113	113	77	38	42	66	65	46	40	59	59	47	42	56	51	42	40	48	42	34	34	37
64	170	1	2	119	0	1953125	12	0.0	0	0.65	0	0	V0.2	0	0	19	13	22	27	19	16	27	28	18	20	30	29	18	25	35	31	20	31	37	30	22	32	39	25	21	28	35	19	24	22	54	40	59	61	124	88	155	138	245	174	268	271	356	309	409	454	493	505	544	695	583	804	705	1000	688	920	756	742	451	442	344	236	138	114	111	76	36	40	64	63	44	40	59	56	47	41	55	51	42	40	48	43	34	34	37
64	170	1	2	119	0	1953125	12	0.0	0	0.65	0	0	V0.2	0	0	24	16	21	28	24	17	26	31	24	20	30	33	23	24	36	36	24	31	40	35	25	32	42	31	23	29	39	23	27	23	56	41	62	61	124	90	155	137	246	177	268	272	357	312	408	457	495	507	545	698	591	804	711	1000	693	923	761	742	454	447	345	236	139	119	113	78	38	46	70	65	43	42	63	58	44	43	59	51	39	43	50	41	32	36	38
64	170	1	2	119	0	1953125	12	0.0	0	0.65	0	0	V0.2	0	0	28	19	25	33	28	20	30	36	27	24	36	38	27	30	42	41	29	38	47	41	31	42	50	39	31	41	50	33	39	38	68	45	71	73	131	92	162	149	251	182	278	281	359	318	417	463	496	516	557	701	598	813	724	1000	706	932	764	745	461	451	343	243	143	125	118	89	52	57	79	74	56	53	70	63	54	50	61	53	46	45	50	42	35	36	37
64	170	1	2	119	0	1953125	12	0.0	0	0.65	0	0	V0.2	0	0	21	14	21	26	21	16	26	29	20	19	30	30	20	25	33	32	21	30	37	31	22	31	39	27	22	27	35	19	25	22	54	41	60	62	124	90	156	141	246	179	271	275	358	315	413	460	500	512	557	699	602	808	727	1000	706	930	773	742	461	451	347	234	140	117	111	73	35	42	66	63	41	41	61	57	45	43	57	51	41	42	50	42	33	36	40
64	170	1	2	119	0	1953125	12	0.0	0	0.65	0	0	V0.2	0	0	22	14	23	29	21	17	29	31	21	22	33	32	21	28	37	33	22	34	40	32	25	36	42	28	25	33	38	19	27	28	58	40	62	68	127	89	156	147	249	179	273	282	357	318	415	467	500	513	563	703	603	810	732	1000	709	927	780	738	464	444	351	235	140	117	113	78	39	44	68	66	46	42	62	59	49	43	56	52	44	41	48	43	35	34	37
64	170	1	2	119	0	1953125	12	0.0	0	0.65	0	0	V0.2	0	0	31	26	18	29	34	25	23	36	37	25	31	43	38	29	42	50	39	37	51	55	42	47	60	59	46	56	71	59	63	64	97	74	99	103	159	117	185	177	273	206	293	308	374	340	431	485	513	526	571	712	611	812	738	1000	716	913	778	737	456	440	346	254	143	137	138	118	80	84	109	99	81	79	95	82	70	69	77	65	55	59	59	49	44	48	44
64	170	1	2	119	0	1953125	12	0.0	0	0.65	0	0	V0.2	0	0	32	29	21	29	36	28	25	37	39	28	31	44	41	31	41	51	42	37	51	57	44	44	59	59	44	49	67	57	57	55	90	70	90	91	152	113	176	164	266	201	281	298	369	334	416	481	506	520	555	711	598	802	723	1000	700	902	774	736	450	436	349	249	139	133	136	110	69	77	104	91	70	72	90	74	61	66	75	58	49	57	56	41	39	47	40
64	170	1	2	119	0	1953125	12	0.0	0	0.65	0	0	V0.2	0	0	24	15	18	28	25	15	24	32	24	17	29	34	23	22	35	36	22	28	40	36	22	29	42	32	20	27	39	24	25	21	58	44	60	59	126	92	153	137	248	180	261	274	357	311	400	461	494	502	536	702	583	796	704	1000	687	901	764	734	446	432	348	232	135	114	114	77	35	41	69	65	42	42	62	58	45	43	59	50	39	43	51	41	31	37	39
64	170	1	2	119	0	1953125	12	0.0	0	0.65	0	0	V0.2	0	0	25	16	18	28	25	16	24	31	24	18	29	33	23	23	34	35	23	29	39	35	23	31	41	31	22	29	39	22	26	21	56	43	59	59	125	91	153	136	245	177	261	271	357	308	402	457	497	502	535	698	585	795	702	1000	689	901	759	740	446	434	347	236	134	114	115	79	36	41	68	66	43	40	62	58	45	41	57	50	39	41	49	42	31	36	39
64	170	1	2	119	0	1953125	12	0.0	0	0.65	0	0	V0.2	0	0	22	14	23	29	22	16	28	31	20	20	32	32	20	26	36	33	21	33	40	32	24	34	41	28	23	31	39	21	26	25	57	40	59	62	126	90	154	140	244	177	267	274	358	312	408	458	495	507	545	700	591	805	713	1000	700	913	761	744	456	438	346	239	139	113	112	79	40	41	65	66	46	41	59	58	48	42	55	51	43	40	47	43	35	33	37
64	170	1	2	119	0	1953125	12	0.0	0	0.65	0	0	V0.2	0	0	22	15	21	27	21	17	27	29	21	19	31	31	21	24	36	33	22	30	39	32	23	32	40	28	21	29	37	21	26	23	56	41	59	62	124	91	155	139	245	178	267	273	357	313	407	455	497	505	546	695	593	801	713	1000	702	911	760	744	454	438	344	239	136	113	111	78	38	41	65	65	45	41	61	56	47	40	56	52	41	40	49	44	33	34	38
64	170	1	2	119	0	1953125	12	0.0	0	0.65	0	0	V0.2	0	0	20	13	22	27	21	16	26	29	19	19	30	30	19	25	34	31	21	31	38	30	23	32	38	26	21	28	35	19	24	23	54	41	59	62	125	91	155	142	245	180	268	276	359	314	409	457	498	508	547	699	596	804	717	1000	709	914	767	744	459	439	347	237	138	112	111	76	37	39	64	64	44	40	59	58	47	41	54	51	43	40	47	44	34	33	37
64	170	1	2	119	0	1953125	12	0.0	0	0.65	0	0	V0.2	0	0	22	15	21	27	23	17	26	29	22	20	30	31	23	25	34	33	24	31	38	33	25	32	40	28	24	29	37	21	26	24	55	41	60	62	125	91	156	141	246	181	268	275	358	316	407	458	496	510	545	699	597	805	716	1000	709	915	764	744	458	440	346	239	139	115	113	79	39	42	67	66	46	41	61	58	48	42	56	51	42	40	49	43	34	35	38
64	170	1	2	119	0	1953125	12	0.0	0	0.65	0	0	V0.2	0	0	23	15	19	26	23	16	25	30	23	19	29	32	22	23	33	34	23	29	38	34	24	31	40	29	21	27	36	22	26	23	55	42	60	61	123	93	155	140	245	182	268	274	359	315	409	456	501	507	549	696	601	804	721	1000	713	918	769	746	459	445	346	238	138	116	112	77	38	43	66	65	43	41	61	57	46	42	58	51	40	42	50	42	33	36	39
64	170	1	2	119	0	1953125	12	0.0	0	0.65	0	0	V0.2	0	0	24	15	19	28	24	16	25	31	24	19	30	33	23	23	34	35	24	29	39	35	25	31	40	30	22	28	38	22	25	23	56	43	60	62	125	94	155	142	247	184	269	277	361	318	409	460	502	510	554	701	607	806	730	1000	718	922	777	743	463	447	349	235	140	119	113	76	37	45	68	65	42	43	62	58	45	43	58	51	41	44	50	40	33	37	38
64	170	1	2	119	0	1953125	12	0.0	0	0.65	0	0	V0.2	0	0	27	21	20	29	28	20	26	33	29	23	32	37	30	29	39	41	32	36	46	43	33	41	50	43	35	43	53	39	45	45	74	53	78	82	138	101	169	159	257	193	282	294	363	332	420	475	503	527	565	709	610	816	738	1000	722	927	783	738	467	445	348	241	141	125	123	96	58	64	88	83	62	61	80	71	59	58	69	59	49	52	55	46	39	41	41
64	170	1	2	119	0	1953125	12	0.0	0	0.65	0	0	V0.2	0	0	20	14	22	26	20	17	26	28	20	21	31	29	20	25	33	30	21	31	37	30	23	31	37	24	21	26	32	15	22	19	51	37	57	60	121	88	153	140	244	179	269	276	354	317	408	461	494	513	553	699	601	812	730	1000	717	931	783	740	473	448	353	232	146	118	114	70	36	40	63	59	38	37	57	53	42	40	55	49	39	39	47	41	32	33	37
64	170	1	2	119	0	1953125	12	0.0	0	0.65	0	0	V0.2	0	0	22	15	21	27	22	17	27	30	22	21	31	31	22	26	34	32	23	31	38	32	25	33	40	27	23	30	36	20	26	25	55	39	61	64	124	89	156	143	245	181	271	280	357	319	413	463	497	516	556	702	603	813	732	1000	721	931	784	742	471	449	351	234	143	117	114	77	39	44	68	65	43	42	63	59	47	43	56	52	43	42	49	43	34	36	38
64	170	1	2	119	0	1953125	12	0.0	0	0.65	0	0	V0.2	0	0	20	13	23	28	20	17	28	29	19	21	32	31	20	27	36	32	21	33	39	30	24	34	40	26	24	31	37	19	25	27	56	39	61	66	126	90	156	147	247	181	274	283	357	322	413	469	496	520	561	704	607	815	739	1000	721	935	784	740	474	447	351	234	145	117	112	75	39	43	66	63	46	43	60	57	49	43	56	51	44	42	48	43	36	35	38
64	170	1	2	119	0	1953125	12	0.0	0	0.65	0	0	V0.2	0	0	20	13	22	27	20	16	27	29	19	20	31	30	19	25	35	31	21	32	38	30	23	32	39	26	22	29	35	18	24	23	55	40	59	64	125	89	155	142	247	179	269	280	356	317	408	464	496	512	553	701	597	807	723	1000	707	921	779	735	464	438	352	230	140	113	113	74	36	38	65	63	43	39	60	59	45	41	56	51	41	40	48	44	33	35	38
64	170	1	2	119	0	1953125	12	0.0	0	0.65	0	0	V0.2	0	0	23	14	23	30	22	16	28	31	21	21	33	32	21	28	38	33	22	34	40	32	25	35	42	27	24	34	39	19	27	27	58	39	60	66	127	86	155	144	247	177	269	281	356	314	411	463	495	511	552	702	592	809	722	1000	706	921	777	735	463	439	350	233	140	115	115	78	40	42	68	65	46	43	61	57	49	42	56	51	44	42	48	42	35	34	36
64	170	1	2	119	0	1953125	12	0.0	0	0.65	0	0	V0.2	0	0	20	12	22	27	19	16	28	29	18	20	31	29	18	25	35	31	19	32	38	30	23	34	39	25	22	30	36	18	24	24	56	39	59	63	126	88	156	142	247	177	270	278	357	314	410	463	494	513	550	701	589	811	718	1000	703	923	772	737	464	440	348	233	140	113	112	74	38	40	64	62	44	41	60	57	48	41	55	51	44	40	47	43	36	35	37
64	170	1	2	119	0	1953125	12	0.0	0	0.65	0	0	V0.2	0	0	21	14	22	27	21	17	27	30	20	21	31	30	21	26	34	32	22	32	38	31	25	33	39	27	24	31	37	19	27	26	56	39	62	63	125	87	156	142	246	178	271	276	357	314	410	459	493	512	551	698	596	811	719	1000	707	928	767	744	462	446	346	237	141	116	113	77	39	43	67	65	45	41	60	58	47	43	56	51	43	42	48	43	34	35	37
64	170	1	2	119	0	1953125	12	0.0	0	0.65	0	0	V0.2	0	0	19	14	22	26	19	17	27	28	19	21	30	29	19	25	33	30	21	31	37	29	23	31	37	24	21	26	32	16	23	20	51	38	58	61	121	88	155	140	244	177	271	274	356	315	412	458	497	512	556	695	603	811	730	1000	715	936	777	744	469	452	349	234	143	119	111	72	36	41	63	60	40	40	57	55	44	40	55	50	40	40	48	42	33	34	38
64	170	1	2	119	0	1953125	12	0.0	0	0.65	0	0	V0.2	0	0	21	14	22	27	22	17	27	29	21	21	31	31	20	26	35	32	23	33	38	31	25	34	40	26	24	31	37	19	27	26	56	39	61	65	125	89	157	145	247	181	272	281	356	319	411	464	497	516	558	702	604	814	731	1000	718	928	783	738	470	444	351	233	142	116	114	76	38	43	67	64	45	42	61	57	48	43	56	52	43	42	49	43	34	35	38
64	170	1	2	119	0	1953125	12	0.0	0	0.65	0	0	V0.2	0	0	19	12	22	27	19	16	27	28	18	20	31	30	19	25	35	31	20	32	38	30	23	33	39	25	22	29	36	18	25	23	56	39	60	63	125	88	156	141	245	177	269	277	354	314	407	460	493	512	546	700	589	810	715	1000	705	919	772	738	465	439	349	233	140	112	112	75	38	40	64	63	44	40	59	57	45	42	55	51	43	41	47	43	35	34	37
64	170	1	2	119	0	1953125	12	0.0	0	0.65	0	0	V0.2	0	0	23	15	22	29	23	18	27	31	22	21	32	32	22	27	36	33	23	33	40	33	25	35	41	28	25	32	39	20	28	26	57	39	61	63	125	87	156	140	244	177	268	274	356	311	407	457	493	511	543	700	590	808	713	1000	707	918	767	744	463	440	348	238	141	114	114	80	41	43	68	66	47	41	60	59	47	41	56	51	43	41	47	43	35	34	36
64	170	1	2	119	0	1953125	12	0.0	0	0.65	0	0	V0.2	0	0	19	13	21	27	20	16	26	29	19	20	31	30	20	25	34	31	21	32	37	31	24	32	38	26	22	28	35	18	25	23	55	40	60	62	124	89	156	140	245	178	271	274	358	313	409	457	494	511	546	698	593	810	716	1000	710	921	767	742	464	442	346	235	140	113	111	75	38	40	64	63	43	40	58	59	47	41	55	52	43	41	48	43	34	34	38
64	170	1	2	119	0	1953125	12	0.0	0	0.65	0	0	V0.2	0	0	22	14	22	28	22	17	26	30	21	21	30	31	22	25	35	33	23	31	38	33	24	33	40	28	24	30	38	20	27	25	56	40	62	63	126	90	156	141	246	179	269	276	358	314	407	458	496	510	545	700	591	807	714	1000	706	915	769	740	459	439	347	235	137	114	112	77	38	42	66	66	45	41	60	57	47	42	57	51	43	41	49	43	34	35	38
64	170	1	2	119	0	1953125	12	0.0	0	0.65	0	0	V0.2	0	0	22	15	22	28	23	17	27	31	22	21	32	32	22	26	36	34	24	32	39	34	26	34	41	29	24	30	38	21	28	25	56	40	61	62	124	88	156	140	245	179	269	275	356	314	408	457	494	510	546	698	593	809	719	1000	711	920	772	743	463	443	348	236	139	116	114	79	40	44	68	65	46	44	62	60	46	43	57	51	41	42	49	42	33	35	38
64	170	1	2	119	0	1953125	12	0.0	0	0.65	0	0	V0.2	0	0	20	13	23	27	18	16	28	28	18	21	31	29	18	26	35	31	20	32	38	30	22	33	39	25	21	29	37	18	24	23	55	40	59	62	125	89	156	142	245	179	269	277	358	316	410	461	493	514	547	702	592	810	722	999	713	921	777	741	468	441	350	234	142	113	111	75	38	40	64	62	44	41	58	58	46	42	55	51	42	41	48	43	35	34	37
64	170	1	2	119	0	1953125	12	0.0	0	0.65	0	0	V0.2	0	0	21	12	23	28	20	16	28	29	18	20	31	30	18	26	35	31	20	32	38	30	22	33	39	25	21	29	36	18	24	24	56	40	58	63	125	89	154	142	246	178	266	278	357	314	405	461	492	510	543	701	589	807	716	1000	705	914	772	737	463	435	348	234	139	110	112	75	38	39	64	63	45	40	58	57	49	41	54	51	44	41	47	43	35	34	37
64	170	1	2	119	0	1953125	12	0.0	0	0.65	0	0	V0.2	0	0	27	20	16	26	28	19	20	30	29	18	26	34	29	21	32	38	27	26	37	38	27	27	41	35	23	24	39	27	28	18	55	44	62	55	125	94	154	133	245	184	259	270	359	312	394	457	495	504	526	701	584	792	702	999	695	894	770	736	448	431	352	231	134	115	117	79	34	44	73	67	39	42	67	58	43	44	61	49	35	45	53	39	29	39	41
64	170	1	2	119	0	1953125	12	0.0	0	0.65	0	0	V0.2	0	0	23	15	17	25	23	16	23	29	23	17	27	32	23	21	32	34	23	27	37	34	23	28	39	30	20	24	36	22	25	18	54	42	61	57	123	92	155	135	245	180	264	270	357	313	398	458	492	508	531	700	587	799	703	1000	693	905	762	738	450	432	348	232	135	113	114	76	34	40	68	64	40	40	63	57	44	42	59	51	38	43	51	42	31	37	40
64	170	1	2	119	0	1953125	12	0.0	0	0.65	0	0	V0.2	0	0	26	19	15	25	27	18	20	30	28	18	25	34	27	20	31	37	27	25	37	38	25	26	41	34	22	23	38	26	27	18	55	45	61	56	123	95	155	133	246	182	262	270	358	314	396	455	498	503	532	698	588	793	702	1000	692	901	766	736	449	436	348	230	134	117	115	76	34	45	71	65	39	43	64	57	40	44	62	49	36	45	53	39	30	40	40
64	170	1	2	119	0	1953125	12	0.0	0	0.65	0	0	V0.2	0	0	25	18	16	25	26	17	20	30	27	18	26	33	26	20	31	37	26	25	37	37	25	26	40	33	21	23	38	26	27	18	55	45	62	55	123	95	155	134	246	184	264	270	359	315	398	456	495	507	533	702	589	799	705	1000	696	908	766	737	452	438	348	230	136	118	114	74	34	45	71	64	38	43	67	55	40	44	61	49	36	45	53	38	30	40	41
64	170	1	2	119	0	1953125	12	0.0	0	0.65	0	0	V0.2	0	0	25	19	16	24	26	18	21	30	27	19	26	33	26	22	31	36	26	26	36	37	25	27	40	33	22	24	37	25	27	19	55	43	62	57	122	93	155	135	246	183	266	271	358	316	401	458	496	509	539	700	594	801	712	1000	702	917	770	740	458	445	348	230	139	120	113	75	36	47	71	64	40	44	67	56	43	47	60	49	38	46	52	39	31	40	40
64	170	1	2	119	0	1953125	12	0.0	0	0.65	0	0	V0.2	0	0	24	17	17	25	24	17	22	29	24	17	27	32	24	20	31	34	23	25	36	34	22	26	38	30	18	21	33	21	21	14	50	42	58	54	120	93	153	133	244	182	265	270	358	315	401	457	497	508	543	702	598	803	719	1000	707	921	777	739	462	448	352	229	142	121	113	69	32	43	67	58	34	40	61	52	37	41	58	47	35	43	51	38	28	38	40
64	170	1	2	119	0	1953125	12	0.0	0	0.65	0	0	V0.2	0	0	24	16	20	28	24	17	26	31	24	20	30	33	24	25	35	35	24	31	40	36	25	33	42	30	24	30	38	23	27	24	57	41	61	62	125	92	155	143	247	183	270	278	359	319	410	465	497	515	553	703	600	808	728	1000	714	925	781	739	466	447	350	232	140	119	113	75	39	46	69	64	42	44	62	58	44	44	58	50	40	43	49	40	32	37	38
64	170	1	2	119	0	1953125	12	0.0	0	0.65	0	0	V0.2	0	0	23	14	19	27	22	15	25	29	21	18	29	31	21	23	34	33	21	29	38	33	22	31	39	28	21	27	36	20	24	21	54	41	59	61	124	91	156	141	247	181	269	279	357	319	409	464	496	514	553	706	597	813	726	1000	711	927	784	734	470	447	352	228	144	119	112	72	36	44	67	62	41	43	63	54	44	44	58	49	40	43	50	41	33	37	39
64	170	1	2	119	0	1953125	12	0.0	0	0.65	0	0	V0.2	0	0	25	17	18	27	24	17	24	30	25	19	28	33	25	23	33	35	24	28	38	35	24	29	41	31	22	27	37	23	26	21	56	43	62	61	125	93	156	139	247	183	264	278	356	319	401	465	494	511	542	702	590	802	712	1000	699	907	779	729	459	434	352	229	137	116	116	76	35	43	71	65	41	42	65	59	44	44	60	50	39	43	52	41	31	38	40
64	170	1	2	119	0	1953125	12	0.0	0	0.65	0	0	V0.2	0	0	24	18	17	26	25	17	22	29	26	18	27	33	25	21	32	36	25	26	37	37	25	28	40	33	22	24	37	25	27	20	55	43	62	57	123	93	156	137	247	184	267	274	359	319	403	462	496	511	542	705	595	805	715	1000	703	914	776	735	457	440	350	228	138	118	114	75	35	46	71	64	39	44	66	57	40	44	61	49	37	45	53	40	30	39	41
64	170	1	2	119	0	1953125	12	0.0	0	0.65	0	0	V0.2	0	0	23	16	19	25	23	17	24	29	24	19	28	31	23	23	33	35	24	28	37	35	24	30	40	31	21	26	37	23	26	20	54	42	62	59	123	93	156	139	246	184	269	276	357	320	406	465	494	518	547	704	599	807	723	1000	710	923	779	737	467	445	352	229	142	119	113	73	36	45	69	63	40	44	64	56	42	45	60	50	38	44	53	40	31	39	41
64	170	1	2	119	0	1953125	12	0.0	0	0.65	0	0	V0.2	0	0	22	15	17	25	23	16	23	30	23	17	27	31	22	22	32	33	22	27	36	34	23	28	39	29	20	24	34	22	25	18	53	41	61	58	122	91	155	136	246	180	267	273	356	317	402	462	492	513	543	702	597	805	719	1000	703	924	774	735	462	445	350	229	141	117	114	72	35	44	69	61	39	42	63	55	41	43	60	49	37	43	51	40	30	38	40
64	170	1	2	119	0	1953125	12	0.0	0	0.65	0	0	V0.2	0	0	26	24	18	25	29	23	22	31	32	23	27	36	33	27	34	42	34	32	42	45	35	35	47	44	34	37	51	41	44	38	71	54	77	74	134	103	165	151	254	193	279	285	364	331	411	472	501	524	558	705	612	808	734	1000	716	928	778	739	464	449	348	237	140	128	121	92	53	65	89	79	57	62	82	67	54	61	71	55	47	56	57	40	38	47	40
64	170	1	2	119	0	1953125	12	0.0	0	0.65	0	0	V0.2	0	0	23	16	17	25	24	17	22	29	24	18	27	31	23	21	31	33	23	26	36	33	23	27	38	29	19	23	33	20	23	16	51	40	60	56	120	93	154	137	246	184	268	275	355	322	402	465	494	515	549	704	603	807	727	1000	709	924	785	730	469	444	355	224	144	119	114	67	33	43	68	60	35	41	63	55	39	43	60	49	36	44	52	39	29	39	41
64	170	1	2	119	0	1953125	12	0.0	0	0.65	0	0	V0.2	0	0	24	14	19	28	24	15	24	31	23	18	30	34	22	23	35	35	23	29	39	34	23	30	41	30	22	29	38	22	25	23	57	41	60	62	125	91	154	142	247	180	268	279	355	319	403	469	492	517	549	704	597	807	725	1000	705	925	780	732	468	444	352	229	144	118	114	73	38	45	69	63	42	44	63	56	45	45	58	50	40	45	50	41	33	38	38
64	170	1	2	119	0	1953125	12	0.0	0	0.65	0	0	V0.2	0	0	24	17	15	25	25	16	21	30	26	17	26	32	25	19	31	35	24	25	36	36	23	26	40	31	20	23	36	24	24	17	53	42	61	56	121	94	153	136	245	183	264	273	356	319	397	465	493	513	542	704	600	801	723	1000	705	919	781	732	463	442	354	226	143	120	115	70	34	44	70	62	37	44	66	56	40	45	62	49	37	45	53	39	30	41	42
64	170	1	2	119	0	1953125	12	0.0	0	0.65	0	0	V0.2	0	0	25	18	18	27	26	18	23	30	26	19	28	34	25	23	34	36	26	28	38	37	25	30	42	32	24	28	39	24	27	22	56	42	61	60	123	92	153	138	246	179	263	273	354	317	396	464	493	511	540	699	594	796	715	1000	696	910	775	732	457	434	354	230	138	116	117	77	36	44	72	66	41	43	64	58	42	43	60	50	37	43	51	40	31	38	40
64	170	1	2	119	0	1953125	12	0.0	0	0.65	0	0	V0.2	0	0	22	14	19	26	22	15	24	29	22	18	29	32	21	22	33	33	22	28	37	32	23	29	39	29	21	26	36	21	24	20	55	41	59	59	123	91	153	137	246	179	266	273	356	316	402	461	493	511	543	700	595	803	716	1000	701	916	769	736	460	437	350	231	140	115	113	74	36	41	67	63	42	41	62	58	45	42	58	50	40	42	50	42	33	37	39
64	170	1	2	119	0	1953125	12	0.0	0	0.65	0	0	V0.2	0	0	24	18	15	25	25	18	21	30	26	18	26	33	26	21	32	36	26	26	37	36	24	27	39	32	22	25	37	24	27	19	54	43	62	58	122	93	155	135	246	182	264	271	356	317	398	458	495	508	538	697	594	797	710	1000	698	908	770	733	456	437	350	230	137	117	115	75	35	43	71	64	40	42	66	56	41	43	61	50	37	44	52	40	30	39	41
64	170	1	2	119	0	1953125	12	0.0	0	0.65	0	0	V0.2	0	0	29	24	21	29	30	24	26	34	32	24	31	38	32	28	37	42	33	34	44	45	34	37	48	43	33	36	49	36	40	34	66	47	71	67	128	94	160	145	248	187	273	278	357	324	408	464	493	520	548	704	602	813	726	1000	716	931	775	743	468	452	350	239	146	129	122	87	52	62	84	73	52	57	75	63	50	54	66	51	42	51	53	38	33	42	38
64	170	1	2	119	0	1953125	12	0.0	0	0.65	0	0	V0.2	0	0	27	22	18	27	29	22	23	32	31	23	29	36	32	27	36	42	33	33	43	45	35	37	48	44	35	38	51	41	43	40	72	54	78	76	135	104	165	156	255	195	281	290	364	335	415	479	500	531	566	708	621	811	750	1000	729	935	788	739	473	451	350	236	143	129	122	92	54	66	89	79	59	62	82	67	55	61	70	56	48	56	57	42	40	45	41
64	170	1	2	119	0	1953125	12	0.0	0	0.65	0	0	V0.2	0	0	24	17	16	26	25	16	21	29	25	17	27	33	24	20	32	35	24	25	38	36	23	26	40	31	19	24	36	24	24	17	54	44	62	59	123	96	154	141	248	188	267	281	356	326	402	473	497	519	554	707	609	804	739	1000	717	922	798	725	472	443	358	221	144	121	114	68	34	46	70	61	37	44	66	54	38	46	61	48	36	47	53	38	31	42	42
64	170	1	2	119	0	1953125	12	0.0	0	0.65	0	0	V0.2	0	0	24	17	19	27	25	17	24	31	25	19	29	33	25	24	34	36	25	29	39	36	25	31	41	31	23	27	38	24	27	23	56	41	62	61	123	92	154	140	245	182	265	278	353	323	399	468	490	517	544	703	596	803	725	1000	710	918	786	733	470	441	356	230	143	118	117	76	40	46	73	66	42	44	66	57	44	45	60	51	39	45	52	41	31	38	40
64	170	1	2	119	0	1953125	12	0.0	0	0.65	0	0	V0.2	0	0	23	17	17	25	24	17	22	29	25	18	26	32	24	21	30	34	24	26	36	34	24	27	39	31	21	24	35	23	25	17	52	42	61	58	120	95	154	139	245	186	267	276	357	323	402	465	496	516	550	702	611	802	736	1000	721	922	791	734	471	445	356	228	143	121	115	71	35	44	69	62	38	42	64	54	40	45	61	50	37	45	52	40	30	40	42
64	170	1	2	119	0	1953125	12	0.0	0	0.65	0	0	V0.2	0	0	25	19	16	26	27	18	21	31	27	18	26	33	26	20	32	37	26	26	37	37	25	27	41	33	21	25	37	26	26	19	55	45	62	59	124	97	155	141	248	188	265	281	358	325	403	471	500	516	551	707	606	800	734	1000	717	914	796	727	467	442	357	224	140	120	116	72	34	47	72	64	38	45	68	57	41	47	62	49	37	47	53	39	31	42	40
64	170	1	2	119	0	1953125	12	0.0	0	0.65	0	0	V0.2	0	0	24	18	16	25	26	17	21	30	26	18	27	33	26	20	32	36	25	26	37	37	24	26	40	33	21	25	37	25	26	18	54	44	62	57	122	94	154	138	246	186	265	277	355	323	399	466	493	515	542	705	599	801	724	1000	709	914	785	730	464	441	355	226	141	119	115	72	35	46	71	63	38	44	67	55	41	47	62	49	36	46	53	39	30	41	42
64	170	1	2	119	0	1953125	12	0.0	0	0.65	0	0	V0.2	0	0	17	21	23	20	19	25	26	22	23	27	27	24	26	31	29	27	29	35	31	28	33	35	32	25	32	30	28	16	35	29	49	31	69	70	118	85	164	148	237	184	282	280	349	331	420	464	490	534	562	699	612	825	737	1000	737	937	783	749	486	441	356	245	144	109	115	84	44	36	65	70	53	36	56	65	57	37	51	59	51	34	43	51	41	27	36
64	170	1	2	119	0	1953125	12	0.0	0	0.65	0	0	V0.2	0	0	23	16	18	26	23	17	23	29	23	18	28	32	23	22	32	34	23	27	37	33	23	28	39	29	21	25	35	22	25	19	53	41	62	61	122	95	155	142	247	188	269	281	356	326	404	469	497	517	553	704	607	805	735	1000	718	919	792	730	469	441	355	226	142	117	114	71	34	43	69	62	39	42	63	56	41	45	60	50	38	45	53	41	31	39	41
64	170	1	2	119	0	1953125	12	0.0	0	0.65	0	0	V0.2	0	0	26	19	17	26	27	18	22	31	27	19	27	34	28	22	32	37	27	27	38	38	27	28	41	34	23	26	38	27	29	21	56	44	63	60	123	96	156	140	247	187	265	279	357	324	399	468	495	514	544	704	603	798	724	1000	707	911	785	731	462	439	355	228	138	119	117	76	36	47	74	66	40	45	68	59	43	47	61	50	37	46	53	39	30	41	40
64	170	1	2	119	0	1953125	12	0.0	0	0.65	0	0	V0.2	0	0	23	18	16	25	25	17	20	29	25	17	25	32	25	20	31	35	24	25	36	35	24	25	38	32	20	22	35	24	25	16	52	43	61	57	121	95	155	136	245	186	264	274	355	321	399	462	496	510	541	701	598	799	718	1000	705	910	780	732	460	440	352	228	139	119	114	72	33	44	69	63	37	42	65	57	39	45	61	49	36	46	53	40	29	40	42
64	170	1	2	119	0	1953125	12	0.0	0	0.65	0	0	V0.2	0	0	24	18	16	25	26	18	21	30	26	18	26	33	26	21	32	36	26	26	37	36	25	28	40	33	22	25	37	25	27	19	54	43	62	58	122	94	155	138	246	185	266	276	357	323	402	465	496	514	546	703	602	802	724	1000	709	918	782	733	464	444	352	228	140	120	114	74	35	46	71	64	39	44	66	56	42	46	61	49	37	46	53	40	31	41	41
64	170	1	2	119	0	1953125	12	0.0	0	0.65	0	0	V0.2	0	0	25	18	16	25	26	18	21	30	26	18	26	33	25	20	32	36	25	26	37	37	24	27	40	33	21	25	37	25	26	19	55	43	62	59	122	95	155	139	247	187	267	278	357	324	403	468	497	515	549	703	605	803	731	1000	713	922	788	731	466	446	354	226	142	121	114	72	36	47	71	63	38	46	66	57	40	46	62	49	37	47	53	39	30	42	42
64	170	1	2	119	0	1953125	12	0.0	0	0.65	0	0	V0.2	0	0	25	19	15	25	27	18	21	30	27	18	26	33	26	20	31	36	26	25	37	37	25	27	40	33	22	24	37	25	27	18	55	43	62	57	122	94	155	136	246	184	263	274	357	319	401	461	497	508	542	701	597	799	716	1000	702	914	778	732	458	443	350	228	139	120	115	74	35	47	71	64	39	44	67	58	42	46	61	49	37	46	53	38	31	40	40
64	170	1	2	119	0	1953125	12	0.0	0	0.65	0	0	V0.2	0	0	24	17	16	25	25	16	20	29	25	17	26	33	24	20	31	35	24	25	37	36	23	26	39	32	19	23	35	23	25	17	53	44	61	57	122	95	155	137	246	185	267	275	359	319	405	460	500	509	547	701	598	802	721	1000	704	918	779	732	458	447	348	226	139	121	112	71	34	46	69	62	36	44	64	56	39	46	61	48	36	46	52	39	30	41	41
64	170	1	2	119	0	1953125	12	0.0	0	0.65	0	0	V0.2	0	0	25	19	17	26	27	18	22	30	27	19	27	33	26	22	32	37	26	28	38	37	26	29	41	34	24	27	38	25	28	21	55	43	63	59	123	94	156	140	247	185	268	277	359	322	406	465	497	515	551	704	604	805	728	1000	709	926	782	735	462	450	351	229	142	123	115	75	37	49	73	65	40	46	67	56	42	47	62	49	38	47	52	38	31	41	40
64	170	1	2	119	0	1953125	12	0.0	0	0.65	0	0	V0.2	0	0	23	16	19	26	24	16	23	29	23	18	28	31	23	22	32	33	23	27	36	33	22	27	38	27	19	22	32	18	22	14	49	39	58	55	117	91	153	135	243	181	267	271	355	317	406	459	496	510	551	698	602	806	727	1000	709	931	781	737	468	456	352	229	146	124	112	68	35	44	66	58	33	40	61	52	37	42	58	47	35	42	51	38	28	38	40
64	170	1	2	119	0	1953125	12	0.0	0	0.65	0	0	V0.2	0	0	19	15	23	26	19	19	28	27	19	23	31	28	20	28	34	30	24	34	37	29	26	35	39	25	26	32	35	17	28	27	55	37	63	68	125	88	159	149	246	182	277	284	355	326	419	470	495	525	567	704	608	821	740	1000	720	941	787	735	476	451	351	231	145	117	112	74	39	43	67	64	46	42	60	59	49	42	56	53	44	41	48	44	35	35	38
64	170	1	2	119	0	1953125	12	0.0	0	0.65	0	0	V0.2	0	0	30	31	25	26	35	32	25	33	39	32	29	41	43	34	38	50	45	38	47	56	47	43	57	60	48	49	65	59	61	53	88	70	92	88	147	115	177	163	265	205	285	296	369	339	418	480	505	526	561	709	612	809	735	1000	714	923	779	737	461	452	349	246	145	143	137	108	70	84	107	88	70	78	93	71	62	70	75	54	51	61	56	39	43	49	36
64	170	1	2	119	0	1953125	12	0.0	0	0.65	0	0	V0.2	0	0	24	18	16	25	26	17	21	29	26	18	27	32	26	21	32	35	25	26	37	36	25	28	40	32	21	25	36	24	27	19	55	43	62	59	122	94	156	139	247	185	270	277	359	322	410	463	500	514	555	703	605	809	728	1000	711	931	783	733	466	454	349	226	145	124	112	71	37	49	70	62	38	46	66	56	42	47	62	47	38	47	52	39	32	41	40
64	170	1	2	119	0	1953125	12	0.0	0	0.65	0	0	V0.2	0	0	24	17	18	26	24	17	24	30	24	19	28	32	23	22	32	34	22	26	37	33	22	27	38	28	19	22	33	19	21	14	49	40	59	57	119	93	154	139	246	184	270	276	358	322	409	467	498	518	560	704	610	809	742	1000	716	942	792	734	474	460	354	224	150	127	112	65	35	47	66	56	31	42	63	51	37	44	59	45	35	44	50	37	28	40	40
64	170	1	2	119	0	1953125	12	0.0	0	0.65	0	0	V0.2	0	0	25	19	18	25	26	20	22	30	27	20	27	33	27	22	31	36	27	27	37	37	27	29	40	33	24	25	37	25	28	21	55	42	65	60	123	94	157	142	248	188	271	279	358	326	409	469	497	519	556	706	608	808	735	1000	711	932	790	731	468	453	354	225	145	125	116	73	37	50	75	64	38	47	68	57	41	50	62	48	37	48	54	38	31	42	41
64	170	1	2	119	0	1953125	12	0.0	0	0.65	0	0	V0.2	0	0	24	17	18	26	24	17	23	29	24	18	27	32	23	21	32	33	23	26	36	34	22	27	38	28	19	23	33	19	21	14	50	40	59	56	119	92	153	137	245	182	268	274	356	320	406	464	495	514	553	701	603	806	730	1000	708	933	785	732	468	454	353	224	147	124	112	67	35	44	67	58	32	42	62	51	36	42	58	46	33	44	50	38	28	40	41
64	170	1	2	119	0	1953125	12	0.0	0	0.65	0	0	V0.2	0	0	23	19	17	24	25	18	21	28	26	19	26	32	26	22	30	35	26	26	36	35	26	27	38	32	23	24	35	24	27	19	53	42	64	60	121	94	157	139	245	186	270	277	358	324	411	464	499	516	557	703	609	809	731	1000	712	934	789	732	469	456	353	225	145	125	114	70	36	49	72	62	36	46	68	56	40	48	63	49	36	48	53	38	31	43	41
64	170	1	2	119	0	1953125	12	0.0	0	0.65	0	0	V0.2	0	0	21	14	21	27	21	15	27	30	20	20	31	31	19	24	35	31	20	30	38	30	22	31	38	25	20	26	34	17	21	19	53	39	58	61	122	89	155	143	247	181	274	280	357	321	417	468	495	520	564	704	604	818	739	1000	715	948	788	733	477	461	350	225	151	124	109	67	38	46	64	57	37	42	59	52	42	44	56	47	39	44	49	39	32	37	38
64	170	1	2	119	0	1953125	12	0.0	0	0.65	0	0	V0.2	0	0	22	15	20	27	22	16	25	30	22	20	30	32	22	24	34	34	22	30	38	33	24	32	40	28	23	29	36	20	25	23	55	40	62	64	124	90	157	146	248	183	276	284	358	325	418	472	497	525	568	708	609	822	744	1000	718	950	793	732	478	462	351	225	149	125	111	70	39	50	69	62	40	46	65	55	44	47	60	48	41	46	51	40	34	39	39
