34928	35048	35167	35286	35405	35524	35644	35763	35882	36001	36120	36240	36359	36478	36597	36716	36836	36955	37074	37193	37313	37432	37551	37670	37789	37909	38028	38147	38266	38385	38505	38624	38743	38862	38981	39101	39220	39339	39458	39577	39697	39816	39935	40054	40174	40293	40412	40531	40650	40770	40889	41008	41127	41246	41366	41485	41604	41723	41842	41962	42081	42200	42319	42439	42558	42677	42796	42915	43035	43154	43273	43392	43511	43631	43750	43869	43988	44107	44227	44346	44465	44584	44703	44823	44942
64	170	1	2	119	0	1953125	12	0.0	354	1.08	0	0	V0.2	0	0	54	80	60	81	67	82	75	83	84	83	92	87	100	91	108	98	115	104	122	113	127	123	133	133	137	142	143	150	149	158	157	168	166	176	188	203	229	250	286	310	360	383	434	469	528	566	613	667	734	796	849	908	964	1000	972	960	835	730	533	449	310	292	216	232	201	221	209	220	210	216	207	209	198	196	184	184	173	169	158	153	143	138	128	122	115
64	170	1	2	119	0	1953125	12	0.0	334	1.08	0	0	V0.2	0	0	44	78	50	80	55	78	61	79	69	78	77	80	85	78	93	81	101	82	108	85	114	87	119	89	122	88	125	87	128	85	130	84	135	84	154	114	198	168	258	236	338	318	418	411	519	513	609	620	739	758	861	871	988	963	1000	922	863	689	546	395	302	216	188	133	168	126	179	135	186	142	186	145	181	145	173	137	161	132	151	127	138	119	124	111	110
64	170	1	2	119	0	1953125	12	0.0	354	1.08	0	0	V0.2	0	0	84	61	84	67	84	76	85	83	85	91	87	100	91	108	98	114	106	121	116	126	125	130	137	134	147	138	158	142	167	147	176	155	183	167	203	200	239	248	292	309	364	382	437	464	531	557	616	655	738	782	859	888	982	967	1000	917	873	683	579	404	358	251	260	197	236	194	235	196	231	194	224	189	214	181	199	167	183	154	166	141	147	128	130	116	115
64	170	1	2	119	0	1953125	12	0.0	334	1.08	0	0	V0.2	0	0	56	72	61	72	66	72	71	72	77	73	83	75	89	79	96	83	101	87	106	91	109	97	112	101	114	103	116	102	117	102	121	101	125	98	147	124	195	174	256	243	339	327	418	420	521	523	612	632	741	773	867	892	993	988	1000	949	856	713	536	417	289	234	174	149	159	137	173	143	182	148	185	150	181	147	171	140	163	136	152	128	139	120	126	111	112
64	170	1	2	119	0	1953125	12	0.0	354	1.08	0	0	V0.2	0	0	77	62	77	68	78	76	78	82	79	90	82	97	87	103	94	109	103	114	114	119	124	122	135	126	145	129	156	133	164	137	174	146	182	157	201	190	236	238	291	301	365	375	438	458	531	551	616	648	739	777	859	883	984	965	1000	916	871	680	574	400	351	245	255	191	233	189	232	191	230	190	225	187	214	178	198	167	185	156	167	142	149	130	132	118	117
64	170	1	2	119	0	1953125	12	0.0	351	1.08	0	0	V0.2	0	0	53	93	57	94	65	95	72	97	81	96	91	97	101	98	111	101	121	104	130	110	139	113	146	119	151	123	157	127	164	131	169	135	175	139	195	166	235	211	291	275	367	352	440	437	535	535	621	639	747	772	868	887	991	982	1000	939	860	711	555	426	325	261	226	192	208	180	212	179	213	177	208	174	201	168	187	153	172	145	157	133	140	121	123	109	109
64	170	1	2	119	0	1953125	12	0.0	334	1.08	0	0	V0.2	0	0	79	56	82	56	85	60	88	64	92	69	92	77	96	86	97	95	98	106	99	114	98	123	98	132	97	137	96	141	98	144	98	147	102	150	123	175	169	221	228	284	307	363	384	450	481	550	570	654	695	791	817	906	938	1000	946	959	813	719	509	429	275	260	159	192	138	184	149	186	156	184	160	184	158	173	153	162	144	152	138	140	128	126	117	113	105
64	170	1	2	119	0	1953125	12	0.0	351	1.08	0	0	V0.2	0	0	94	53	96	58	98	65	100	73	102	82	103	92	104	102	106	113	107	123	107	134	111	144	112	153	113	161	116	167	120	171	123	178	129	182	150	208	195	251	253	310	331	382	408	467	507	562	594	663	720	794	840	907	962	1000	969	958	831	724	528	441	302	277	203	207	190	192	198	188	201	184	199	177	193	168	182	158	169	144	154	133	142	123	123	108	106
64	170	1	2	119	0	1953125	12	0.0	334	1.08	0	0	V0.2	0	0	52	85	56	87	61	88	66	91	71	93	77	96	83	102	90	106	95	112	100	117	103	122	106	128	107	134	106	140	104	145	99	152	96	160	110	188	153	237	215	300	298	376	381	461	483	558	577	661	707	795	830	907	956	1000	967	959	830	721	521	428	287	253	182	172	171	156	185	154	190	153	192	154	188	148	178	142	167	136	153	127	136	119	122	109	105
64	170	1	2	119	0	1953125	12	0.0	334	1.08	0	0	V0.2	0	0	39	80	44	82	48	83	54	84	60	84	68	85	76	86	86	87	93	88	101	90	108	91	113	93	116	95	116	98	113	102	109	112	101	125	107	163	139	220	198	288	277	368	356	457	458	556	548	662	678	796	800	908	927	1000	940	954	811	714	508	420	266	247	145	172	126	161	144	162	157	161	166	159	168	151	163	144	157	135	147	127	137	118	123	109	108
64	170	1	2	119	0	1953125	12	0.0	354	1.08	0	0	V0.2	0	0	61	86	51	88	70	74	90	67	95	79	92	93	92	103	96	113	101	120	112	117	134	111	148	122	139	153	121	171	138	158	177	136	193	167	181	229	199	274	285	299	381	366	446	480	506	597	595	688	739	786	878	898	986	1000	976	975	832	735	546	427	353	247	252	221	195	237	199	216	228	192	227	199	198	208	175	193	173	164	169	145	150	137	127	127	116
64	170	1	2	119	0	1953125	12	0.0	334	1.08	0	0	V0.2	0	0	85	47	85	54	86	60	86	68	86	77	86	86	86	94	86	103	88	112	91	118	94	125	99	129	101	133	103	134	105	138	104	143	102	152	116	185	153	236	211	302	291	379	370	467	473	567	564	672	693	806	815	916	946	999	969	948	849	698	551	399	312	231	188	174	151	178	151	186	155	188	157	187	155	181	149	169	144	159	136	144	126	132	115	117	106
64	170	1	2	119	0	1953125	12	0.0	351	1.08	0	0	V0.2	0	0	60	87	67	87	74	87	82	87	89	88	98	91	104	95	111	101	116	109	121	118	124	127	127	137	128	145	130	152	133	158	136	165	141	171	160	197	199	240	252	300	326	375	400	460	495	558	580	662	702	795	818	908	937	1000	949	959	820	725	527	442	298	281	191	221	165	213	169	211	172	209	169	204	165	191	156	176	147	163	136	145	124	130	112	113	102
64	170	1	2	119	0	1953125	12	0.0	334	1.08	0	0	V0.2	0	0	40	79	46	80	52	79	58	79	66	80	75	80	83	80	92	81	100	82	108	84	115	85	120	86	124	85	128	84	130	82	133	81	135	82	153	114	196	168	256	237	336	319	415	408	516	511	607	620	736	756	859	869	986	960	1000	916	862	681	548	389	307	212	193	132	171	126	179	134	184	141	184	145	181	145	174	142	162	136	149	127	135	120	124	112	111
64	170	1	2	119	0	1953125	12	0.0	334	1.08	0	0	V0.2	0	0	40	79	46	80	52	79	58	79	66	80	75	80	83	80	92	81	100	82	108	84	115	85	120	86	124	85	128	84	130	82	133	81	135	82	153	114	196	168	256	237	336	319	415	408	516	511	607	620	736	756	859	869	986	960	1000	916	862	681	548	389	307	212	193	132	171	126	179	134	184	141	184	145	181	145	174	142	162	136	149	127	135	120	124	112	111
64	170	1	2	119	0	1953125	12	0.0	354	1.08	0	0	V0.2	0	0	70	70	69	76	70	83	72	88	74	95	80	99	87	104	97	109	108	110	120	113	131	115	143	118	154	121	164	124	174	127	182	137	191	147	210	179	248	229	302	290	374	365	448	448	541	542	625	641	747	771	867	880	988	961	1000	917	865	684	565	410	345	256	251	196	232	190	234	191	231	190	225	185	213	177	203	168	185	155	168	142	150	130	132	117	116
64	170	1	2	119	0	1953125	12	0.0	351	1.08	0	0	V0.2	0	0	90	56	93	59	96	65	98	71	100	80	100	89	101	100	102	112	104	122	105	133	107	142	110	151	112	157	116	164	118	169	121	176	124	185	140	213	177	259	232	320	308	394	384	478	479	571	565	674	690	805	809	915	934	1000	953	950	831	708	542	423	316	268	204	215	173	210	172	212	172	210	172	204	166	191	159	182	149	163	137	146	125	130	112	113	101
64	170	1	2	119	0	1953125	12	0.0	334	1.08	0	0	V0.2	0	0	63	73	68	73	73	74	79	74	85	77	91	80	96	84	102	90	106	96	111	104	113	110	116	117	116	121	118	124	121	125	124	127	129	127	151	150	197	197	258	264	339	344	416	434	517	535	605	644	735	785	856	902	980	1000	987	960	843	724	528	429	287	255	178	177	163	166	176	166	183	168	185	168	182	163	172	154	164	145	151	133	137	123	124	113	111
64	170	1	2	119	0	1953125	12	0.0	334	1.08	0	0	V0.2	0	0	53	72	53	76	55	80	56	83	61	86	67	89	74	90	82	91	91	91	101	91	109	90	118	88	123	87	128	85	129	84	130	87	129	97	142	134	179	191	238	256	318	337	398	425	501	524	591	629	721	765	848	876	979	958	1000	911	869	666	561	375	319	197	200	127	171	129	175	140	179	149	181	152	177	148	170	145	158	138	148	131	135	121	123	112	109
64	170	1	2	119	0	1953125	12	0.0	334	1.08	0	0	V0.2	0	0	49	89	51	91	55	93	60	94	68	96	78	96	88	96	99	95	109	94	119	94	128	94	136	94	140	94	146	95	150	94	153	95	156	99	172	128	211	180	268	246	347	326	423	414	524	514	612	621	739	759	862	872	989	962	999	925	858	693	547	406	309	234	201	158	182	147	190	150	193	151	192	154	186	149	180	144	167	136	151	125	136	116	122	108	108
64	170	1	2	119	0	1953125	12	0.0	336	1.08	0	0	V0.2	0	0	44	81	46	84	49	86	53	87	60	88	68	89	78	89	89	88	98	86	109	87	119	87	127	86	132	84	139	83	141	82	145	85	145	89	161	123	203	178	260	245	341	327	419	415	520	516	609	622	738	758	860	869	988	955	1000	915	860	677	547	390	310	216	198	139	179	135	188	141	192	146	192	149	188	148	176	141	167	138	156	129	141	121	127	112	111
64	170	1	2	119	0	1953125	12	0.0	334	1.08	0	0	V0.2	0	0	65	70	65	75	65	81	67	84	69	90	73	93	80	97	88	100	96	102	106	102	114	103	122	103	128	102	134	101	137	101	141	105	140	115	152	150	187	203	244	269	322	347	400	433	502	533	593	639	723	771	846	880	980	963	1000	913	870	672	566	379	329	208	212	141	183	144	187	153	187	157	186	159	182	155	170	147	161	142	149	131	134	121	122	112	109
64	170	1	2	119	0	1953125	12	0.0	334	1.08	0	0	V0.2	0	0	45	77	48	80	49	82	53	84	59	85	66	87	75	87	85	88	95	87	105	87	114	87	122	85	127	83	133	82	135	79	137	82	137	89	152	126	192	182	252	249	331	329	410	417	512	518	603	625	732	758	853	868	983	954	1000	910	863	672	551	382	312	204	196	129	174	128	181	137	187	144	187	148	183	147	173	141	165	137	152	127	138	120	125	112	112
64	170	1	2	119	0	1953125	12	0.0	334	1.08	0	0	V0.2	0	0	50	82	50	85	52	87	58	90	64	91	72	92	81	93	91	93	102	93	114	92	121	92	130	92	136	90	143	89	146	88	149	90	150	97	167	129	205	184	264	248	340	328	418	416	519	516	608	621	734	755	857	867	986	954	1000	912	861	679	550	390	314	218	204	143	183	137	190	143	193	149	193	150	188	146	178	141	165	134	152	126	137	117	123	110	110
64	170	1	2	119	0	1953125	12	0.0	336	1.08	0	0	V0.2	0	0	38	84	41	86	48	86	55	87	63	86	73	86	82	86	94	86	102	85	113	86	120	86	127	88	131	88	135	88	138	88	142	88	145	92	164	122	208	176	266	242	346	325	426	416	528	519	617	628	746	766	865	880	991	972	1000	935	854	699	536	408	296	232	186	152	170	144	182	148	188	155	191	155	185	152	179	146	167	140	155	131	141	122	127	113	113
64	170	1	2	119	0	1953125	12	0.0	334	1.08	0	0	V0.2	0	0	66	75	66	80	65	85	68	89	71	93	76	96	82	100	92	101	101	103	109	103	119	103	127	102	134	101	139	101	143	99	144	103	145	113	158	146	194	200	250	264	327	342	406	430	507	529	597	634	726	767	851	875	979	958	1000	912	869	669	563	381	329	210	213	141	185	141	187	148	189	154	187	155	182	151	175	146	161	138	149	128	134	117	120	109	107
64	170	1	2	119	0	1953125	12	0.0	351	1.08	0	0	V0.2	0	0	64	87	64	92	66	96	71	99	76	102	84	104	94	106	104	107	116	108	128	110	139	110	148	113	156	114	164	117	171	118	176	123	180	129	198	159	235	206	289	270	363	346	438	432	535	530	621	634	745	765	864	874	986	964	1000	924	862	695	558	416	329	251	228	184	210	173	211	173	212	174	206	169	199	162	184	154	172	143	154	130	139	119	121	107	107
64	170	1	2	119	0	1953125	12	0.0	334	1.08	0	0	V0.2	0	0	80	49	83	51	85	55	88	60	90	66	92	76	94	85	93	95	93	104	93	114	93	125	92	131	91	137	90	141	91	144	91	147	95	151	115	178	162	225	221	290	302	369	380	457	480	557	566	661	691	797	810	910	932	1000	938	954	806	715	504	422	271	256	154	190	133	185	143	187	150	188	155	186	155	177	150	166	144	155	135	141	125	128	116	114	106
64	170	1	2	119	0	1953125	12	0.0	334	1.08	0	0	V0.2	0	0	47	84	47	86	52	89	57	90	64	91	73	91	83	92	94	92	104	91	114	91	123	92	131	91	137	91	142	89	145	90	148	92	151	96	168	127	208	180	265	246	344	327	422	417	522	517	611	623	740	761	864	873	989	962	999	922	860	687	548	401	311	227	201	150	181	142	189	147	193	150	194	154	189	152	180	145	167	136	153	128	139	118	124	111	110
64	170	1	2	119	0	1953125	12	0.0	336	1.08	0	0	V0.2	0	0	70	54	74	55	78	56	82	60	86	64	87	70	90	79	91	89	90	99	90	108	89	118	88	126	85	131	85	135	84	137	83	142	86	145	106	174	152	223	212	290	291	370	369	459	469	559	555	665	683	801	804	913	928	1000	937	951	811	702	514	406	280	240	159	179	126	180	133	188	141	190	145	189	147	179	142	172	138	159	131	145	123	131	114	117	105
64	170	1	2	119	0	1953125	12	0.0	334	1.08	0	0	V0.2	0	0	55	83	55	86	59	90	61	92	67	95	75	97	84	98	94	98	104	97	115	96	124	94	132	95	139	93	145	91	150	93	152	94	153	100	167	132	205	184	260	251	339	332	418	417	517	517	605	622	735	757	856	866	986	952	1000	912	863	677	555	389	319	218	210	145	186	139	192	145	194	150	195	151	187	148	178	142	167	134	152	125	137	116	121	107	107
64	170	1	2	119	0	1953125	12	0.0	336	1.08	0	0	V0.2	0	0	43	78	45	81	47	84	52	85	58	87	68	88	76	87	87	88	97	87	108	86	115	84	125	84	130	82	135	81	138	80	141	82	143	90	158	124	199	179	258	247	339	330	418	417	518	516	605	623	736	759	860	868	989	954	1000	910	860	675	547	384	307	208	196	133	176	130	185	138	189	145	190	147	185	144	176	140	166	136	154	128	140	120	126	111	112
64	170	1	2	119	0	1953125	12	0.0	334	1.08	0	0	V0.2	0	0	47	82	49	84	51	86	57	88	63	90	71	90	81	90	91	91	101	91	111	90	121	90	128	89	133	88	138	88	143	88	145	89	147	95	164	128	204	180	262	247	339	327	416	415	516	516	607	622	735	755	857	868	984	958	1000	917	859	682	549	395	310	220	199	144	179	138	188	145	191	149	191	151	186	151	181	145	167	137	153	128	139	119	125	111	111
64	170	1	2	119	0	1953125	12	0.0	351	1.08	0	0	V0.2	0	0	54	94	57	97	63	99	68	101	78	102	87	103	99	103	110	104	121	105	132	108	141	112	150	116	155	120	161	123	167	128	172	132	177	137	196	165	236	212	292	275	365	353	441	441	538	540	625	646	750	780	868	896	991	992	1000	954	857	722	548	438	316	271	215	203	197	191	202	189	203	187	200	183	192	177	181	164	166	152	151	138	135	124	120	111	106
64	170	1	2	119	0	1953125	12	0.0	334	1.08	0	0	V0.2	0	0	82	45	84	48	86	51	88	58	88	66	90	76	90	86	91	96	91	106	90	116	90	125	89	131	88	137	87	141	87	144	87	148	89	154	110	180	155	230	216	294	294	373	373	461	473	561	561	666	685	799	804	910	928	1000	939	954	809	711	508	415	274	250	157	187	129	185	139	189	146	190	151	188	150	182	149	171	139	156	133	144	124	129	115	116	105
64	170	1	2	119	0	1953125	12	0.0	334	1.08	0	0	V0.2	0	0	37	83	41	84	46	85	53	85	61	84	71	84	81	83	91	84	101	83	110	83	116	84	123	83	126	83	130	80	131	79	133	77	134	79	153	111	196	165	257	234	337	317	416	407	519	511	608	620	739	758	861	873	988	965	1000	930	858	696	539	404	294	222	179	140	161	129	173	135	180	141	183	143	178	141	170	137	162	132	149	124	135	117	123	110	110
64	170	1	2	119	0	1953125	12	0.0	354	1.08	0	0	V0.2	0	0	62	81	62	85	63	91	67	94	73	98	81	101	91	104	102	106	114	108	127	110	139	112	150	115	159	119	169	125	180	129	187	138	196	148	217	180	257	228	312	290	384	366	458	451	552	548	636	650	759	780	875	889	992	975	1000	934	859	704	556	428	335	271	242	209	226	202	230	200	228	199	222	194	213	183	198	173	182	160	164	147	147	133	131	119	115
64	170	1	2	119	0	1953125	12	0.0	334	1.08	0	0	V0.2	0	0	66	65	70	65	74	66	79	67	83	69	87	72	90	78	95	84	98	92	102	98	103	104	105	110	104	112	105	113	106	113	108	112	114	109	137	134	187	182	249	252	332	334	412	427	515	532	604	643	736	784	858	903	985	1000	988	960	843	723	524	425	278	243	162	160	148	147	163	149	172	153	177	155	176	153	169	145	160	138	148	128	136	120	123	111	111
64	170	1	2	119	0	1953125	12	0.0	334	1.08	0	0	V0.2	0	0	40	86	45	87	52	88	60	88	69	88	79	88	87	88	98	89	108	89	116	91	123	93	129	97	132	98	135	99	140	100	142	101	145	103	166	131	209	182	271	251	349	332	427	423	529	527	617	638	748	778	870	896	995	991	1000	950	852	716	534	422	291	246	181	168	166	157	178	161	185	163	187	163	181	160	175	154	164	143	152	133	137	124	124	113	110
64	170	1	2	119	0	1953125	12	0.0	351	1.08	0	0	V0.2	0	0	60	86	68	87	75	85	82	86	90	87	97	89	105	95	111	101	115	109	121	119	123	129	126	138	126	146	128	154	131	159	133	166	138	172	157	199	197	243	253	304	325	379	398	463	494	561	579	663	698	795	815	908	935	1000	946	955	816	721	522	438	298	279	190	220	165	213	168	212	170	210	169	203	164	193	158	180	147	162	135	146	124	130	112	113	101
64	170	1	2	119	0	1953125	12	0.0	354	1.08	0	0	V0.2	0	0	71	64	76	63	81	65	86	68	91	74	96	82	99	90	103	101	105	112	109	124	111	135	113	146	116	156	119	165	125	173	129	181	137	193	158	223	200	268	255	328	328	401	401	483	496	577	579	675	698	803	813	913	933	1000	943	951	813	714	521	436	303	287	203	235	182	230	185	228	186	226	185	217	180	206	171	191	159	174	147	158	134	140	123	124	111
64	170	1	2	119	0	1953125	12	0.0	334	1.08	0	0	V0.2	0	0	44	78	50	79	55	79	62	79	69	79	77	79	84	79	93	80	100	81	108	85	114	87	119	88	122	88	125	88	128	85	130	83	133	82	152	112	196	165	255	235	335	318	417	408	517	511	609	621	737	757	859	870	987	963	1000	921	860	687	544	394	302	213	187	131	167	125	176	132	182	139	183	143	181	141	169	137	161	133	148	126	136	119	123	111	110
64	170	1	2	119	0	1953125	12	0.0	354	1.08	0	0	V0.2	0	0	59	83	59	86	62	91	66	95	73	98	81	100	92	102	103	104	115	107	128	109	139	111	150	115	158	120	169	125	178	131	186	139	194	150	215	180	254	228	309	290	382	367	455	451	551	548	635	650	755	781	872	893	992	982	1000	939	859	711	554	433	333	276	238	214	223	205	226	204	226	202	220	196	211	189	197	175	180	163	164	148	146	134	131	120	114
64	170	1	2	119	0	1953125	12	0.0	351	1.08	0	0	V0.2	0	0	66	85	72	85	78	85	85	87	92	89	99	91	106	96	113	102	118	109	124	119	128	126	132	134	134	142	138	147	143	152	147	158	154	162	173	186	215	231	272	292	347	369	422	453	520	553	607	657	729	791	847	905	968	1000	975	959	837	728	532	444	302	279	200	212	183	199	190	197	193	194	190	188	183	176	173	166	161	153	146	139	133	125	118	110	105
64	170	1	2	119	0	1953125	12	0.0	354	1.08	0	0	V0.2	0	0	67	69	72	69	78	70	84	72	89	75	95	82	100	90	104	99	107	109	112	120	114	131	117	142	119	151	122	160	128	168	134	178	143	187	164	216	206	261	262	322	335	395	408	478	503	574	588	673	708	802	820	911	939	1000	946	952	815	719	520	440	300	289	202	234	184	229	189	227	190	223	189	217	182	202	172	189	161	173	149	156	137	139	124	123	112
64	170	1	2	119	0	1953125	12	0.0	351	1.08	0	0	V0.2	0	0	63	86	69	87	75	88	83	89	91	91	99	94	106	97	113	102	120	109	126	117	132	125	136	132	138	139	142	144	147	149	152	154	157	158	177	183	219	226	276	288	350	363	425	451	524	550	611	656	736	788	852	903	974	1000	984	960	845	729	537	444	307	279	206	209	188	197	195	195	198	192	194	185	185	175	176	164	164	153	149	138	135	124	119	110	106
64	170	1	2	119	0	1953125	12	0.0	354	1.08	0	0	V0.2	0	0	67	68	71	69	78	70	83	72	89	76	94	82	99	90	104	99	109	109	111	120	114	131	117	142	119	151	124	159	130	169	135	177	143	188	165	217	205	260	261	320	334	394	408	477	504	573	589	674	708	801	821	911	939	1000	948	954	815	720	522	441	301	289	204	236	184	228	189	227	191	222	188	216	183	204	175	191	162	174	150	157	136	139	125	124	112
64	170	1	2	119	0	1953125	12	0.0	334	1.08	0	0	V0.2	0	0	73	54	78	56	80	58	84	62	85	66	89	72	89	78	93	87	93	96	95	104	94	111	94	117	91	121	91	122	90	122	91	121	95	119	118	144	168	190	229	259	310	340	390	432	493	535	583	646	711	783	832	902	957	1000	965	962	829	727	516	429	270	249	150	169	130	157	145	159	157	161	161	161	162	159	157	151	151	141	141	131	131	122	120	111	108
64	170	1	2	119	0	1953125	12	0.0	354	1.08	0	0	V0.2	0	0	53	86	55	90	58	93	65	95	72	97	83	99	93	100	106	103	118	105	130	108	140	112	150	118	158	123	166	129	174	136	182	145	191	155	214	185	252	232	309	296	381	371	455	458	550	556	636	661	759	791	874	905	994	999	1000	957	858	727	551	446	326	287	231	224	216	216	221	214	220	211	216	206	206	195	193	184	179	168	162	153	146	138	130	123	116
64	170	1	2	119	0	1953125	12	0.0	351	1.08	0	0	V0.2	0	0	74	77	80	77	85	78	91	81	97	83	100	88	106	95	111	104	114	113	118	123	121	133	122	143	125	150	127	156	130	162	133	167	138	172	158	198	199	241	256	303	331	376	406	463	504	560	590	663	712	795	828	907	948	1000	955	958	821	727	525	445	297	283	192	218	173	209	178	206	180	202	180	196	172	183	163	174	154	158	141	142	128	127	115	111	103
64	170	1	2	119	0	1953125	12	0.0	354	1.08	0	0	V0.2	0	0	62	74	68	73	74	74	80	76	87	78	94	84	100	89	105	97	110	107	115	117	120	128	123	138	125	148	129	156	136	165	141	174	150	183	172	211	214	255	269	316	343	390	417	474	512	569	596	670	717	801	832	913	950	1000	955	958	820	724	522	445	302	290	203	233	188	225	194	223	196	220	194	212	187	201	177	190	166	173	153	156	138	139	127	123	113
64	170	1	2	119	0	1953125	12	0.0	351	1.08	0	0	V0.2	0	0	56	92	63	94	69	94	77	95	85	95	95	97	104	99	114	103	122	106	131	112	136	118	144	125	149	129	154	134	159	138	164	141	169	146	190	172	230	216	287	279	361	356	437	442	536	542	622	648	747	782	868	899	992	992	1000	952	860	722	551	436	322	271	220	199	201	186	207	184	208	183	206	179	197	168	183	159	171	148	155	135	139	122	123	110	107
64	170	1	2	119	0	1953125	12	0.0	354	1.08	0	0	V0.2	0	0	71	64	76	64	81	65	86	68	91	73	96	81	100	90	102	100	105	113	108	123	110	134	112	146	116	154	119	163	123	172	128	181	136	191	156	220	198	266	254	327	328	400	402	483	496	576	581	677	701	805	816	914	934	1000	943	952	814	715	522	436	302	287	202	234	180	231	186	229	186	225	186	218	179	206	170	191	159	175	148	157	136	139	124	124	112
64	170	1	2	119	0	1953125	12	0.0	351	1.08	0	0	V0.2	0	0	55	93	60	95	67	95	76	96	84	95	94	97	102	98	112	102	121	105	130	110	137	115	144	121	148	125	154	129	159	133	166	138	171	142	191	167	231	212	288	275	362	352	437	439	534	537	620	643	746	776	866	891	990	985	1000	945	858	715	551	431	321	265	222	195	204	182	208	180	209	178	205	175	199	170	186	157	172	147	155	133	139	122	124	109	107
64	170	1	2	119	0	1953125	12	0.0	334	1.08	0	0	V0.2	0	0	68	70	71	69	78	71	81	70	86	74	90	78	96	83	99	91	105	97	106	106	110	113	112	121	111	125	113	128	115	130	117	130	123	132	146	155	191	202	253	268	332	349	412	438	512	542	601	650	728	788	848	904	973	1000	977	960	835	725	520	432	282	256	170	182	156	170	170	172	177	171	179	169	176	165	169	155	159	146	149	135	135	123	124	113	110
64	170	1	2	119	0	1953125	12	0.0	351	1.08	0	0	V0.2	0	0	77	75	77	82	78	88	79	94	81	98	85	104	91	108	100	112	109	116	120	118	131	119	141	121	149	122	158	122	164	124	170	130	173	138	189	170	224	219	279	283	352	359	427	442	524	539	610	640	735	770	855	874	984	960	1000	911	870	676	568	394	343	234	240	173	215	168	215	170	212	170	206	167	200	162	186	152	170	141	155	130	138	118	121	107	106
64	170	1	2	119	0	1953125	12	0.0	334	1.08	0	0	V0.2	0	0	63	67	67	67	72	69	78	70	83	72	88	76	93	81	98	88	103	95	105	102	109	110	110	115	111	119	113	122	115	124	118	123	123	124	146	148	193	196	255	264	335	344	414	436	515	538	605	648	734	785	854	903	979	1000	985	961	841	724	523	429	282	252	170	175	156	164	171	165	179	167	181	166	179	164	174	155	161	145	151	134	138	125	126	114	112
64	170	1	2	119	0	1953125	12	0.0	351	1.08	0	0	V0.2	0	0	69	82	70	88	72	94	74	98	77	102	84	105	93	108	102	110	113	111	125	113	136	113	146	115	155	115	162	117	170	118	175	123	179	130	195	161	231	209	287	273	360	348	433	433	531	531	618	635	742	764	861	873	987	962	1000	917	866	687	563	406	336	244	234	178	212	168	214	168	213	170	209	167	199	161	188	153	172	141	155	130	139	118	122	107	106
64	170	1	2	119	0	1953125	12	0.0	334	1.08	0	0	V0.2	0	0	56	75	59	75	65	75	71	75	78	76	84	78	91	81	97	84	104	90	110	95	113	101	118	106	120	109	122	110	126	110	129	111	134	110	158	135	203	185	265	254	345	335	425	428	527	532	617	642	746	778	866	893	992	992	1000	951	856	717	535	421	293	242	183	163	169	152	183	155	189	157	191	158	187	154	178	150	169	141	155	132	142	124	127	114	114
64	170	1	2	119	0	1953125	12	0.0	351	1.08	0	0	V0.2	0	0	77	76	77	82	78	88	78	93	80	99	86	105	92	108	100	113	109	114	120	117	129	118	141	121	149	121	159	123	164	123	170	129	173	138	189	170	223	219	279	283	351	358	427	443	524	539	611	641	735	768	855	873	984	959	1000	910	871	678	569	394	344	234	240	171	214	167	215	169	211	170	208	167	197	161	186	153	172	141	155	131	139	119	122	108	106
64	170	1	2	119	0	1953125	12	0.0	334	1.08	0	0	V0.2	0	0	62	76	66	75	72	76	77	76	83	78	90	80	96	84	102	90	107	95	111	102	115	109	119	116	120	120	123	121	126	123	128	122	133	123	155	146	201	194	263	260	342	343	423	435	526	539	615	647	742	786	863	902	989	1000	994	962	853	727	533	431	293	254	181	176	168	162	180	163	186	165	189	165	185	159	176	153	166	142	152	133	139	123	126	112	112
64	170	1	2	119	0	1953125	12	0.0	334	1.08	0	0	V0.2	0	0	41	83	46	83	52	82	60	82	69	82	78	81	86	81	95	82	102	84	110	87	115	90	120	93	121	94	123	94	124	94	126	92	128	90	149	119	196	170	258	240	339	324	419	418	523	524	612	636	745	776	866	896	993	995	1000	958	855	724	532	426	283	243	166	158	150	147	165	151	174	154	177	155	176	153	170	146	158	139	148	131	136	121	124	113	111
64	170	1	2	119	0	1953125	12	0.0	354	1.08	0	0	V0.2	0	0	82	53	83	60	84	69	84	78	84	86	86	95	89	104	93	111	100	118	108	124	117	130	127	134	136	138	145	144	155	148	162	157	169	170	188	203	223	252	281	315	352	389	428	473	524	566	610	667	736	795	856	899	983	978	1000	923	873	683	577	400	355	245	252	195	227	195	225	198	224	197	218	193	210	187	198	173	182	161	167	147	149	132	132	120	116
64	170	1	2	119	0	1953125	12	0.0	351	1.08	0	0	V0.2	0	0	75	75	80	76	86	77	92	80	96	82	101	89	107	96	111	104	114	114	117	124	119	133	121	143	122	150	125	157	128	163	130	169	136	175	156	200	197	242	254	305	328	378	403	465	500	561	584	664	708	794	824	908	945	1000	953	958	821	726	523	444	299	283	192	218	170	209	176	207	178	203	176	197	172	186	162	173	152	159	139	143	127	127	115	111	102
64	170	1	2	119	0	1953125	12	0.0	334	1.08	0	0	V0.2	0	0	51	77	57	77	63	78	69	78	76	79	85	80	91	82	99	86	105	88	111	93	116	99	121	103	123	105	125	106	129	107	132	107	138	108	159	131	204	181	267	251	346	332	426	424	526	526	616	635	746	773	868	890	994	986	1000	944	857	712	538	416	296	238	188	158	171	147	183	151	190	154	192	155	187	151	179	147	168	140	156	131	142	122	127	113	113
64	170	1	2	119	0	1953125	12	0.0	351	1.08	0	0	V0.2	0	0	79	73	80	80	79	85	81	92	83	99	87	104	92	109	99	113	108	116	118	119	128	121	138	123	148	123	155	126	163	127	168	133	172	142	187	173	220	222	276	286	348	360	423	445	520	541	608	642	733	771	856	881	984	965	1000	915	874	679	573	397	347	236	241	173	214	168	213	173	212	172	207	171	198	164	186	153	171	143	154	131	138	120	122	108	106
64	170	1	2	119	0	1953125	12	0.0	334	1.08	0	0	V0.2	0	0	68	70	72	70	76	70	82	72	87	75	92	78	96	85	102	91	104	98	109	106	110	115	111	121	111	126	113	129	115	131	118	133	123	135	146	156	191	203	253	268	332	349	409	439	509	541	598	647	726	785	846	901	968	1000	974	960	834	725	520	431	282	259	172	183	157	171	169	172	177	173	179	170	176	165	168	157	160	146	149	135	134	123	122	113	108
64	170	1	2	119	0	1953125	12	0.0	334	1.08	0	0	V0.2	0	0	45	81	47	83	49	84	53	85	59	87	67	87	75	87	86	88	95	86	106	86	114	84	123	84	126	81	132	78	133	76	134	77	132	84	148	120	187	177	248	243	327	325	407	415	510	516	598	622	730	755	853	868	988	956	1000	912	868	673	553	382	312	203	194	125	169	120	176	131	180	139	181	143	177	139	168	136	160	132	147	124	136	118	123	110	109
64	170	1	2	119	0	1953125	12	0.0	354	1.08	0	0	V0.2	0	0	57	80	57	85	59	89	64	93	70	95	78	98	89	99	99	102	112	104	124	106	136	108	146	112	155	115	166	119	175	124	182	133	190	143	211	174	251	223	308	286	379	362	454	449	549	546	634	648	756	777	873	888	994	977	1000	936	860	706	554	428	332	271	238	208	223	199	226	198	226	197	221	193	212	184	197	174	183	161	166	147	149	133	133	122	117
64	170	1	2	119	0	1953125	12	0.0	351	1.08	0	0	V0.2	0	0	64	86	66	90	68	94	73	98	77	101	85	105	93	109	103	111	113	113	124	116	134	116	144	118	151	119	160	122	165	124	171	130	174	140	189	172	221	222	277	285	348	361	421	447	518	544	605	648	732	777	852	884	980	970	1000	920	876	683	577	399	351	238	242	179	212	178	208	181	204	182	201	180	190	171	180	162	164	149	149	137	135	123	119	110	105
64	170	1	2	119	0	1953125	12	0.0	354	1.08	0	0	V0.2	0	0	49	86	52	87	55	90	62	93	70	94	80	97	91	98	101	99	113	102	125	104	135	108	146	111	155	115	163	120	173	125	181	132	189	143	210	174	249	221	304	285	376	360	449	446	544	541	628	643	751	769	866	876	988	962	1000	919	865	688	563	409	345	253	249	193	231	186	233	187	231	188	225	184	215	178	202	167	185	155	167	142	150	131	133	118	117
64	170	1	2	119	0	1953125	12	0.0	351	1.08	0	0	V0.2	0	0	75	80	76	85	77	90	78	95	81	101	86	105	93	111	101	115	109	118	119	122	130	125	139	128	146	130	153	132	159	135	163	142	166	153	180	185	213	236	267	298	339	374	414	461	512	559	599	662	725	791	848	902	978	987	1000	936	876	692	578	405	349	243	235	188	202	189	199	195	197	194	191	190	185	182	174	169	159	157	146	142	132	127	119	112	106
64	170	1	2	119	0	1953125	12	0.0	334	1.08	0	0	V0.2	0	0	49	83	54	83	60	84	68	83	75	83	84	84	91	86	101	88	108	91	115	94	122	98	128	101	129	103	133	103	137	103	141	105	145	105	165	131	207	180	269	248	347	330	426	421	526	522	614	631	745	767	867	883	992	976	1000	932	859	701	545	410	306	234	197	154	179	145	188	149	193	152	193	153	187	151	179	144	167	137	155	130	139	120	126	111	110
64	170	1	2	119	0	1953125	12	0.0	351	1.08	0	0	V0.2	0	0	89	61	92	68	92	76	92	84	92	93	93	101	96	111	101	118	105	124	112	131	120	135	128	139	134	143	142	146	148	148	153	155	154	165	170	197	203	247	260	310	334	385	410	472	509	567	598	670	727	801	852	910	981	992	1000	937	877	692	580	402	351	241	239	186	207	185	204	189	202	190	198	187	191	178	180	167	166	153	151	139	135	125	120	111	107
64	170	1	2	119	0	1953125	12	0.0	354	1.08	0	0	V0.2	0	0	46	86	49	88	55	90	62	92	71	93	81	95	92	96	103	98	115	100	126	104	136	108	146	113	153	117	162	123	170	128	179	136	187	145	209	175	249	222	306	286	379	362	452	448	546	542	630	646	756	775	873	887	993	974	1000	930	861	698	557	420	337	262	244	200	228	192	232	192	231	192	227	188	217	179	201	168	188	158	170	144	151	132	134	119	119
64	170	1	2	119	0	1953125	12	0.0	334	1.08	0	0	V0.2	0	0	37	82	41	84	47	84	52	85	60	85	70	85	79	85	89	85	98	84	107	84	116	83	123	83	127	80	132	77	133	76	133	77	133	85	147	123	186	179	246	249	325	331	405	422	506	522	596	629	728	763	853	876	984	961	1000	912	870	669	560	374	320	197	199	126	168	128	170	142	174	149	174	155	173	156	165	150	154	143	142	133	132	123	119	113	109
64	170	1	2	119	0	1953125	12	0.0	354	1.08	0	0	V0.2	0	0	47	84	49	87	55	90	62	92	70	94	79	96	90	97	101	100	113	101	124	103	135	106	145	110	154	115	163	117	171	123	179	130	187	141	208	170	247	220	304	284	376	360	450	446	544	541	629	643	753	771	871	880	990	966	1000	920	863	687	561	408	341	251	247	191	228	186	232	187	229	188	225	185	216	176	201	167	185	154	168	142	152	131	134	118	116
64	170	1	2	119	0	1953125	12	0.0	351	1.08	0	0	V0.2	0	0	56	91	60	94	62	96	69	99	76	102	85	104	94	105	106	106	115	107	127	110	137	111	147	112	154	114	163	116	169	118	174	122	178	131	195	161	231	211	286	275	357	351	433	439	528	534	615	638	740	766	860	875	985	962	1000	914	868	678	569	396	343	234	239	172	213	168	213	172	211	172	207	172	199	165	185	157	171	145	153	131	137	120	120	108	105
64	170	1	2	119	0	1953125	12	0.0	354	1.08	0	0	V0.2	0	0	54	80	59	81	67	82	75	83	84	83	91	86	100	91	108	97	115	105	122	112	126	122	132	131	137	140	142	148	148	156	156	164	164	173	188	201	230	246	287	309	361	383	434	468	528	564	614	666	736	796	851	907	967	1000	971	956	831	724	529	444	308	288	214	226	201	218	208	217	209	213	205	207	199	198	190	185	173	168	157	152	143	137	128	122	116
64	170	1	2	119	0	1953125	12	0.0	334	1.08	0	0	V0.2	0	0	58	76	63	76	67	76	72	76	79	76	84	78	91	79	97	83	102	87	108	91	112	95	115	99	116	100	118	98	120	97	120	94	124	90	146	115	192	165	255	237	337	320	417	414	520	517	613	630	745	767	867	885	994	983	1000	942	859	708	539	411	292	228	177	141	159	128	170	133	178	138	181	142	179	140	172	137	160	129	147	122	136	116	122	108	109
64	170	1	2	119	0	1953125	12	0.0	334	1.08	0	0	V0.2	0	0	47	79	48	83	51	85	55	87	61	89	69	90	78	91	89	91	100	90	109	89	119	89	126	87	133	86	137	84	141	84	144	87	146	95	162	129	201	184	262	251	340	332	419	421	519	521	611	627	740	759	862	869	989	959	1000	912	864	677	550	386	313	211	202	138	182	135	189	143	193	148	192	151	190	150	180	144	167	136	154	128	140	120	126	112	112
64	170	1	2	119	0	1953125	12	0.0	334	1.08	0	0	V0.2	0	0	54	74	55	77	55	81	57	84	61	86	67	88	73	90	82	90	91	91	101	90	109	90	117	89	123	86	126	85	128	84	129	87	127	96	139	134	176	190	238	258	316	338	397	429	501	529	593	635	726	766	851	877	983	964	1000	912	871	669	561	373	319	196	199	124	169	127	173	139	178	147	178	151	176	150	169	147	158	138	146	129	133	121	121	112	109
64	170	1	2	119	0	1953125	12	0.0	334	1.08	0	0	V0.2	0	0	63	64	67	63	72	63	78	64	82	67	86	72	90	79	94	87	96	96	97	105	98	114	97	121	96	127	94	130	94	134	95	137	98	140	120	166	165	214	225	280	301	359	379	450	478	551	566	658	692	792	810	905	931	1000	937	952	808	712	510	419	273	249	154	184	128	182	137	187	145	189	150	186	149	180	146	171	140	160	134	146	124	131	116	116	106
64	170	1	2	119	0	1953125	12	0.0	334	1.08	0	0	V0.2	0	0	39	86	44	87	49	87	57	87	64	86	74	85	82	84	94	84	103	84	112	84	118	85	123	85	127	85	130	82	130	81	132	78	132	78	151	108	194	162	256	232	337	316	419	410	519	513	611	623	744	761	866	876	992	972	1000	933	859	702	540	408	294	226	179	142	159	129	170	133	178	139	180	142	176	139	168	135	159	129	147	123	134	115	121	108	109
64	170	1	2	119	0	1953125	12	0.0	334	1.08	0	0	V0.2	0	0	53	80	53	83	56	86	59	89	64	91	71	93	81	94	91	94	100	94	110	94	120	94	129	93	135	91	141	90	144	90	148	92	148	100	165	134	201	186	260	253	337	333	415	423	516	522	606	627	737	760	859	870	987	958	1000	912	866	677	557	388	320	216	209	141	185	137	191	145	194	150	193	153	189	151	180	145	166	137	153	128	138	120	125	110	110
64	170	1	2	119	0	1953125	12	0.0	336	1.08	0	0	V0.2	0	0	46	78	47	81	50	83	53	85	58	86	66	88	75	88	85	87	96	88	105	87	114	86	123	85	129	83	133	81	136	80	137	82	138	91	153	125	192	181	254	249	332	329	412	420	513	518	602	625	734	759	860	871	990	959	1000	910	866	674	554	383	315	206	199	130	176	127	181	138	187	146	189	147	185	149	179	144	164	136	153	129	140	122	125	113	112
64	170	1	2	119	0	1953125	12	0.0	354	1.08	0	0	V0.2	0	0	78	58	79	64	78	72	79	80	80	88	82	96	87	103	93	110	101	115	110	120	120	123	130	128	140	130	150	134	159	138	167	146	174	159	191	193	227	242	285	305	358	378	432	464	528	557	614	658	741	785	861	891	986	970	1000	916	870	677	573	395	352	242	252	188	228	188	230	192	226	191	222	189	211	178	197	169	183	157	166	144	150	131	133	119	117
64	170	1	2	119	0	1953125	12	0.0	334	1.08	0	0	V0.2	0	0	78	45	80	47	83	50	84	55	85	62	86	70	88	81	88	88	87	98	88	107	85	116	86	123	82	126	82	129	81	130	81	133	84	133	107	160	155	208	219	275	297	355	376	446	476	545	565	654	695	790	813	906	936	1000	941	954	808	714	502	420	265	249	145	176	119	166	134	172	146	174	151	174	153	167	147	158	142	148	134	137	126	125	117	113	108
64	170	1	2	119	0	1953125	12	0.0	334	1.08	0	0	V0.2	0	0	41	83	44	87	49	87	55	89	62	88	71	89	82	89	92	89	103	88	112	87	121	87	129	88	134	86	138	86	143	87	145	88	148	93	166	124	207	176	268	246	346	326	425	417	525	518	614	626	745	762	868	876	993	965	1000	923	858	691	542	400	303	225	195	149	178	141	187	146	192	151	193	153	187	148	178	144	168	139	156	130	141	122	127	112	113
64	170	1	2	119	0	1953125	12	0.0	351	1.08	0	0	V0.2	0	0	72	81	72	86	73	92	74	96	79	100	84	104	91	107	101	110	112	112	123	113	133	114	145	116	152	116	162	117	168	119	174	125	177	132	193	163	228	210	284	274	357	350	432	436	527	531	613	634	741	764	862	874	987	960	1000	916	867	683	564	404	340	242	237	176	215	168	215	171	214	170	208	168	199	159	185	150	172	141	156	129	138	118	122	107	106
64	170	1	2	119	0	1953125	12	0.0	334	1.08	0	0	V0.2	0	0	70	69	70	74	70	79	69	84	72	90	76	95	80	97	86	102	96	104	104	105	112	107	121	107	127	107	134	106	137	107	138	112	137	122	150	156	184	211	244	278	323	358	403	445	503	543	593	648	725	781	852	890	984	972	1000	917	871	670	565	375	328	206	214	144	183	148	185	157	186	162	185	163	179	161	174	156	162	143	148	134	134	123	122	113	108
64	170	1	2	119	0	1953125	12	0.0	336	1.08	0	0	V0.2	0	0	61	67	62	72	61	75	62	80	65	84	69	88	73	91	81	94	89	96	98	97	106	97	114	98	120	97	126	95	128	95	129	101	126	112	140	149	175	205	236	272	315	352	397	442	500	541	590	647	724	781	850	889	984	972	1000	917	872	668	562	373	323	198	204	134	172	140	176	152	179	159	179	161	174	156	168	151	160	146	147	134	136	125	123	115	111
64	170	1	2	119	0	1953125	12	0.0	334	1.08	0	0	V0.2	0	0	44	82	46	84	50	87	55	88	62	89	71	90	81	90	91	89	102	89	111	88	120	88	129	87	134	87	139	86	143	86	145	87	148	93	164	125	205	179	265	246	343	328	422	417	522	518	612	625	742	760	865	872	991	963	1000	918	860	684	546	395	308	221	199	144	179	139	189	144	193	150	193	152	190	151	179	143	168	138	154	129	140	120	125	111	112
64	170	1	2	119	0	1953125	12	0.0	334	1.08	0	0	V0.2	0	0	37	83	42	85	46	84	53	86	62	85	71	85	81	84	91	84	100	83	110	83	116	84	124	83	126	82	130	81	133	80	133	78	135	81	153	111	194	165	257	235	337	318	417	410	518	513	609	623	743	759	863	875	992	970	1000	929	858	695	540	404	298	224	181	140	163	129	173	135	181	142	183	145	180	143	170	135	161	133	150	125	137	118	124	109	110
64	170	1	2	119	0	1953125	12	0.0	334	1.08	0	0	V0.2	0	0	52	77	51	79	54	83	56	86	61	88	68	91	78	91	87	93	96	92	106	91	116	90	125	90	130	88	136	86	141	87	142	89	142	97	159	133	195	186	256	255	334	335	413	423	514	525	606	630	735	762	858	870	987	959	1000	908	865	669	554	378	317	206	206	135	181	133	188	142	190	147	190	151	185	147	177	144	168	139	154	130	139	121	126	112	112
64	170	1	2	119	0	1953125	12	0.0	334	1.08	0	0	V0.2	0	0	40	83	43	86	48	86	53	87	60	88	69	87	79	87	88	85	98	84	108	84	116	82	123	81	128	79	132	76	134	73	135	74	135	78	149	112	190	167	252	237	332	318	413	411	515	511	606	621	739	755	860	866	989	957	1000	915	862	680	546	388	304	210	189	127	167	120	174	128	180	134	181	137	176	137	169	134	161	130	148	123	137	116	123	108	108
64	170	1	2	119	0	1953125	12	0.0	334	1.08	0	0	V0.2	0	0	63	72	62	76	63	81	64	85	67	89	72	92	78	94	86	97	96	99	105	99	114	100	123	100	129	99	135	98	139	98	141	102	140	112	154	147	189	200	249	267	327	346	405	434	507	535	598	640	729	770	854	879	985	965	1000	913	871	671	564	377	327	206	212	139	184	140	187	150	189	156	188	159	186	157	175	149	163	141	151	133	137	122	124	113	110
64	170	1	2	119	0	1953125	12	0.0	336	1.08	0	0	V0.2	0	0	48	78	48	80	50	82	53	85	60	86	67	87	75	88	86	89	95	88	106	89	114	88	123	86	128	84	134	81	135	82	139	84	139	92	155	129	193	183	253	252	334	333	413	423	516	524	605	630	738	761	860	872	990	959	1000	910	864	670	551	378	312	202	199	129	176	129	185	139	188	146	189	149	184	146	174	141	166	137	152	129	139	121	126	113	113
64	170	1	2	119	0	1953125	12	0.0	334	1.08	0	0	V0.2	0	0	55	76	55	79	57	83	59	85	63	89	70	92	77	92	86	94	97	94	106	94	116	94	125	93	131	92	137	90	139	91	141	94	143	103	157	137	193	191	254	259	332	339	412	428	513	528	604	636	737	766	858	874	989	961	1000	910	867	671	559	380	321	205	207	137	183	136	188	146	192	154	192	154	185	150	176	145	165	138	153	131	138	121	125	112	111
64	170	1	2	119	0	1953125	12	0.0	336	1.08	0	0	V0.2	0	0	53	74	53	80	55	82	58	84	62	87	68	89	76	91	85	91	94	91	105	92	114	91	123	91	128	88	134	87	138	87	139	90	140	100	155	134	192	188	252	256	330	336	408	426	511	525	601	632	734	762	857	873	988	960	1000	911	868	670	557	380	320	204	205	133	181	134	186	144	190	151	189	153	186	152	178	146	167	140	154	132	140	124	126	113	112
64	170	1	2	119	0	1953125	12	0.0	354	1.08	0	0	V0.2	0	0	73	64	73	70	73	77	73	84	76	90	79	97	85	102	93	106	102	111	114	114	124	117	136	119	145	121	156	125	164	128	172	136	177	148	197	181	234	230	291	293	362	368	438	454	534	549	620	651	747	778	866	881	989	963	1000	914	870	677	569	396	348	240	250	183	228	183	230	186	229	185	222	182	213	175	198	164	183	154	168	142	150	130	133	118	117
64	170	1	2	119	0	1953125	12	0.0	334	1.08	0	0	V0.2	0	0	78	47	82	49	83	52	86	56	87	63	89	71	88	79	90	90	90	99	90	109	89	116	87	122	85	126	82	128	79	129	79	129	83	130	106	153	154	201	217	268	298	349	378	443	478	543	568	652	698	787	817	903	941	1000	943	956	810	719	507	422	265	246	143	172	119	163	135	165	144	168	151	167	151	160	146	151	141	144	133	132	124	121	113	110	105
64	170	1	2	119	0	1953125	12	0.0	334	1.08	0	0	V0.2	0	0	66	71	65	75	66	81	67	85	70	90	75	94	79	97	87	101	96	102	105	102	113	104	122	104	129	102	135	101	139	102	140	107	140	116	153	151	188	205	248	271	324	351	404	440	506	539	598	645	731	778	856	885	986	968	1000	914	873	672	567	377	329	205	214	140	185	143	186	152	188	158	187	160	181	157	170	146	161	142	150	132	136	123	123	112	109
64	170	1	2	119	0	1953125	12	0.0	351	1.08	0	0	V0.2	0	0	72	81	72	87	73	91	75	96	78	100	84	105	92	107	101	110	111	111	123	114	134	114	144	116	153	116	161	118	168	120	174	126	177	133	193	164	228	211	285	275	356	350	432	438	528	533	615	637	744	767	864	876	989	962	1000	916	869	685	567	404	341	241	238	175	214	167	215	170	213	170	209	167	200	162	189	156	174	142	156	130	140	119	123	108	106
64	170	1	2	119	0	1953125	12	0.0	334	1.08	0	0	V0.2	0	0	73	57	76	57	80	58	83	61	86	65	89	72	91	80	94	89	96	99	97	108	97	116	97	123	96	128	97	132	98	134	99	136	103	138	127	163	174	209	236	276	315	354	393	446	493	547	582	655	712	792	830	905	949	1000	951	956	813	718	506	426	270	254	156	183	139	175	154	178	162	179	166	177	167	171	160	159	150	149	142	138	131	126	121	114	109
64	170	1	2	119	0	1953125	12	0.0	334	1.08	0	0	V0.2	0	0	46	79	48	82	50	83	53	85	59	88	67	88	75	88	85	89	95	88	105	86	113	85	122	84	126	80	130	78	133	77	134	78	133	86	146	124	185	179	246	247	325	328	406	420	510	519	600	627	734	759	856	868	987	956	1000	910	867	670	555	377	314	201	197	123	170	121	178	132	182	140	183	144	177	142	172	141	163	134	149	126	136	120	123	109	109
64	170	1	2	119	0	1953125	12	0.0	354	1.08	0	0	V0.2	0	0	76	62	76	68	75	76	76	83	78	90	81	97	86	103	94	109	102	113	113	116	122	120	134	123	144	125	154	129	163	133	171	141	178	154	196	186	233	235	289	299	362	373	437	459	534	553	619	654	746	780	864	885	987	965	1000	915	869	675	568	394	349	240	251	187	230	185	229	187	227	189	223	185	214	179	202	168	185	155	167	142	150	130	133	118	116
64	170	1	2	119	0	1953125	12	0.0	321	1.07	0	0	V0.2	0	0	66	74	70	73	74	74	80	75	84	76	90	79	95	83	100	87	104	93	109	99	111	104	113	108	113	111	114	109	113	106	114	103	116	97	138	118	185	166	249	238	331	321	413	418	517	522	608	635	743	774	866	895	994	994	1000	955	858	722	538	423	289	237	170	149	150	133	162	135	170	139	174	141	172	139	166	132	154	126	143	120	131	113	118	104	104
64	170	1	2	119	0	1953125	12	0.0	334	1.08	0	0	V0.2	0	0	79	51	82	53	85	56	87	60	89	68	92	77	92	87	92	97	92	107	91	117	91	126	91	132	90	137	90	141	89	145	89	148	89	155	107	184	147	234	209	300	287	378	367	468	467	564	555	671	687	804	809	915	936	1000	950	943	829	694	534	398	301	232	181	175	144	179	148	185	151	187	156	187	153	178	150	171	144	157	134	144	124	129	115	117	106
64	170	1	2	119	0	1953125	12	0.0	334	1.08	0	0	V0.2	0	0	45	81	48	83	50	86	54	87	60	88	68	89	77	89	86	87	96	88	107	86	114	85	123	83	128	80	131	77	132	75	133	76	131	82	146	119	184	173	246	244	325	324	406	417	509	515	599	624	734	759	860	871	990	958	1000	911	867	672	555	380	312	201	192	120	166	118	173	128	178	135	179	139	174	140	171	137	158	129	146	123	133	116	121	108	107
64	170	1	2	119	0	1953125	12	0.0	334	1.08	0	0	V0.2	0	0	47	80	49	83	51	85	55	87	61	88	68	89	77	89	87	90	95	89	106	88	114	85	121	84	126	80	131	77	132	76	132	77	131	85	144	121	181	177	243	246	323	327	403	419	506	519	598	627	734	762	859	872	988	957	1000	909	868	672	557	379	316	200	195	121	167	118	173	129	177	138	179	142	175	141	170	140	158	131	145	124	132	116	121	109	106
64	170	1	2	119	0	1953125	12	0.0	334	1.08	0	0	V0.2	0	0	59	75	63	76	69	76	76	77	81	78	89	80	94	84	102	89	106	94	112	100	115	106	119	111	120	115	123	117	126	118	129	119	133	119	156	143	200	190	263	258	343	340	422	433	524	536	613	646	747	784	867	903	993	1000	993	956	851	719	530	425	291	249	182	169	167	158	180	160	187	161	188	161	183	155	175	151	167	142	152	133	139	122	125	113	112
64	170	1	2	119	0	1953125	12	0.0	334	1.08	0	0	V0.2	0	0	68	62	71	65	73	69	76	73	77	79	79	86	81	94	85	101	85	110	88	117	88	125	90	130	89	136	89	140	87	144	87	148	88	153	110	178	157	223	224	288	307	364	387	453	492	551	583	656	717	792	840	905	965	1000	968	954	830	714	516	422	284	246	177	165	166	151	180	151	187	153	191	156	189	149	178	143	166	136	154	129	140	121	126	113	110
64	170	1	2	119	0	1953125	12	0.0	336	1.08	0	0	V0.2	0	0	82	37	84	42	84	51	84	59	83	69	83	78	82	88	82	98	83	107	85	114	86	120	89	125	93	126	94	128	95	130	96	135	92	142	106	177	144	231	208	300	291	381	374	470	478	568	571	675	707	810	835	919	970	1000	986	940	866	681	560	378	321	206	197	149	160	156	162	167	165	172	168	172	166	168	162	161	153	151	143	139	132	129	122	117	110
64	170	1	2	119	0	1953125	12	0.0	334	1.08	0	0	V0.2	0	0	68	69	67	72	67	78	69	83	69	88	74	92	79	96	86	100	94	101	102	103	110	104	119	104	126	106	131	103	134	105	135	110	135	118	146	153	181	208	242	275	321	356	399	445	502	543	594	649	728	782	853	891	984	974	1000	918	873	672	565	375	327	205	211	142	180	145	182	156	184	162	184	164	179	160	168	150	158	143	148	134	135	123	121	113	109
64	170	1	2	119	0	1953125	12	0.0	334	1.08	0	0	V0.2	0	0	70	55	75	56	78	57	82	60	85	65	87	71	89	78	90	88	90	97	90	105	88	114	87	120	83	124	81	126	78	128	77	128	77	130	98	154	143	203	206	272	288	353	364	445	464	545	553	653	684	791	803	907	927	1000	934	949	811	707	511	409	274	237	148	169	114	167	122	173	130	178	137	176	138	171	135	160	128	150	124	138	117	125	109	111	101
64	170	1	2	119	0	1953125	12	0.0	334	1.08	0	0	V0.2	0	0	56	73	57	78	57	81	60	85	63	87	69	91	77	92	85	95	96	95	106	95	114	95	123	94	129	93	135	91	138	92	139	94	140	104	154	139	189	192	251	261	328	341	408	431	510	528	600	634	735	768	858	878	985	962	1000	911	870	669	559	379	321	205	207	136	181	137	187	147	189	153	189	155	183	153	178	148	165	138	152	130	137	121	125	113	110
64	170	1	2	119	0	1953125	12	0.0	351	1.08	0	0	V0.2	0	0	85	67	86	74	85	80	85	88	86	95	88	102	93	109	99	115	106	120	115	125	124	128	134	131	142	132	150	134	156	137	161	142	164	151	179	183	211	232	267	296	340	372	417	457	515	553	604	657	734	784	855	892	983	976	1000	922	875	681	576	395	348	233	240	176	211	175	210	178	207	179	202	176	195	169	181	156	168	145	153	133	137	121	121	109	107
64	170	1	2	119	0	1953125	12	0.0	354	1.08	0	0	V0.2	0	0	81	56	81	62	81	71	81	79	82	87	84	95	87	102	92	110	100	117	109	121	119	126	129	131	137	134	148	139	157	144	164	152	171	164	189	198	225	248	283	310	354	385	430	470	527	565	616	667	743	792	862	897	985	976	1000	921	873	679	574	397	353	243	252	192	227	192	227	196	225	195	219	191	211	184	200	171	183	158	166	145	148	131	133	119	116
64	170	1	2	119	0	1953125	12	0.0	351	1.08	0	0	V0.2	0	0	92	57	94	64	95	72	94	80	95	91	95	99	97	109	99	117	103	125	109	132	115	138	122	143	128	147	136	151	141	156	145	162	147	171	161	202	193	251	252	316	325	391	403	478	502	575	593	679	723	808	844	914	974	1000	994	942	872	694	574	403	345	243	231	190	200	191	197	195	195	195	191	192	186	183	174	168	161	156	149	143	134	127	119	113	106
64	170	1	2	119	0	1953125	12	0.0	354	1.08	0	0	V0.2	0	0	87	48	89	54	90	61	91	71	92	81	92	90	94	102	96	112	99	123	105	131	110	140	119	147	125	154	133	160	141	167	149	176	154	189	173	222	209	270	267	333	341	408	416	493	513	587	602	689	728	816	849	921	974	1000	990	941	865	694	571	408	349	258	243	211	217	212	214	215	212	214	208	208	200	195	188	181	175	169	160	153	145	137	129	122	115
64	170	1	2	119	0	1953125	12	0.0	351	1.08	0	0	V0.2	0	0	86	65	86	72	87	80	87	88	88	96	90	103	93	110	99	116	106	121	114	125	123	129	133	132	140	133	148	136	155	139	159	145	162	153	176	186	209	234	265	298	339	373	414	459	513	556	602	659	732	789	854	896	983	979	1000	925	877	682	577	396	351	236	240	177	211	176	208	180	206	180	202	178	195	170	181	157	167	148	153	135	136	121	119	109	106
64	170	1	2	119	0	1953125	12	0.0	334	1.08	0	0	V0.2	0	0	77	53	79	60	78	66	77	73	77	80	78	88	79	94	83	102	87	107	93	111	98	116	104	118	107	119	113	120	115	123	115	129	112	138	123	175	159	228	221	297	301	376	383	467	487	568	580	675	716	809	841	917	972	1000	990	941	868	686	562	384	323	213	198	156	162	165	164	175	166	180	168	182	166	177	158	164	150	157	142	143	131	132	120	119	110
64	170	1	2	119	0	1953125	12	0.0	334	1.08	0	0	V0.2	0	0	79	40	82	44	84	48	85	55	85	64	86	74	85	84	83	94	82	104	83	112	81	118	82	125	81	128	82	131	80	132	79	135	76	142	92	174	135	225	198	295	279	374	361	466	464	565	556	673	690	807	812	916	942	1000	960	944	841	689	541	388	303	214	175	157	139	164	140	173	146	179	151	179	150	174	145	164	142	154	133	141	123	129	116	116	106
64	170	1	2	119	0	1953125	12	0.0	354	1.08	0	0	V0.2	0	0	80	57	84	57	87	61	92	66	94	75	97	85	99	96	100	108	101	119	102	132	106	141	110	152	115	159	121	166	128	174	136	184	141	195	161	227	199	274	257	337	331	410	408	494	506	588	595	690	723	817	843	921	968	1000	986	941	862	692	570	407	348	254	243	207	217	208	217	210	214	208	211	202	204	193	192	178	177	166	166	149	146	133	131	120	115
64	170	1	2	119	0	1953125	12	0.0	351	1.08	0	0	V0.2	0	0	72	80	72	86	73	91	75	95	79	100	84	104	91	108	101	110	111	112	123	114	133	115	144	117	151	117	160	120	167	120	172	126	176	133	192	164	226	212	280	274	354	349	429	435	525	533	614	638	741	765	860	875	986	962	999	917	868	685	566	404	341	241	236	175	212	168	214	170	213	171	208	168	199	162	185	153	172	141	154	129	139	119	121	107	106
64	170	1	2	119	0	1953125	12	0.0	354	1.08	0	0	V0.2	0	0	59	80	59	84	62	89	65	93	71	96	80	100	89	101	101	104	113	105	126	107	136	110	148	113	157	118	168	122	176	127	184	135	192	145	213	175	251	224	308	288	380	364	454	450	550	548	637	652	761	780	876	890	995	978	1000	935	859	705	553	426	333	269	239	208	224	200	228	199	226	197	221	193	212	185	198	172	183	161	164	147	148	135	132	119	116
64	170	1	2	119	0	1953125	12	0.0	351	1.08	0	0	V0.2	0	0	62	89	64	93	66	96	70	100	76	102	85	104	94	105	106	107	116	108	129	110	139	110	149	112	156	114	164	116	170	119	176	123	180	129	198	159	234	205	291	270	364	346	439	434	536	533	624	639	752	769	869	881	992	971	1000	929	862	699	556	419	327	254	226	186	208	176	211	175	212	175	207	172	199	165	186	155	171	146	156	131	139	121	121	108	106
64	170	1	2	119	0	1953125	12	0.0	351	1.08	0	0	V0.2	0	0	68	81	71	84	74	88	77	91	81	96	85	101	91	108	98	114	103	120	110	126	117	133	123	139	126	145	130	151	132	158	133	167	132	178	143	208	175	255	231	318	305	391	381	477	478	572	566	674	693	803	810	911	930	1000	941	953	815	719	521	438	296	281	189	218	168	208	175	204	180	199	180	191	177	179	168	164	157	151	145	135	132	123	120	110	103
64	170	1	2	119	0	1953125	12	0.0	354	1.08	0	0	V0.2	0	0	87	48	89	53	91	60	92	68	93	78	94	89	94	100	97	111	99	122	104	132	108	141	115	150	120	157	129	164	136	172	143	181	148	194	167	226	203	274	261	336	334	410	409	494	506	589	594	689	719	815	838	921	962	1000	977	941	855	695	563	412	342	263	237	217	210	219	209	222	207	219	203	212	195	202	187	185	170	169	157	155	142	137	128	123	115
64	170	1	2	119	0	1953125	12	0.0	334	1.08	0	0	V0.2	0	0	82	41	83	47	84	54	84	61	83	70	84	80	85	90	85	99	85	108	87	115	88	123	91	128	91	132	92	135	93	139	93	143	91	151	105	181	144	233	207	301	287	379	367	469	468	567	559	674	691	807	810	915	936	1000	952	946	831	696	531	399	296	231	173	176	139	180	143	189	148	189	150	189	150	182	148	173	140	160	133	146	123	132	115	117	106
64	170	1	2	119	0	1953125	12	0.0	351	1.08	0	0	V0.2	0	0	81	72	82	78	83	84	84	90	86	96	90	104	93	110	99	115	106	121	115	127	122	132	131	135	137	138	144	142	150	146	152	154	155	165	168	197	198	247	255	312	327	388	405	476	503	575	595	679	720	808	842	916	969	1000	988	945	867	699	570	409	340	251	225	199	192	200	189	203	187	204	182	199	176	189	166	174	154	161	140	146	129	129	115	115	105
64	170	1	2	119	0	1953125	12	0.0	351	1.08	0	0	V0.2	0	0	57	93	63	93	70	94	77	94	86	96	96	97	105	100	114	103	123	108	131	113	137	119	144	125	149	131	154	135	159	139	164	144	170	147	190	172	229	215	288	280	363	357	439	447	539	549	628	654	754	787	873	899	994	996	1000	955	862	724	550	436	320	270	220	200	203	188	209	185	208	183	204	178	197	171	186	159	171	149	155	135	140	123	123	110	108
64	170	1	2	119	0	1953125	12	0.0	354	1.08	0	0	V0.2	0	0	48	84	55	86	62	86	70	87	79	87	88	89	98	92	107	96	116	102	126	109	133	117	140	126	145	132	151	139	159	147	165	155	175	163	197	190	240	236	298	300	373	375	446	463	543	562	631	667	754	797	869	908	989	1000	991	958	849	724	541	441	318	283	226	220	213	212	220	210	220	207	216	201	208	192	194	177	180	166	165	151	147	136	133	123	119
64	170	1	2	119	0	1953125	12	0.0	334	1.08	0	0	V0.2	0	0	80	45	80	49	80	56	80	63	79	72	80	80	79	88	81	97	81	104	83	109	85	115	87	119	88	122	89	122	88	125	85	129	80	135	91	166	130	219	193	288	276	368	357	460	461	561	554	668	687	804	810	914	940	1000	956	944	834	692	535	394	296	222	166	160	127	166	131	175	137	180	140	178	141	173	139	164	132	154	127	140	119	128	113	116	105
64	170	1	2	119	0	1953125	12	0.0	354	1.08	0	0	V0.2	0	0	65	72	72	71	79	71	85	72	90	76	96	82	100	91	104	102	107	113	110	126	112	137	114	149	116	159	119	168	124	177	129	187	136	198	156	228	194	273	252	337	325	409	399	493	493	585	578	686	701	813	819	921	939	1000	950	943	826	698	540	421	323	274	222	227	197	226	196	226	195	222	192	215	185	201	177	187	164	171	153	154	138	136	125	122	112
64	170	1	2	119	0	1953125	12	0.0	334	1.08	0	0	V0.2	0	0	81	40	83	47	84	54	85	61	84	70	85	79	85	89	85	99	86	108	86	115	88	122	90	128	90	132	92	135	92	138	91	141	89	150	104	181	143	232	206	300	286	379	367	468	467	565	557	671	688	807	811	916	937	1000	950	945	826	694	527	397	293	233	171	177	138	181	141	187	146	189	150	189	150	182	146	172	140	160	132	146	124	131	115	118	105
64	170	1	2	119	0	1953125	12	0.0	351	1.08	0	0	V0.2	0	0	82	67	86	67	91	69	95	73	99	79	102	88	105	97	105	108	106	120	108	132	108	142	111	152	111	157	114	165	117	170	120	178	123	185	139	212	176	259	234	322	308	396	385	482	482	577	569	679	697	809	818	917	944	1000	959	944	838	697	547	410	323	255	214	203	181	202	180	204	181	203	179	196	173	187	164	171	154	158	142	142	129	127	116	112	104
64	170	1	2	119	0	1953125	12	0.0	356	1.08	0	0	V0.2	0	0	79	60	78	66	79	74	79	81	80	89	82	97	87	103	93	110	101	114	110	119	120	122	130	125	138	128	149	132	156	136	164	144	168	155	186	188	220	236	278	301	352	376	428	462	524	556	612	660	740	789	861	892	987	972	1000	917	871	675	571	393	348	237	247	183	222	184	223	187	220	189	216	186	208	177	196	168	180	155	164	143	147	130	131	118	114
64	170	1	2	119	0	1953125	12	0.0	354	1.08	0	0	V0.2	0	0	82	49	85	52	87	57	91	65	92	73	95	83	95	94	97	106	99	118	101	129	104	139	108	149	111	157	117	165	121	172	126	181	132	193	152	225	189	272	249	334	321	408	396	493	491	587	579	688	704	814	821	919	942	1000	952	942	827	697	537	416	318	270	215	224	189	223	190	226	190	223	187	215	181	204	171	189	162	174	149	156	136	140	125	123	113
64	170	1	2	119	0	1953125	12	0.0	334	1.08	0	0	V0.2	0	0	53	76	58	76	64	78	70	77	78	78	85	79	91	82	100	86	105	89	112	95	115	100	120	105	122	108	125	108	128	109	131	109	137	110	159	134	204	182	267	251	347	334	427	430	530	533	621	643	752	779	872	893	997	988	1000	951	856	713	535	418	294	240	186	161	171	149	184	152	191	156	193	157	187	154	180	147	168	139	155	131	141	122	128	114	115
64	170	1	2	119	0	1953125	12	0.0	334	1.08	0	0	V0.2	0	0	74	48	79	50	80	51	84	56	85	62	86	70	86	79	87	90	86	99	86	108	84	117	82	123	79	127	78	128	75	131	74	134	74	137	93	166	137	214	199	282	278	360	358	455	462	557	552	664	680	797	801	909	927	1000	939	947	815	699	520	400	284	227	157	166	120	168	126	176	133	181	138	179	139	174	139	164	133	154	128	141	119	129	112	114	104
64	170	1	2	119	0	1953125	12	0.0	321	1.07	0	0	V0.2	0	0	48	84	50	87	54	90	58	90	64	91	72	92	81	92	91	92	99	91	110	89	117	88	125	85	128	82	133	77	132	75	132	75	129	80	141	114	176	167	238	238	318	322	400	413	504	513	595	620	729	756	854	867	988	959	1000	911	867	674	556	382	312	202	192	119	162	114	167	124	172	130	172	135	169	134	159	128	151	124	139	117	127	110	114	102	101
64	170	1	2	119	0	1953125	12	0.0	334	1.08	0	0	V0.2	0	0	54	76	55	82	55	86	60	89	63	90	71	92	80	92	90	92	103	92	112	90	121	91	128	89	135	88	140	88	143	87	146	89	149	95	168	127	208	179	272	250	349	329	428	423	530	526	623	637	754	777	876	890	999	986	1000	943	857	712	537	420	294	242	181	165	166	156	179	162	185	164	186	166	182	163	173	154	161	147	151	137	137	126	125	115	113
64	170	1	2	119	0	1953125	12	0.0	351	1.08	0	0	V0.2	0	0	79	72	83	72	90	72	93	74	98	80	102	88	105	97	107	107	109	119	110	130	111	141	112	149	112	158	115	165	117	170	120	177	123	185	140	211	175	256	233	319	308	393	383	479	480	574	566	674	691	804	811	913	935	1000	949	942	825	700	539	414	317	261	207	207	176	208	177	208	177	205	173	198	168	187	160	173	150	160	138	143	126	127	114	112	102
64	170	1	2	119	0	1953125	12	0.0	334	1.08	0	0	V0.2	0	0	70	62	72	68	70	73	71	78	72	85	73	89	77	94	83	100	90	103	99	106	105	108	114	109	119	110	123	109	126	109	127	117	126	125	137	163	173	217	233	285	312	365	393	457	499	558	592	663	725	795	851	903	984	988	1000	929	877	677	568	377	328	205	206	146	174	154	177	166	180	171	179	171	175	167	168	161	159	151	147	139	135	129	123	118	110
64	170	1	2	119	0	1953125	12	0.0	334	1.08	0	0	V0.2	0	0	80	43	82	46	84	50	86	56	86	64	87	74	87	83	86	94	85	104	84	111	83	120	82	125	79	128	79	129	77	131	74	133	72	139	90	169	132	220	195	289	277	370	357	461	461	563	553	669	685	804	805	913	934	1000	950	945	831	693	533	393	295	220	167	159	127	164	133	173	137	177	142	178	141	172	142	164	135	152	128	141	120	127	113	114	105
64	170	1	2	119	0	1953125	12	0.0	354	1.08	0	0	V0.2	0	0	68	69	74	69	80	69	86	72	93	77	97	84	102	93	104	104	107	116	109	128	111	140	114	150	115	161	121	171	125	178	132	189	138	200	158	229	196	276	253	338	327	411	399	494	496	589	583	689	705	814	820	918	941	1000	955	944	835	701	548	419	329	272	226	226	201	225	201	225	199	221	196	213	190	203	178	186	168	170	153	153	140	136	125	120	113
64	170	1	2	119	0	1953125	12	0.0	351	1.08	0	0	V0.2	0	0	60	91	65	92	73	93	80	92	89	93	97	96	107	99	114	103	122	108	129	115	135	121	141	128	145	135	149	138	154	144	159	149	166	154	187	177	225	221	284	284	360	360	436	450	533	549	621	654	747	788	865	902	988	1000	993	956	853	723	543	440	315	274	214	204	197	192	203	189	204	186	201	181	194	174	182	162	167	149	153	135	138	124	122	110	108
64	170	1	2	119	0	1953125	12	0.0	334	1.08	0	0	V0.2	0	0	65	69	66	73	66	78	67	82	68	88	73	91	77	94	84	98	93	100	101	101	110	102	119	103	124	101	130	101	133	103	135	107	134	116	147	153	181	205	241	274	320	353	399	443	504	543	595	649	727	779	850	886	983	973	1000	916	870	668	563	374	324	202	209	139	179	144	182	155	184	161	184	163	181	158	171	152	161	144	148	134	136	125	123	115	109
64	170	1	2	119	0	1953125	12	0.0	334	1.08	0	0	V0.2	0	0	80	39	82	42	83	48	83	56	85	64	84	73	83	84	83	95	83	103	82	112	84	120	83	124	82	128	84	129	82	131	82	135	80	142	94	175	136	226	199	294	281	374	361	464	466	565	557	670	689	805	813	914	945	1000	962	940	842	685	543	385	305	214	179	156	141	163	144	173	150	177	153	179	154	172	148	164	141	153	134	141	126	129	117	117	107
64	170	1	2	119	0	1953125	12	0.0	354	1.08	0	0	V0.2	0	0	60	73	67	73	73	73	80	74	87	76	93	81	98	88	103	97	107	109	111	121	113	132	116	144	116	154	120	164	124	172	129	182	135	192	156	221	195	268	252	329	325	403	398	487	493	582	577	682	698	808	812	914	933	1000	943	946	817	703	529	423	311	275	209	228	186	226	188	227	187	223	186	216	180	204	170	188	160	171	148	155	136	139	123	122	111
64	170	1	2	119	0	1953125	12	0.0	351	1.08	0	0	V0.2	0	0	92	57	93	65	93	72	94	82	95	91	96	100	96	109	100	118	105	126	110	132	116	138	123	143	129	145	136	149	143	154	147	160	149	171	162	201	195	250	252	313	328	390	406	478	506	575	595	678	724	808	847	915	978	1000	998	943	875	695	576	404	345	243	233	190	201	191	199	194	196	195	193	190	186	181	174	168	162	155	148	141	134	126	119	112	106
64	170	1	2	119	0	1953125	12	0.0	354	1.08	0	0	V0.2	0	0	86	51	87	58	89	66	88	75	89	85	91	94	92	104	95	113	101	121	108	130	116	136	124	143	133	148	142	153	150	160	158	169	164	180	182	214	219	265	276	327	349	401	426	486	521	580	611	682	738	811	860	917	987	996	999	935	872	688	576	405	353	253	251	205	225	205	224	209	221	207	216	202	206	193	196	180	181	164	164	150	148	135	133	122	117
64	170	1	2	119	0	1953125	12	0.0	354	1.08	0	0	V0.2	0	0	85	49	86	55	87	63	88	72	88	82	89	91	91	101	94	111	99	120	104	128	110	135	118	141	125	146	134	152	142	158	148	166	154	179	172	212	207	262	265	326	340	401	415	485	512	580	603	684	731	813	853	919	980	1000	997	940	869	691	572	404	346	250	241	203	214	205	214	209	213	208	209	205	201	194	189	180	176	166	160	152	146	137	131	123	116
64	170	1	2	119	0	1953125	12	0.0	351	1.08	0	0	V0.2	0	0	92	57	93	63	94	71	94	79	94	88	95	97	95	107	100	116	103	124	109	132	115	139	121	144	127	147	133	151	139	155	142	162	145	172	159	202	190	251	248	315	323	390	401	477	499	572	589	677	719	807	842	916	972	1000	989	942	867	695	573	405	342	245	231	194	198	193	196	198	195	197	191	192	184	184	173	171	160	156	147	143	133	127	119	113	106
64	170	1	2	119	0	1953125	12	0.0	351	1.08	0	0	V0.2	0	0	91	61	91	67	92	76	92	84	93	93	93	103	97	110	99	118	105	124	112	130	119	136	127	139	134	142	142	145	148	148	153	156	155	165	169	196	200	244	258	308	333	385	410	471	509	570	599	672	729	802	852	909	983	994	1000	936	877	690	579	399	349	239	238	185	206	185	204	190	202	189	197	187	191	176	179	164	165	152	149	138	134	125	120	111	106
64	170	1	2	119	0	1953125	12	0.0	334	1.08	0	0	V0.2	0	0	71	61	70	68	70	72	70	77	69	84	75	90	77	95	84	99	90	104	98	105	103	108	113	109	119	109	123	108	125	111	126	115	126	126	137	161	171	217	232	286	313	365	393	457	498	556	590	663	724	797	854	906	985	988	1000	927	873	676	565	375	326	205	205	145	175	154	176	164	179	171	178	171	175	166	166	159	157	150	146	139	133	127	121	117	111
64	170	1	2	119	0	1953125	12	0.0	354	1.08	0	0	V0.2	0	0	64	70	70	69	77	69	83	71	90	74	95	82	100	90	102	100	106	111	108	123	109	136	112	147	113	156	117	166	121	174	127	184	133	194	153	225	192	271	249	333	324	408	398	492	492	585	577	684	700	813	817	918	937	1000	946	941	821	698	535	417	318	272	217	224	190	223	190	223	191	220	187	214	184	201	174	188	162	172	150	154	138	137	125	121	112
64	170	1	2	119	0	1953125	12	0.0	334	1.08	0	0	V0.2	0	0	74	52	74	58	74	64	74	71	74	78	75	84	77	92	80	97	82	103	88	106	93	110	98	113	100	113	103	113	103	116	102	120	97	130	107	166	143	221	207	290	290	371	370	463	475	563	568	671	706	810	834	917	966	1000	981	939	859	684	555	380	314	207	185	148	146	158	148	169	152	176	155	177	153	171	149	164	143	153	133	142	126	130	117	117	108
64	170	1	2	119	0	1953125	12	0.0	354	1.08	0	0	V0.2	0	0	86	46	88	52	90	61	90	71	91	81	91	91	91	101	94	112	98	120	105	127	112	134	123	138	130	143	141	147	150	152	160	160	168	171	188	203	223	251	281	313	356	387	432	470	530	565	619	665	746	793	867	895	991	973	1000	915	870	676	571	395	350	242	253	189	231	187	232	188	229	188	225	184	215	177	202	167	187	155	170	143	151	130	134	118	117
64	170	1	2	119	0	1953125	12	0.0	334	1.08	0	0	V0.2	0	0	79	49	80	55	79	61	79	68	77	75	79	83	79	90	80	98	82	104	85	109	88	114	92	117	93	118	95	119	93	121	91	125	86	133	96	167	132	220	196	290	279	372	360	462	465	561	558	670	692	805	817	914	949	1000	964	943	844	688	543	385	303	213	174	153	132	160	135	171	140	178	144	177	143	171	140	163	135	153	128	140	120	128	111	115	104
64	170	1	2	119	0	1953125	12	0.0	334	1.08	0	0	V0.2	0	0	74	59	78	58	83	61	86	63	90	69	91	75	94	85	94	94	96	105	95	114	94	124	93	132	91	139	91	141	91	146	91	150	92	154	111	182	153	229	214	297	293	375	369	464	469	562	557	670	686	802	806	912	928	1000	941	949	816	700	521	405	289	242	170	183	137	185	143	191	148	193	150	190	148	182	146	172	139	158	131	144	122	129	114	116	104
64	170	1	2	119	0	1953125	12	0.0	351	1.08	0	0	V0.2	0	0	67	80	74	79	80	79	86	79	94	83	99	87	106	94	108	103	112	112	116	124	116	134	117	144	118	152	120	159	121	165	124	172	127	179	146	204	183	249	242	311	315	386	388	472	483	567	569	671	694	801	811	911	931	1000	939	950	814	711	525	426	302	272	194	217	165	211	166	212	168	209	167	203	163	191	155	176	145	163	135	145	123	128	112	113	101
64	170	1	2	119	0	1953125	12	0.0	351	1.08	0	0	V0.2	0	0	93	55	95	62	97	68	96	76	97	86	98	96	98	106	100	116	102	125	106	134	112	141	118	147	122	152	128	156	133	161	136	168	137	177	151	207	185	254	242	318	318	393	392	479	491	575	581	678	710	807	833	916	960	1000	977	942	856	697	565	407	336	250	223	198	190	197	188	200	185	200	183	195	176	183	166	172	153	157	142	143	129	126	116	112	103
64	170	1	2	119	0	1953125	12	0.0	351	1.08	0	0	V0.2	0	0	82	72	82	78	82	83	82	90	84	98	87	104	93	109	100	114	108	118	118	121	126	124	138	126	146	127	155	128	160	131	166	137	169	146	185	177	216	225	273	290	346	365	423	452	520	548	610	651	738	781	862	888	987	972	1000	917	874	681	576	396	348	234	242	174	214	170	213	174	211	176	207	173	197	166	187	157	171	145	155	132	138	120	123	110	107
64	170	1	2	119	0	1953125	12	0.0	354	1.08	0	0	V0.2	0	0	66	73	66	78	66	82	67	89	72	94	78	98	86	101	96	105	107	107	120	109	130	112	143	114	152	116	162	120	172	124	180	132	186	143	208	174	244	222	301	286	374	362	449	450	544	544	631	648	756	776	875	883	994	967	1000	918	864	689	563	409	340	251	246	192	228	187	232	189	230	188	224	183	214	176	202	167	184	155	168	143	150	132	134	119	118
64	170	1	2	119	0	1953125	12	0.0	334	1.08	0	0	V0.2	0	0	61	74	61	79	63	83	65	87	68	91	74	95	80	96	88	98	97	100	107	100	116	100	125	99	131	98	137	96	141	97	142	101	143	111	156	144	190	197	253	265	329	345	409	435	510	535	601	638	732	771	857	876	986	965	1000	912	871	673	564	379	326	207	211	139	185	140	189	150	190	156	190	156	184	153	176	148	163	139	151	131	137	121	124	112	109
64	170	1	2	119	0	1953125	12	0.0	351	1.08	0	0	V0.2	0	0	57	93	59	96	63	98	69	100	77	102	87	103	97	104	109	105	120	106	131	109	141	112	150	115	156	118	163	121	168	125	173	130	178	136	197	162	234	208	291	273	366	350	441	441	537	538	624	644	751	775	871	891	993	988	1000	947	860	720	553	433	322	267	221	198	202	187	207	186	207	185	203	180	194	171	181	161	167	150	153	137	136	124	122	111	108
64	170	1	2	119	0	1953125	12	0.0	351	1.08	0	0	V0.2	0	0	57	93	59	96	63	98	69	100	77	102	87	103	97	104	109	105	120	106	131	109	141	112	150	115	156	118	163	121	168	125	173	130	178	136	197	162	234	208	291	273	366	350	441	441	537	538	624	644	751	775	871	891	993	988	1000	947	860	720	553	433	322	267	221	198	202	187	207	186	207	185	203	180	194	171	181	161	167	150	153	137	136	124	122	111	108
64	170	1	2	119	0	1953125	12	0.0	354	1.08	0	0	V0.2	0	0	61	76	62	81	63	86	65	91	71	95	78	98	86	101	97	103	109	105	122	107	134	109	145	112	156	114	164	117	173	123	181	130	188	140	209	173	247	222	306	285	379	362	452	449	547	545	635	648	759	775	878	884	997	972	1000	925	863	694	557	412	334	255	242	195	226	189	230	191	229	189	224	186	213	178	198	168	185	156	167	143	150	131	133	119	118
64	170	1	2	119	0	1953125	12	0.0	356	1.08	0	0	V0.2	0	0	58	81	59	85	62	90	64	93	70	96	79	99	88	101	100	102	111	103	122	104	133	106	145	109	154	112	163	115	171	119	178	126	184	135	205	165	242	214	301	278	374	355	448	444	545	542	632	646	759	775	877	884	997	976	1000	929	862	700	556	415	328	254	233	193	218	186	223	186	222	186	217	182	209	176	194	166	181	156	164	142	146	129	131	118	115
64	170	1	2	119	0	1953125	12	0.0	334	1.08	0	0	V0.2	0	0	63	68	63	72	64	76	64	82	68	86	70	90	77	93	83	97	91	97	101	101	109	101	117	101	123	100	128	99	130	100	133	106	132	115	146	153	179	206	243	275	321	355	401	445	503	545	597	650	729	780	855	888	986	975	1000	918	871	673	564	372	321	199	206	136	176	144	182	155	183	161	183	163	179	162	173	152	161	144	149	135	136	126	124	114	111
64	170	1	2	119	0	1953125	12	0.0	351	1.08	0	0	V0.2	0	0	93	56	94	58	98	66	99	74	100	83	101	94	101	106	102	116	104	126	107	135	110	143	117	150	121	153	128	158	133	161	139	168	142	177	157	207	191	254	251	317	324	392	402	479	502	574	594	677	723	804	849	911	979	999	1000	940	878	694	581	399	348	239	239	184	208	183	206	187	205	186	202	182	194	174	183	162	168	149	154	136	138	124	122	110	107
64	170	1	2	119	0	1953125	12	0.0	334	1.08	0	0	V0.2	0	0	83	44	85	51	86	58	85	65	85	75	85	84	85	94	86	102	88	111	90	118	92	123	95	129	97	133	101	137	101	138	100	144	97	151	111	185	148	234	211	304	290	379	367	469	468	568	560	673	688	803	812	910	941	1000	955	942	835	691	536	391	302	227	181	174	146	179	148	187	151	188	153	186	152	179	148	171	141	158	132	144	123	130	116	115	105
64	170	1	2	119	0	1953125	12	0.0	351	1.08	0	0	V0.2	0	0	86	63	90	64	94	67	98	73	101	80	103	90	104	99	105	112	106	123	107	133	107	143	111	152	112	158	116	164	120	169	123	176	127	185	142	213	178	259	237	322	311	396	385	481	484	576	575	681	704	808	826	914	952	1000	969	941	849	697	559	403	333	248	222	196	190	196	188	198	187	198	185	192	179	184	170	168	159	155	145	140	130	125	118	111	105
64	170	1	2	119	0	1953125	12	0.0	354	1.08	0	0	V0.2	0	0	86	48	87	54	88	61	90	69	90	80	91	91	92	99	94	111	98	120	104	130	110	138	117	145	123	151	131	157	139	163	145	173	151	185	169	219	205	268	265	331	338	405	413	491	511	588	603	691	729	817	850	920	973	1000	985	939	863	694	568	404	344	253	239	208	211	209	211	213	208	212	205	207	197	196	188	182	172	168	159	153	144	137	130	123	117
64	170	1	2	119	0	1953125	12	0.0	351	1.08	0	0	V0.2	0	0	92	60	92	66	93	74	93	84	94	91	94	101	97	109	100	119	106	126	112	132	119	137	127	142	133	145	141	148	147	153	151	159	153	169	167	199	198	248	257	313	331	388	408	476	509	575	601	679	729	807	851	912	982	998	1000	941	876	696	580	403	350	243	238	188	205	189	202	192	199	193	196	188	188	180	177	167	164	154	149	140	134	125	121	112	106
64	170	1	2	119	0	1953125	12	0.0	354	1.08	0	0	V0.2	0	0	52	82	59	82	65	82	73	82	81	84	90	86	98	91	107	95	114	102	122	111	127	119	134	128	138	135	144	144	150	151	157	159	164	166	189	195	229	238	289	302	363	377	437	466	533	562	619	666	742	794	857	905	974	1000	976	957	836	726	532	441	309	283	215	222	201	214	209	211	211	208	208	202	200	194	191	180	175	165	160	151	145	136	130	122	117
64	170	1	2	119	0	1953125	12	0.0	354	1.08	0	0	V0.2	0	0	85	46	87	51	88	58	91	67	90	76	92	87	93	98	95	109	98	120	101	129	105	139	112	146	116	154	123	160	131	167	136	176	142	188	159	220	194	268	252	332	328	406	403	490	499	584	587	685	712	812	832	917	959	1000	974	942	852	697	559	408	335	258	230	214	202	215	202	217	200	217	197	211	190	198	180	185	168	170	155	154	140	138	127	123	115
64	170	1	2	119	0	1953125	12	0.0	351	1.08	0	0	V0.2	0	0	91	60	93	67	94	75	94	83	94	91	94	101	97	110	99	118	105	125	112	133	118	136	127	142	133	144	141	149	145	151	151	158	152	167	168	200	199	247	257	311	332	388	410	475	508	571	600	674	728	805	854	913	984	1000	999	940	876	695	577	401	346	240	235	188	203	187	202	193	199	191	196	188	186	176	176	167	164	153	149	138	135	126	120	110	106
64	170	1	2	119	0	1953125	12	0.0	351	1.08	0	0	V0.2	0	0	53	93	56	96	61	97	67	99	76	100	86	102	96	103	107	105	119	106	129	106	138	109	148	112	156	113	162	115	169	119	175	123	179	129	197	156	231	204	289	270	362	346	436	434	532	530	618	634	744	765	868	876	991	965	1000	918	867	685	562	401	336	239	236	174	213	167	214	170	213	170	208	169	200	163	188	151	171	143	156	130	137	119	124	107	106
64	170	1	2	119	0	1953125	12	0.0	354	1.08	0	0	V0.2	0	0	82	49	86	52	88	58	91	65	92	74	93	84	94	95	96	106	98	118	101	129	104	139	107	148	112	156	117	163	123	170	128	181	134	192	153	223	190	270	249	334	322	406	397	491	492	583	579	683	701	810	822	917	945	999	956	942	833	698	543	413	323	266	219	222	192	221	192	223	192	221	190	215	184	203	173	189	163	173	151	155	137	139	125	123	113
64	170	1	2	119	0	1953125	12	0.0	354	1.08	0	0	V0.2	0	0	68	75	67	80	68	86	69	91	74	96	80	100	89	103	98	107	110	109	122	111	134	113	145	117	156	119	166	123	176	129	185	136	191	147	213	178	248	226	306	290	379	365	452	453	548	545	632	646	755	775	875	883	996	971	1000	923	863	692	560	413	343	259	249	199	230	192	233	193	232	192	225	188	216	180	202	168	184	157	168	145	150	131	133	118	116
64	170	1	2	119	0	1953125	12	0.0	351	1.08	0	0	V0.2	0	0	63	90	63	93	66	98	70	100	77	103	85	105	95	107	107	108	118	109	130	110	139	111	150	112	157	114	165	116	171	118	177	124	181	131	200	159	236	206	294	271	368	349	442	438	540	535	626	638	753	772	875	880	996	973	1000	931	864	702	555	416	329	253	228	186	208	175	213	175	211	175	207	172	199	165	186	155	172	145	155	132	138	120	123	109	106
64	170	1	2	119	0	1953125	12	0.0	334	1.08	0	0	V0.2	0	0	68	70	69	75	69	80	69	85	72	89	74	93	79	97	87	100	96	103	104	105	113	105	121	105	127	104	132	104	135	104	137	110	137	120	150	154	182	207	244	276	323	356	404	447	505	545	597	650	729	783	857	889	987	975	1000	920	875	676	567	376	329	207	212	143	181	146	183	155	186	161	186	163	182	160	174	153	161	144	149	134	135	123	123	114	109
64	170	1	2	119	0	1953125	12	0.0	351	1.08	0	0	V0.2	0	0	85	64	90	65	94	68	98	72	100	79	103	88	104	99	105	111	107	123	108	134	109	144	111	153	113	159	115	166	119	170	122	178	125	186	142	214	175	260	236	323	311	400	389	486	487	581	576	682	704	811	826	915	951	1000	967	945	849	699	560	409	333	251	221	200	189	199	188	201	186	199	184	194	177	182	167	170	157	156	144	140	131	125	117	111	104
64	170	1	2	119	0	1953125	12	0.0	354	1.08	0	0	V0.2	0	0	75	61	76	69	77	75	76	84	78	90	81	96	85	102	93	109	102	113	112	118	123	121	134	124	144	125	154	130	163	134	171	143	177	155	196	188	232	236	291	300	363	376	439	463	535	557	623	658	748	785	870	887	990	970	1000	916	872	681	574	397	351	241	252	186	229	186	230	190	229	188	223	186	215	178	201	168	184	156	168	143	151	131	133	118	116
64	170	1	2	119	0	1953125	12	0.0	351	1.08	0	0	V0.2	0	0	94	55	95	61	96	69	96	78	97	87	97	97	99	107	101	117	104	126	107	133	112	141	118	147	124	152	130	157	135	161	138	169	141	179	156	209	188	256	246	319	320	395	397	484	497	579	586	681	713	810	838	915	962	1000	979	944	860	700	568	409	340	251	227	199	193	198	191	201	189	201	187	196	181	186	170	172	157	160	144	143	131	129	118	114	104
64	170	1	2	119	0	1953125	12	0.0	354	1.08	0	0	V0.2	0	0	78	58	79	65	79	73	79	81	80	89	82	96	87	103	94	110	101	115	111	121	121	124	133	128	142	130	152	134	161	139	169	148	176	160	195	194	230	242	287	305	360	380	436	467	532	560	620	664	745	789	867	890	989	972	1000	918	872	679	575	397	353	242	253	189	229	188	231	193	229	192	223	190	214	180	199	171	185	157	168	144	150	131	132	119	118
64	170	1	2	119	0	1953125	12	0.0	351	1.08	0	0	V0.2	0	0	93	58	93	65	94	73	95	83	95	92	96	101	98	110	102	119	106	126	111	133	117	139	125	144	131	147	137	150	143	154	148	162	150	172	165	204	197	252	256	317	332	393	408	482	510	580	602	684	730	814	855	917	982	1000	994	940	873	695	577	401	348	242	235	189	202	190	201	195	197	194	194	190	185	179	175	169	163	155	150	141	134	127	121	113	106
64	170	1	2	119	0	1953125	12	0.0	354	1.08	0	0	V0.2	0	0	84	54	85	61	85	69	85	78	86	86	87	95	89	104	94	112	101	119	109	126	118	132	127	136	135	140	145	145	154	151	163	160	169	172	188	206	223	255	281	319	353	393	429	478	525	570	613	674	740	801	863	904	987	983	1000	928	873	686	579	400	356	248	254	197	227	197	227	202	226	201	220	196	211	188	199	176	182	162	168	148	150	134	134	121	119
64	170	1	2	119	0	1953125	12	0.0	334	1.08	0	0	V0.2	0	0	81	45	81	52	82	59	82	67	82	75	81	84	83	92	83	101	87	108	89	114	92	120	96	123	98	126	101	129	101	132	101	138	99	147	112	180	148	232	212	299	289	377	370	468	472	566	564	673	695	805	822	913	951	1000	964	941	844	691	548	391	311	224	186	168	149	174	151	183	154	187	158	185	154	178	149	170	143	158	134	145	126	131	118	119	107
64	170	1	2	119	0	1953125	12	0.0	334	1.08	0	0	V0.2	0	0	79	46	82	48	84	52	86	58	87	64	88	72	87	82	87	93	86	103	86	112	84	119	82	124	80	127	79	130	77	131	73	134	71	136	88	165	132	215	195	284	277	363	355	457	459	559	551	668	682	803	808	912	932	1000	943	946	823	699	531	398	293	224	163	161	123	163	126	172	134	177	138	177	141	173	139	162	132	152	125	139	119	126	110	113	102
64	170	1	2	119	0	1953125	12	0.0	334	1.08	0	0	V0.2	0	0	72	52	75	52	78	53	81	58	85	63	85	70	87	78	87	88	89	97	87	105	85	115	85	121	81	126	80	127	78	129	77	131	77	135	98	160	141	209	205	277	284	357	362	450	462	550	552	660	683	796	805	908	929	1000	936	949	811	704	516	405	280	233	152	168	117	169	125	177	134	179	139	180	139	171	135	162	134	153	126	141	119	129	112	115	105
64	170	1	2	119	0	1953125	12	0.0	354	1.08	0	0	V0.2	0	0	59	72	65	73	72	72	79	73	87	77	93	81	98	88	103	98	106	108	109	119	112	131	114	141	115	151	119	159	122	168	127	178	132	188	154	218	192	262	250	326	323	398	395	483	488	577	575	678	695	804	814	911	931	1000	938	943	813	704	527	423	310	274	207	226	181	223	184	225	186	222	184	216	177	201	168	187	159	172	146	155	136	138	123	122	111
64	170	1	2	119	0	1953125	12	0.0	334	1.08	0	0	V0.2	0	0	79	46	79	52	80	59	80	66	79	74	79	83	81	92	83	100	85	107	88	112	92	119	96	123	99	124	101	127	102	130	102	135	99	144	111	178	146	230	211	297	289	375	369	467	472	565	563	671	696	804	823	913	953	1000	967	942	847	689	549	389	312	221	187	165	149	173	152	181	155	185	157	184	155	179	154	171	144	159	136	145	126	133	118	119	108
64	170	1	2	119	0	1953125	12	0.0	334	1.08	0	0	V0.2	0	0	81	38	83	44	83	52	83	60	82	69	82	79	81	89	82	97	81	105	84	112	86	118	89	120	91	122	94	123	94	124	92	128	90	137	101	170	138	224	203	292	285	371	368	464	473	561	565	670	702	803	833	912	969	1000	984	938	863	683	562	379	320	204	193	143	155	150	156	161	161	168	164	169	164	167	159	159	149	148	141	137	128	126	119	115	108
64	170	1	2	119	0	1953125	12	0.0	336	1.08	0	0	V0.2	0	0	66	56	71	56	74	56	78	59	82	63	86	69	88	78	90	87	91	96	91	105	90	114	88	121	87	126	85	129	85	132	84	135	86	139	108	164	152	213	215	280	293	360	370	451	469	551	556	657	684	793	806	906	928	1000	931	948	806	705	509	408	275	241	153	177	121	178	132	184	140	187	145	185	146	179	143	168	137	158	131	143	122	129	115	117	106
64	170	1	2	119	0	1953125	12	0.0	354	1.08	0	0	V0.2	0	0	46	82	54	82	61	83	70	82	79	82	88	85	96	87	104	94	112	101	118	110	122	120	128	130	130	139	133	148	139	156	143	166	149	174	173	203	211	246	269	309	341	384	413	471	505	564	588	667	710	797	827	907	941	1000	942	952	809	716	514	436	297	286	198	231	177	226	184	226	186	222	185	217	180	205	170	189	159	174	146	156	134	139	123	122	111
