34928	35048	35167	35286	35405	35524	35644	35763	35882	36001	36120	36240	36359	36478	36597	36716	36836	36955	37074	37193	37313	37432	37551	37670	37789	37909	38028	38147	38266	38385	38505	38624	38743	38862	38981	39101	39220	39339	39458	39577	39697	39816	39935	40054	40174	40293	40412	40531	40650	40770	40889	41008	41127	41246	41366	41485	41604	41723	41842	41962	42081	42200	42319	42439	42558	42677	42796	42915	43035	43154	43273	43392	43511	43631	43750	43869	43988	44107	44227	44346	44465	44584	44703	44823	44942
64	170	1	2	119	0	1953125	12	0.0	0	0.60	0	0	V0.2	0	0	29	25	21	26	33	31	24	27	36	37	30	28	36	43	38	32	37	46	46	38	37	46	51	44	38	42	50	55	48	52	62	89	98	104	122	153	195	200	229	275	315	363	346	431	463	513	532	535	678	673	779	758	870	1000	938	912	783	753	613	412	308	224	203	132	94	61	69	90	87	75	60	72	81	78	65	57	67	70	60	50	49	55	51	41	35
64	170	1	2	119	0	1953125	12	0.0	0	0.60	0	0	V0.2	0	0	27	30	26	22	29	34	31	25	30	38	37	30	31	41	44	36	32	42	50	45	35	39	50	50	40	33	44	56	53	50	51	82	100	107	115	141	191	203	226	263	308	365	345	419	454	513	534	525	667	673	781	750	860	1000	939	905	778	758	615	405	306	232	208	129	84	60	75	93	82	65	55	76	81	69	55	60	71	66	51	47	56	56	43	34	40
64	170	1	2	119	0	1953125	12	0.0	0	0.60	0	0	V0.2	0	0	24	32	28	21	25	34	34	26	26	37	39	31	27	39	46	40	32	39	51	48	37	37	51	54	46	36	45	61	60	57	55	85	105	114	119	143	195	210	230	264	312	370	349	420	456	517	536	526	667	677	784	750	856	1000	942	901	773	754	613	402	303	232	209	130	87	63	80	99	86	68	61	81	87	71	58	65	75	68	51	50	59	58	43	36	45
64	170	1	2	119	0	1953125	12	0.0	0	0.60	0	0	V0.2	0	0	28	31	25	22	29	34	30	24	30	38	37	28	30	41	44	35	32	43	50	44	34	39	51	49	40	34	45	56	52	50	52	82	100	107	115	142	193	204	226	263	310	366	345	420	455	515	534	525	669	675	781	750	859	1000	941	905	777	756	616	406	305	231	207	129	85	60	73	92	81	65	56	75	82	70	56	59	71	66	52	47	54	56	44	34	39
64	170	1	2	119	0	1953125	12	0.0	0	0.60	0	0	V0.2	0	0	28	30	24	21	30	35	30	23	31	39	36	28	31	42	44	35	32	44	49	43	35	40	52	50	40	36	47	59	54	52	55	86	102	109	118	147	195	205	227	267	313	366	346	423	460	516	534	528	672	676	782	754	862	1000	940	907	779	755	615	406	307	228	207	132	89	62	75	94	85	71	60	75	85	74	60	61	71	68	55	50	55	56	46	38	40
64	170	1	2	119	0	1953125	12	0.0	0	0.60	0	0	V0.2	0	0	29	30	24	21	30	35	30	23	30	39	37	28	31	42	44	35	32	44	50	44	34	40	53	50	39	34	46	58	54	51	54	86	103	108	117	145	195	205	226	265	311	366	345	421	458	515	533	526	670	675	782	751	860	1000	939	904	776	753	613	406	306	228	206	130	88	61	73	92	83	70	59	77	81	73	59	61	70	66	54	49	55	56	45	37	40
64	170	1	2	119	0	1953125	12	0.0	0	0.60	0	0	V0.2	0	0	28	30	24	20	29	35	30	23	30	39	37	27	30	41	44	36	31	43	50	44	34	40	53	51	41	35	47	59	55	52	56	87	103	109	117	146	196	205	227	266	313	368	346	422	458	514	534	526	669	676	781	752	861	1000	940	905	777	753	613	406	306	227	206	132	89	64	75	94	84	70	62	77	84	73	61	62	71	68	55	50	55	55	46	38	40
64	170	1	2	119	0	1953125	12	0.0	0	0.60	0	0	V0.2	0	0	29	31	24	22	30	35	30	24	32	40	37	27	32	43	44	34	32	44	51	43	33	41	53	49	38	34	46	57	51	48	52	84	100	106	115	144	194	204	225	265	311	367	345	421	458	515	532	526	669	675	779	751	859	999	940	904	778	755	615	406	306	230	206	129	86	60	72	90	81	67	57	73	78	70	58	58	69	66	52	47	54	54	44	35	38
64	170	1	2	119	0	1953125	12	0.0	0	0.59	0	0	V0.2	0	0	55	56	57	58	60	61	63	65	67	68	71	73	75	77	79	82	85	87	92	96	99	105	109	117	122	131	141	148	162	168	182	195	202	226	237	256	275	277	323	329	354	386	358	446	400	478	485	499	611	572	754	760	863	954	906	1000	905	837	761	596	552	439	372	323	258	239	200	186	168	152	147	131	128	118	111	106	99	95	91	86	83	79	75	72	69
64	170	1	2	119	0	1953125	12	0.0	0	0.59	0	0	V0.2	0	0	19	25	27	22	19	24	30	29	23	23	30	34	30	24	28	35	36	30	26	33	38	33	25	23	30	32	26	21	18	36	48	69	70	84	115	144	175	179	222	272	304	344	336	433	457	499	522	538	681	665	770	764	880	1000	936	924	798	753	619	420	319	224	193	126	82	48	42	58	59	58	42	44	51	58	55	46	45	50	52	47	40	40	42	41	34
64	170	1	2	119	0	1953125	12	0.0	0	0.60	0	0	V0.2	0	0	27	30	25	21	28	34	31	24	28	37	37	29	30	40	44	37	31	42	50	45	35	38	51	51	42	36	45	58	56	54	55	85	103	111	119	145	195	208	229	266	312	369	348	423	459	516	536	527	670	677	781	751	857	1000	940	902	776	754	614	403	303	229	208	131	87	61	76	96	85	69	58	78	84	72	58	62	74	68	53	49	57	57	44	36	42
64	170	1	2	119	0	1953125	12	0.0	0	0.60	0	0	V0.2	0	0	28	30	24	21	30	35	30	23	30	39	36	27	30	42	44	34	31	43	50	43	33	40	52	50	39	34	46	57	53	50	53	85	101	107	116	144	195	204	226	265	311	367	345	422	458	515	534	527	671	676	781	751	861	1000	938	903	779	755	613	406	306	230	205	129	87	63	75	93	82	68	59	77	83	71	59	62	71	66	53	48	55	56	45	36	40
64	170	1	2	119	0	1953125	12	0.0	0	0.60	0	0	V0.2	0	0	28	31	24	20	30	35	30	23	30	39	37	27	30	42	44	35	31	43	50	44	34	40	52	50	40	35	47	59	55	52	54	86	103	108	116	145	195	206	226	266	311	367	345	422	459	515	534	526	672	675	782	752	861	1000	936	905	778	754	612	405	307	229	205	129	88	62	75	93	83	69	60	77	82	72	60	62	71	67	54	50	55	56	45	37	40
64	170	1	2	119	0	1953125	12	0.0	0	0.60	0	0	V0.2	0	0	25	31	28	22	26	34	33	25	27	37	39	31	29	39	45	38	31	39	49	46	35	36	49	52	42	33	41	56	55	52	50	80	101	110	116	139	191	207	228	261	307	368	348	418	453	514	537	522	665	673	784	748	855	1000	940	902	772	755	615	401	302	231	209	129	82	59	75	94	81	63	54	76	80	67	54	60	73	66	49	46	57	57	41	33	41
64	170	1	2	119	0	1953125	12	0.0	0	0.60	0	0	V0.2	0	0	25	31	28	21	26	34	33	25	26	37	39	31	28	39	46	39	31	40	50	48	37	37	51	54	45	35	45	59	58	56	55	85	104	113	119	144	195	209	229	264	310	369	349	420	456	516	538	525	667	675	784	751	855	1000	940	902	773	754	614	402	303	229	208	130	86	63	79	97	85	68	60	81	88	72	58	64	75	68	52	49	58	58	43	36	44
64	170	1	2	119	0	1953125	12	0.0	0	0.60	0	0	V0.2	0	0	26	32	28	21	27	35	33	25	27	38	39	30	28	40	45	39	31	40	50	46	35	37	50	52	42	32	42	56	55	51	50	80	102	110	115	139	192	206	227	261	308	368	347	417	454	514	537	523	665	674	783	749	853	1000	940	901	775	756	615	402	305	232	208	128	83	60	75	94	81	63	56	78	82	68	55	62	73	65	49	47	57	56	41	34	42
64	170	1	2	119	0	1953125	12	0.0	0	0.60	0	0	V0.2	0	0	25	22	25	29	29	26	26	32	33	32	30	34	37	38	36	36	41	43	42	40	42	45	47	42	42	45	49	51	48	57	64	86	94	105	128	153	190	200	234	277	312	361	350	436	462	510	538	541	681	672	783	768	873	1000	941	923	784	750	617	417	309	220	203	137	98	60	65	90	91	80	59	67	84	82	67	54	65	73	65	49	46	56	56	43	32
64	170	1	2	119	0	1953125	12	0.0	0	0.60	0	0	V0.2	0	0	26	30	26	21	28	34	31	24	29	37	37	29	30	40	44	37	31	41	49	45	35	38	51	50	41	34	44	56	54	51	52	82	101	109	116	142	192	206	227	263	308	368	346	420	455	514	536	525	669	674	782	749	855	1000	936	902	773	753	614	401	303	229	207	129	85	60	75	94	83	66	55	78	82	70	56	61	72	67	51	47	57	57	44	35	41
64	170	1	2	119	0	1953125	12	0.0	0	0.60	0	0	V0.2	0	0	29	31	24	20	30	35	30	23	30	39	37	27	29	42	44	35	31	43	50	44	34	39	53	51	40	35	47	59	55	51	55	87	103	110	118	146	196	206	227	266	312	368	346	422	460	516	535	525	672	675	781	751	857	1000	934	903	772	752	611	402	304	227	205	129	88	60	74	93	84	69	59	76	81	72	60	62	71	67	54	49	55	55	45	37	40
64	170	1	2	119	0	1953125	12	0.0	0	0.60	0	0	V0.2	0	0	29	31	24	21	31	36	30	22	31	40	37	27	31	42	44	34	30	45	50	43	32	40	53	50	38	34	46	58	52	48	51	84	102	107	114	143	194	204	225	264	311	366	343	419	458	515	533	524	669	674	778	748	856	1000	936	899	773	752	612	403	305	228	205	129	86	60	72	90	81	67	56	75	79	70	57	59	69	65	53	48	54	55	44	36	38
64	170	1	2	119	0	1953125	12	0.0	0	0.60	0	0	V0.2	0	0	27	30	25	21	29	35	31	24	29	39	38	30	29	42	45	37	32	42	51	46	35	39	52	52	43	36	48	60	56	54	56	87	105	111	120	147	197	208	229	267	313	369	348	424	460	517	536	527	670	676	781	750	857	999	939	899	772	752	612	402	301	227	206	131	89	62	77	97	87	71	59	79	85	72	61	61	73	69	54	49	56	58	45	37	41
64	170	1	2	119	0	1953125	12	0.0	0	0.60	0	0	V0.2	0	0	26	32	28	21	26	35	33	25	28	38	39	30	28	39	45	38	30	40	50	46	35	37	51	51	42	32	42	57	54	52	49	80	102	110	115	139	192	206	227	261	307	368	347	417	454	515	536	522	666	673	782	747	855	1000	938	901	772	755	613	401	302	231	208	127	82	60	75	94	81	63	56	77	82	69	52	61	73	65	49	47	57	56	42	33	41
64	170	1	2	119	0	1953125	12	0.0	0	0.60	0	0	V0.2	0	0	24	30	28	22	25	32	33	25	26	36	38	32	28	38	44	40	32	39	49	47	37	36	49	52	45	35	42	57	57	55	53	82	103	112	119	142	194	208	230	264	309	369	349	420	455	516	539	527	668	676	785	750	856	1000	940	901	772	756	614	401	301	231	209	129	84	60	78	98	85	64	58	80	86	70	57	64	74	68	50	48	59	59	42	34	44
64	170	1	2	119	0	1953125	12	0.0	0	0.60	0	0	V0.2	0	0	25	31	27	21	26	34	33	24	27	37	38	30	28	38	45	38	30	40	50	46	35	36	50	52	42	33	43	58	56	53	51	82	103	111	116	141	194	208	229	262	310	369	349	420	456	517	538	525	669	677	786	749	857	1000	940	901	773	756	613	400	303	231	208	127	83	62	77	95	82	64	58	80	83	69	55	62	74	67	50	49	59	57	42	34	43
64	170	1	2	119	0	1953125	12	0.0	0	0.60	0	0	V0.2	0	0	24	29	27	22	26	32	33	26	26	36	38	31	28	37	44	39	32	39	48	47	37	36	49	52	44	35	43	57	57	56	53	82	103	113	119	142	194	209	230	264	309	370	350	421	455	516	539	527	668	677	786	751	856	1000	943	902	773	756	615	402	301	231	209	130	84	60	78	98	85	66	59	81	86	71	57	63	76	68	50	48	60	59	43	34	43
64	170	1	2	119	0	1953125	12	0.0	0	0.60	0	0	V0.2	0	0	24	31	28	21	26	34	33	25	27	37	39	32	28	39	46	40	32	40	50	48	37	37	51	54	45	35	44	59	59	57	55	84	105	114	119	144	196	210	231	264	310	371	349	421	457	518	539	526	668	677	784	751	855	1000	938	901	770	754	612	402	302	230	209	131	86	62	79	97	86	68	59	82	86	71	58	64	76	68	51	50	60	58	43	36	44
64	170	1	2	119	0	1953125	12	0.0	0	0.60	0	0	V0.2	0	0	24	31	28	21	26	34	33	25	27	37	39	32	28	39	46	40	32	40	50	48	37	37	51	54	45	35	44	59	59	57	55	84	105	114	119	144	196	210	231	264	310	371	349	421	457	518	539	526	668	677	784	751	855	1000	938	901	770	754	612	402	302	230	209	131	86	62	79	97	86	68	59	82	86	71	58	64	76	68	51	50	60	58	43	36	44
64	170	1	2	119	0	1953125	12	0.0	0	0.60	0	0	V0.2	0	0	26	31	27	21	27	34	33	25	27	37	39	30	29	39	45	38	31	40	50	46	35	37	50	51	42	33	42	56	54	51	49	79	101	109	115	139	192	206	227	261	306	367	346	418	454	514	536	523	666	674	783	750	855	1000	940	902	774	755	615	403	305	232	209	129	83	61	75	93	81	63	58	76	83	69	54	60	72	66	49	47	57	57	43	32	41
64	170	1	2	119	0	1953125	12	0.0	0	0.60	0	0	V0.2	0	0	29	28	21	24	32	33	27	24	34	38	33	26	34	43	41	32	34	46	48	40	35	43	52	47	38	38	48	57	49	49	56	87	100	105	118	148	194	201	226	269	312	364	344	425	460	513	534	530	674	674	780	756	864	1000	938	909	781	753	613	409	308	226	203	131	91	62	71	91	83	72	58	73	80	74	62	58	68	67	57	49	52	55	48	39	37
64	170	1	2	119	0	1953125	12	0.0	0	0.60	0	0	V0.2	0	0	29	28	21	24	32	33	27	24	34	38	33	26	34	43	41	32	34	46	48	40	35	43	52	47	38	38	48	57	49	49	56	87	100	105	118	148	194	201	226	269	312	364	344	425	460	513	534	530	674	674	780	756	864	1000	938	909	781	753	613	409	308	226	203	131	91	62	71	91	83	72	58	73	80	74	62	58	68	67	57	49	52	55	48	39	37
64	170	1	2	119	0	1953125	12	0.0	0	0.60	0	0	V0.2	0	0	28	31	24	20	29	35	29	23	30	39	37	28	30	42	44	35	31	43	50	44	34	39	52	51	41	35	46	59	55	52	55	86	103	109	117	146	195	205	227	267	313	368	346	422	459	515	535	526	672	675	781	751	859	1000	937	901	776	752	612	402	304	228	206	128	88	62	74	94	85	69	59	77	84	73	59	62	72	67	54	49	55	56	46	37	41
64	170	1	2	119	0	1953125	12	0.0	0	0.60	0	0	V0.2	0	0	29	30	24	22	31	35	29	24	32	39	36	28	32	43	43	34	33	44	50	42	34	41	52	48	38	35	46	56	51	49	53	84	100	105	115	144	193	203	225	265	311	365	344	420	457	513	534	526	671	673	780	751	859	1000	937	905	777	753	613	405	307	228	205	129	86	60	72	90	82	67	56	73	78	71	58	59	68	66	53	47	53	55	45	35	38
64	170	1	2	119	0	1953125	12	0.0	0	0.60	0	0	V0.2	0	0	27	30	25	21	29	35	30	23	30	39	38	29	30	42	45	37	32	43	50	46	36	40	53	51	42	37	48	60	56	54	56	87	103	110	119	147	196	206	228	267	313	368	346	423	459	515	536	528	672	676	782	753	859	1000	938	905	777	753	612	404	306	228	207	131	90	64	77	96	85	70	60	79	83	73	60	62	73	68	54	50	56	56	45	37	41
64	170	1	2	119	0	1953125	12	0.0	0	0.60	0	0	V0.2	0	0	29	29	23	23	31	34	28	25	33	39	34	28	34	42	41	33	34	45	49	41	35	42	52	48	38	36	46	55	49	48	54	84	98	104	116	145	192	201	225	266	309	363	344	423	458	512	534	528	673	673	781	755	863	1000	937	909	781	755	614	407	309	228	205	129	88	61	71	90	81	67	56	72	80	70	59	58	67	66	54	47	52	54	46	36	37
64	170	1	2	119	0	1953125	12	0.0	0	0.60	0	0	V0.2	0	0	29	31	24	20	30	35	30	22	30	39	37	27	30	42	44	35	31	43	51	44	33	40	53	51	40	35	47	59	55	52	55	87	103	109	117	146	196	206	227	267	313	368	346	423	460	516	535	527	673	676	781	752	861	1000	935	903	776	754	611	403	306	228	205	129	88	62	75	93	84	70	59	78	83	73	61	62	71	67	54	50	56	56	45	38	41
64	170	1	2	119	0	1953125	12	0.0	0	0.60	0	0	V0.2	0	0	30	28	21	24	33	34	26	24	34	40	33	26	35	44	41	31	34	47	49	39	34	44	53	46	36	38	49	57	49	49	57	88	100	104	118	149	195	201	226	270	313	364	344	426	463	514	533	530	676	675	779	755	866	1000	936	907	781	752	612	409	308	225	203	131	91	64	70	89	83	72	60	72	79	74	62	58	67	67	58	49	51	54	48	39	37
64	170	1	2	119	0	1953125	12	0.0	0	0.60	0	0	V0.2	0	0	27	30	25	21	28	34	30	24	29	37	37	28	29	40	44	37	31	42	49	44	35	38	51	50	42	35	45	58	55	53	55	85	102	110	118	145	194	206	228	266	311	368	347	422	458	515	537	527	670	675	784	753	859	1000	938	905	775	754	612	404	304	228	207	130	88	62	75	95	85	68	58	79	83	72	58	62	73	68	53	49	56	57	45	36	41
64	170	1	2	119	0	1953125	12	0.0	0	0.60	0	0	V0.2	0	0	32	29	23	27	35	35	27	27	36	40	33	28	37	44	41	32	37	48	49	39	36	45	52	45	36	38	48	53	45	45	54	83	95	100	114	145	190	198	223	267	310	361	342	423	459	510	532	528	674	672	778	757	863	1000	936	912	784	753	615	411	311	228	204	131	89	60	67	86	79	68	53	68	74	70	58	54	62	63	54	46	47	51	46	36	33
64	170	1	2	119	0	1953125	12	0.0	0	0.60	0	0	V0.2	0	0	25	30	28	21	25	34	33	25	27	37	39	32	28	38	45	39	31	39	50	48	36	37	50	53	44	35	44	59	58	56	54	84	104	113	118	142	194	209	229	264	310	369	349	419	456	515	538	525	669	676	783	751	853	1000	936	902	774	753	613	400	304	231	209	130	86	64	80	98	85	67	60	83	85	72	58	65	75	68	52	50	59	58	43	36	44
64	170	1	2	119	0	1953125	12	0.0	0	0.60	0	0	V0.2	0	0	29	31	24	21	31	35	29	23	32	40	36	27	32	43	44	34	32	45	50	42	33	41	52	49	37	34	46	57	50	47	51	83	99	104	113	143	192	202	223	263	309	364	343	419	458	511	532	524	671	672	776	750	857	1000	932	903	780	754	611	403	309	230	205	128	86	62	73	90	79	65	58	74	81	69	57	60	68	64	52	48	54	53	43	35	38
64	170	1	2	119	0	1953125	12	0.0	0	0.60	0	0	V0.2	0	0	28	31	23	21	30	35	29	22	30	39	36	27	30	42	44	35	31	43	50	43	33	40	52	50	39	35	47	58	53	51	54	86	102	108	117	146	195	205	226	266	311	366	345	421	460	514	534	526	672	675	778	753	859	1000	931	901	776	752	610	401	307	229	205	128	87	63	75	93	82	69	59	78	83	71	60	62	71	66	54	50	55	55	45	38	41
64	170	1	2	119	0	1953125	12	0.0	0	0.60	0	0	V0.2	0	0	29	30	24	21	30	35	29	23	31	39	36	27	31	42	43	34	31	43	50	43	33	40	52	49	38	35	46	57	52	49	53	85	101	107	116	145	194	204	226	265	311	365	345	421	459	514	535	526	671	674	779	752	859	1000	935	903	775	752	611	403	306	228	205	129	88	62	72	91	82	69	58	75	80	70	59	60	70	66	54	48	54	55	45	37	39
64	170	1	2	119	0	1953125	12	0.0	0	0.60	0	0	V0.2	0	0	25	31	28	21	26	34	32	24	27	38	39	31	28	39	45	39	30	40	49	47	36	37	50	52	44	34	43	58	56	54	52	83	103	112	118	142	194	208	229	264	310	369	348	420	456	515	538	525	667	676	783	751	853	999	938	900	771	753	613	401	301	229	208	130	85	60	76	97	84	66	58	78	86	71	57	63	74	67	51	48	58	58	43	35	43
64	170	1	2	119	0	1953125	12	0.0	0	0.60	0	0	V0.2	0	0	26	32	28	21	27	35	33	25	28	37	39	31	28	39	45	38	31	40	51	46	35	36	50	52	41	32	42	57	55	52	49	80	102	110	115	139	191	207	227	260	307	369	346	417	453	514	538	522	666	674	782	749	851	1000	938	902	771	753	614	401	303	230	208	128	82	60	75	94	81	63	57	75	81	68	54	61	72	66	49	47	57	56	41	33	41
64	170	1	2	119	0	1953125	12	0.0	0	0.60	0	0	V0.2	0	0	29	29	23	23	31	34	28	24	32	39	35	28	33	42	43	34	34	45	50	42	36	43	53	49	40	39	50	59	53	53	60	88	102	108	120	150	196	204	228	270	313	366	346	426	462	513	536	530	674	675	780	755	863	1000	938	909	779	750	613	407	307	225	204	133	92	64	74	94	87	74	62	74	82	75	63	61	70	68	57	50	53	56	48	39	38
64	170	1	2	119	0	1953125	12	0.0	0	0.60	0	0	V0.2	0	0	29	30	23	22	31	36	29	23	31	39	36	27	31	43	44	34	32	44	50	43	33	40	52	49	37	34	46	57	51	48	52	84	100	105	114	143	193	203	224	264	309	365	343	419	458	512	533	524	671	674	778	751	859	1000	934	902	777	753	613	404	307	230	206	129	85	61	72	90	81	66	56	74	80	69	57	59	69	65	52	47	54	54	44	36	39
64	170	1	2	119	0	1953125	12	0.0	0	0.60	0	0	V0.2	0	0	28	30	23	21	30	34	29	23	31	38	36	28	31	42	43	35	32	44	49	43	35	40	52	50	40	36	47	58	53	52	56	87	102	108	118	146	194	204	227	267	311	366	346	421	460	513	536	527	672	675	781	754	859	1000	935	904	777	751	613	404	306	228	205	130	89	63	74	93	85	71	60	76	81	73	60	61	71	68	55	49	55	56	46	37	40
64	170	1	2	119	0	1953125	12	0.0	0	0.60	0	0	V0.2	0	0	25	31	27	21	26	34	33	25	26	37	39	30	28	39	45	38	30	40	50	47	35	36	50	52	43	32	43	58	56	53	50	82	103	111	116	140	193	208	228	261	308	369	348	419	456	516	538	524	666	675	782	750	853	1000	940	900	774	754	614	401	303	231	208	129	83	61	77	94	82	65	57	80	83	69	55	62	74	66	49	48	58	57	42	34	42
64	170	1	2	119	0	1953125	12	0.0	0	0.60	0	0	V0.2	0	0	28	31	24	20	30	35	30	22	29	40	37	27	29	42	45	35	30	43	51	45	34	39	53	51	40	35	47	60	56	52	55	87	104	109	117	146	196	206	227	266	313	368	346	421	461	515	536	526	672	677	780	752	857	1000	936	902	776	751	612	403	304	228	205	129	88	62	75	94	85	71	60	77	83	73	60	62	72	67	55	50	56	56	46	38	41
64	170	1	2	119	0	1953125	12	0.0	0	0.60	0	0	V0.2	0	0	31	33	25	23	32	37	30	24	33	42	38	29	32	44	45	35	32	45	52	44	34	41	53	50	38	34	45	56	50	46	50	81	98	103	112	139	191	202	223	261	308	364	343	417	456	510	534	522	668	673	778	751	854	1000	938	906	778	751	616	406	308	230	206	130	85	62	70	89	78	65	56	70	78	68	56	56	66	63	51	45	51	53	42	34	36
64	170	1	2	119	0	1953125	12	0.0	0	0.60	0	0	V0.2	0	0	28	31	24	21	29	35	31	23	30	39	38	29	30	42	45	37	32	43	51	45	35	40	53	52	42	37	48	60	56	54	56	88	104	110	119	146	196	207	227	267	312	369	347	422	460	515	537	526	671	676	781	754	855	1000	938	906	775	749	614	405	305	227	206	132	90	63	75	95	87	72	61	79	84	74	61	62	72	68	56	50	55	56	46	38	41
64	170	1	2	119	0	1953125	12	0.0	0	0.60	0	0	V0.2	0	0	29	31	24	21	30	35	30	23	31	39	37	27	30	42	44	34	31	44	50	43	33	39	52	50	38	33	45	57	52	49	52	83	101	107	115	142	193	204	225	264	309	366	344	419	458	512	535	523	669	674	778	751	853	1000	934	902	773	748	614	404	305	227	205	129	87	60	71	91	81	68	57	72	78	71	58	59	69	65	53	48	53	54	45	36	39
64	170	1	2	119	0	1953125	12	0.0	0	0.60	0	0	V0.2	0	0	28	31	24	20	29	35	30	23	29	39	37	27	30	42	45	36	31	43	50	45	34	39	52	51	40	35	47	59	55	52	55	86	103	109	117	145	195	206	226	266	311	368	346	421	460	513	536	523	669	674	779	752	853	1000	933	903	773	748	612	403	304	225	204	130	88	62	73	93	84	70	61	75	83	73	60	61	71	67	55	49	55	56	46	38	40
64	170	1	2	119	0	1953125	12	0.0	0	0.60	0	0	V0.2	0	0	25	31	27	21	26	34	33	25	27	37	39	31	28	39	45	38	31	39	50	47	36	36	50	52	43	33	42	57	55	53	50	81	101	111	116	139	191	207	228	261	307	368	349	417	454	513	540	523	665	674	783	753	850	1000	937	905	775	751	615	403	305	230	207	129	84	62	76	94	82	65	57	77	81	68	55	61	73	66	49	48	58	57	43	33	41
64	170	1	2	119	0	1953125	12	0.0	0	0.59	0	0	V0.2	0	0	26	20	18	25	30	26	19	24	33	32	23	23	34	37	29	23	31	39	36	25	26	35	38	28	18	24	29	33	27	27	34	67	81	89	101	131	180	188	213	256	300	353	332	415	450	501	525	517	666	665	772	752	855	1000	933	909	785	753	620	408	312	231	200	123	72	49	50	66	59	50	35	48	58	58	47	42	51	55	49	40	39	45	43	35	31
64	170	1	2	119	0	1953125	12	0.0	0	0.59	0	0	V0.2	0	0	26	20	18	25	30	26	19	24	33	32	23	23	34	37	29	23	31	39	36	25	26	35	38	28	18	24	29	33	27	27	34	67	81	89	101	131	180	188	213	256	300	353	332	415	450	501	525	517	666	665	772	752	855	1000	933	909	785	753	620	408	312	231	200	123	72	49	50	66	59	50	35	48	58	58	47	42	51	55	49	40	39	45	43	35	31
64	170	1	2	119	0	1953125	12	0.0	0	0.60	0	0	V0.2	0	0	27	30	25	21	28	34	30	24	29	38	37	29	30	41	44	37	32	42	50	45	36	40	52	51	42	37	47	59	56	54	56	86	103	110	119	146	195	206	228	267	310	367	347	422	460	512	538	526	672	675	780	756	855	1000	931	903	777	749	613	403	307	228	205	132	89	64	77	95	86	71	62	77	83	73	61	63	72	68	55	50	57	56	45	37	41
64	170	1	2	119	0	1953125	12	0.0	0	0.60	0	0	V0.2	0	0	27	33	29	22	28	36	34	27	29	38	40	32	29	41	46	39	32	41	51	46	35	37	50	51	42	32	41	55	53	49	47	77	98	107	113	136	188	204	224	258	303	365	345	415	453	510	538	520	665	673	781	752	849	1000	936	902	773	753	616	402	306	233	208	128	82	61	74	90	78	61	53	72	80	65	51	58	70	63	47	44	55	55	40	31	39
64	170	1	2	119	0	1953125	12	0.0	0	0.60	0	0	V0.2	0	0	28	30	24	20	29	35	30	23	30	39	37	27	29	41	44	36	31	43	50	44	33	39	52	51	40	35	47	59	55	51	54	86	103	108	117	145	195	205	226	266	310	367	346	420	460	513	536	523	670	675	778	754	854	1000	935	902	775	749	612	402	304	227	204	130	88	62	74	93	84	71	60	76	82	73	60	62	72	67	55	50	55	56	46	38	41
64	170	1	2	119	0	1953125	12	0.0	0	0.60	0	0	V0.2	0	0	26	30	25	21	28	33	30	24	29	37	37	29	30	40	43	36	32	41	49	44	35	39	51	50	41	35	45	57	54	52	54	84	102	108	117	143	192	205	226	265	309	366	347	419	458	511	539	526	669	674	780	755	853	1000	935	905	778	750	615	405	306	229	206	131	87	61	74	94	83	69	59	76	81	72	59	61	73	68	53	48	57	57	45	36	41
64	170	1	2	119	0	1953125	12	0.0	0	0.60	0	0	V0.2	0	0	28	31	24	20	29	35	30	22	30	39	37	28	29	42	45	35	31	43	50	44	34	40	52	51	40	36	47	59	54	51	55	85	103	108	117	145	194	205	226	266	312	367	347	419	461	512	537	526	671	677	779	756	856	1000	936	905	779	749	613	404	306	228	204	131	88	63	74	93	83	69	61	76	82	74	61	61	71	67	55	50	55	55	46	38	40
64	170	1	2	119	0	1953125	12	0.0	0	0.60	0	0	V0.2	0	0	25	31	28	22	26	35	34	25	28	38	39	31	28	39	45	39	31	40	50	47	35	35	50	53	42	32	42	57	56	52	49	80	102	110	116	139	192	208	228	261	307	370	349	418	456	514	541	523	665	677	783	753	847	1000	941	901	773	750	619	403	302	231	207	130	84	59	74	93	82	64	56	77	82	68	54	61	72	67	50	47	57	57	42	33	41
64	170	1	2	119	0	1953125	12	0.0	0	0.60	0	0	V0.2	0	0	22	23	29	31	27	25	30	34	33	29	31	37	39	35	33	40	45	44	38	41	47	49	44	40	45	51	52	48	45	61	72	90	91	103	133	159	189	195	234	285	313	356	349	440	469	505	536	543	685	672	776	774	875	1000	937	924	791	742	615	423	317	218	196	139	105	69	66	85	87	86	67	69	78	79	73	62	62	67	66	56	48	50	52	46	38
64	170	1	2	119	0	1953125	12	0.0	0	0.60	0	0	V0.2	0	0	28	32	29	24	29	36	34	27	30	39	39	32	31	41	46	39	33	42	50	47	36	38	51	51	41	33	42	55	52	49	47	77	97	107	113	137	188	204	224	259	304	365	346	415	453	510	538	521	663	673	781	752	848	1000	939	905	775	751	619	406	305	232	209	131	83	59	72	91	79	63	52	75	80	66	52	56	68	64	48	43	53	55	41	31	37
64	170	1	2	119	0	1953125	12	0.0	0	0.60	0	0	V0.2	0	0	29	31	24	19	29	35	30	23	30	39	37	27	29	41	45	35	31	43	51	44	34	39	52	51	40	35	47	59	55	52	55	85	103	108	117	144	194	206	227	267	311	368	347	419	460	512	538	524	669	675	779	755	854	1000	935	904	777	748	614	404	305	227	204	130	88	63	73	93	84	70	60	76	83	73	61	61	71	67	55	50	55	56	46	38	40
64	170	1	2	119	0	1953125	12	0.0	0	0.60	0	0	V0.2	0	0	31	32	25	23	32	37	31	25	33	41	38	29	33	44	45	35	33	45	51	43	34	41	53	49	38	34	45	55	49	46	50	80	97	103	111	139	189	201	221	262	307	362	342	416	457	508	535	522	669	672	778	755	855	999	932	906	781	751	615	407	310	231	205	129	86	63	71	88	77	64	55	69	76	66	55	57	66	63	50	46	51	52	42	33	36
64	170	1	2	119	0	1953125	12	0.0	0	0.60	0	0	V0.2	0	0	29	28	21	23	31	33	27	24	33	39	34	27	33	43	42	33	34	45	48	41	35	43	52	48	39	39	49	57	51	51	59	88	100	105	119	149	194	203	226	270	312	365	347	425	463	511	538	529	675	675	779	761	861	1000	935	911	782	748	612	408	309	226	202	132	93	63	71	91	85	74	60	76	82	75	63	60	69	68	58	50	52	54	48	40	38
64	170	1	2	119	0	1953125	12	0.0	0	0.60	0	0	V0.2	0	0	31	31	25	25	33	35	29	26	34	40	36	29	35	44	43	34	35	46	50	42	35	42	52	48	37	36	46	54	48	46	51	81	97	103	114	142	190	201	223	264	307	363	344	420	458	509	535	525	671	673	779	756	856	1000	936	910	780	751	617	409	309	229	205	132	87	60	69	88	79	66	55	68	78	70	56	55	65	64	53	45	49	53	45	34	34
64	170	1	2	119	0	1953125	12	0.0	0	0.60	0	0	V0.2	0	0	28	31	25	20	29	35	31	23	30	39	37	29	29	41	45	37	31	43	51	46	35	40	53	52	42	36	48	61	56	54	56	87	105	110	119	147	196	207	228	267	312	368	348	421	461	515	539	525	670	677	783	756	856	1000	937	907	774	748	613	406	306	226	206	133	92	64	75	95	87	72	61	76	82	75	62	62	72	69	55	51	56	56	46	38	41
64	170	1	2	119	0	1953125	12	0.0	0	0.60	0	0	V0.2	0	0	31	33	25	22	32	37	31	25	33	41	38	28	33	44	45	35	32	45	51	43	34	40	52	49	38	34	45	56	49	46	49	81	97	104	111	139	190	201	221	260	306	363	341	416	455	510	534	521	668	671	779	753	854	1000	933	907	776	751	614	406	308	229	205	129	86	60	69	87	78	64	54	70	75	67	55	56	66	62	51	45	51	52	42	34	36
64	170	1	2	119	0	1953125	12	0.0	0	0.60	0	0	V0.2	0	0	28	30	23	21	29	34	29	23	30	39	36	27	31	41	44	35	32	43	50	44	34	40	52	50	40	36	46	58	53	51	55	85	101	107	117	145	192	204	226	266	309	365	345	421	459	512	538	525	671	672	779	756	856	1000	933	908	776	750	612	405	307	227	204	130	90	63	74	93	84	70	61	75	81	73	61	62	71	68	55	50	55	56	46	38	40
64	170	1	2	119	0	1953125	12	0.0	0	0.60	0	0	V0.2	0	0	26	29	25	22	27	33	31	25	29	37	36	29	30	39	43	36	32	41	49	44	35	39	50	50	41	35	44	56	53	52	53	82	100	109	117	141	191	204	227	263	308	365	348	419	457	512	539	526	670	673	782	757	857	1000	936	908	778	752	614	405	308	230	207	130	87	63	75	94	83	67	58	77	82	70	58	62	73	67	52	49	57	57	45	35	41
64	170	1	2	119	0	1953125	12	0.0	0	0.60	0	0	V0.2	0	0	28	30	24	20	29	35	30	22	29	39	37	27	30	41	45	35	30	42	50	44	34	39	52	51	41	35	46	59	54	51	54	85	103	108	117	145	195	205	226	265	311	367	347	420	460	513	538	525	672	676	780	753	854	1000	933	905	775	749	611	402	306	226	203	129	89	62	74	93	83	69	61	75	82	73	60	62	71	67	54	50	55	56	45	38	40
64	170	1	2	119	0	1953125	12	0.0	0	0.60	0	0	V0.2	0	0	29	31	24	21	30	35	30	23	31	40	36	28	31	42	44	34	31	44	51	43	33	40	52	49	38	33	45	57	52	49	51	83	100	106	114	142	193	203	224	263	309	366	344	419	458	513	536	525	670	675	780	753	855	1000	935	905	776	750	614	406	308	229	204	129	87	63	72	89	81	67	56	72	79	69	58	60	69	65	53	48	54	55	44	36	38
64	170	1	2	119	0	1953125	12	0.0	0	0.60	0	0	V0.2	0	0	24	30	28	22	25	34	33	26	26	36	39	32	28	39	46	41	32	39	50	49	38	37	51	54	46	36	44	59	59	57	54	84	104	114	120	143	195	210	230	264	309	370	350	420	457	515	541	524	666	676	785	753	851	1000	938	901	769	750	614	403	302	229	209	132	88	62	78	99	86	68	60	81	86	72	57	63	76	69	51	49	59	59	44	35	44
64	170	1	2	119	0	1953125	12	0.0	0	0.60	0	0	V0.2	0	0	31	33	25	23	32	37	31	25	33	41	38	29	33	44	45	35	33	45	51	43	34	41	52	49	38	34	45	55	49	47	49	80	97	104	112	139	189	201	222	260	306	363	343	417	455	510	535	523	667	673	779	754	854	1000	936	906	777	752	616	407	308	230	205	130	87	60	70	88	78	65	55	69	76	67	55	56	66	62	51	45	51	53	43	33	36
64	170	1	2	119	0	1953125	12	0.0	0	0.60	0	0	V0.2	0	0	24	30	28	21	25	33	32	26	26	36	39	32	28	38	45	39	32	38	49	48	37	36	49	53	44	35	43	57	58	56	52	82	103	113	118	141	193	208	229	263	308	369	350	418	456	514	542	524	667	676	784	754	849	1000	938	904	771	750	616	403	302	229	208	132	86	61	76	97	84	68	59	79	86	72	57	63	75	68	51	49	59	59	43	34	43
64	170	1	2	119	0	1953125	12	0.0	0	0.60	0	0	V0.2	0	0	24	31	27	21	25	34	33	25	26	37	38	31	28	38	44	38	31	39	50	47	35	36	50	52	43	34	42	57	56	53	50	81	102	111	116	140	192	208	228	261	307	369	350	417	456	514	541	523	667	675	784	752	849	999	937	903	772	751	616	402	303	230	207	130	84	62	76	95	82	65	58	78	83	70	55	62	74	67	50	48	58	58	43	34	42
64	170	1	2	119	0	1953125	12	0.0	0	0.60	0	0	V0.2	0	0	24	30	27	21	25	33	33	25	26	36	39	31	27	38	44	39	31	38	50	48	36	35	49	53	44	34	42	58	57	54	52	82	103	113	118	141	194	209	230	263	308	370	350	419	457	515	541	524	667	677	785	753	850	1000	938	901	769	749	614	402	300	229	207	131	85	61	76	96	84	66	59	78	86	72	57	62	75	68	52	49	59	58	43	35	43
64	170	1	2	119	0	1953125	12	0.0	0	0.60	0	0	V0.2	0	0	24	30	28	23	26	33	33	27	27	36	38	32	29	37	44	39	32	38	48	47	37	36	48	50	44	33	40	55	55	54	50	78	100	111	117	138	190	208	229	261	305	368	350	418	455	514	542	524	665	674	785	752	848	1000	940	903	769	751	617	403	301	230	208	131	83	58	74	94	83	64	55	76	84	69	54	61	74	67	49	46	58	59	42	32	41
64	170	1	2	119	0	1953125	12	0.0	0	0.60	0	0	V0.2	0	0	24	30	28	21	25	34	34	26	26	36	40	32	27	38	46	41	32	39	50	49	37	36	50	54	46	36	44	60	59	57	54	84	105	114	120	143	194	210	230	263	309	371	351	419	457	515	542	524	667	676	785	753	848	1000	939	904	769	749	615	402	301	228	207	132	87	63	79	98	86	69	60	79	86	73	58	64	76	68	51	50	59	59	44	35	43
64	170	1	2	119	0	1953125	12	0.0	0	0.60	0	0	V0.2	0	0	27	32	29	21	26	35	35	27	27	36	39	33	31	37	42	38	35	43	48	42	34	42	54	50	36	31	48	64	58	47	42	82	110	118	111	130	194	219	236	255	300	374	365	424	447	509	554	541	669	670	787	773	865	999	938	920	789	749	611	410	318	232	198	120	83	73	84	93	72	55	63	88	88	62	45	67	85	73	43	39	62	68	48	24	37
64	170	1	2	119	0	1953125	12	0.0	0	0.60	0	0	V0.2	0	0	24	31	29	21	26	34	34	25	26	36	39	31	27	38	45	40	31	39	49	48	36	36	50	53	45	34	42	58	58	55	51	82	104	113	118	142	193	210	229	262	309	371	351	418	458	515	542	524	666	678	785	753	848	1000	941	903	770	749	616	403	299	228	208	132	87	60	76	97	86	67	58	79	85	72	57	63	75	68	51	49	59	58	44	34	43
64	170	1	2	119	0	1953125	12	0.0	0	0.60	0	0	V0.2	0	0	23	30	27	22	25	33	33	26	26	36	38	31	28	37	44	39	31	38	49	47	37	36	49	52	44	34	42	57	56	54	51	81	102	112	118	140	192	209	230	261	307	369	351	418	455	515	542	525	664	678	786	756	848	1000	943	903	770	749	619	405	300	229	207	132	85	59	75	96	85	66	57	80	86	71	56	62	74	68	51	47	58	59	44	33	42
64	170	1	2	119	0	1953125	12	0.0	0	0.59	0	0	V0.2	0	0	25	27	21	17	26	31	26	19	26	35	32	22	24	36	39	29	23	35	43	36	24	28	41	39	27	18	28	40	40	38	33	65	89	101	105	128	182	199	220	251	299	362	342	410	448	508	535	515	659	672	781	748	842	1000	941	901	770	750	620	401	300	231	203	122	68	46	57	76	66	50	39	59	69	60	44	47	62	62	47	39	48	54	44	30	34
64	170	1	2	119	0	1953125	12	0.0	0	0.60	0	0	V0.2	0	0	25	32	28	21	26	35	34	25	26	37	40	31	27	39	45	39	30	39	50	47	35	36	50	53	43	32	41	56	57	53	50	80	102	112	116	139	192	209	229	261	307	370	350	417	455	514	543	523	664	676	784	753	845	1000	943	904	769	748	618	404	300	229	207	131	85	58	73	94	82	65	56	74	82	69	54	60	72	66	49	46	57	57	43	33	41
64	170	1	2	119	0	1953125	12	0.0	0	0.59	0	0	V0.2	0	0	26	28	22	18	27	32	28	20	27	35	34	24	26	36	40	31	24	36	44	38	25	30	42	40	29	20	29	42	41	40	35	66	89	102	106	128	182	200	221	253	299	364	343	410	447	508	536	516	659	672	783	748	842	1000	942	904	770	749	620	402	301	230	204	124	70	48	58	78	68	52	40	59	70	61	45	47	63	62	47	39	49	54	43	31	35
64	170	1	2	119	0	1953125	12	0.0	0	0.60	0	0	V0.2	0	0	27	33	29	23	28	36	34	27	29	39	40	32	29	40	46	39	32	41	50	47	36	37	50	51	42	31	41	55	53	49	46	76	98	107	112	135	188	204	224	257	302	365	346	413	452	509	539	519	662	673	781	753	845	1000	938	906	774	751	620	405	306	232	208	131	83	60	72	92	79	62	54	75	80	66	52	57	70	64	48	44	54	55	41	31	38
64	170	1	2	119	0	1953125	12	0.0	0	0.60	0	0	V0.2	0	0	24	30	28	21	26	34	33	25	27	37	39	31	28	38	45	39	32	39	49	47	36	36	50	52	44	35	43	58	57	55	53	82	103	112	119	141	193	208	229	263	307	368	349	418	456	512	542	523	666	676	784	755	848	1000	937	904	771	748	616	403	303	229	207	133	87	61	76	97	86	69	58	78	85	72	58	62	74	68	52	48	58	57	44	35	42
64	170	1	2	119	0	1953125	12	0.0	0	0.60	0	0	V0.2	0	0	24	31	28	21	25	34	34	25	26	37	40	31	27	38	46	40	30	38	50	48	36	36	50	53	45	34	42	59	58	56	52	83	105	113	119	142	195	210	231	264	310	371	351	418	457	516	542	524	666	678	784	753	846	1000	940	901	767	746	616	402	299	228	207	131	85	61	76	97	85	68	58	79	86	71	57	62	74	68	51	48	58	58	43	35	43
64	170	1	2	119	0	1953125	12	0.0	0	0.60	0	0	V0.2	0	0	24	31	28	21	25	34	34	25	26	37	40	31	27	38	46	40	30	38	50	48	36	36	50	53	45	34	42	59	58	56	52	83	105	113	119	142	195	210	231	264	310	371	351	418	457	516	542	524	666	678	784	753	846	1000	940	901	767	746	616	402	299	228	207	131	85	61	76	97	85	68	58	79	86	71	57	62	74	68	51	48	58	58	43	35	43
64	170	1	2	119	0	1953125	12	0.0	0	0.60	0	0	V0.2	0	0	25	32	28	21	26	34	34	25	27	37	39	31	28	39	45	38	31	39	50	47	35	36	49	52	42	32	41	56	55	52	48	79	101	110	116	138	191	207	227	260	306	369	348	416	455	513	541	521	665	675	783	751	845	1000	938	905	770	748	616	403	302	228	207	130	84	61	74	94	82	64	54	75	82	69	54	60	72	66	49	46	56	57	43	33	41
64	170	1	2	119	0	1953125	12	0.0	0	0.60	0	0	V0.2	0	0	23	31	29	21	25	34	34	26	26	36	39	32	28	38	46	41	31	38	50	48	37	36	50	53	46	35	43	59	58	56	53	82	104	114	119	142	193	210	229	263	307	369	351	418	457	514	541	523	667	676	784	754	848	1000	937	904	770	749	615	402	302	229	208	132	87	62	77	98	85	68	60	80	86	71	58	64	75	68	51	50	59	58	43	36	43
64	170	1	2	119	0	1953125	12	0.0	0	0.60	0	0	V0.2	0	0	26	31	27	21	26	34	32	25	28	37	38	30	29	39	44	38	31	40	49	46	35	36	50	50	42	33	42	56	54	51	49	79	100	109	116	139	190	206	226	261	305	366	348	417	455	511	540	523	665	673	782	753	849	1000	936	904	771	749	616	403	304	228	207	130	84	60	74	93	81	65	55	75	81	69	55	60	72	66	50	46	56	57	43	33	40
64	170	1	2	119	0	1953125	12	0.0	0	0.60	0	0	V0.2	0	0	24	30	27	21	25	34	33	25	26	36	39	31	27	38	45	40	31	38	49	48	36	36	50	52	44	34	42	57	57	55	52	83	104	113	118	141	194	209	230	263	309	371	351	418	457	515	541	523	665	677	783	752	847	1000	940	902	769	747	615	401	299	227	207	130	85	60	76	96	86	68	57	77	86	71	57	62	74	68	51	49	58	58	44	34	43
64	170	1	2	119	0	1953125	12	0.0	0	0.60	0	0	V0.2	0	0	29	28	21	23	32	33	27	24	33	38	33	26	33	43	41	32	33	45	49	41	34	42	52	47	38	37	47	57	50	50	56	86	100	105	118	147	194	202	226	269	312	365	346	423	462	511	537	528	674	675	780	758	857	1000	937	910	777	746	615	409	306	224	203	133	92	62	69	91	85	73	58	70	79	73	62	58	67	67	58	49	51	55	48	39	37
64	170	1	2	119	0	1953125	12	0.0	0	0.60	0	0	V0.2	0	0	24	30	28	21	25	34	33	25	26	36	39	32	27	38	46	40	31	38	49	48	37	36	50	53	45	34	43	58	57	55	51	82	103	112	118	141	193	209	229	263	308	370	350	418	456	515	541	523	665	676	784	753	848	999	940	904	769	747	616	403	301	228	207	132	87	60	75	96	86	68	58	79	85	72	57	63	75	68	51	48	59	58	44	34	43
64	170	1	2	119	0	1953125	12	0.0	0	0.60	0	0	V0.2	0	0	29	31	24	22	30	35	29	24	32	39	37	27	31	42	43	34	32	44	50	43	34	41	51	48	38	34	45	56	50	48	51	81	98	104	113	141	190	201	222	261	306	363	342	417	456	509	535	523	668	672	779	754	854	999	936	907	778	750	617	409	310	229	206	133	89	61	71	89	82	68	56	72	79	70	57	58	68	65	54	48	53	55	46	36	37
64	170	1	2	119	0	1953125	12	0.0	0	0.60	0	0	V0.2	0	0	29	28	22	23	31	34	28	25	32	39	35	28	33	42	42	35	35	45	49	42	36	43	53	49	41	39	49	58	53	53	59	88	101	107	120	149	195	204	227	270	312	366	347	424	463	511	539	529	674	674	780	759	859	1000	934	911	778	747	613	409	308	224	203	134	95	66	73	93	87	75	61	75	82	76	63	60	69	69	58	50	52	55	49	39	38
64	170	1	2	119	0	1953125	12	0.0	0	0.60	0	0	V0.2	0	0	31	32	25	23	31	37	31	25	32	41	38	29	32	44	45	36	33	45	51	43	34	41	52	49	38	34	45	55	49	46	50	80	98	104	112	139	191	201	223	261	307	363	344	416	456	510	536	523	669	674	779	753	853	1000	935	906	776	749	614	406	308	230	204	129	86	61	71	88	77	65	55	70	76	67	55	56	65	62	50	45	51	52	42	34	36
64	170	1	2	119	0	1953125	12	0.0	0	0.60	0	0	V0.2	0	0	28	31	24	20	29	35	30	23	29	39	37	27	30	42	45	35	30	42	51	45	34	39	52	51	40	35	46	59	55	51	54	85	103	109	117	145	195	206	226	265	311	368	347	421	460	514	538	525	670	677	780	754	853	1000	936	904	775	747	613	404	304	225	204	131	89	62	73	94	84	71	60	76	82	73	60	61	71	67	54	50	55	55	45	37	40
64	170	1	2	119	0	1953125	12	0.0	0	0.60	0	0	V0.2	0	0	28	29	24	22	29	34	28	24	31	38	36	28	32	41	42	35	32	43	49	43	34	40	51	49	39	36	46	56	52	50	54	84	100	107	117	144	193	204	226	266	309	365	346	421	459	512	537	527	670	674	780	756	855	1000	936	908	775	748	615	407	306	227	204	131	89	62	72	91	83	70	58	73	82	73	60	59	69	67	55	48	54	56	47	37	38
64	170	1	2	119	0	1953125	12	0.0	0	0.60	0	0	V0.2	0	0	27	30	25	21	28	34	30	24	29	38	37	28	30	41	44	36	32	42	50	45	35	39	52	51	41	36	46	58	54	52	54	85	102	109	118	144	193	206	227	265	310	367	348	421	460	514	539	527	671	676	781	757	856	1000	937	907	776	749	614	406	307	227	205	132	89	63	74	93	85	71	60	77	82	73	60	62	71	68	55	49	55	56	46	36	40
64	170	1	2	119	0	1953125	12	0.0	0	0.60	0	0	V0.2	0	0	28	31	25	21	30	35	30	24	31	39	36	28	31	42	44	35	32	43	50	43	34	40	52	49	39	34	45	56	51	49	51	82	99	106	115	141	191	203	225	263	309	365	347	419	458	512	538	525	671	674	781	755	856	1000	936	909	778	751	615	407	308	229	204	130	88	61	72	90	80	67	57	74	79	71	58	59	69	65	53	47	53	54	45	36	38
64	170	1	2	119	0	1953125	12	0.0	0	0.60	0	0	V0.2	0	0	28	31	24	20	29	35	31	23	30	39	37	28	30	42	44	36	31	43	50	45	35	39	53	52	41	36	47	60	56	53	56	87	103	109	118	146	195	206	227	266	311	368	348	421	460	514	539	526	672	675	782	756	855	1000	936	908	775	748	613	406	307	225	204	132	90	64	75	94	84	72	61	77	83	74	61	63	72	68	55	50	55	55	45	38	41
64	170	1	2	119	0	1953125	12	0.0	0	0.60	0	0	V0.2	0	0	27	30	24	20	29	34	30	23	30	38	37	28	30	41	43	36	31	42	50	44	34	39	51	50	40	35	46	57	54	51	54	84	101	108	117	144	193	205	226	265	310	366	347	420	460	513	538	525	670	675	780	755	852	1000	933	905	773	747	612	404	305	226	204	131	88	61	74	93	85	70	58	76	82	72	59	61	71	67	54	49	55	56	46	37	39
64	170	1	2	119	0	1953125	12	0.0	0	0.60	0	0	V0.2	0	0	27	30	24	20	29	34	30	23	30	38	37	28	30	41	43	36	31	42	50	44	34	39	51	50	40	35	46	57	54	51	54	84	101	108	117	144	193	205	226	265	310	366	347	420	460	513	538	525	670	675	780	755	852	1000	933	905	773	747	612	404	305	226	204	131	88	61	74	93	85	70	58	76	82	72	59	61	71	67	54	49	55	56	46	37	39
64	170	1	2	119	0	1953125	12	0.0	0	0.59	0	0	V0.2	0	0	28	21	16	24	31	28	19	23	33	34	24	21	33	39	32	23	30	40	39	28	25	36	41	32	21	24	34	39	33	32	39	72	87	94	105	136	186	193	217	260	306	358	337	416	456	508	530	522	671	673	776	753	855	1000	933	906	778	748	615	404	307	225	198	122	74	47	51	69	65	56	40	52	64	62	52	46	55	59	53	44	42	47	46	39	33
64	170	1	2	119	0	1953125	12	0.0	0	0.60	0	0	V0.2	0	0	29	31	24	22	30	35	30	24	31	39	37	28	31	42	43	34	32	44	51	43	33	40	52	49	38	34	45	57	51	48	51	83	100	107	115	143	193	204	225	264	310	366	346	420	459	513	537	525	670	676	780	753	852	1000	936	905	775	749	615	405	305	226	204	131	87	59	71	90	82	67	56	71	80	70	58	59	68	65	53	47	53	55	45	35	37
64	170	1	2	119	0	1953125	12	0.0	0	0.60	0	0	V0.2	0	0	27	31	24	21	29	35	30	23	30	39	37	28	30	42	45	36	32	43	51	45	35	40	52	52	42	37	48	60	56	54	57	88	104	110	119	147	196	208	228	268	312	368	348	422	462	515	539	527	673	679	782	756	855	1000	935	904	773	747	612	404	304	226	205	132	91	63	74	95	86	73	60	76	85	75	61	62	72	68	55	50	56	56	46	38	40
64	170	1	2	119	0	1953125	12	0.0	0	0.60	0	0	V0.2	0	0	25	31	28	21	26	34	33	25	27	37	39	31	28	39	45	38	31	40	50	46	35	36	50	52	42	32	41	56	55	52	49	79	102	111	115	139	191	208	227	260	307	369	349	417	455	514	540	523	665	675	782	750	849	1000	938	899	769	749	615	402	301	230	207	129	84	60	74	94	82	64	55	76	83	68	55	61	73	66	49	47	57	57	42	33	41
64	170	1	2	119	0	1953125	12	0.0	0	0.60	0	0	V0.2	0	0	28	31	24	20	29	35	30	22	30	39	37	27	29	41	44	35	31	42	50	43	33	39	52	51	40	35	46	58	54	51	54	86	103	108	117	145	195	206	227	267	312	368	347	421	461	515	539	526	673	677	783	754	855	1000	937	905	774	749	613	405	304	227	205	130	89	62	73	93	84	70	59	75	83	72	61	62	70	67	54	49	55	55	46	38	41
64	170	1	2	119	0	1953125	12	0.0	0	0.60	0	0	V0.2	0	0	28	30	24	21	29	34	30	24	30	38	36	28	30	41	43	35	32	43	49	43	34	39	51	50	40	35	45	57	53	50	53	83	101	107	116	143	192	204	226	264	309	365	347	420	459	512	539	527	672	675	783	758	856	1000	936	911	780	751	615	408	309	228	204	131	89	64	74	92	82	70	60	74	81	71	60	61	71	67	55	50	56	55	46	37	40
64	170	1	2	119	0	1953125	12	0.0	0	0.60	0	0	V0.2	0	0	29	28	21	23	31	33	27	24	33	39	34	27	33	42	41	33	34	44	48	41	35	43	52	47	39	38	48	57	51	51	57	87	99	105	118	148	193	202	226	268	311	364	346	423	462	511	538	530	675	676	781	761	859	1000	934	912	780	747	615	409	310	225	202	133	93	63	71	90	85	74	61	74	81	75	63	60	68	68	58	50	52	55	49	40	38
64	170	1	2	119	0	1953125	12	0.0	0	0.60	0	0	V0.2	0	0	28	32	29	23	29	36	34	27	30	38	40	31	30	41	46	39	33	42	50	46	36	38	51	51	41	33	41	54	52	49	47	77	98	107	114	137	189	205	226	259	305	366	347	416	454	512	540	523	665	674	784	753	850	1000	941	905	773	751	619	406	304	230	208	131	84	59	71	91	80	63	53	72	79	67	52	56	69	64	48	43	53	55	41	31	37
64	170	1	2	119	0	1953125	12	0.0	0	0.60	0	0	V0.2	0	0	48	56	62	59	50	55	64	62	53	52	62	67	59	52	63	73	69	58	63	78	80	70	67	82	95	90	87	100	123	134	128	148	173	199	199	211	259	275	299	302	341	400	364	428	433	511	521	497	640	643	769	719	825	1000	934	914	815	816	704	476	414	359	313	220	154	168	159	139	94	88	106	101	82	63	76	85	73	57	62	76	75	60	57	70	74
64	170	1	2	119	0	1953125	12	0.0	0	0.60	0	0	V0.2	0	0	28	30	24	20	29	35	30	23	29	39	38	28	29	41	44	36	32	43	50	45	35	40	52	50	41	35	46	58	54	52	55	86	103	109	118	145	194	205	227	267	312	368	348	421	461	514	540	526	672	676	783	756	854	1000	935	907	775	746	613	404	305	226	203	131	90	63	73	92	84	71	60	75	83	73	61	62	70	67	55	50	55	55	46	38	40
64	170	1	2	119	0	1953125	12	0.0	0	0.60	0	0	V0.2	0	0	28	30	24	20	29	35	30	23	30	38	37	27	30	41	44	35	31	42	49	44	34	39	52	50	40	35	46	58	54	51	54	85	102	109	117	145	194	206	226	266	310	367	347	421	461	513	539	526	672	676	780	756	853	1000	931	906	776	748	612	403	306	226	203	129	89	63	73	93	83	70	59	75	81	73	60	61	70	66	55	49	55	55	46	37	40
64	170	1	2	119	0	1953125	12	0.0	0	0.60	0	0	V0.2	0	0	28	30	23	20	29	35	29	22	30	39	36	27	30	41	44	34	30	43	50	43	33	40	52	50	39	34	46	58	53	50	53	84	102	107	116	144	193	205	225	264	309	365	345	419	460	513	537	525	671	675	777	754	851	1000	929	903	775	748	611	401	306	227	204	129	88	63	73	92	82	69	60	75	81	72	60	62	70	66	54	50	55	55	46	37	40
64	170	1	2	119	0	1953125	12	0.0	0	0.60	0	0	V0.2	0	0	28	30	24	21	30	35	30	22	31	39	37	27	30	42	44	35	31	43	50	43	34	39	52	50	40	35	47	57	53	51	54	85	102	108	117	145	195	205	225	266	311	366	347	420	461	513	539	527	672	677	778	755	855	1000	933	903	778	749	613	404	306	228	204	130	89	64	75	93	84	71	61	77	83	72	61	62	70	67	55	50	55	56	45	37	40
64	170	1	2	119	0	1953125	12	0.0	0	0.60	0	0	V0.2	0	0	28	30	24	22	30	35	30	24	31	39	36	28	31	42	44	35	32	43	50	43	33	40	51	49	39	34	44	56	51	49	51	82	100	106	115	141	192	203	224	263	309	365	346	417	459	511	538	524	669	675	778	756	852	1000	934	905	776	747	614	404	306	228	204	130	87	61	72	90	80	66	56	74	79	70	57	59	69	65	53	47	54	55	44	35	39
64	170	1	2	119	0	1953125	12	0.0	0	0.60	0	0	V0.2	0	0	26	26	25	26	29	30	28	28	32	34	32	31	35	39	38	35	38	43	44	40	39	43	48	44	39	41	47	51	46	51	59	84	94	102	121	149	190	198	226	271	309	359	346	427	462	507	537	532	677	673	778	764	862	1000	933	915	783	747	616	413	311	223	201	135	95	63	67	87	84	76	58	68	78	75	65	58	63	67	60	50	49	52	50	41	36
64	170	1	2	119	0	1953125	12	0.0	0	0.60	0	0	V0.2	0	0	22	27	28	24	24	30	33	29	26	33	38	34	29	34	42	42	34	36	46	49	41	35	45	52	48	37	39	54	57	59	54	78	100	114	122	139	189	209	232	263	304	369	353	418	454	513	546	525	663	675	787	757	844	1000	941	904	767	749	618	402	298	230	211	134	85	59	78	101	87	65	56	82	88	72	54	63	78	70	49	47	62	60	42	32	45
64	170	1	2	119	0	1953125	12	0.0	0	0.60	0	0	V0.2	0	0	30	28	21	23	32	34	26	24	33	39	34	26	34	43	42	33	34	45	49	41	35	43	52	48	38	38	49	57	50	50	58	87	100	105	118	148	194	202	225	270	312	364	347	423	463	511	538	529	676	675	778	761	859	1000	933	911	779	745	613	409	309	225	202	132	93	64	71	90	85	75	61	72	82	75	64	59	67	68	58	51	51	54	49	40	37
64	170	1	2	119	0	1953125	12	0.0	0	0.60	0	0	V0.2	0	0	30	32	26	24	31	36	31	26	32	40	38	30	32	42	44	36	33	44	50	44	35	40	51	49	39	35	44	54	50	47	49	78	97	104	113	139	189	201	223	261	305	363	345	416	457	509	539	522	668	673	779	755	848	1000	933	908	777	748	618	406	308	229	206	132	86	60	70	89	79	65	53	69	78	67	55	55	67	63	50	44	51	53	43	32	36
64	170	1	2	119	0	1953125	12	0.0	0	0.60	0	0	V0.2	0	0	27	29	24	21	29	34	29	23	30	38	36	28	30	41	43	35	31	43	49	43	35	39	51	50	40	36	46	57	53	51	55	85	102	108	118	145	194	205	227	266	310	366	348	420	461	512	540	526	671	677	780	758	852	1000	933	907	773	744	614	405	305	225	204	133	90	62	72	93	84	71	58	75	81	75	61	61	70	68	56	49	54	56	47	38	39
64	170	1	2	119	0	1953125	12	0.0	0	0.60	0	0	V0.2	0	0	26	31	28	22	26	34	33	26	27	37	39	31	29	38	45	39	32	40	49	47	36	36	49	51	43	33	41	55	54	52	49	78	100	110	116	138	190	207	227	260	305	367	350	416	456	511	542	524	664	675	782	756	847	1000	938	905	773	748	617	404	304	230	207	131	85	61	74	93	81	65	56	76	82	68	54	60	73	67	49	46	56	57	43	33	40
64	170	1	2	119	0	1953125	12	0.0	0	0.60	0	0	V0.2	0	0	24	30	28	21	26	33	33	26	27	36	39	32	28	38	45	40	32	39	49	48	38	37	50	53	45	36	44	58	58	56	54	83	104	113	120	142	193	209	230	264	309	369	353	418	459	513	543	526	666	679	783	757	848	1000	939	905	774	747	617	404	303	229	207	134	89	62	78	98	86	69	60	79	86	73	59	64	75	69	52	49	59	58	44	35	42
64	170	1	2	119	0	1953125	12	0.0	0	0.60	0	0	V0.2	0	0	26	30	27	22	27	33	31	25	28	36	38	30	29	39	43	37	31	41	48	46	36	37	50	51	42	34	43	55	53	51	51	80	100	109	116	140	190	206	226	262	306	366	350	418	457	512	541	526	666	676	783	759	850	1000	939	907	776	749	619	407	305	229	207	133	87	61	73	94	83	66	56	76	83	70	57	60	72	67	52	47	56	57	44	34	40
64	170	1	2	119	0	1953125	12	0.0	0	0.60	0	0	V0.2	0	0	29	31	24	20	30	36	30	23	30	39	37	27	30	42	44	35	31	43	50	44	33	39	52	50	39	33	45	56	53	49	52	83	100	107	115	143	192	204	224	264	309	365	347	418	460	512	538	524	668	677	778	756	850	1000	936	904	777	746	615	406	306	228	204	132	89	62	71	91	82	70	58	73	80	71	59	59	69	66	53	48	53	54	45	37	39
64	170	1	2	119	0	1953125	12	0.0	0	0.60	0	0	V0.2	0	0	25	30	28	21	26	33	33	25	27	37	40	32	28	38	45	40	33	39	50	48	38	37	50	53	45	36	44	59	58	57	55	84	105	113	120	143	194	209	230	265	310	370	352	419	459	514	543	526	666	679	784	756	847	1000	942	904	773	747	618	405	301	229	208	135	89	62	77	99	89	70	60	79	87	74	58	63	75	69	53	49	58	58	44	36	43
64	170	1	2	119	0	1953125	12	0.0	0	0.60	0	0	V0.2	0	0	27	33	29	22	28	36	34	26	28	39	41	32	28	40	46	39	31	40	50	47	35	36	50	51	41	31	40	54	53	50	46	76	98	108	113	136	189	205	225	259	304	367	348	415	455	513	541	521	663	676	782	754	846	1000	940	901	773	749	620	404	303	230	207	130	82	57	72	90	79	62	53	73	81	67	52	57	69	64	48	44	54	55	41	31	38
64	170	1	2	119	0	1953125	12	0.0	0	0.60	0	0	V0.2	0	0	28	31	26	22	28	34	31	25	29	38	37	30	30	40	44	37	32	41	49	44	36	38	50	50	40	34	43	54	53	50	51	80	99	107	116	140	190	205	225	263	306	365	347	418	457	510	540	524	668	674	782	756	849	1000	935	906	772	746	616	405	304	228	206	132	86	60	71	92	82	67	56	74	81	69	56	58	69	66	52	45	54	55	44	34	38
64	170	1	2	119	0	1953125	12	0.0	0	0.60	0	0	V0.2	0	0	25	30	27	22	26	34	32	26	27	37	39	31	29	39	44	39	32	40	49	47	38	38	50	52	45	37	45	58	57	56	55	84	103	111	119	143	193	207	229	264	308	368	350	418	458	512	543	525	668	675	783	758	850	1000	936	908	774	747	616	405	305	228	206	134	90	64	77	97	87	70	59	78	86	74	59	63	74	68	53	50	57	58	45	36	41
64	170	1	2	119	0	1953125	12	0.0	0	0.60	0	0	V0.2	0	0	24	30	28	21	25	33	33	26	26	37	39	32	27	38	45	40	31	38	49	48	37	36	50	52	45	34	43	57	57	55	52	82	102	112	118	140	192	208	228	262	308	368	351	417	458	513	543	525	667	677	784	757	848	1000	938	906	773	747	617	403	304	229	207	132	87	63	76	96	85	69	59	78	85	71	58	63	74	67	52	49	58	58	44	36	43
64	170	1	2	119	0	1953125	12	0.0	0	0.60	0	0	V0.2	0	0	28	32	29	23	29	36	34	27	30	39	40	32	31	41	45	39	32	42	51	47	36	38	50	51	41	33	41	54	51	49	47	76	97	107	113	137	188	204	224	258	303	364	347	415	453	510	540	523	664	674	782	757	846	1000	938	906	774	749	620	407	305	230	207	131	85	59	71	91	80	63	53	72	79	67	52	57	68	64	48	43	53	54	42	31	37
64	170	1	2	119	0	1953125	12	0.0	0	0.60	0	0	V0.2	0	0	24	32	29	22	25	34	34	26	26	36	40	32	27	38	46	41	31	39	50	49	37	36	50	54	46	35	44	59	60	57	54	83	105	115	120	142	195	211	231	263	309	371	353	418	458	515	545	525	666	678	784	757	846	1000	940	903	770	745	616	403	301	227	207	134	89	63	77	98	87	69	60	80	86	72	59	63	75	69	52	49	59	58	43	35	43
64	170	1	2	119	0	1953125	12	0.0	0	0.60	0	0	V0.2	0	0	29	32	27	24	31	36	32	26	31	40	38	30	32	42	45	37	33	44	50	45	36	40	51	50	40	34	43	54	51	48	48	78	98	106	114	138	189	203	225	261	306	364	348	416	456	511	541	524	666	675	782	757	849	1000	940	907	775	747	620	409	305	229	206	132	86	58	69	90	80	64	53	69	78	68	54	55	67	64	50	44	51	54	42	32	35
64	170	1	2	119	0	1953125	12	0.0	0	0.60	0	0	V0.2	0	0	26	30	27	22	26	34	33	26	27	37	38	31	29	39	44	39	33	40	50	48	38	38	50	52	45	37	45	58	58	56	56	84	103	112	120	144	193	208	229	265	309	369	350	420	459	514	543	525	668	676	783	758	849	1000	935	905	769	745	615	405	302	227	207	134	91	62	77	98	88	71	60	78	86	74	59	63	74	69	54	49	57	58	44	36	42
64	170	1	2	119	0	1953125	12	0.0	0	0.60	0	0	V0.2	0	0	26	30	27	22	26	34	33	26	27	37	38	31	29	39	44	39	33	40	50	48	38	38	50	52	45	37	45	58	58	56	56	84	103	112	120	144	193	208	229	265	309	369	350	420	459	514	543	525	668	676	783	758	849	1000	935	905	769	745	615	405	302	227	207	134	91	62	77	98	88	71	60	78	86	74	59	63	74	69	54	49	57	58	44	36	42
64	170	1	2	119	0	1953125	12	0.0	0	0.60	0	0	V0.2	0	0	25	30	27	22	26	34	32	25	27	36	39	31	28	39	44	39	31	39	49	46	36	36	49	52	44	35	43	57	56	54	53	82	102	112	119	142	193	208	229	264	308	368	350	419	458	513	542	525	667	676	783	756	847	1000	936	904	770	746	614	403	301	227	206	131	88	61	75	96	85	68	59	78	86	73	58	61	74	68	52	48	57	57	45	35	41
64	170	1	2	119	0	1953125	12	0.0	0	0.60	0	0	V0.2	0	0	25	31	27	21	26	34	33	25	27	37	39	30	28	39	45	38	31	40	50	46	35	36	50	52	42	32	41	56	55	52	49	79	101	110	115	138	190	207	227	260	306	367	349	415	456	513	542	523	666	676	782	754	846	1000	938	903	771	748	617	403	303	231	208	130	84	60	74	93	81	64	56	75	81	69	55	60	72	65	50	47	57	57	43	33	40
64	170	1	2	119	0	1953125	12	0.0	0	0.60	0	0	V0.2	0	0	26	30	26	22	27	35	32	25	28	37	38	30	29	40	45	38	32	41	50	46	37	39	51	52	44	37	45	59	57	56	56	85	104	112	120	146	195	209	229	266	311	369	352	421	461	515	544	528	670	679	784	759	851	1000	936	906	773	747	615	406	304	227	206	134	91	63	76	97	87	72	60	78	85	73	60	62	73	69	54	49	57	58	46	36	41
64	170	1	2	119	0	1953125	12	0.0	0	0.60	0	0	V0.2	0	0	26	30	26	22	28	34	32	25	29	37	38	29	30	39	44	37	32	41	49	45	35	37	50	50	41	33	42	56	53	51	50	80	100	109	116	140	191	206	227	262	306	366	349	417	457	512	542	524	666	676	783	757	849	1000	937	906	772	746	617	406	303	227	207	132	86	59	71	92	82	66	55	74	81	70	56	59	71	67	52	46	55	57	44	34	38
64	170	1	2	119	0	1953125	12	0.0	0	0.60	0	0	V0.2	0	0	28	32	27	23	29	35	33	25	29	39	39	31	30	41	45	38	32	41	49	45	36	37	49	49	40	32	40	53	51	49	48	77	97	106	113	136	187	203	225	258	304	364	348	415	454	510	541	523	664	675	783	757	847	1000	940	909	774	748	620	409	304	230	207	132	85	58	70	90	80	64	53	72	79	69	54	56	68	66	50	44	52	54	43	32	37
64	170	1	2	119	0	1953125	12	0.0	0	0.60	0	0	V0.2	0	0	30	32	26	24	31	36	31	26	32	40	38	30	32	43	45	37	33	43	50	45	36	40	51	49	39	34	43	54	50	48	50	79	96	104	113	139	187	201	223	261	305	364	347	417	457	510	540	525	669	675	784	760	853	999	941	912	778	748	620	410	308	229	206	132	87	59	69	88	79	66	54	70	78	70	55	55	66	64	51	45	50	52	43	33	35
64	170	1	2	119	0	1953125	12	0.0	0	0.60	0	0	V0.2	0	0	24	30	28	21	25	33	33	25	26	36	39	32	28	38	45	39	31	38	49	48	37	36	49	53	45	34	42	58	58	55	52	81	103	112	118	141	192	208	229	262	307	368	352	418	458	514	544	526	667	678	786	757	848	1000	940	906	772	747	617	406	303	229	206	132	87	62	75	96	85	68	58	78	84	72	58	63	74	68	51	48	58	57	43	35	43
64	170	1	2	119	0	1953125	12	0.0	0	0.60	0	0	V0.2	0	0	27	30	25	22	28	34	31	25	29	38	37	30	30	40	43	36	32	42	49	44	35	38	51	50	40	34	43	55	52	50	50	80	99	108	115	140	190	205	227	262	307	366	348	418	458	511	542	525	667	674	783	759	850	1000	938	909	774	747	617	408	305	227	205	133	88	61	71	91	82	68	56	74	82	70	57	58	70	66	53	46	54	56	45	35	38
64	170	1	2	119	0	1953125	12	0.0	0	0.60	0	0	V0.2	0	0	29	32	27	24	30	36	33	26	31	39	39	31	32	41	46	39	33	42	50	46	36	39	50	50	41	34	42	54	51	48	49	78	96	105	113	137	187	202	224	259	304	363	346	415	455	509	540	522	666	674	781	757	847	1000	938	908	776	748	620	408	307	231	208	133	86	59	71	90	80	64	53	71	80	69	53	55	68	64	50	44	51	53	42	32	36
64	170	1	2	119	0	1953125	12	0.0	0	0.60	0	0	V0.2	0	0	28	31	24	20	29	35	31	23	29	39	38	28	29	41	44	36	31	42	50	45	35	39	52	51	42	36	46	58	54	52	55	86	102	109	118	145	194	206	226	266	311	368	349	419	461	513	542	526	671	678	783	759	851	1000	936	907	775	746	614	407	306	226	203	133	91	64	73	94	85	72	60	76	83	74	61	61	71	67	55	50	54	55	46	38	40
64	170	1	2	119	0	1953125	12	0.0	0	0.60	0	0	V0.2	0	0	30	32	26	23	31	36	31	25	32	40	38	29	32	43	45	36	33	44	50	44	35	40	51	49	38	34	44	54	49	47	49	78	95	103	111	138	187	200	222	259	304	361	344	415	455	508	537	522	667	672	781	756	851	1000	936	911	776	749	618	411	310	230	206	133	88	60	69	88	79	66	54	69	76	68	55	55	66	63	51	45	50	52	42	33	36
64	170	1	2	119	0	1953125	12	0.0	0	0.60	0	0	V0.2	0	0	25	30	28	22	25	34	33	26	27	37	39	32	29	38	45	40	33	39	49	48	38	37	50	52	46	37	44	58	57	56	55	83	103	113	120	143	192	208	230	264	308	368	352	419	457	513	545	526	668	676	787	760	851	1000	940	912	772	748	617	408	305	227	206	135	90	64	77	98	87	71	60	78	86	74	60	63	74	69	53	49	58	58	44	36	42
64	170	1	2	119	0	1953125	12	0.0	0	0.60	0	0	V0.2	0	0	24	29	31	28	26	31	35	32	29	34	39	37	32	36	43	43	36	37	46	48	42	36	44	50	47	36	37	49	53	56	49	71	94	110	118	133	182	206	231	258	299	365	354	417	449	509	548	525	660	673	791	760	843	1000	948	913	771	751	628	409	301	233	214	136	82	56	74	97	82	59	49	76	85	67	47	57	75	67	44	40	57	59	40	26	40
64	170	1	2	119	0	1953125	12	0.0	0	0.60	0	0	V0.2	0	0	28	29	23	21	29	34	29	24	31	38	36	28	31	41	43	35	32	42	49	44	36	40	51	49	41	37	47	57	53	52	56	85	101	108	119	146	194	205	227	267	311	366	349	422	461	513	542	528	672	676	783	760	853	1000	936	911	773	745	615	410	305	224	203	135	93	62	71	92	86	74	58	73	82	75	62	60	69	68	57	49	53	55	48	38	38
64	170	1	2	119	0	1953125	12	0.0	0	0.60	0	0	V0.2	0	0	28	31	24	20	29	35	30	23	29	39	37	28	30	41	44	35	30	42	50	44	34	39	51	51	40	34	45	57	53	51	53	84	101	108	116	143	192	204	225	264	309	366	347	418	459	511	540	523	669	674	780	756	850	1000	932	907	773	746	614	405	305	226	204	131	89	62	72	90	82	70	59	73	81	71	60	60	69	67	54	49	55	55	45	37	40
64	170	1	2	119	0	1953125	12	0.0	0	0.60	0	0	V0.2	0	0	26	30	26	21	26	34	32	25	27	37	38	31	28	38	44	38	32	39	48	46	37	38	49	51	44	35	43	56	55	55	53	82	102	110	118	142	192	207	228	263	308	368	351	419	459	512	543	524	669	675	785	758	848	999	935	906	770	746	615	403	303	226	207	133	89	61	74	95	85	69	58	76	84	73	58	61	73	68	53	48	57	57	45	35	41
64	170	1	2	119	0	1953125	12	0.0	0	0.60	0	0	V0.2	0	0	24	30	28	21	25	34	33	25	26	37	39	31	27	38	45	40	31	38	49	48	37	36	49	53	45	34	42	57	58	55	52	81	103	113	118	141	193	210	230	262	308	369	352	419	458	515	543	524	668	677	786	755	845	999	936	902	766	747	615	402	300	227	207	132	87	60	75	96	85	68	59	79	86	71	57	63	75	68	51	49	58	57	44	35	43
64	170	1	2	119	0	1953125	12	0.0	0	0.60	0	0	V0.2	0	0	30	32	27	24	31	36	32	26	32	40	38	30	32	42	45	37	33	44	50	44	36	40	51	49	39	34	44	54	50	47	48	79	96	104	112	139	188	202	223	259	305	362	345	416	455	509	538	523	666	672	778	755	850	1000	933	908	774	749	617	407	307	230	207	131	87	61	71	89	79	65	54	70	77	68	54	55	67	63	49	44	51	53	42	32	36
64	170	1	2	119	0	1953125	12	0.0	0	0.60	0	0	V0.2	0	0	27	31	27	22	28	34	32	26	29	38	38	31	30	40	45	38	32	41	49	45	35	38	49	49	41	34	42	54	52	50	50	79	98	108	115	140	189	204	226	261	306	365	349	416	457	511	541	525	669	676	782	756	850	1000	935	906	773	748	616	404	305	229	207	131	85	61	72	92	81	65	54	73	81	68	55	59	70	66	51	46	54	56	43	33	39
64	170	1	2	119	0	1953125	12	0.0	0	0.60	0	0	V0.2	0	0	25	30	27	21	26	34	32	24	26	37	39	31	28	38	44	39	31	40	49	47	36	36	50	51	44	35	43	56	56	53	53	82	102	111	118	142	193	207	227	263	308	367	349	417	458	513	540	524	668	677	782	755	848	1000	935	900	769	749	615	402	301	229	207	132	86	60	75	96	85	68	58	77	85	73	57	62	73	68	52	48	58	58	44	35	42
64	170	1	2	119	0	1953125	12	0.0	0	0.59	0	0	V0.2	0	0	26	28	21	18	27	32	26	20	27	36	32	24	26	37	39	30	25	36	43	37	25	30	42	40	28	21	29	41	39	38	35	66	88	101	106	129	182	198	220	252	299	361	342	410	450	509	536	517	661	672	780	749	842	1000	934	901	769	749	618	400	301	229	203	123	71	49	60	77	67	51	40	60	69	62	46	48	63	61	47	39	49	53	43	31	34
64	170	1	2	119	0	1953125	12	0.0	0	0.60	0	0	V0.2	0	0	25	31	28	21	26	34	34	25	27	37	39	31	28	39	45	39	31	39	49	47	35	36	50	52	43	32	41	56	55	52	49	79	101	111	116	138	191	207	228	259	306	368	351	417	456	513	543	524	665	678	785	755	845	1000	940	905	770	747	618	405	302	229	208	133	85	60	74	93	83	66	56	76	83	69	55	60	72	67	50	46	56	57	43	33	40
64	170	1	2	119	0	1953125	12	0.0	0	0.60	0	0	V0.2	0	0	27	34	30	23	28	36	35	27	29	39	41	33	30	40	47	40	31	41	51	48	36	36	50	53	43	32	41	55	54	50	46	76	99	109	114	135	188	206	226	257	304	367	350	414	454	513	543	522	661	676	786	755	843	1000	945	908	769	748	621	409	301	229	208	133	86	58	71	92	81	62	52	73	81	67	52	56	69	65	48	43	54	55	42	30	38
64	170	1	2	119	0	1953125	12	0.0	0	0.60	0	0	V0.2	0	0	29	32	28	24	30	36	33	27	31	40	39	31	31	42	45	38	32	42	50	46	36	38	50	50	41	33	42	54	51	49	48	77	96	105	113	137	187	202	224	258	304	363	348	414	454	508	541	522	665	675	784	758	846	1000	941	913	774	748	622	411	307	229	208	135	87	59	70	90	80	66	53	71	79	69	54	55	67	64	50	43	51	54	43	32	36
64	170	1	2	119	0	1953125	12	0.0	0	0.60	0	0	V0.2	0	0	27	30	25	21	28	35	31	23	28	38	38	29	29	40	44	37	32	41	50	45	36	38	51	51	42	36	45	57	55	53	54	84	102	110	118	144	193	206	228	265	309	367	350	419	460	514	543	526	669	678	785	761	849	1000	939	910	772	744	617	409	304	225	205	135	91	62	72	94	86	72	59	75	83	75	61	60	71	68	56	49	55	56	46	38	39
64	170	1	2	119	0	1953125	12	0.0	0	0.60	0	0	V0.2	0	0	33	30	23	27	35	36	28	27	37	41	35	28	36	45	43	34	36	47	50	40	35	44	53	46	37	37	47	54	46	45	53	81	95	101	113	143	190	198	222	265	308	361	344	420	460	508	538	526	671	673	778	759	854	1000	937	913	778	746	617	413	310	225	202	134	92	61	65	86	80	70	54	65	75	70	60	54	61	63	55	46	46	50	45	37	32
64	170	1	2	119	0	1953125	12	0.0	0	0.60	0	0	V0.2	0	0	27	30	26	21	27	35	31	24	28	37	38	30	29	40	45	38	32	41	50	46	36	38	51	51	43	36	45	58	55	54	55	84	102	111	119	144	194	207	229	265	310	369	351	420	460	514	543	525	669	677	784	758	849	1000	939	908	770	743	616	406	303	224	206	135	90	61	72	94	87	72	58	75	84	73	60	61	72	68	55	49	55	56	46	36	40
64	170	1	2	119	0	1953125	12	0.0	0	0.60	0	0	V0.2	0	0	27	31	25	22	28	34	31	25	30	38	37	29	30	41	44	37	32	41	49	45	35	38	50	50	40	34	43	55	52	51	51	80	98	107	115	140	190	204	226	262	307	365	348	419	457	511	541	525	668	675	783	758	850	1000	937	908	772	746	616	406	305	226	205	132	87	59	70	92	82	67	55	74	81	72	57	58	70	67	52	47	53	55	44	35	38
64	170	1	2	119	0	1953125	12	0.0	0	0.60	0	0	V0.2	0	0	27	30	25	20	28	34	31	23	29	38	38	29	29	41	45	37	32	42	50	46	36	39	52	52	43	37	46	58	56	54	56	86	104	110	119	146	195	207	228	267	312	368	350	421	461	513	542	526	671	677	782	759	851	1000	935	907	773	745	613	405	304	225	204	133	92	64	75	95	87	72	60	77	83	73	61	63	72	69	56	50	56	56	45	37	40
64	170	1	2	119	0	1953125	12	0.0	0	0.60	0	0	V0.2	0	0	28	32	28	22	28	36	34	26	28	39	40	31	30	40	45	38	31	40	50	46	35	36	49	50	40	32	40	53	51	49	46	75	96	106	112	135	186	203	223	257	302	364	346	413	454	508	540	520	665	673	781	755	845	1000	934	906	773	749	618	403	306	230	207	129	82	59	72	90	77	61	52	72	79	67	53	57	69	64	48	44	54	54	41	31	38
64	170	1	2	119	0	1953125	12	0.0	0	0.60	0	0	V0.2	0	0	28	32	28	23	29	36	34	27	30	39	39	32	30	40	45	39	33	41	50	47	36	37	50	51	41	32	41	53	51	49	47	76	96	106	112	136	186	203	224	258	303	362	346	414	454	509	539	521	664	673	780	755	846	1000	933	904	771	748	617	404	305	229	207	130	83	59	72	91	79	62	52	73	79	67	52	57	68	64	48	43	53	54	40	30	37
64	170	1	2	119	0	1953125	12	0.0	0	0.60	0	0	V0.2	0	0	28	30	24	21	29	36	30	24	30	39	37	29	30	41	44	37	32	43	50	45	36	41	52	51	42	38	48	59	55	53	57	87	104	110	120	147	196	207	228	268	313	368	350	421	463	514	541	527	671	678	780	756	848	1000	935	904	769	742	614	405	301	223	204	135	92	63	73	95	88	74	59	76	84	78	63	61	70	69	57	49	54	56	47	38	39
64	170	1	2	119	0	1953125	12	0.0	0	0.59	0	0	V0.2	0	0	26	22	17	23	30	27	20	22	31	33	25	21	31	37	32	23	28	38	38	27	23	32	38	30	19	20	28	34	30	29	33	65	84	94	103	131	181	192	216	254	300	356	337	412	452	506	531	518	665	670	778	750	846	1000	938	907	772	747	621	408	304	227	201	125	72	43	49	67	61	52	34	48	60	59	47	41	52	57	50	39	40	46	44	35	30
64	170	1	2	119	0	1953125	12	0.0	0	0.60	0	0	V0.2	0	0	24	31	28	21	25	34	33	25	26	36	40	32	28	38	45	40	32	39	49	48	38	36	49	52	46	35	43	58	58	56	53	83	104	114	120	142	194	210	230	263	309	370	353	419	459	516	546	525	665	678	786	756	846	1000	943	905	764	744	617	406	298	225	207	135	89	60	74	97	88	70	59	77	86	74	58	61	74	69	53	48	57	58	45	34	42
64	170	1	2	119	0	1953125	12	0.0	0	0.59	0	0	V0.2	0	0	26	27	20	18	26	31	24	18	26	34	31	21	24	36	37	27	22	34	41	33	22	27	38	36	24	15	24	36	36	36	30	61	86	100	104	125	180	198	220	249	297	361	342	408	445	508	536	515	658	672	782	749	839	1000	940	901	768	747	622	402	301	231	203	123	66	46	55	73	62	47	34	54	65	58	42	43	59	59	46	37	45	52	44	29	31
64	170	1	2	119	0	1953125	12	0.0	0	0.60	0	0	V0.2	0	0	24	30	28	21	25	33	34	26	25	36	39	33	27	37	45	41	32	38	49	49	39	36	48	53	47	36	42	57	58	57	54	82	104	115	121	142	194	211	232	263	308	371	353	419	458	515	546	525	664	678	787	757	843	1000	940	905	765	743	619	405	298	225	208	135	88	59	74	98	88	70	58	77	87	72	57	61	75	70	52	48	58	59	44	34	42
64	170	1	2	119	0	1953125	12	0.0	0	0.60	0	0	V0.2	0	0	26	31	28	22	26	35	34	26	27	38	39	32	28	38	45	39	31	39	49	47	36	35	49	51	43	32	40	55	54	52	49	78	100	110	115	138	189	206	226	259	305	367	349	415	455	512	543	521	663	674	783	755	842	1000	936	906	767	745	618	404	301	228	206	132	85	59	72	93	82	65	54	74	82	69	55	60	71	66	50	46	56	56	43	33	40
64	170	1	2	119	0	1953125	12	0.0	0	0.60	0	0	V0.2	0	0	24	31	29	22	26	34	34	26	26	37	40	33	28	38	45	41	32	39	50	49	38	37	50	53	47	36	44	58	58	56	54	83	104	114	120	143	194	209	230	263	309	369	352	417	458	514	545	524	665	676	784	757	845	1000	938	905	770	746	617	404	302	228	208	135	90	63	77	98	88	70	60	80	86	74	60	63	74	68	52	50	58	58	44	35	42
64	170	1	2	119	0	1953125	12	0.0	0	0.60	0	0	V0.2	0	0	29	32	28	23	29	36	34	26	30	39	40	32	31	41	46	39	33	42	50	47	36	37	50	51	41	33	41	54	52	50	48	77	97	107	113	137	187	203	225	258	304	364	348	414	455	510	541	522	664	675	783	756	846	1000	940	907	771	747	620	407	304	229	208	133	86	59	71	90	80	63	53	70	80	67	52	55	68	65	49	43	52	54	42	31	36
64	170	1	2	119	0	1953125	12	0.0	0	0.60	0	0	V0.2	0	0	24	31	28	20	25	34	34	25	25	36	40	32	27	37	45	40	31	38	49	49	38	36	49	53	46	35	43	58	58	56	53	82	104	114	119	141	194	211	230	263	310	371	353	417	459	515	546	524	666	680	786	756	844	1000	939	903	766	745	616	403	298	227	207	134	87	61	75	96	87	70	57	79	86	74	57	62	74	69	53	49	58	58	44	35	42
64	170	1	2	119	0	1953125	12	0.0	0	0.60	0	0	V0.2	0	0	25	31	28	21	25	35	34	25	26	37	40	32	27	39	46	40	31	38	50	48	36	35	49	53	44	33	41	57	57	55	51	81	103	113	118	141	194	210	230	262	308	370	352	418	457	516	545	524	665	679	787	756	844	1000	941	904	766	745	618	404	299	227	206	133	86	58	73	95	85	68	57	77	85	71	56	60	73	68	51	47	58	58	44	34	42
64	170	1	2	119	0	1953125	12	0.0	0	0.60	0	0	V0.2	0	0	25	30	28	21	25	34	33	26	26	37	40	32	28	38	45	41	32	39	50	48	38	36	49	53	45	36	42	58	58	56	53	82	104	114	120	142	194	210	230	263	309	371	353	419	459	516	546	525	665	679	786	756	844	999	942	905	766	743	617	406	298	226	206	135	90	61	75	97	88	70	58	79	86	74	58	61	74	69	53	49	58	58	45	35	42
64	170	1	2	119	0	1953125	12	0.0	0	0.60	0	0	V0.2	0	0	28	32	28	23	29	36	34	26	30	38	39	31	30	40	45	39	32	40	50	46	35	36	49	50	41	32	41	54	52	50	47	76	97	108	114	136	188	204	225	259	304	365	348	416	454	511	542	522	664	677	785	756	846	1000	943	907	772	747	621	407	302	228	207	133	85	57	69	91	80	64	51	71	80	69	52	56	69	65	50	43	52	55	43	31	37
64	170	1	2	119	0	1953125	12	0.0	0	0.60	0	0	V0.2	0	0	29	32	28	24	30	36	33	27	31	39	39	31	31	41	46	39	34	42	50	46	37	38	50	50	41	34	42	54	51	49	48	77	96	105	113	137	187	203	224	259	302	363	346	415	455	509	540	522	665	674	781	758	847	1000	935	907	772	748	619	407	306	230	208	133	86	60	70	90	79	64	52	72	79	68	54	56	67	64	49	43	51	53	42	31	36
64	170	1	2	119	0	1953125	12	0.0	0	0.60	0	0	V0.2	0	0	24	30	27	21	25	34	33	25	26	36	39	31	26	38	45	39	31	38	49	47	37	36	49	52	44	34	42	57	57	55	52	81	103	112	118	140	192	208	227	261	307	368	349	415	456	512	542	522	666	676	781	755	844	1000	935	901	770	747	617	403	302	230	207	132	85	62	76	96	85	67	57	79	85	71	57	63	74	68	52	49	58	58	43	35	42
64	170	1	2	119	0	1953125	12	0.0	0	0.60	0	0	V0.2	0	0	25	30	27	20	26	34	32	24	26	37	38	30	28	39	45	39	31	40	50	47	36	37	50	52	44	34	43	57	57	55	53	83	104	112	119	143	194	210	229	265	309	369	352	419	460	515	544	525	668	679	783	757	845	1000	934	901	767	744	615	403	298	226	205	132	88	60	73	96	86	69	59	77	85	73	58	61	74	69	53	48	57	58	45	35	42
64	170	1	2	119	0	1953125	12	0.0	0	0.60	0	0	V0.2	0	0	24	31	28	21	25	33	33	25	26	36	38	31	27	38	44	39	31	39	49	47	35	36	49	52	44	34	43	56	56	53	50	80	103	113	118	141	193	209	230	262	307	370	352	418	458	515	546	524	666	676	785	756	846	1000	938	904	766	744	616	404	300	227	206	132	86	60	73	94	85	67	57	77	84	71	56	61	73	68	51	47	57	58	44	34	41
64	170	1	2	119	0	1953125	12	0.0	0	0.60	0	0	V0.2	0	0	28	33	28	23	29	36	34	27	29	39	40	31	30	41	46	40	32	41	50	47	36	37	50	51	42	32	41	54	52	50	47	76	98	107	113	136	188	204	225	258	303	365	348	414	454	510	542	521	664	675	783	755	842	1000	938	906	771	746	620	405	304	229	208	132	84	58	70	92	80	63	53	72	79	68	53	56	69	64	49	43	52	54	42	30	37
64	170	1	2	119	0	1953125	12	0.0	0	0.60	0	0	V0.2	0	0	25	30	26	21	26	34	33	25	27	37	38	31	28	38	44	39	31	39	49	47	37	37	49	51	43	35	43	56	55	54	53	81	101	110	118	141	191	207	228	262	306	367	350	418	457	512	543	524	667	675	783	758	847	1000	935	905	770	745	616	404	303	228	207	133	88	62	74	95	85	69	58	78	84	73	58	61	73	68	53	48	57	57	44	35	41
64	170	1	2	119	0	1953125	12	0.0	0	0.60	0	0	V0.2	0	0	26	29	26	22	28	34	31	24	29	37	37	30	30	40	43	37	32	41	48	45	36	38	49	50	41	35	43	55	53	52	52	80	99	108	117	141	190	205	226	263	307	365	348	417	458	510	543	525	669	676	780	759	849	999	934	906	775	746	616	405	305	228	206	131	87	61	73	93	83	67	57	75	82	71	58	60	71	67	53	47	54	56	45	35	39
64	170	1	2	119	0	1953125	12	0.0	0	0.60	0	0	V0.2	0	0	24	31	27	21	25	34	33	25	26	36	39	31	27	38	45	40	31	38	49	48	37	36	49	53	45	35	42	57	57	55	52	82	103	113	119	142	193	210	229	263	308	369	352	417	459	514	545	525	667	679	785	757	845	1000	938	903	769	745	616	402	301	227	207	131	88	61	75	96	85	69	58	79	85	71	58	62	74	67	52	49	58	57	44	36	43
64	170	1	2	119	0	1953125	12	0.0	0	0.60	0	0	V0.2	0	0	26	31	28	22	26	34	33	26	27	37	39	31	28	39	45	39	31	39	49	47	36	36	48	51	43	33	41	56	55	53	50	79	100	110	117	139	191	208	228	261	307	368	352	417	457	514	544	525	665	678	785	758	847	1000	940	904	769	746	617	405	301	227	207	133	87	59	72	94	83	67	55	76	82	70	56	59	71	67	51	47	56	57	44	33	39
64	170	1	2	119	0	1953125	12	0.0	0	0.60	0	0	V0.2	0	0	25	31	28	21	26	34	34	25	26	37	40	33	29	39	45	41	32	39	50	49	39	37	50	53	47	37	44	59	59	57	55	84	105	114	121	144	195	211	231	266	311	371	354	420	461	516	547	528	668	680	787	759	849	1000	942	905	771	745	618	407	301	227	209	136	91	63	76	98	89	71	59	79	87	74	59	62	74	69	53	49	58	58	44	36	42
64	170	1	2	119	0	1953125	12	0.0	0	0.60	0	0	V0.2	0	0	26	31	28	22	27	35	34	26	27	37	40	32	28	39	45	39	31	39	49	47	36	36	49	51	42	33	40	55	55	52	49	78	100	110	116	138	190	207	227	261	305	367	351	416	456	513	545	525	665	678	786	758	847	1000	942	907	773	747	620	407	303	229	207	133	86	59	72	93	83	65	56	75	82	69	55	60	71	67	51	46	56	56	43	33	40
64	170	1	2	119	0	1953125	12	0.0	0	0.60	0	0	V0.2	0	0	24	30	27	21	25	34	33	25	26	36	39	32	28	38	45	40	31	39	49	48	37	36	50	52	45	35	43	57	58	56	54	82	103	113	120	142	193	209	230	264	309	370	353	418	459	514	547	526	667	679	785	760	847	1000	942	908	773	746	619	407	303	228	208	135	89	62	75	97	86	69	59	77	86	73	58	62	74	69	53	49	58	58	44	36	42
64	170	1	2	119	0	1953125	12	0.0	0	0.60	0	0	V0.2	0	0	25	30	28	21	26	34	33	26	26	36	39	32	27	38	45	39	31	38	49	47	37	36	49	52	44	34	42	57	56	54	52	81	102	112	118	140	191	209	229	262	306	368	351	418	458	513	545	525	667	678	785	760	848	1000	937	904	772	745	617	405	303	228	206	132	87	62	75	95	85	68	58	78	83	71	57	62	74	68	52	48	57	57	44	35	42
64	170	1	2	119	0	1953125	12	0.0	0	0.60	0	0	V0.2	0	0	27	30	24	21	28	34	31	23	29	38	37	29	29	40	44	36	31	42	50	45	35	39	50	50	41	35	45	57	54	52	54	84	102	108	118	144	193	206	226	266	310	368	349	419	461	512	542	526	670	678	781	759	852	1000	934	905	774	745	614	405	304	226	203	132	89	62	73	93	84	71	58	75	83	73	60	60	71	67	55	49	54	55	46	37	40
64	170	1	2	119	0	1953125	12	0.0	0	0.60	0	0	V0.2	0	0	29	31	25	22	30	35	31	24	30	39	38	29	31	42	44	36	31	42	50	44	34	39	51	50	39	34	44	56	52	49	51	81	99	107	115	142	192	205	225	263	307	366	347	418	459	511	541	524	669	677	780	758	849	1000	933	904	773	744	615	405	304	226	204	131	86	60	70	90	82	68	55	72	80	70	56	57	68	66	53	46	53	54	45	35	38
64	170	1	2	119	0	1953125	12	0.0	0	0.60	0	0	V0.2	0	0	27	30	25	20	28	35	31	24	29	39	38	29	29	41	44	37	32	42	50	46	36	40	52	51	42	37	46	59	55	53	56	86	103	109	119	146	194	206	227	266	310	367	348	420	462	512	541	526	671	676	779	758	851	1000	931	903	774	745	613	403	304	227	205	132	90	63	75	95	86	72	60	78	83	74	61	62	72	68	55	50	55	56	46	38	40
64	170	1	2	119	0	1953125	12	0.0	0	0.60	0	0	V0.2	0	0	29	31	24	22	30	35	30	23	31	40	37	28	31	42	45	36	32	43	50	43	33	39	51	49	39	34	45	56	51	49	51	82	100	105	115	143	193	204	224	264	309	365	346	418	461	511	540	524	671	676	779	757	850	1000	929	902	773	745	613	403	305	226	203	129	87	60	71	90	81	68	57	72	80	71	57	58	68	66	53	47	53	54	45	36	38
