34928	35048	35167	35286	35405	35524	35644	35763	35882	36001	36120	36240	36359	36478	36597	36716	36836	36955	37074	37193	37313	37432	37551	37670	37789	37909	38028	38147	38266	38385	38505	38624	38743	38862	38981	39101	39220	39339	39458	39577	39697	39816	39935	40054	40174	40293	40412	40531	40650	40770	40889	41008	41127	41246	41366	41485	41604	41723	41842	41962	42081	42200	42319	42439	42558	42677	42796	42915	43035	43154	43273	43392	43511	43631	43750	43869	43988	44107	44227	44346	44465	44584	44703	44823	44942
64	170	2	2	119	0	1953125	12	0.0	2156	1.39	0	0	V0.2	0	0	45	38	53	80	42	81	40	84	25	56	53	50	59	48	60	35	54	57	37	51	50	84	62	111	123	78	99	98	178	115	237	201	259	276	242	382	342	638	560	715	686	615	774	702	845	686	723	785	590	686	543	1000	775	648	571	308	216	363	524	526	645	446	270	258	55	113	143	286	147	161	150	157	164	89	187	86	104	34	96	62	62	82	65	68	57
64	170	1	2	119	0	1953125	12	0.0	2033	1.37	0	0	V0.2	0	0	56	82	17	100	25	100	29	106	59	94	49	110	61	111	60	124	88	97	108	108	134	115	139	167	97	161	113	237	152	232	222	212	300	205	353	270	446	491	472	555	437	606	617	656	728	579	656	530	453	430	460	828	848	1000	920	732	507	228	201	361	520	364	418	406	302	286	96	237	213	185	197	161	240	108	168	141	164	141	118	174	122	122	101	129	120
64	170	1	2	119	0	1953125	12	0.0	2156	1.39	0	0	V0.2	0	0	49	21	72	15	81	22	91	23	71	41	60	57	45	72	38	64	40	61	61	49	89	28	118	31	155	75	153	88	119	128	129	180	208	359	210	308	217	427	336	454	569	647	798	719	877	731	678	598	395	404	317	732	820	1000	855	641	363	393	404	586	502	525	665	492	459	227	328	288	230	218	173	211	70	167	96	142	60	132	82	90	86	93	77	72	88
64	170	1	2	119	0	1953125	12	0.0	2031	1.37	0	0	V0.2	0	0	64	74	30	83	34	107	6	93	51	99	41	94	70	110	47	116	92	107	96	103	160	88	158	140	176	167	119	206	116	166	98	217	277	225	376	275	451	343	391	428	396	553	491	681	734	712	821	757	972	855	839	1000	823	855	693	716	713	661	611	404	146	243	217	200	261	103	104	180	151	211	105	159	195	97	134	76	171	115	71	90	81	92	33	87	79
64	170	2	2	119	0	1953125	12	0.0	1783	1.33	0	0	V0.2	0	0	45	21	71	5	84	29	75	44	68	45	68	46	72	48	67	63	55	63	57	56	87	34	123	31	135	79	129	140	83	179	145	184	166	63	237	168	233	204	219	342	198	236	190	303	523	396	482	476	726	842	626	813	796	1000	850	566	651	731	750	743	404	410	363	344	304	103	216	153	180	136	125	191	75	113	65	129	118	55	108	79	93	59	62	87	60
64	170	2	2	119	0	1953125	12	0.0	2028	1.37	0	0	V0.2	0	0	43	35	64	75	45	58	74	40	81	62	69	48	101	55	65	97	96	70	112	107	100	105	170	113	164	153	154	112	183	154	109	227	218	237	174	350	184	299	283	399	281	524	523	475	623	900	938	637	814	864	828	584	1000	943	836	594	455	333	62	228	221	130	254	383	188	108	191	279	92	226	234	188	96	222	178	102	152	163	104	106	161	83	88	123	114
64	170	2	2	119	0	1953125	12	0.0	2026	1.37	0	0	V0.2	0	0	62	55	59	84	38	76	53	82	48	72	84	71	88	83	98	72	90	102	93	100	117	127	131	112	175	118	183	132	234	179	195	223	163	186	73	230	136	170	143	306	299	172	263	258	295	326	182	227	522	626	890	1000	884	986	918	992	913	743	604	427	417	277	398	317	331	342	328	340	213	273	222	232	187	201	217	141	165	142	174	117	144	143	132	120	124
64	170	2	2	119	0	1953125	12	0.0	2008	1.36	0	0	V0.2	0	0	42	80	82	58	71	87	98	65	94	104	83	92	105	121	81	121	136	122	112	146	162	135	136	201	153	167	150	253	164	151	186	219	198	132	298	229	233	213	394	387	231	320	430	442	156	367	515	554	497	679	1000	860	626	608	870	682	295	338	439	401	172	313	321	305	236	249	334	227	217	216	260	200	168	228	179	169	143	204	158	133	154	154	132	106	141
64	170	2	2	119	0	1953125	12	0.0	2011	1.36	0	0	V0.2	0	0	55	80	91	50	98	79	97	62	110	91	80	102	118	108	98	141	145	116	135	166	146	137	167	216	131	180	187	235	128	211	257	232	225	276	405	285	320	350	442	345	391	582	586	578	646	980	1000	810	756	783	808	405	266	415	404	319	675	645	429	281	318	418	267	191	199	271	212	190	291	256	240	193	267	225	182	209	212	196	140	184	157	129	125	149	126
64	170	2	2	119	0	1953125	12	0.0	2018	1.37	0	0	V0.2	0	0	93	109	99	78	130	95	105	104	142	109	108	150	145	128	136	176	155	138	183	195	164	179	217	228	157	242	233	251	196	326	332	276	299	327	388	229	346	370	402	345	502	639	513	507	610	813	661	344	482	535	424	494	961	1000	799	696	962	806	416	316	392	437	229	272	324	358	281	284	363	276	266	252	308	249	230	263	229	204	176	218	171	153	166	170	140
64	170	2	2	119	0	1953125	12	0.0	2046	1.37	0	0	V0.2	0	0	91	86	89	65	114	93	92	92	128	93	112	116	144	91	145	141	148	131	177	191	141	201	194	223	159	274	263	251	268	329	358	255	326	339	340	328	456	557	460	532	541	610	407	416	567	526	403	474	839	715	666	766	999	819	457	678	867	740	525	748	689	580	399	475	526	402	391	384	427	311	333	362	322	290	271	310	222	232	236	238	191	198	214	169	160
64	170	2	2	119	0	1953125	12	0.0	2046	1.37	0	0	V0.2	0	0	123	97	108	91	143	103	121	122	147	104	145	142	160	111	186	167	172	167	212	217	163	235	222	242	200	308	316	271	311	338	376	273	349	395	389	443	509	668	530	580	554	575	397	348	612	645	624	590	960	931	716	659	843	820	376	712	999	995	691	810	823	682	539	415	555	445	394	395	436	404	299	392	342	330	261	319	291	228	247	245	235	177	218	199	169
64	170	2	2	119	0	1953125	12	0.0	2036	1.37	0	0	V0.2	0	0	86	95	71	91	84	119	71	113	109	115	101	121	136	111	133	152	151	142	171	195	176	166	220	198	220	200	312	243	274	263	322	288	252	382	368	445	435	643	639	567	606	617	616	354	499	740	768	651	719	1000	865	686	550	736	499	247	589	768	628	498	633	620	601	398	400	422	343	350	332	398	303	304	308	289	262	232	278	216	212	201	215	178	163	182	164
64	170	2	2	119	0	1953125	12	0.0	2033	1.37	0	0	V0.2	0	0	74	63	100	55	99	75	106	72	117	98	113	91	136	102	127	119	159	139	146	183	163	183	149	226	173	211	218	256	241	205	276	239	250	248	346	359	367	522	535	589	489	575	601	441	369	557	800	723	759	849	1000	925	644	641	543	354	91	335	337	301	251	417	454	313	280	212	288	234	234	275	243	249	176	235	181	183	169	179	168	134	158	132	132	113	127
64	170	1	2	119	0	1953125	12	0.0	2031	1.37	0	0	V0.2	0	0	80	69	100	63	101	86	107	83	123	107	118	94	144	103	134	128	170	144	157	199	173	195	172	250	200	232	258	277	266	231	325	285	306	341	437	468	451	641	615	624	486	564	605	436	462	707	950	831	833	913	1000	868	611	732	566	260	299	631	594	506	438	546	574	388	375	317	388	331	336	371	305	309	241	299	231	246	230	224	210	187	213	170	169	158	168
64	170	2	2	119	0	1953125	12	0.0	2031	1.37	0	0	V0.2	0	0	91	79	119	68	123	94	128	90	140	118	133	109	162	122	149	143	187	163	172	213	188	214	182	271	204	255	264	310	284	256	343	301	322	333	448	462	457	630	622	647	481	555	607	485	434	589	820	706	737	818	1000	910	778	889	748	454	246	621	652	590	477	550	565	400	385	324	410	350	356	380	322	321	249	313	241	252	232	234	217	186	209	175	180	164	176
64	170	2	2	119	0	1953125	12	0.0	2036	1.37	0	0	V0.2	0	0	83	71	106	56	108	75	115	73	127	103	120	99	142	112	133	131	165	143	155	192	171	195	166	253	179	247	236	301	257	262	330	290	316	310	443	419	453	574	591	598	443	542	551	442	347	518	663	544	631	772	1000	872	834	872	721	403	382	678	685	626	486	586	544	419	391	362	431	347	372	351	321	297	262	306	231	255	219	237	201	207	213	182	177	164	172
64	170	2	2	119	0	1953125	12	0.0	2033	1.37	0	0	V0.2	0	0	97	86	116	75	125	102	125	98	143	120	134	120	167	125	155	149	185	161	177	216	189	214	192	263	209	255	279	295	285	264	350	301	317	350	423	449	415	582	529	509	380	487	533	362	349	520	696	563	676	834	1000	930	865	957	691	415	490	801	738	607	520	544	563	377	394	355	411	359	342	370	290	305	250	303	238	245	237	226	217	190	212	170	176	164	167
64	170	2	2	119	0	1953125	12	0.0	1991	1.36	0	0	V0.2	0	0	87	96	99	82	137	85	123	98	145	101	118	136	145	122	142	164	167	140	173	200	157	191	180	257	146	248	223	271	195	230	300	233	273	285	403	355	328	475	420	392	175	354	404	278	280	557	716	542	650	796	1000	863	846	993	758	373	475	822	727	563	427	492	504	307	320	293	391	331	315	365	290	291	218	299	243	233	236	227	226	186	228	198	184	170	186
64	170	2	2	119	0	1953125	12	0.0	2033	1.37	0	0	V0.2	0	0	80	111	96	128	76	145	117	135	105	159	126	141	138	182	136	173	183	198	177	200	245	189	248	226	300	205	311	294	298	274	331	395	313	419	430	486	408	480	559	390	326	375	577	415	462	708	837	748	627	931	936	877	743	1000	802	386	520	856	826	549	587	572	597	389	407	417	397	387	349	399	283	304	274	294	251	258	269	213	226	216	225	172	190	185	164
64	170	2	2	119	0	1953125	12	0.0	2036	1.37	0	0	V0.2	0	0	97	93	130	72	132	105	133	94	152	127	137	120	176	130	158	164	205	167	182	233	203	229	214	312	230	283	291	330	286	295	407	369	399	425	526	499	415	561	519	475	302	554	618	540	598	853	1000	763	745	836	990	815	819	976	789	489	669	984	893	757	650	734	674	477	489	455	513	417	448	440	358	349	318	376	286	321	293	286	247	249	266	214	214	206	210
64	170	2	2	119	0	1953125	12	0.0	2036	1.37	0	0	V0.2	0	0	110	106	125	97	133	132	127	119	152	139	141	132	185	141	174	177	210	181	195	240	211	230	238	293	261	260	320	297	304	285	407	380	379	453	468	497	355	529	483	417	317	513	636	513	636	835	1000	819	684	800	822	741	685	950	753	535	640	939	862	687	662	659	673	447	465	437	456	421	387	436	325	331	290	336	284	278	297	255	249	220	241	195	193	195	190
64	170	1	2	119	0	1953125	12	0.0	2036	1.37	0	0	V0.2	0	0	96	90	116	87	117	116	117	102	134	124	129	114	168	126	157	156	194	162	174	223	197	218	215	284	241	248	295	288	288	276	401	377	384	436	462	477	336	499	453	427	338	571	673	557	647	831	999	795	676	758	804	698	671	926	739	550	677	956	868	724	677	706	706	489	512	460	488	424	411	444	337	348	303	361	288	302	297	268	253	232	253	200	206	203	204
64	170	2	2	119	0	1953125	12	0.0	2036	1.37	0	0	V0.2	0	0	98	96	123	73	135	102	125	92	147	116	128	125	169	127	155	162	188	154	177	215	180	207	197	273	188	249	255	284	245	279	374	326	346	353	402	341	272	406	380	359	321	573	588	485	534	724	810	554	498	548	616	450	693	952	819	637	808	999	831	683	609	687	635	441	452	406	432	338	369	376	307	306	277	325	243	274	254	244	212	208	220	174	183	179	180
64	170	2	2	119	0	1953125	12	0.0	2011	1.36	0	0	V0.2	0	0	114	92	91	112	107	110	93	135	114	108	126	144	138	118	162	172	144	148	185	189	171	173	248	181	216	183	294	212	241	283	320	322	256	372	342	255	246	335	424	250	394	487	584	460	469	743	674	596	364	584	545	454	654	1000	961	647	855	932	908	613	591	685	603	517	353	442	418	343	354	351	388	264	311	310	302	264	256	291	225	223	218	226	187	178	202
64	170	2	2	119	0	1953125	12	0.0	2013	1.37	0	0	V0.2	0	0	140	232	327	374	397	389	377	307	264	210	213	241	245	266	280	227	184	54	14	152	244	350	467	497	529	555	534	478	439	389	333	345	501	480	652	701	770	661	672	680	708	731	283	581	619	841	650	509	831	978	611	602	897	669	313	952	531	1000	229	759	719	651	609	602	578	480	473	441	419	434	446	425	434	412	358	314	288	274	213	195	167	170	155	127	78
64	170	2	2	119	0	1953125	12	0.0	1991	1.36	0	0	V0.2	0	0	83	87	75	111	94	87	100	115	106	102	117	137	105	128	138	146	124	140	168	158	135	175	174	197	128	228	192	220	182	250	281	208	237	241	262	191	177	308	288	308	284	461	478	340	361	465	549	370	303	419	498	458	652	1000	953	791	742	888	781	545	507	509	576	395	329	333	346	333	255	335	310	269	244	260	287	212	238	226	227	186	182	206	169	159	160
64	170	2	2	119	0	1953125	12	0.0	2013	1.37	0	0	V0.2	0	0	92	150	213	202	167	193	220	206	116	91	156	163	99	100	175	182	103	22	52	33	96	221	291	298	224	238	316	321	272	183	125	111	171	354	479	405	231	337	440	484	459	238	88	214	285	776	665	319	120	526	780	1000	690	558	966	769	860	677	35	605	715	701	424	84	270	410	414	375	240	73	170	299	340	296	175	56	143	212	218	169	110	8	92	136	134
64	170	2	2	119	0	1953125	12	0.0	1991	1.36	0	0	V0.2	0	0	87	102	78	97	107	81	121	88	117	110	120	123	118	141	121	150	139	142	150	165	152	179	172	159	212	169	209	224	194	246	252	230	257	252	194	249	211	232	327	290	375	412	371	366	390	335	376	365	289	362	371	580	757	882	1000	937	885	882	766	670	634	505	486	466	371	362	350	295	332	324	283	303	258	244	273	237	236	233	198	207	202	178	181	165	165
64	170	2	2	119	0	1953125	12	0.0	1828	1.33	0	0	V0.2	0	0	12	32	40	25	15	30	41	31	22	21	30	24	18	20	30	29	29	19	13	12	14	42	47	53	30	26	39	80	57	20	75	109	163	95	158	217	104	82	203	318	169	307	470	539	372	206	436	376	228	166	241	116	556	971	1000	609	876	921	737	375	384	432	266	179	55	123	161	51	87	82	130	93	50	105	57	69	38	94	83	43	76	70	75	37	65
64	170	2	2	119	0	1953125	12	0.0	1753	1.32	0	0	V0.2	0	0	19	24	38	17	43	22	51	3	26	22	39	14	19	36	39	15	29	36	26	15	38	65	9	52	16	83	27	73	57	52	75	63	149	144	86	152	88	107	161	322	252	301	453	647	508	161	354	460	387	218	205	33	440	1000	930	583	720	821	628	276	342	243	218	81	79	130	58	85	57	97	69	65	112	54	63	29	90	59	36	59	59	61	29	71	57
64	170	2	2	119	0	1953125	12	0.0	1798	1.33	0	0	V0.2	0	0	10	41	26	29	13	54	36	32	11	44	18	28	17	42	22	40	20	17	20	26	41	26	64	11	44	33	98	33	54	54	91	125	88	202	128	168	129	154	51	277	304	306	440	627	689	272	207	367	442	389	336	61	404	1000	957	508	733	828	677	308	385	254	215	114	139	159	32	123	92	106	29	124	124	38	51	79	101	14	81	72	61	34	77	73	36
64	170	2	2	119	0	1953125	12	0.0	2011	1.36	0	0	V0.2	0	0	72	57	78	73	78	71	91	79	72	104	84	98	91	121	88	122	117	116	121	142	139	123	165	149	157	160	207	164	203	202	235	201	267	245	225	221	224	211	269	357	305	316	405	495	295	135	296	337	99	527	649	522	513	987	1000	636	584	760	731	455	483	450	441	319	380	322	293	302	303	279	245	289	209	220	215	239	166	203	190	169	152	181	153	136	153
64	170	2	2	119	0	1953125	12	0.0	2011	1.36	0	0	V0.2	0	0	45	70	70	78	53	89	85	79	71	107	87	93	84	125	83	109	116	131	114	123	162	124	146	144	178	142	168	211	177	186	190	263	220	199	254	221	212	152	341	292	290	282	431	443	220	92	192	240	191	578	671	633	599	912	1000	710	512	582	712	494	368	397	435	383	252	335	312	287	240	282	290	198	228	207	224	160	201	191	160	155	160	164	123	147	142
64	170	2	2	119	0	1953125	12	0.0	1986	1.36	0	0	V0.2	0	0	55	64	90	43	85	64	99	52	98	88	92	78	107	99	94	98	128	110	105	135	129	134	101	180	119	156	130	211	161	145	199	195	200	141	237	220	119	158	247	314	184	272	368	359	250	142	208	184	323	601	834	652	683	909	1000	752	447	621	643	543	311	406	422	328	275	264	353	254	245	266	273	231	174	236	184	184	165	203	168	144	171	159	143	126	155
64	170	1	2	119	0	1953125	12	0.0	1868	1.34	0	0	V0.2	0	0	26	23	32	60	11	28	22	58	14	17	28	53	3	27	28	54	18	20	36	19	14	15	70	54	52	34	27	51	75	62	29	74	85	120	31	212	177	92	76	295	306	189	432	555	605	452	196	210	372	607	859	612	572	922	1000	682	359	668	631	451	171	307	282	126	104	56	199	167	77	145	134	166	83	111	131	80	83	78	125	73	67	87	84	69	50
64	170	1	2	119	0	1953125	12	0.0	2011	1.36	0	0	V0.2	0	0	69	61	88	45	98	65	90	62	110	77	91	104	112	91	107	126	109	112	147	138	130	139	170	143	162	187	181	188	195	233	175	243	236	250	215	273	259	197	305	352	373	258	451	447	280	99	307	207	326	631	872	712	608	986	1000	739	517	769	730	583	436	496	445	321	340	328	346	278	346	291	271	243	247	206	201	229	188	185	183	199	147	170	167	154	132
64	170	1	2	119	0	1953125	12	0.0	2031	1.37	0	0	V0.2	0	0	81	64	100	84	77	83	105	88	93	101	120	86	126	114	128	98	145	140	127	156	161	177	135	206	187	186	193	239	249	191	266	273	277	253	303	346	211	290	334	427	305	378	500	443	296	83	261	191	337	564	806	648	678	949	1000	805	573	766	778	674	461	480	503	360	333	310	391	295	296	313	281	244	197	255	188	203	183	204	162	160	177	147	141	140	154
64	170	1	2	119	0	1953125	12	0.0	2036	1.37	0	0	V0.2	0	0	65	61	92	58	85	58	106	58	86	88	101	84	96	115	101	103	123	124	115	132	154	154	129	187	155	188	154	253	196	215	233	276	284	216	334	277	274	214	373	377	304	368	450	481	273	92	168	238	249	593	757	634	676	871	1000	754	611	672	768	687	450	502	450	421	301	342	376	295	304	274	311	210	226	222	208	188	184	208	155	172	163	168	133	146	149
64	170	1	2	119	0	1953125	12	0.0	2056	1.37	0	0	V0.2	0	0	84	67	98	89	80	85	98	90	91	96	117	80	126	107	131	95	143	135	126	156	158	182	138	208	190	191	194	243	263	210	291	301	321	297	336	395	262	340	348	466	355	433	556	518	416	46	177	124	275	469	741	631	722	959	1000	878	633	774	805	745	542	504	544	406	388	325	410	320	300	315	279	259	189	257	187	201	174	199	164	150	173	148	141	133	153
64	170	1	2	119	0	1953125	12	0.0	2056	1.37	0	0	V0.2	0	0	68	52	97	50	91	53	103	53	92	76	102	71	112	98	113	93	132	120	114	142	141	172	117	208	152	200	158	250	227	219	274	286	330	270	359	359	298	320	357	457	361	466	542	562	465	127	145	93	208	419	672	592	739	913	1000	888	655	735	760	749	528	518	525	443	409	341	428	336	322	310	303	273	203	259	202	213	177	211	175	158	177	163	154	135	158
64	170	1	2	119	0	1953125	12	0.0	2031	1.37	0	0	V0.2	0	0	59	83	80	73	78	84	94	76	91	103	91	105	102	126	92	121	124	125	122	142	163	146	149	187	160	186	160	249	183	217	222	265	281	223	330	263	276	212	345	366	314	390	455	523	398	98	24	157	217	525	692	621	741	880	1000	826	592	596	669	660	405	428	397	402	326	298	376	293	297	249	287	237	186	217	185	195	146	190	155	142	144	148	141	116	138
64	170	1	2	119	0	1953125	12	0.0	2056	1.37	0	0	V0.2	0	0	79	50	87	65	89	57	98	70	86	69	108	76	107	93	126	91	126	125	122	135	139	182	123	198	159	217	162	244	238	233	265	279	339	277	355	359	330	323	366	476	414	500	556	606	503	180	139	126	216	459	721	652	735	852	1000	900	643	639	695	704	456	473	459	458	391	366	434	344	344	295	324	256	222	240	211	211	174	213	166	175	170	171	148	144	154
64	170	1	2	119	0	1953125	12	0.0	2056	1.37	0	0	V0.2	0	0	87	66	110	64	105	62	117	68	107	91	121	90	127	118	135	108	147	141	138	162	165	202	144	233	181	235	186	276	264	253	299	310	366	306	388	399	347	366	402	532	459	563	645	673	578	220	194	125	208	397	725	666	720	852	1000	974	683	702	758	777	534	480	524	482	450	359	462	391	353	328	324	314	216	266	222	232	184	215	196	162	176	171	171	138	163
64	170	1	2	119	0	1953125	12	0.0	2056	1.37	0	0	V0.2	0	0	82	61	105	71	97	75	109	75	101	92	118	84	132	111	136	105	150	141	136	166	167	203	149	232	197	227	211	274	289	251	321	331	373	339	394	449	351	413	425	571	492	582	702	703	614	245	249	204	299	441	764	729	733	897	994	1000	677	718	799	808	609	504	580	502	489	396	486	431	370	374	343	344	236	289	248	245	212	228	224	179	201	186	183	152	178
64	170	1	2	119	0	1953125	12	0.0	2031	1.37	0	0	V0.2	0	0	82	89	112	71	115	82	126	81	125	112	124	117	137	135	132	135	161	151	153	180	181	201	162	242	178	241	193	291	247	253	293	299	348	286	380	362	317	335	384	493	416	526	592	603	503	160	161	141	282	451	739	651	731	885	999	949	664	702	744	764	535	483	509	454	441	351	444	382	351	339	322	324	224	270	228	238	199	214	212	170	187	172	178	145	163
64	170	1	2	119	0	1953125	12	0.0	2031	1.37	0	0	V0.2	0	0	78	57	102	57	98	59	113	65	103	86	118	87	124	110	129	106	144	134	132	157	155	189	132	219	165	219	175	262	239	227	278	287	338	282	370	378	317	332	357	473	386	488	567	591	492	145	133	107	228	449	736	629	709	867	1000	906	658	718	774	786	534	518	511	472	433	370	455	363	358	327	334	301	232	272	222	238	196	231	193	182	191	182	175	154	172
64	170	1	2	119	0	1953125	12	0.0	1818	1.33	0	0	V0.2	0	0	26	2	36	20	55	38	34	21	37	31	18	8	37	32	28	12	31	22	10	36	53	14	46	18	81	47	77	52	58	74	36	152	124	131	178	209	316	134	276	269	386	348	520	707	642	533	391	241	432	475	555	586	504	988	1000	804	562	557	718	481	328	154	263	178	44	128	109	160	149	65	158	100	127	97	79	119	49	84	59	80	74	44	80	58	64
64	170	1	2	119	0	1953125	12	0.0	2031	1.37	0	0	V0.2	0	0	65	78	52	96	53	94	59	99	61	100	86	92	106	103	107	100	127	115	118	152	130	160	133	197	132	205	172	229	195	237	240	238	303	263	329	276	374	260	342	336	404	332	436	499	352	139	146	203	223	510	730	749	694	1000	967	884	646	727	747	676	547	479	458	384	415	337	385	328	362	279	302	266	241	206	227	218	185	201	184	178	154	183	146	151	148
64	170	1	2	119	0	1953125	12	0.0	2006	1.36	0	0	V0.2	0	0	64	66	94	44	97	60	105	59	107	86	101	88	115	99	105	105	132	114	119	148	134	156	113	197	127	181	148	224	185	162	215	204	237	190	267	274	179	231	225	316	185	248	324	302	239	90	204	278	428	587	837	731	841	1000	992	888	526	559	594	590	404	346	393	310	316	255	348	296	260	278	253	260	171	227	188	192	172	181	182	138	163	147	150	125	143
64	170	1	2	119	0	1953125	12	0.0	2006	1.36	0	0	V0.2	0	0	66	46	92	49	86	49	100	57	92	78	106	73	110	91	112	86	126	115	111	136	129	160	105	189	138	181	145	217	201	164	211	210	248	196	269	287	204	243	248	358	230	285	357	366	285	40	172	242	382	586	839	704	796	942	999	859	485	536	589	595	373	390	393	335	312	271	366	279	285	276	283	252	191	238	183	200	170	204	166	154	168	155	149	132	153
64	170	1	2	119	0	1953125	12	0.0	2008	1.36	0	0	V0.2	0	0	61	51	95	55	81	64	99	64	95	86	105	71	117	93	111	88	133	120	114	144	136	156	113	188	157	166	168	207	212	151	218	215	226	210	254	309	176	245	239	341	224	261	375	330	242	69	240	235	421	613	866	739	773	993	999	856	441	517	579	552	378	359	424	320	311	256	341	281	253	287	262	257	177	234	184	190	178	189	175	144	172	147	145	130	150
64	170	1	2	119	0	1953125	12	0.0	2006	1.36	0	0	V0.2	0	0	62	45	88	48	78	52	96	55	88	76	100	68	106	87	104	82	125	112	107	133	127	150	101	184	138	170	149	213	196	151	205	203	227	184	264	288	191	229	243	337	198	255	338	331	230	96	239	247	378	578	828	690	776	958	999	838	449	498	540	533	335	372	396	322	296	257	340	258	264	270	269	240	180	229	172	187	165	195	160	145	164	148	141	127	147
64	170	1	2	119	0	1953125	12	0.0	2008	1.36	0	0	V0.2	0	0	57	47	89	44	80	54	100	56	94	82	101	71	108	93	105	88	127	115	110	136	133	153	106	185	138	171	146	212	190	153	202	198	221	180	258	269	179	216	236	317	179	244	318	302	188	149	287	298	431	624	858	711	781	957	1000	839	436	465	500	484	292	341	372	306	282	245	327	248	249	258	257	231	175	223	169	183	163	190	159	143	160	142	136	125	144
64	170	1	2	119	0	1953125	12	0.0	1981	1.36	0	0	V0.2	0	0	54	55	84	32	87	57	91	49	98	77	88	69	107	81	94	92	124	99	100	135	118	131	95	178	122	148	136	187	162	118	187	172	174	148	213	243	108	165	170	251	119	178	275	226	124	180	333	298	455	648	890	745	756	979	1000	851	404	424	472	424	251	257	349	258	250	210	297	252	203	249	230	234	154	208	176	165	161	171	170	124	156	143	137	116	136
64	170	1	2	119	0	1953125	12	0.0	1996	1.36	0	0	V0.2	0	0	71	50	90	68	80	66	100	75	90	85	109	74	110	96	117	85	128	124	116	133	133	158	109	180	150	170	149	202	198	150	201	203	226	180	240	267	165	191	210	293	156	214	284	265	128	228	374	397	512	707	936	761	795	948	1000	812	402	430	462	432	229	332	348	301	266	256	321	229	249	240	251	206	184	211	161	179	161	187	142	154	157	140	129	130	137
64	170	1	2	119	0	1953125	12	0.0	1981	1.36	0	0	V0.2	0	0	49	68	56	77	41	98	59	83	65	101	74	82	91	104	80	99	111	115	101	121	145	100	138	120	180	98	175	158	165	132	157	214	145	182	181	216	160	102	208	169	162	119	305	237	64	179	370	392	451	764	854	816	707	975	1000	767	421	359	508	348	246	233	354	293	207	272	260	267	188	247	242	187	187	173	200	135	181	164	157	135	149	155	118	131	130
64	170	1	2	119	0	1953125	12	0.0	1996	1.36	0	0	V0.2	0	0	72	49	93	61	84	59	107	71	92	84	112	76	108	99	118	87	127	124	118	134	135	162	109	184	142	181	140	213	189	158	198	203	231	171	251	248	167	160	206	270	134	211	280	281	114	244	359	410	489	710	937	765	813	938	1000	785	412	427	457	427	219	340	335	315	256	262	311	218	245	224	249	186	187	197	160	170	159	180	130	151	144	136	119	129	129
64	170	1	2	119	0	1953125	12	0.0	2006	1.36	0	0	V0.2	0	0	49	69	52	83	44	87	66	83	59	100	79	93	76	115	79	102	102	122	107	115	156	115	151	124	192	131	182	189	189	180	173	249	196	219	232	254	223	142	270	231	241	173	354	313	133	125	304	368	410	724	807	805	738	984	1000	790	508	442	584	424	335	303	395	336	255	313	289	293	221	279	259	207	206	192	208	153	200	172	165	146	164	156	127	142	135
64	170	1	2	119	0	1953125	12	0.0	1996	1.36	0	0	V0.2	0	0	66	61	101	52	94	62	112	63	105	90	111	82	117	105	112	99	136	126	122	145	143	165	115	197	143	188	148	226	191	164	207	205	233	176	262	255	166	178	217	289	155	241	309	307	165	195	318	369	483	662	894	721	787	936	1000	832	489	544	554	527	300	348	370	315	283	252	336	247	252	246	254	219	172	220	169	186	160	194	157	146	161	142	134	124	143
64	170	1	2	119	0	1953125	12	0.0	2006	1.36	0	0	V0.2	0	0	51	73	53	93	42	93	65	90	58	104	82	98	79	120	86	107	106	128	113	116	159	118	159	124	203	132	194	188	200	184	179	258	194	225	224	266	224	147	263	225	240	168	379	326	165	125	323	383	405	699	777	785	706	992	999	822	558	514	654	480	380	310	414	340	272	325	303	312	230	294	261	218	209	202	215	160	209	174	174	148	170	158	132	146	141
64	170	1	2	119	0	1953125	12	0.0	2008	1.36	0	0	V0.2	0	0	58	48	92	43	85	50	106	52	93	81	103	72	107	98	107	90	128	118	113	138	137	160	106	195	138	187	141	229	193	168	212	213	241	171	267	262	164	164	217	294	145	229	312	333	186	190	310	378	478	665	895	712	782	918	1000	837	495	539	552	538	303	371	374	328	291	270	353	250	264	251	267	221	183	226	174	192	165	202	154	155	166	151	139	132	151
64	170	1	2	119	0	1953125	12	0.0	2006	1.36	0	0	V0.2	0	0	64	50	94	61	81	67	98	62	95	88	105	67	120	93	111	87	138	120	110	148	140	159	113	200	165	169	174	217	220	152	234	232	230	206	257	319	149	205	211	312	169	230	350	298	172	217	411	396	566	741	983	811	789	991	1000	870	485	592	604	540	357	369	455	326	319	278	368	289	249	291	262	254	179	251	192	194	185	204	182	150	183	158	152	135	157
64	170	1	2	119	0	1953125	12	0.0	2006	1.36	0	0	V0.2	0	0	63	60	103	50	92	63	116	60	105	92	111	82	116	109	110	97	136	125	117	143	145	163	112	200	140	187	140	233	188	163	208	212	235	162	272	259	168	161	233	304	154	223	298	310	159	201	309	384	487	700	922	720	769	907	1000	820	490	551	553	520	281	369	371	322	282	272	352	242	252	241	258	210	180	223	169	183	160	200	150	148	161	145	133	127	148
64	170	1	2	119	0	1953125	12	0.0	2006	1.36	0	0	V0.2	0	0	63	47	96	48	84	53	104	54	93	82	105	69	110	95	108	88	134	119	109	141	139	161	106	199	146	184	148	231	199	160	220	225	243	180	279	289	171	178	232	319	166	252	341	338	182	210	360	432	562	758	1000	802	819	931	974	805	476	561	553	519	299	374	390	317	296	287	368	256	261	262	263	221	187	241	180	194	172	203	157	156	175	156	142	133	152
64	170	1	2	119	0	1953125	12	0.0	2006	1.36	0	0	V0.2	0	0	67	61	108	54	99	69	118	64	110	96	114	80	126	107	116	98	146	129	120	154	148	169	116	209	153	185	157	228	201	154	221	217	236	188	274	292	151	183	218	312	161	248	338	319	186	191	348	411	586	768	999	801	787	903	914	752	418	548	534	490	298	372	398	299	296	275	359	254	245	259	240	217	166	234	169	183	165	193	155	142	171	145	136	124	148
64	170	1	2	119	0	1953125	12	0.0	2006	1.36	0	0	V0.2	0	0	60	48	93	43	83	52	106	52	93	82	105	71	108	96	105	89	129	117	110	139	139	161	108	197	142	185	143	230	194	163	210	217	242	179	289	289	193	192	250	333	193	274	353	362	216	159	294	389	530	755	1000	803	809	887	919	725	390	498	507	476	259	373	376	320	286	291	370	259	266	258	267	216	184	233	177	191	168	205	157	154	170	155	142	133	151
64	170	1	2	119	0	1953125	12	0.0	2006	1.36	0	0	V0.2	0	0	64	55	106	53	96	67	115	62	104	92	112	76	123	103	116	96	145	129	119	151	147	167	108	202	151	180	155	229	211	157	221	221	240	193	281	313	178	207	231	340	192	261	366	363	253	118	274	324	505	722	1000	826	821	939	941	765	356	476	481	431	224	341	384	298	288	275	372	267	249	269	259	232	168	238	177	185	162	194	161	141	170	150	142	128	154
64	170	1	2	119	0	1953125	12	0.0	2006	1.36	0	0	V0.2	0	0	67	49	95	59	79	63	100	64	90	86	109	68	116	93	113	83	135	120	110	143	142	165	111	195	166	173	168	216	224	150	220	225	238	206	268	340	190	229	224	353	221	253	380	372	284	82	268	304	502	711	999	857	837	984	971	830	382	459	489	441	247	329	412	312	315	292	391	301	257	287	264	249	168	244	185	187	173	199	174	140	177	156	148	129	156
64	170	1	2	119	0	1953125	12	0.0	2006	1.36	0	0	V0.2	0	0	62	50	97	47	86	53	111	57	96	84	107	71	106	98	107	83	126	119	109	132	136	161	100	185	133	177	130	214	189	146	187	189	223	157	253	268	170	169	195	299	159	211	294	328	237	126	240	355	496	731	1000	823	825	892	925	775	337	389	436	431	207	317	346	300	267	256	352	249	238	233	243	207	150	210	156	166	142	184	146	130	152	139	127	113	140
64	170	1	2	119	0	1953125	12	0.0	2006	1.36	0	0	V0.2	0	0	47	65	54	84	47	85	71	85	59	102	84	95	72	119	79	102	102	127	110	113	164	121	152	125	197	139	177	199	190	184	161	250	199	207	242	269	254	121	274	237	244	154	355	354	158	81	328	413	502	877	1000	988	856	994	994	735	415	359	539	386	295	300	407	350	251	337	311	304	220	274	265	190	201	188	212	140	197	174	162	144	165	163	123	142	139
64	170	1	2	119	0	1953125	12	0.0	2006	1.36	0	0	V0.2	0	0	61	49	96	44	87	53	111	57	96	81	108	71	110	96	108	82	126	116	109	133	132	159	96	183	129	174	131	210	189	144	188	183	216	159	250	271	164	180	185	293	147	198	285	317	236	121	231	344	495	724	1000	835	854	914	921	772	336	376	419	429	219	313	341	289	266	243	339	241	233	232	235	208	147	208	150	165	140	181	146	128	151	134	128	112	137
64	170	1	2	119	0	1953125	12	0.0	2006	1.36	0	0	V0.2	0	0	54	40	82	38	74	41	98	46	80	72	95	63	89	89	94	77	110	106	99	118	126	148	93	172	124	171	115	206	168	146	172	184	216	146	259	250	181	145	199	271	138	200	285	337	192	162	274	391	490	744	1000	823	779	787	854	689	296	314	393	416	204	312	313	299	242	249	323	224	231	210	242	186	162	194	155	163	142	182	133	136	144	140	121	113	130
64	170	1	2	119	0	1953125	12	0.0	2006	1.36	0	0	V0.2	0	0	64	44	95	51	84	55	103	62	93	80	108	67	111	87	112	78	126	115	109	135	127	160	102	181	146	165	145	189	200	133	190	186	216	186	231	294	145	172	140	272	143	212	328	347	271	102	300	349	515	685	1000	888	805	835	813	761	355	305	355	406	252	260	334	264	277	216	315	253	219	237	214	222	138	206	152	167	147	171	156	126	156	134	133	111	136
64	170	1	2	119	0	1953125	12	0.0	2031	1.37	0	0	V0.2	0	0	77	54	82	77	70	68	89	81	81	76	108	73	108	89	123	83	126	123	118	136	138	179	124	193	173	196	177	221	243	185	237	238	280	242	298	355	233	254	229	369	237	302	401	453	369	147	305	368	533	704	1000	863	841	871	881	808	442	431	444	489	311	370	389	335	322	286	369	265	278	266	264	229	184	230	169	194	164	198	146	153	163	146	134	127	141
64	170	1	2	119	0	1953125	12	0.0	2028	1.37	0	0	V0.2	0	0	76	57	103	53	101	55	115	63	106	87	114	86	121	110	123	101	139	131	130	154	152	183	127	217	160	217	163	252	223	199	236	237	284	222	322	322	239	229	244	352	232	314	390	451	340	137	268	385	530	705	1000	868	863	846	852	784	455	425	439	511	323	343	360	322	310	258	353	268	268	254	251	234	160	215	165	187	148	185	155	136	152	139	138	111	134
64	170	1	2	119	0	1953125	12	0.0	2031	1.37	0	0	V0.2	0	0	78	52	101	53	96	51	111	61	100	80	113	77	116	100	124	94	134	125	123	148	147	185	123	218	162	223	167	253	231	204	246	246	297	235	343	343	262	254	268	379	258	349	429	496	380	160	275	391	540	709	999	869	887	868	863	785	477	480	501	567	369	403	400	359	336	292	385	289	298	273	276	245	185	235	181	204	165	204	163	155	165	153	147	125	146
64	170	1	2	119	0	1953125	12	0.0	2031	1.37	0	0	V0.2	0	0	72	53	105	54	98	61	113	65	108	87	116	79	129	104	126	97	145	130	129	159	150	184	126	224	169	208	178	244	237	186	252	245	281	243	324	360	217	246	225	355	212	299	402	430	346	161	329	381	573	726	1000	865	812	852	833	785	465	520	542	568	398	389	436	336	343	282	378	300	271	287	256	256	171	243	185	200	174	199	179	147	175	151	151	126	149
64	170	1	2	119	0	1953125	12	0.0	2006	1.36	0	0	V0.2	0	0	60	64	94	40	97	55	104	51	105	81	98	85	115	97	104	105	135	112	118	151	137	159	119	212	136	194	151	231	184	168	226	215	249	204	311	307	177	201	210	306	159	263	343	356	245	186	330	406	581	738	1000	828	795	839	815	712	413	503	498	518	349	381	413	317	323	275	368	286	262	279	253	253	167	239	183	195	173	198	184	146	178	157	155	124	149
64	170	1	2	119	0	1953125	12	0.0	2028	1.37	0	0	V0.2	0	0	80	58	100	83	85	81	104	86	96	92	116	79	128	103	131	92	145	136	130	158	152	182	130	212	185	197	191	230	243	176	251	248	275	252	318	376	212	253	223	357	210	273	379	383	295	124	298	379	585	747	1000	829	798	844	783	686	442	557	539	558	405	448	436	323	337	299	374	266	285	283	247	223	174	233	156	191	164	190	146	151	165	136	134	128	141
64	170	1	2	119	0	1953125	12	0.0	2031	1.37	0	0	V0.2	0	0	68	53	104	48	93	55	110	54	98	81	107	74	118	100	114	94	139	121	120	152	146	174	120	221	155	208	166	254	217	193	252	251	287	234	354	345	232	236	261	350	200	306	388	422	291	228	346	443	613	775	1000	796	796	826	811	680	484	606	584	583	399	475	454	351	334	314	394	275	287	280	268	229	193	254	185	207	178	211	163	160	179	155	144	131	153
64	170	1	2	119	0	1953125	12	0.0	2028	1.37	0	0	V0.2	0	0	73	61	110	53	102	66	116	60	111	91	112	81	132	107	119	104	150	130	129	166	155	179	128	230	164	208	180	257	225	191	263	252	276	234	343	354	211	240	254	360	195	284	370	373	255	185	330	412	615	778	1000	794	765	842	808	674	426	580	559	531	360	431	450	316	313	287	375	271	258	281	248	225	161	240	170	182	162	190	155	133	167	142	134	117	146
64	170	1	2	119	0	1953125	12	0.0	2031	1.37	0	0	V0.2	0	0	63	49	95	42	86	47	105	48	94	77	102	69	107	96	104	90	126	112	109	139	142	161	111	203	142	197	151	250	199	190	232	241	266	206	342	320	243	223	277	344	189	268	342	374	215	218	316	448	586	788	1000	791	808	822	816	633	409	520	516	503	321	449	419	345	298	302	369	250	272	257	261	202	182	226	168	185	162	200	142	152	161	147	126	123	142
64	170	1	2	119	0	1953125	12	0.0	2028	1.37	0	0	V0.2	0	0	65	54	102	48	94	63	104	55	104	85	105	69	125	94	112	93	140	118	118	156	143	165	116	214	155	187	171	237	217	166	241	231	244	215	312	345	190	238	236	342	180	251	347	330	217	176	335	405	620	782	1000	818	757	826	744	606	302	471	465	435	299	379	426	286	291	260	346	254	229	267	224	210	136	218	153	160	146	170	142	116	155	129	123	105	131
64	170	1	2	119	0	1953125	12	0.0	2031	1.37	0	0	V0.2	0	0	47	72	69	78	58	88	87	75	67	106	83	95	79	132	77	109	108	127	111	123	178	129	164	155	206	166	193	247	196	212	188	283	229	233	318	294	300	150	362	295	291	228	421	429	190	169	311	500	545	955	1000	910	806	863	883	585	368	357	529	388	323	404	424	388	242	366	323	288	241	265	285	159	214	179	212	137	198	181	148	151	157	168	113	141	132
64	170	1	2	119	0	1953125	12	0.0	2028	1.37	0	0	V0.2	0	0	50	67	80	61	73	75	99	62	81	96	87	86	86	121	82	104	114	120	109	126	159	137	137	172	162	178	151	243	167	189	180	234	226	174	305	232	237	113	292	254	180	206	344	382	151	225	310	513	543	867	1000	847	840	819	860	604	303	292	398	365	201	354	326	331	204	275	292	206	222	197	250	139	174	164	161	135	141	170	111	132	126	139	101	113	117
64	170	1	2	119	0	1953125	12	0.0	2031	1.37	0	0	V0.2	0	0	54	41	81	52	64	58	79	53	76	72	85	51	103	74	90	65	115	96	86	127	122	137	97	174	151	144	159	189	206	131	207	205	199	189	238	303	140	196	189	287	154	223	339	300	212	193	389	414	626	793	1000	886	786	902	819	695	308	334	386	335	242	268	385	251	253	221	292	239	181	242	196	196	123	203	154	145	148	158	148	109	152	127	116	98	125
64	170	1	2	119	0	1953125	12	0.0	2028	1.37	0	0	V0.2	0	0	62	60	79	77	63	93	73	79	81	99	91	70	118	99	100	87	131	120	104	144	152	137	138	171	203	127	207	185	232	145	212	242	180	224	216	325	160	198	222	282	211	197	396	312	222	150	421	429	625	872	1000	973	790	971	894	743	393	310	462	328	272	218	388	266	215	243	259	269	160	256	214	183	143	175	184	114	161	144	155	103	145	141	108	108	117
64	170	1	2	119	0	1953125	12	0.0	2006	1.36	0	0	V0.2	0	0	50	41	82	23	81	46	85	36	91	67	85	52	106	66	86	70	117	86	86	131	111	131	83	178	130	138	143	179	182	102	185	171	158	141	197	256	79	157	150	247	108	178	287	239	155	233	420	420	629	787	1000	893	782	928	848	751	351	319	402	329	241	202	359	224	215	186	264	246	150	234	192	202	117	184	166	129	143	142	153	93	138	130	117	97	117
64	170	1	2	119	0	1953125	12	0.0	2006	1.36	0	0	V0.2	0	0	57	45	84	63	71	74	85	71	83	84	94	57	109	79	96	67	120	106	92	127	123	132	104	155	163	117	165	150	194	96	164	169	130	153	147	248	78	144	127	214	119	127	262	181	104	264	485	465	673	827	999	929	802	981	873	767	398	360	455	341	270	182	339	195	200	186	243	234	148	242	178	189	113	176	149	121	147	135	146	96	146	122	111	103	119
64	170	1	2	119	0	1953125	12	0.0	2031	1.37	0	0	V0.2	0	0	53	58	49	94	19	84	47	87	42	86	78	72	81	93	83	72	99	108	89	108	134	118	129	128	195	109	188	154	223	142	178	217	157	197	167	289	131	203	211	283	204	134	313	228	162	244	512	510	712	889	999	937	783	978	880	773	435	407	501	367	313	235	377	220	240	230	275	250	179	267	186	195	130	201	153	149	163	146	141	109	155	116	113	104	120
64	170	1	2	119	0	1953125	12	0.0	2051	1.37	0	0	V0.2	0	0	47	64	40	92	17	91	40	86	39	95	68	79	76	105	75	85	95	111	92	110	149	110	151	120	212	107	208	170	229	179	194	256	172	233	203	318	204	235	299	317	305	162	358	269	184	191	483	536	683	956	986	999	776	897	831	702	461	337	499	344	328	265	399	294	242	283	262	280	179	269	214	183	161	180	184	122	175	140	150	114	151	130	104	112	112
64	170	1	2	119	0	1953125	12	0.0	2051	1.37	0	0	V0.2	0	0	64	41	88	50	75	54	82	49	82	66	89	51	109	71	97	62	115	93	88	126	114	146	93	186	144	164	161	201	219	147	223	203	207	182	249	309	166	271	250	382	247	237	309	262	196	213	405	458	688	817	1000	907	763	824	740	730	382	334	378	343	285	260	388	262	282	222	295	257	184	247	187	204	110	189	147	140	138	147	149	100	143	119	111	85	110
64	170	1	2	119	0	1953125	12	0.0	2053	1.37	0	0	V0.2	0	0	59	40	85	46	74	52	84	46	83	68	87	45	102	69	92	61	112	91	86	126	113	141	86	178	136	155	150	200	208	142	215	197	200	172	241	292	153	247	235	355	215	189	254	211	132	255	427	493	715	835	1000	887	738	805	736	689	312	303	368	333	252	246	374	251	259	204	281	240	169	228	177	189	96	178	140	130	129	139	138	86	130	109	102	79	105
64	170	1	2	119	0	1953125	12	0.0	2051	1.37	0	0	V0.2	0	0	52	58	61	78	37	84	47	70	54	85	69	60	96	91	78	69	103	97	77	114	132	108	122	137	192	100	194	165	226	150	205	249	168	217	199	323	186	226	268	317	288	135	310	225	117	181	444	479	676	944	1000	985	745	899	896	779	476	279	474	338	274	196	368	300	207	261	259	286	160	237	221	168	146	156	193	109	160	138	144	97	126	135	90	91	103
64	170	1	2	119	0	1953125	12	0.0	2051	1.37	0	0	V0.2	0	0	61	44	87	61	71	68	81	59	85	82	91	52	114	85	100	68	124	105	91	135	131	144	104	185	172	147	181	200	235	145	233	231	204	209	248	343	159	260	259	384	265	170	293	218	137	237	451	455	687	869	1000	886	657	854	863	816	404	325	449	338	248	182	385	262	242	220	289	275	150	239	191	192	106	183	169	123	143	142	153	87	136	120	101	81	106
64	170	1	2	119	0	1953125	12	0.0	2076	1.38	0	0	V0.2	0	0	58	46	67	85	40	72	62	77	50	74	84	53	92	83	96	55	106	104	81	109	123	137	99	167	182	143	178	197	254	158	238	256	238	234	280	402	230	293	278	425	297	220	353	304	206	198	427	412	621	809	999	865	611	805	862	829	390	398	517	429	291	247	443	312	280	237	337	281	165	242	196	193	96	210	161	140	138	155	136	87	145	116	98	83	121
64	170	1	2	119	0	1953125	12	0.0	2076	1.38	0	0	V0.2	0	0	68	42	104	55	87	57	99	50	94	78	100	45	118	83	109	67	134	108	93	141	133	162	91	221	164	189	173	254	261	177	272	262	275	233	355	429	257	325	303	477	289	233	344	341	253	188	393	414	640	791	1000	812	604	821	915	911	416	429	541	494	342	264	485	365	329	240	361	317	172	242	204	224	92	210	180	152	137	157	164	80	133	121	112	75	121
64	170	1	2	119	0	1953125	12	0.0	2101	1.38	0	0	V0.2	0	0	58	54	67	102	28	88	57	90	45	85	81	57	95	96	96	60	116	117	81	114	142	143	118	178	219	144	209	220	301	191	289	322	280	293	330	504	317	398	396	568	470	328	480	410	323	59	360	363	622	857	1000	887	577	854	915	873	439	473	614	475	373	326	577	419	352	319	381	348	170	273	213	200	104	220	192	137	155	155	151	88	158	125	95	87	134
64	170	1	2	119	0	1953125	12	0.0	2101	1.38	0	0	V0.2	0	0	62	43	100	59	78	65	91	53	85	76	94	37	116	80	103	61	129	98	79	138	130	155	88	220	170	177	178	256	277	192	304	296	292	257	371	466	288	389	390	586	427	382	496	443	358	85	299	349	630	816	1000	848	538	717	777	790	363	475	596	521	394	299	550	420	359	281	363	352	166	242	203	210	89	194	190	133	134	141	158	72	129	122	105	68	111
64	170	1	2	119	0	1953125	12	0.0	2101	1.38	0	0	V0.2	0	0	40	60	69	62	64	68	93	44	51	86	72	65	53	122	68	83	87	110	80	93	166	119	140	145	199	168	180	268	225	258	225	339	289	247	384	382	449	276	544	537	531	457	492	593	347	38	174	455	479	907	1000	820	649	541	784	646	377	355	592	555	287	420	450	524	297	355	384	299	258	185	285	150	153	151	197	137	140	186	127	125	116	152	86	94	115
64	170	1	2	119	0	1953125	12	0.0	2098	1.38	0	0	V0.2	0	0	61	60	85	90	60	99	69	77	71	93	86	49	119	95	101	74	133	112	83	144	155	154	136	204	230	153	241	241	320	216	328	351	277	323	356	543	344	457	467	623	572	466	659	573	478	129	230	294	595	930	999	981	582	720	746	709	384	448	664	490	423	326	581	473	338	358	366	405	214	290	270	208	152	176	232	127	178	157	178	105	137	152	102	92	118
64	170	1	2	119	0	1953125	12	0.0	2076	1.38	0	0	V0.2	0	0	47	82	48	95	21	116	45	86	51	115	62	84	97	128	70	101	111	121	96	132	181	109	177	143	249	120	257	233	271	238	259	357	239	311	334	442	387	323	499	477	521	368	530	525	290	53	261	429	548	1000	989	934	665	719	851	663	417	387	663	502	344	374	482	495	261	369	350	348	251	254	323	179	187	154	233	136	172	186	151	125	127	172	103	106	123
64	170	1	2	119	0	1953125	12	0.0	2078	1.38	0	0	V0.2	0	0	44	71	61	77	52	85	79	66	56	101	71	84	69	127	67	102	102	120	98	114	174	119	161	147	212	157	205	255	222	241	223	325	258	266	365	368	387	243	470	423	410	319	426	467	201	96	290	493	538	963	1000	843	646	690	852	629	414	448	660	529	279	375	426	449	233	348	345	294	235	233	301	155	181	162	209	128	162	180	132	127	131	160	93	111	121
64	170	1	2	119	0	1953125	12	0.0	2076	1.38	0	0	V0.2	0	0	60	57	86	84	62	96	73	75	79	97	88	54	123	102	99	71	135	119	89	148	159	148	132	199	226	146	232	235	300	186	291	325	257	294	331	503	309	394	411	536	467	319	511	430	312	73	354	368	629	906	1000	940	575	789	797	742	407	507	688	499	396	299	542	414	314	331	357	369	195	302	264	217	150	199	224	129	184	173	184	106	152	155	109	99	127
64	170	1	2	119	0	1953125	12	0.0	2078	1.38	0	0	V0.2	0	0	71	50	114	47	102	53	116	45	105	81	108	58	126	96	118	84	146	117	108	157	149	183	107	244	163	221	179	291	267	214	302	285	312	248	426	465	346	412	406	566	353	363	431	435	338	140	329	378	614	769	1000	771	590	740	804	756	349	587	621	568	355	393	539	389	352	272	411	317	231	287	249	248	111	238	177	172	143	183	163	101	158	133	121	87	141
64	170	1	2	119	0	1953125	12	0.0	2101	1.38	0	0	V0.2	0	0	58	76	50	121	12	114	51	104	38	117	81	83	96	128	90	89	122	137	100	135	188	144	174	174	282	143	278	249	348	251	323	398	298	385	395	607	444	501	554	610	568	376	622	546	448	165	416	475	650	1000	981	942	612	932	945	818	520	657	856	592	527	466	680	520	377	425	405	408	232	361	296	221	178	237	245	150	221	175	167	109	188	157	110	127	153
64	170	1	2	119	0	1953125	12	0.0	2103	1.38	0	0	V0.2	0	0	47	83	78	75	62	94	97	65	63	115	83	92	76	141	71	105	107	123	98	123	196	135	178	172	222	170	209	279	230	265	259	377	300	326	477	491	560	436	708	680	661	583	555	659	423	204	324	460	536	983	1000	862	733	722	868	528	280	550	828	663	559	753	740	728	429	412	401	280	233	213	316	163	184	173	213	145	167	201	134	138	136	166	93	111	125
64	170	1	2	119	0	1953125	12	0.0	2146	1.39	0	0	V0.2	0	0	68	30	58	37	77	31	86	58	60	14	84	38	44	55	97	30	62	83	73	43	85	132	47	136	126	194	75	237	204	216	190	285	318	192	393	414	533	365	550	654	618	618	592	769	619	308	246	211	283	732	874	794	801	778	1000	756	246	278	525	507	374	649	645	632	370	343	367	215	176	147	230	74	155	146	161	95	152	162	77	96	101	105	38	106	94
64	170	2	2	119	0	1953125	12	0.0	2001	1.36	0	0	V0.2	0	0	67	72	82	94	113	60	123	91	114	78	129	121	117	98	150	128	133	129	174	185	123	199	173	216	151	200	248	173	190	153	242	188	153	279	269	333	173	401	415	397	411	480	757	689	632	580	573	703	628	997	1000	973	754	643	898	751	429	131	161	293	172	28	153	295	216	115	180	167	200	67	192	207	154	144	130	210	118	118	142	159	139	89	151	133	104
64	170	2	2	119	0	1953125	12	0.0	2056	1.37	0	0	V0.2	0	0	92	64	83	100	80	81	96	104	84	84	128	86	120	104	147	89	141	146	134	153	161	214	138	237	208	244	208	286	300	226	286	288	328	247	381	412	305	332	415	518	312	397	507	533	317	320	513	485	546	764	1000	676	624	859	994	670	421	737	700	507	259	578	555	500	384	451	463	296	359	346	364	231	263	254	196	202	224	236	154	202	182	166	133	172	153
64	170	2	2	119	0	1953125	12	0.0	2023	1.37	0	0	V0.2	0	0	39	93	68	88	50	112	87	87	77	128	84	114	101	159	85	136	133	144	123	143	201	148	184	192	219	203	200	294	210	245	215	300	257	204	374	327	378	206	485	413	416	499	804	1000	798	659	561	561	514	648	917	859	731	569	916	922	504	239	60	328	325	188	195	175	33	220	228	164	168	162	292	194	178	187	186	174	92	172	119	104	93	136	118	76	105
64	170	2	2	119	0	1953125	12	0.0	2026	1.37	0	0	V0.2	0	0	54	81	58	111	38	116	74	109	61	129	96	113	101	154	102	129	140	165	137	154	217	155	206	167	276	161	257	246	268	227	250	350	258	348	382	481	377	359	512	466	462	480	851	843	703	581	616	672	513	933	991	1000	632	703	815	564	193	260	289	50	121	258	389	220	258	325	302	278	194	337	276	230	216	235	229	139	208	166	157	126	174	148	109	128	133
64	170	2	2	119	0	1953125	12	0.0	2023	1.37	0	0	V0.2	0	0	48	67	71	75	62	82	91	75	70	104	89	96	82	134	90	109	112	133	118	123	177	149	159	166	195	184	165	238	186	204	160	231	193	187	305	303	337	218	427	361	361	371	623	735	561	462	376	442	347	696	886	889	770	750	1000	840	479	212	325	389	178	108	134	213	84	171	197	168	145	157	237	137	171	154	187	130	134	167	122	119	106	139	92	97	105
64	170	2	2	119	0	1953125	12	0.0	2001	1.36	0	0	V0.2	0	0	61	74	75	94	53	110	72	98	81	117	96	95	121	124	107	114	142	141	125	160	185	147	180	172	236	135	237	202	229	159	210	249	167	262	288	385	230	346	425	433	399	492	792	744	643	506	573	563	485	846	962	1000	738	906	948	717	286	192	358	207	96	130	314	207	162	246	259	262	157	276	243	203	183	206	218	137	194	173	170	129	169	168	124	131	139
64	170	2	2	119	0	1953125	12	0.0	2001	1.36	0	0	V0.2	0	0	53	81	64	105	45	111	80	103	64	121	91	107	90	141	93	116	119	146	124	127	179	130	171	130	215	139	195	195	192	177	145	220	141	185	218	265	222	127	250	172	165	221	505	476	381	372	477	552	512	895	956	1000	768	887	999	767	421	257	455	321	166	125	247	197	114	238	228	241	162	256	244	174	190	174	197	110	173	150	138	119	149	146	98	125	126
64	170	2	2	119	0	1953125	12	0.0	2006	1.36	0	0	V0.2	0	0	48	72	58	91	48	95	78	89	61	110	86	100	81	130	84	112	115	139	120	123	176	128	163	135	213	150	193	206	189	181	157	239	169	208	254	284	247	151	299	223	216	207	470	428	295	350	498	586	567	942	989	986	772	919	1000	751	457	388	546	377	224	203	304	247	161	282	265	272	207	300	281	211	224	207	220	147	211	183	163	144	169	163	119	141	137
64	170	2	2	119	0	1953125	12	0.0	2073	1.38	0	0	V0.2	0	0	98	73	68	72	98	75	86	90	95	60	113	86	106	78	143	89	111	128	142	137	141	217	136	212	176	277	180	291	289	293	284	311	379	255	398	404	444	297	369	462	376	355	448	606	395	219	278	471	480	805	1000	884	751	737	957	738	501	509	653	550	380	518	471	442	272	401	345	284	288	323	332	197	267	205	209	150	222	180	146	163	158	144	116	153	122
64	170	2	2	119	0	1953125	12	0.0	2076	1.38	0	0	V0.2	0	0	60	71	80	78	83	78	102	68	72	99	85	94	76	139	89	112	114	140	122	130	194	156	186	189	250	228	237	315	280	320	300	421	385	353	470	458	521	296	480	479	536	466	555	641	410	291	264	517	535	892	1000	969	830	766	979	835	579	394	532	464	338	491	500	531	331	404	388	323	300	295	373	230	252	216	246	176	192	220	162	158	149	184	120	131	141
64	170	2	2	119	0	1953125	12	0.0	2071	1.38	0	0	V0.2	0	0	58	69	82	70	84	74	104	63	77	96	90	91	79	129	90	110	113	131	120	126	177	153	164	189	217	227	195	288	232	277	266	368	365	298	425	377	433	227	402	454	476	425	375	473	270	190	184	413	462	702	795	729	715	747	1000	919	693	507	445	430	253	415	394	451	312	324	349	248	264	228	318	210	207	201	198	175	137	190	127	134	123	153	114	107	124
64	170	2	2	119	0	1953125	12	0.0	2096	1.38	0	0	V0.2	0	0	58	45	71	54	89	44	93	52	70	65	76	76	52	105	79	88	79	113	106	92	146	124	141	140	209	208	190	259	226	265	237	379	376	343	414	390	472	232	415	484	617	516	427	471	306	287	193	352	331	518	505	542	515	760	999	990	913	668	597	452	322	423	438	476	299	381	332	281	240	244	302	170	215	168	211	124	158	153	112	117	129	149	86	116	114
64	170	2	2	119	0	1953125	12	0.0	2121	1.38	0	0	V0.2	0	0	50	28	65	33	82	27	90	35	66	48	69	58	45	79	62	66	65	92	87	74	114	105	106	119	170	194	150	234	182	230	205	341	367	309	396	335	433	207	380	467	581	508	327	418	330	389	330	384	407	259	233	209	406	742	987	1000	962	767	601	521	348	439	363	427	282	298	287	212	227	174	253	132	173	135	165	116	106	129	78	95	84	120	69	93	91
64	170	2	2	119	0	1953125	12	0.0	2241	1.40	0	0	V0.2	0	0	5	48	17	68	31	85	17	62	22	63	28	40	61	51	50	39	60	50	36	50	53	48	58	50	108	80	68	136	63	140	51	222	283	293	436	363	584	339	476	557	829	824	542	533	404	675	652	801	866	731	776	336	247	525	688	849	1000	762	606	507	553	612	459	507	275	311	197	184	165	140	158	57	125	66	124	36	113	45	106	65	99	58	69	63	56
64	170	2	2	119	0	1953125	12	0.0	10038	2.74	0	0	V0.2	0	0	5	24	31	49	37	45	32	48	36	28	25	28	40	33	24	53	32	17	13	43	27	54	41	103	59	65	81	40	153	18	121	167	110	154	208	337	332	115	446	601	614	518	125	290	319	714	586	979	1000	471	820	184	262	397	171	900	562	847	665	338	844	615	290	187	130	120	123	48	130	58	42	63	36	40	2	31	42	38	33	32	22	32	20	39	20
64	170	2	2	119	0	1953125	12	0.0	10102	2.75	0	0	V0.2	0	0	20	17	17	55	60	48	25	35	44	40	4	29	46	41	17	8	57	55	25	47	78	6	48	59	140	63	93	70	126	136	102	156	185	167	184	140	386	437	481	421	172	412	398	231	67	272	334	134	72	263	422	464	896	978	777	448	374	890	1000	925	669	298	246	303	322	141	78	61	118	51	107	135	28	43	51	83	53	20	46	54	9	54	25	12	10
64	170	2	2	119	0	1953125	12	0.0	11731	3.03	0	0	V0.2	0	0	43	18	28	24	24	29	42	24	5	8	61	23	32	8	67	27	14	4	25	10	33	48	66	31	19	89	18	122	101	78	34	129	154	150	38	94	143	279	407	288	203	158	374	308	93	167	134	226	105	193	312	400	454	596	528	329	114	682	1000	552	177	337	286	213	91	22	59	24	61	47	38	46	38	62	14	26	59	51	80	23	22	39	1	21	30
64	170	2	2	119	0	1953125	12	0.0	30532	6.26	0	0	V0.2	0	0	-425	-214	81	236	178	70	71	10	-12	-13	-1	40	81	80	70	33	61	20	-10	-26	4	11	2	-5	-49	-53	-59	-29	37	30	31	-58	-47	-13	-12	24	-2	-36	-56	-17	-6	46	78	92	61	31	-21	-14	10	8	-8	8	70	83	75	53	24	63	106	125	59	11	-9	-17	25	0	-7	-12	11	18	8	61	74	50	26	1	-34	-91	-56	20	80	61	31	-19	-29
64	170	2	2	119	0	1953125	12	0.0	41772	8.19	0	0	V0.2	0	0	-304	-136	88	-46	2	62	58	-11	-120	-153	-162	-93	38	95	118	45	-28	-102	-122	-74	17	99	100	25	-60	-98	-23	28	96	134	134	74	-8	-56	-63	18	100	139	124	62	3	19	88	110	113	106	49	-34	-98	-99	-89	-5	46	49	-10	-78	-94	-82	-40	-22	9	15	-43	-74	-93	-50	-42	6	49	63	22	-22	-40	-42	-11	22	37	29	-24	-85	-96	-57	35	97	114
64	170	2	2	119	0	1953125	12	0.0	11897	3.06	0	0	V0.2	0	0	175	307	418	507	508	528	478	410	348	284	275	293	359	352	320	312	199	117	47	176	340	448	572	689	704	729	673	656	559	472	446	491	597	716	787	891	930	961	925	905	816	714	701	689	753	813	912	954	1000	979	945	994	823	733	814	789	705	773	819	838	835	835	801	782	735	674	622	567	554	585	576	556	527	516	477	460	389	329	282	253	234	212	209	160	128
64	170	2	2	119	0	1953125	12	0.0	20181	4.48	0	0	V0.2	0	0	21	37	34	7	44	69	48	9	33	45	34	5	35	60	37	14	40	35	18	47	61	70	43	11	81	99	101	108	54	60	82	67	107	43	142	67	224	141	178	99	183	76	276	67	272	532	331	216	576	235	568	618	525	539	1000	901	573	117	271	96	360	112	123	167	74	83	72	83	90	35	48	62	50	24	28	9	107	58	61	25	32	15	17	7	36
64	170	2	2	119	0	1953125	12	0.0	9625	2.67	0	0	V0.2	0	0	161	271	357	410	444	447	413	340	269	266	253	274	265	299	288	247	173	89	54	156	281	390	476	573	604	622	595	551	446	424	404	404	503	576	696	779	776	817	845	765	628	625	622	478	820	724	678	842	767	795	1000	741	764	570	752	532	755	696	601	700	712	713	726	667	618	564	534	494	482	470	477	482	465	437	423	379	309	277	267	223	198	168	164	145	103
64	170	1	2	119	0	1953125	12	0.0	18724	4.23	0	0	V0.2	0	0	20	12	21	15	26	25	24	1	20	16	14	15	7	24	5	22	14	35	13	40	4	19	39	1	4	17	51	103	39	77	82	98	91	112	24	122	10	200	220	153	59	203	169	197	361	131	420	103	293	337	999	875	704	590	173	713	573	992	813	439	79	235	264	54	63	127	90	66	38	32	46	59	43	30	16	54	55	29	96	69	23	26	42	24	37
64	170	1	2	119	0	1953125	12	0.0	17171	3.97	0	0	V0.2	0	0	61	112	195	235	220	220	199	185	179	75	146	172	87	180	192	88	113	113	98	124	59	246	322	209	320	419	271	184	370	365	213	69	287	420	347	377	436	326	407	681	566	136	331	650	859	353	362	814	823	366	454	999	872	376	562	804	780	394	178	576	545	275	375	435	222	212	456	454	230	116	348	362	189	201	272	193	92	166	201	114	87	123	66	31	122
64	170	1	2	119	0	1953125	12	0.0	32695	6.63	0	0	V0.2	0	0	-189	-75	115	254	247	-127	-172	-148	-91	14	71	99	-12	-93	-101	-69	-4	60	95	101	53	-4	-29	13	34	86	84	55	24	16	26	28	10	41	41	47	-1	-35	-58	-28	29	29	10	-13	-43	-84	-85	-13	74	87	48	-1	-59	-95	-96	-53	-20	-23	0	-25	-14	-43	2	41	83	70	1	-51	-70	-38	59	122	96	99	23	-31	-36	-2	57	102	98	90	75	34	-11
64	170	1	2	119	0	1953125	12	0.0	8409	2.46	0	0	V0.2	0	0	168	275	367	436	497	457	432	377	319	281	244	266	307	329	299	263	193	103	47	171	297	411	530	587	638	671	618	580	502	449	405	442	524	643	722	776	861	885	818	811	752	666	621	675	558	834	729	919	895	913	762	1000	861	609	625	624	790	728	664	818	718	797	763	710	654	568	525	516	526	507	537	528	502	442	451	374	350	290	255	218	230	210	186	136	116
64	170	1	2	119	0	1953125	12	0.0	8359	2.45	0	0	V0.2	0	0	36	71	44	88	71	77	77	48	48	83	67	67	39	72	36	51	48	73	56	29	55	44	75	85	51	100	53	66	17	76	33	52	104	159	121	123	147	50	156	67	37	49	122	235	386	454	605	616	358	384	225	244	438	838	1000	911	893	821	811	768	380	283	240	366	270	135	199	120	119	17	151	70	76	65	132	106	70	121	73	81	56	108	78	51	62
64	170	1	2	119	0	1953125	12	0.0	9948	2.73	0	0	V0.2	0	0	17	17	36	25	18	52	31	7	27	35	12	16	32	38	1	37	32	19	21	10	49	45	9	83	48	19	126	30	22	75	55	106	132	169	111	61	88	188	93	89	103	187	235	530	208	320	594	317	260	693	906	808	791	763	580	834	1000	862	648	291	46	229	284	208	87	96	130	80	30	76	77	60	23	65	16	66	81	100	73	23	2	81	37	35	38
64	170	1	2	119	0	1953125	12	0.0	2121	1.38	0	0	V0.2	0	0	104	168	226	277	300	292	269	227	189	183	144	178	192	197	191	167	121	76	34	95	179	254	318	378	415	402	389	360	316	294	260	244	325	398	453	506	500	508	585	540	458	413	401	404	331	435	638	484	645	444	1000	231	451	729	298	526	299	510	649	393	429	530	464	438	359	376	366	304	350	314	320	315	315	297	266	236	211	172	165	153	130	133	101	98	76
64	170	1	2	119	0	1953125	12	0.0	17673	4.05	0	0	V0.2	0	0	15	20	27	13	51	44	43	28	26	41	36	4	31	38	26	34	19	31	28	13	73	31	45	46	76	79	70	81	94	33	41	111	64	156	65	249	550	228	174	419	276	294	212	546	341	454	782	540	1000	492	288	429	451	699	760	981	543	198	474	288	345	286	336	363	58	116	144	77	143	57	72	81	17	15	30	23	64	62	15	11	18	44	38	24	22
64	170	2	2	119	0	1953125	12	0.0	2096	1.38	0	0	V0.2	0	0	212	267	406	480	516	475	451	384	339	267	247	297	323	311	313	265	205	97	64	193	305	435	559	624	687	690	657	635	506	460	451	468	584	681	784	880	923	877	811	830	749	763	695	743	731	758	807	914	976	839	953	771	1000	882	820	632	567	755	756	865	789	847	813	733	704	645	587	543	544	532	531	545	514	521	489	430	352	318	256	256	231	206	189	163	91
64	170	2	2	119	0	1953125	12	0.0	2096	1.38	0	0	V0.2	0	0	28	45	47	61	51	63	70	41	29	65	46	42	28	97	40	68	70	96	60	60	129	75	123	106	199	132	165	205	196	213	213	345	274	227	296	341	397	216	432	407	463	357	574	733	645	594	453	390	203	366	465	553	547	669	1000	916	551	255	190	250	69	150	279	317	159	314	302	249	191	175	267	137	130	108	150	80	89	120	76	71	90	129	60	72	92
64	170	2	2	119	0	1953125	12	0.0	2043	1.37	0	0	V0.2	0	0	33	18	62	51	53	57	51	56	44	52	49	23	62	35	59	31	85	77	52	69	78	79	81	98	155	53	133	66	162	61	129	189	157	194	96	324	284	226	221	62	107	195	303	477	722	718	876	1000	790	742	612	603	547	336	464	534	644	589	594	603	429	398	188	296	232	163	121	143	189	57	152	114	179	107	133	159	107	119	84	133	88	76	93	85	68
64	170	2	2	119	0	1953125	12	0.0	11845	3.05	0	0	V0.2	0	0	10	9	24	29	26	13	13	25	20	10	11	16	17	19	15	15	17	38	8	0	21	22	33	16	66	33	22	72	84	29	20	130	55	55	121	221	264	96	183	157	201	53	229	421	538	634	923	995	990	438	1000	600	841	556	370	519	267	324	110	309	443	294	344	187	11	26	50	89	48	68	63	46	52	45	58	33	34	31	27	21	28	14	18	3	30
64	170	2	2	119	0	1953125	12	0.0	19570	4.38	0	0	V0.2	0	0	31	50	75	70	22	28	75	83	15	17	42	47	38	6	56	60	64	78	54	82	38	114	121	148	79	75	84	292	109	165	54	53	235	67	162	108	132	422	501	238	313	743	598	710	389	392	744	660	726	338	919	752	894	615	1000	339	651	241	303	217	459	420	127	195	111	96	148	50	68	41	33	93	126	87	59	12	36	41	72	96	120	144	68	61	40
64	170	2	2	119	0	1953125	12	0.0	22065	4.81	0	0	V0.2	0	0	16	77	81	52	63	101	74	89	31	22	59	77	56	41	50	25	38	78	28	85	87	96	65	144	156	166	35	36	213	169	138	169	228	217	18	279	301	206	221	157	288	587	427	689	983	398	425	285	597	474	247	1000	607	306	916	713	688	199	359	296	285	259	295	220	178	46	101	199	95	15	44	124	140	73	52	108	87	138	124	183	161	141	82	117	65
64	170	2	2	119	0	1953125	12	0.0	9577	2.66	0	0	V0.2	0	0	166	254	352	414	430	448	380	362	278	243	236	257	284	289	289	249	186	99	45	143	274	406	483	539	607	612	590	537	464	429	385	409	467	630	647	759	769	808	809	761	696	670	571	512	794	502	773	839	1000	812	754	790	765	579	747	683	430	741	648	794	720	718	658	654	590	558	518	486	494	470	502	469	448	454	403	367	309	276	237	231	204	176	182	131	107
64	170	1	2	119	0	1953125	12	0.0	2161	1.39	0	0	V0.2	0	0	148	248	348	420	445	429	390	345	275	247	233	259	278	297	271	264	171	101	43	147	263	391	485	544	607	621	582	508	479	358	396	370	541	548	638	760	895	758	612	841	730	616	563	488	639	614	976	804	786	746	1000	640	527	949	492	573	615	930	448	828	630	756	574	668	593	516	535	494	498	461	451	467	456	429	390	342	306	258	263	220	222	171	138	144	90
64	170	2	2	119	0	1953125	12	0.0	2158	1.39	0	0	V0.2	0	0	37	75	24	83	13	92	29	71	19	88	36	73	39	93	23	68	42	69	50	56	114	44	113	32	137	59	127	95	121	125	88	175	161	341	371	424	500	391	530	275	154	105	277	263	292	690	785	948	785	613	670	384	193	414	739	736	837	936	977	1000	544	444	397	519	492	252	299	223	240	127	213	225	118	140	117	189	87	97	92	80	61	78	113	64	77
64	170	2	2	119	0	1953125	12	0.0	2136	1.39	0	0	V0.2	0	0	46	20	69	52	47	38	58	46	50	40	67	28	70	38	70	20	66	58	47	70	62	99	57	98	86	88	82	99	130	66	139	125	249	269	331	427	319	425	298	206	104	145	228	246	374	505	771	724	560	528	297	253	160	517	714	881	791	896	999	831	655	365	449	479	369	302	190	284	161	178	183	191	168	95	180	113	120	68	116	78	67	98	96	90	65
64	170	2	2	119	0	1953125	12	0.0	2136	1.39	0	0	V0.2	0	0	43	65	14	64	8	80	8	68	29	75	27	65	38	73	20	64	44	60	57	62	101	38	101	38	116	53	120	96	106	120	105	196	192	313	368	329	431	304	373	201	23	91	257	280	280	599	626	643	540	296	330	124	169	513	830	822	859	1000	963	981	609	445	433	419	440	223	264	224	203	161	165	228	117	154	119	171	123	83	111	77	82	59	109	81	77
64	170	2	2	119	0	1953125	12	0.0	2111	1.38	0	0	V0.2	0	0	44	38	31	53	27	59	26	66	29	56	39	62	37	50	40	64	39	55	63	58	83	27	101	34	99	50	104	83	91	124	102	185	193	270	343	239	336	248	237	143	128	183	261	322	275	491	546	409	354	169	60	157	422	636	871	888	813	1000	938	868	622	327	385	324	343	229	195	254	161	187	135	206	162	109	148	116	137	64	103	92	72	76	84	105	68
64	170	2	2	119	0	1953125	12	0.0	2111	1.38	0	0	V0.2	0	0	42	41	35	64	28	67	34	75	29	52	48	45	44	37	65	43	61	70	63	59	57	71	68	78	95	74	97	86	152	81	155	155	236	263	206	307	190	263	154	90	79	302	378	363	436	414	507	481	233	250	319	356	622	905	981	1000	823	908	944	761	532	200	315	282	249	174	238	271	140	194	163	206	111	145	153	114	107	86	119	50	86	85	94	64	82
64	170	2	2	119	0	1953125	12	0.0	2136	1.39	0	0	V0.2	0	0	45	24	40	29	50	33	57	42	49	23	61	29	49	10	62	19	52	51	59	57	26	86	26	79	20	111	43	96	74	97	107	116	225	163	234	179	213	227	139	180	170	353	374	460	442	423	500	336	224	252	316	405	693	841	1000	931	733	760	653	613	331	82	188	224	263	157	280	215	182	146	179	188	76	131	88	112	43	102	83	64	71	84	84	48	74
64	170	2	2	119	0	1953125	12	0.0	2136	1.39	0	0	V0.2	0	0	36	28	47	37	66	33	72	34	62	39	55	43	32	54	41	50	43	66	66	50	62	67	56	64	86	117	53	113	71	137	80	172	201	195	258	139	274	171	293	185	311	402	485	563	473	586	559	425	356	229	182	418	636	798	1000	839	715	660	550	573	231	43	85	261	227	207	285	224	224	106	200	170	114	115	100	129	41	96	71	76	50	90	88	51	61
64	170	2	2	119	0	1953125	12	0.0	2161	1.39	0	0	V0.2	0	0	46	17	57	15	75	12	67	18	72	21	59	46	60	35	46	38	33	49	63	51	50	69	48	65	78	117	42	93	58	126	49	162	173	223	259	171	292	190	354	224	428	500	663	741	682	888	809	722	567	228	25	356	548	790	1000	796	735	632	565	574	175	16	144	286	182	274	284	255	226	109	229	127	130	69	117	86	58	86	66	75	61	110	57	56	54
64	170	2	2	119	0	1953125	12	0.0	9953	2.73	0	0	V0.2	0	0	2	17	13	28	21	31	22	25	16	15	9	1	33	11	30	14	26	21	17	7	6	18	28	46	37	45	37	25	93	90	92	35	42	103	221	181	48	77	326	248	242	384	542	364	556	1000	574	768	275	653	482	392	827	991	887	171	951	655	346	574	605	379	426	37	74	177	116	172	110	28	95	35	18	46	29	80	28	6	15	7	12	23	26	19	18
64	170	2	2	119	0	1953125	12	0.0	8260	2.44	0	0	V0.2	0	0	75	49	26	95	91	38	65	62	18	60	46	25	90	74	21	85	96	67	77	59	87	137	94	28	135	143	46	90	142	108	60	107	209	238	151	101	241	269	135	58	140	125	56	212	353	379	363	469	705	774	673	752	897	1000	897	790	810	895	838	633	484	536	520	364	191	198	217	141	42	150	190	130	66	147	157	75	52	113	118	93	126	181	191	171	177
64	170	2	2	119	0	1953125	12	0.0	8180	2.42	0	0	V0.2	0	0	36	14	69	32	62	5	80	31	69	38	52	20	50	14	60	4	55	34	9	36	25	88	38	99	97	20	44	104	111	39	112	91	92	156	165	96	124	143	81	194	74	83	96	431	587	634	789	640	416	288	290	495	743	1000	824	658	612	530	676	518	305	182	131	222	105	177	90	158	102	78	126	85	138	28	110	49	86	78	59	64	11	53	25	51	54
64	170	2	2	119	0	1953125	12	0.0	8305	2.44	0	0	V0.2	0	0	53	31	58	70	34	46	56	61	29	25	53	21	39	19	50	18	57	29	15	43	43	63	41	55	62	54	94	117	35	62	19	73	104	254	236	56	62	111	96	95	130	90	123	262	369	495	723	635	543	370	100	310	722	1000	934	872	642	627	690	466	316	59	318	199	189	116	189	122	84	138	99	97	44	107	34	86	28	41	24	92	56	55	66	79	54
64	170	2	2	119	0	1953125	12	0.0	8102	2.41	0	0	V0.2	0	0	32	43	27	81	7	82	26	60	12	67	38	92	36	74	35	70	48	37	50	62	54	95	2	92	61	70	22	115	82	42	99	77	41	142	239	152	128	139	94	182	44	138	190	496	677	623	647	602	323	248	474	641	787	1000	921	614	581	537	557	598	332	136	8	192	199	79	147	53	85	36	116	137	58	120	44	92	73	24	31	43	69	23	65	46	19
64	170	2	2	119	0	1953125	12	0.0	8515	2.48	0	0	V0.2	0	0	16	8	58	24	58	17	45	28	54	15	6	56	24	28	22	43	21	37	28	32	37	41	72	63	38	69	29	70	86	88	17	75	79	124	202	169	40	39	92	92	117	187	177	239	242	285	554	681	595	489	108	276	574	966	1000	937	685	657	697	411	174	181	296	110	130	97	107	63	98	30	15	70	42	78	80	27	29	41	33	63	65	13	41	59	25
64	170	2	2	119	0	1953125	12	0.0	21423	4.70	0	0	V0.2	0	0	10	16	21	20	20	38	30	6	18	22	13	20	9	12	32	15	4	8	13	11	5	27	48	22	20	72	42	64	46	62	16	32	142	105	26	27	108	132	153	146	158	139	183	428	205	232	419	332	273	318	843	737	580	1000	632	642	819	767	613	95	161	64	183	105	133	75	77	34	54	52	29	80	56	38	19	2	21	32	70	13	24	29	20	14	13
64	170	2	2	119	0	1953125	12	0.0	11637	3.02	0	0	V0.2	0	0	166	279	384	442	460	478	430	366	310	247	253	274	276	337	315	263	205	104	38	163	301	422	541	600	663	649	629	555	533	436	428	438	544	613	762	794	874	842	897	775	728	674	660	613	820	726	803	797	938	1000	744	917	834	735	739	783	431	758	829	723	768	788	776	709	653	593	548	545	510	513	520	505	508	468	442	403	338	329	251	221	210	212	196	127	97
64	170	2	2	119	0	1953125	12	0.0	8080	2.41	0	0	V0.2	0	0	188	262	350	428	494	469	411	373	308	257	236	254	301	288	300	260	170	114	45	170	278	415	504	567	644	629	630	557	491	437	397	443	506	630	711	761	786	881	835	815	690	720	534	696	630	747	698	948	932	999	780	836	795	759	1000	309	622	680	912	724	640	786	769	663	666	594	506	504	495	502	540	480	470	468	420	403	345	275	260	212	211	203	186	110	115
64	170	2	2	119	0	1953125	12	0.0	8155	2.42	0	0	V0.2	0	0	30	41	63	38	80	15	43	46	71	15	11	62	48	26	28	79	36	37	67	34	53	69	153	97	79	90	42	42	130	158	54	96	120	161	243	239	120	102	60	131	143	185	229	396	456	472	652	558	287	189	289	349	687	1000	983	881	550	474	674	515	368	105	237	132	101	113	209	137	82	168	126	134	80	184	81	105	115	132	84	38	83	36	44	65	87
64	170	2	2	119	0	1953125	12	0.0	8066	2.40	0	0	V0.2	0	0	17	39	55	38	67	8	45	43	80	38	50	42	75	25	41	40	73	27	24	75	54	64	61	77	45	80	38	135	112	30	57	27	37	148	304	232	121	117	81	143	67	179	246	464	479	486	578	409	194	243	398	451	781	1000	892	800	563	453	655	532	427	223	135	165	72	74	129	222	120	47	74	115	109	41	132	73	29	37	91	63	41	66	39	31	21
64	170	2	2	119	0	1953125	12	0.0	1863	1.34	0	0	V0.2	0	0	102	169	258	319	358	315	298	254	225	183	160	177	238	211	211	175	149	82	58	131	201	277	355	445	459	452	439	369	343	346	324	325	388	367	529	627	606	536	517	531	577	585	473	469	466	421	467	782	560	484	765	919	288	1000	267	294	774	446	787	518	468	524	637	534	430	332	387	349	410	382	342	353	361	337	320	289	227	195	164	176	168	146	106	97	84
64	170	2	2	119	0	1953125	12	0.0	8314	2.45	0	0	V0.2	0	0	8	5	26	15	34	38	44	13	31	27	33	7	30	42	38	32	21	34	31	22	23	40	21	62	54	82	61	104	91	54	53	104	93	41	173	235	232	265	414	479	395	452	497	190	190	645	692	760	690	224	568	736	1000	945	752	149	695	89	465	212	812	652	484	136	66	192	158	55	86	133	98	72	35	28	55	24	25	24	53	21	31	51	47	28	11
64	170	2	2	119	0	1953125	12	0.0	2161	1.39	0	0	V0.2	0	0	124	203	261	295	339	326	295	255	222	180	175	195	218	214	201	204	129	72	16	115	203	288	375	407	464	473	428	396	372	277	282	307	361	442	558	572	573	601	574	521	485	515	421	522	498	495	382	748	603	490	1000	595	582	504	703	548	689	590	581	534	567	552	415	481	491	440	380	350	350	380	362	367	330	321	299	266	247	206	173	164	154	143	131	106	65
64	170	2	2	119	0	1953125	12	0.0	1888	1.34	0	0	V0.2	0	0	65	32	85	69	83	105	42	85	40	87	43	68	63	112	52	100	49	105	100	61	117	102	114	140	72	194	49	182	97	184	223	120	189	100	251	380	410	689	560	733	765	645	701	418	225	507	645	850	472	612	746	766	727	454	769	816	1000	949	692	684	976	896	910	521	296	374	251	264	140	111	165	31	54	54	109	60	68	59	62	70	10	84	60	24	12
64	170	2	2	119	0	1953125	12	0.0	2131	1.39	0	0	V0.2	0	0	18	58	19	89	15	105	22	81	21	72	26	27	70	24	69	31	59	20	62	60	41	85	69	87	140	163	94	143	164	178	141	281	219	284	133	372	370	706	695	931	959	1000	951	607	659	706	999	876	913	664	839	871	810	738	805	925	777	450	312	146	646	735	680	509	299	532	413	302	188	301	222	107	155	124	78	115	136	54	106	105	101	59	126	58	63
64	170	2	2	119	0	1953125	12	0.0	2138	1.39	0	0	V0.2	0	0	39	66	13	100	20	91	24	83	15	65	28	61	38	73	41	57	47	73	53	55	92	63	108	86	185	57	166	91	212	122	192	245	223	280	130	367	348	662	704	870	955	892	947	671	558	725	875	1000	648	730	727	807	653	649	808	652	685	378	159	237	483	541	689	492	354	412	348	390	209	208	231	139	141	73	161	41	101	86	122	72	83	106	55	60	71
64	170	2	2	119	0	1953125	12	0.0	2105	1.38	0	0	V0.2	0	0	40	49	43	94	14	88	22	85	8	59	40	45	58	65	62	47	65	71	46	62	83	78	87	121	184	80	167	104	218	102	192	222	227	264	139	360	335	656	680	878	909	869	942	675	562	673	868	1000	664	753	762	901	682	635	815	761	814	448	179	238	418	503	649	464	330	367	331	394	209	199	232	163	160	75	186	76	99	84	133	85	81	118	81	74	73
64	170	2	2	119	0	1953125	12	0.0	2013	1.37	0	0	V0.2	0	0	57	48	91	9	110	28	97	28	117	65	95	59	130	62	102	70	131	85	84	136	106	144	93	196	169	117	151	153	228	102	231	237	222	198	132	365	334	596	574	763	777	714	809	603	523	624	753	907	514	509	502	700	556	618	865	896	1000	585	263	393	465	551	486	199	106	156	164	287	198	69	174	144	208	91	152	170	98	94	69	130	69	71	89	98	76
64	170	2	2	119	0	1953125	12	0.0	2011	1.36	0	0	V0.2	0	0	45	57	48	68	76	56	62	75	68	80	69	102	54	109	72	99	65	98	102	78	128	113	145	128	158	171	105	176	157	209	126	241	244	145	153	270	451	378	587	562	704	678	599	648	505	696	686	770	584	243	428	528	623	593	963	1000	961	596	182	362	475	444	390	178	0	151	166	241	173	73	208	142	164	77	182	160	75	102	95	111	33	100	84	68	60
64	170	2	2	119	0	1953125	12	0.0	2038	1.37	0	0	V0.2	0	0	55	35	64	29	92	11	76	43	83	45	73	81	71	82	86	89	77	87	100	85	100	128	119	148	116	187	74	173	140	209	141	214	265	161	197	212	431	332	507	476	573	594	541	644	542	673	651	676	516	110	347	556	678	636	975	1000	891	480	39	271	315	283	283	233	64	162	203	272	198	98	228	157	169	94	194	154	86	111	106	102	51	119	86	77	75
64	170	2	2	119	0	1953125	12	0.0	2086	1.38	0	0	V0.2	0	0	58	40	62	39	82	61	58	42	67	27	65	37	69	32	93	58	73	60	85	80	50	130	69	141	73	197	80	157	141	200	166	171	288	187	247	199	426	369	461	498	489	581	541	700	638	607	592	497	376	65	511	698	812	689	973	1000	766	294	185	386	187	70	204	360	213	220	312	312	250	114	266	188	156	122	189	152	82	143	117	104	81	139	91	79	95
64	170	2	2	119	0	1953125	12	0.0	2111	1.38	0	0	V0.2	0	0	69	29	73	37	108	14	94	41	83	28	78	55	55	71	86	65	65	90	98	68	87	126	87	124	125	200	62	171	149	220	141	227	290	212	294	245	436	318	475	422	467	549	653	828	704	675	601	491	337	200	546	720	758	675	1000	948	668	237	457	605	259	43	205	422	279	254	360	351	286	110	279	215	159	120	188	170	68	147	128	113	70	144	111	69	87
64	170	2	2	119	0	1953125	12	0.0	2111	1.38	0	0	V0.2	0	0	54	21	66	38	85	21	98	38	65	42	82	48	40	78	82	52	60	92	83	53	92	124	59	99	109	174	34	162	135	187	118	216	279	203	320	253	400	258	346	309	346	475	582	728	591	502	464	337	195	228	566	596	611	630	1000	950	693	581	715	845	458	147	207	440	382	234	380	337	283	126	274	262	146	151	166	191	62	151	138	115	76	133	130	67	97
64	170	2	2	119	0	1953125	12	0.0	2086	1.38	0	0	V0.2	0	0	41	52	67	53	66	56	91	39	52	65	69	48	42	96	70	63	74	97	76	62	108	110	69	107	118	154	66	179	141	171	127	219	275	198	300	223	310	194	210	204	236	356	409	499	377	277	306	243	131	208	498	462	498	624	1000	999	786	707	733	838	543	202	188	360	385	181	303	288	243	132	208	265	147	152	142	201	106	118	137	113	87	95	138	81	79
64	170	1	2	119	0	1953125	12	0.0	2061	1.37	0	0	V0.2	0	0	33	37	60	39	57	37	80	28	43	49	67	37	36	79	70	46	60	78	62	45	82	98	41	91	88	133	35	151	124	136	101	169	240	152	219	164	215	147	114	160	158	243	267	347	265	171	250	236	153	144	426	389	417	572	947	1000	775	610	605	719	514	201	162	316	353	155	244	243	204	114	175	237	134	136	130	181	99	105	130	106	80	83	123	76	75
64	170	1	2	119	0	1953125	12	0.0	2041	1.37	0	0	V0.2	0	0	29	36	41	51	53	39	59	36	35	52	52	54	31	82	59	56	52	77	65	44	86	83	66	77	110	128	60	140	121	145	91	178	225	151	192	118	207	106	98	108	170	185	209	280	182	174	210	275	152	139	343	381	411	593	979	1000	833	591	585	689	453	221	118	345	329	160	217	220	212	79	185	202	146	123	142	182	90	118	124	120	76	97	120	80	78
64	170	1	2	119	0	1953125	12	0.0	2041	1.37	0	0	V0.2	0	0	47	33	42	58	34	50	40	59	28	37	54	41	48	44	74	44	52	62	56	46	52	82	64	75	96	76	85	89	160	95	118	140	192	201	101	188	119	133	34	153	106	154	211	194	220	108	258	228	88	60	348	407	378	641	884	1000	780	548	599	584	488	179	203	285	297	175	189	254	138	119	135	209	134	118	150	130	104	89	138	86	74	86	101	69	72
64	170	1	2	119	0	1953125	12	0.0	2016	1.37	0	0	V0.2	0	0	34	38	53	39	54	38	68	33	44	58	64	53	45	78	64	51	58	72	58	49	85	97	58	99	86	129	44	148	117	123	96	146	205	99	122	76	142	78	104	145	159	189	152	219	150	96	173	183	94	227	445	448	500	622	983	1000	772	548	484	590	412	143	93	281	304	122	204	199	178	80	149	195	119	128	116	163	84	108	122	105	80	78	113	70	69
64	170	1	2	119	0	1953125	12	0.0	1991	1.36	0	0	V0.2	0	0	41	22	52	26	59	21	70	26	52	41	66	44	48	62	66	37	53	64	60	57	78	107	49	106	67	130	36	147	124	111	92	120	187	82	84	66	140	76	123	186	174	214	147	205	153	76	195	238	201	262	568	570	565	580	929	1000	761	477	389	532	422	151	42	253	287	109	208	204	182	90	140	198	119	133	117	170	89	103	121	105	83	81	116	72	71
64	170	1	2	119	0	1953125	12	0.0	2041	1.37	0	0	V0.2	0	0	60	48	48	46	63	58	50	51	63	37	72	55	83	39	92	59	72	61	81	86	57	128	74	128	70	151	94	144	160	148	158	128	233	159	139	130	207	186	121	243	240	325	251	312	262	117	186	241	239	335	642	656	646	632	996	1000	732	470	474	600	370	87	114	330	268	185	286	253	208	84	224	187	152	144	169	159	90	150	120	108	85	131	102	83	97
64	170	1	2	119	0	1953125	12	0.0	2066	1.37	0	0	V0.2	0	0	62	27	64	24	80	24	69	34	62	19	69	39	57	52	88	48	58	60	67	56	64	115	53	116	71	153	39	160	146	169	141	179	265	148	185	144	273	176	200	257	290	359	332	433	321	225	224	197	118	384	638	663	646	652	1000	927	653	434	492	571	281	13	179	364	270	226	322	273	217	105	250	199	151	143	172	156	78	148	119	105	79	133	102	75	96
64	170	1	2	119	0	1953125	12	0.0	2091	1.38	0	0	V0.2	0	0	62	22	65	35	77	32	72	44	57	17	74	35	59	51	97	44	67	72	71	58	62	126	47	130	79	163	50	166	160	168	166	191	290	170	206	183	293	246	249	342	303	429	421	531	459	330	366	190	57	347	668	687	717	731	1000	949	593	342	379	478	239	78	212	347	299	220	363	286	223	123	237	221	124	160	148	164	64	142	115	95	86	121	111	66	96
64	170	1	2	119	0	1953125	12	0.0	2116	1.38	0	0	V0.2	0	0	34	52	27	83	67	58	47	76	55	49	38	81	10	75	50	86	32	83	80	29	81	58	118	30	178	87	121	73	206	167	146	249	229	269	140	317	280	368	401	437	489	412	593	545	489	452	413	475	71	335	621	919	717	873	999	860	677	57	424	284	99	161	463	422	320	321	338	386	163	210	214	200	137	144	191	84	118	116	144	65	122	120	87	69	100
64	170	1	2	119	0	1953125	12	0.0	2111	1.38	0	0	V0.2	0	0	36	44	45	71	72	53	70	50	45	57	50	59	14	91	49	67	49	92	71	33	106	71	108	70	172	135	102	139	169	189	138	272	252	209	204	256	359	328	520	452	541	495	561	614	441	531	459	490	182	321	604	807	808	739	1000	866	625	131	330	276	69	191	370	486	298	315	349	333	257	114	263	180	152	99	180	148	74	132	118	108	62	132	96	62	75
64	170	1	2	119	0	1953125	12	0.0	2111	1.38	0	0	V0.2	0	0	38	58	18	97	61	71	48	83	45	58	41	79	10	83	53	80	41	94	80	31	93	60	119	45	199	96	138	89	214	176	161	273	243	281	152	332	326	462	547	579	673	560	668	606	537	606	564	671	260	336	536	874	773	828	1000	836	713	185	308	180	193	243	516	500	336	374	340	404	236	184	238	173	167	96	202	96	115	111	144	95	94	136	88	77	84
64	170	1	2	119	0	1953125	12	0.0	2113	1.38	0	0	V0.2	0	0	61	39	101	31	102	53	86	32	87	50	74	26	106	44	86	52	118	79	69	114	81	126	67	205	154	146	150	174	224	141	283	262	310	302	222	361	341	645	598	767	708	726	840	635	637	684	838	875	417	462	556	854	664	838	1000	842	772	247	313	188	251	271	561	547	381	409	340	439	310	156	250	191	223	75	196	157	107	107	138	155	64	120	107	99	56
64	170	1	2	119	0	1953125	12	0.0	2111	1.38	0	0	V0.2	0	0	52	50	64	73	99	51	100	51	65	57	66	67	21	102	64	72	46	98	79	35	119	87	118	82	201	179	110	169	178	215	144	322	313	267	269	308	467	486	772	723	855	805	794	814	564	779	826	979	695	517	850	842	796	630	999	951	727	256	403	224	243	345	515	612	360	392	434	393	311	135	313	200	166	116	208	169	80	160	134	125	78	161	111	81	98
64	170	1	2	119	0	1953125	12	0.0	2111	1.38	0	0	V0.2	0	0	40	53	32	86	70	62	58	64	44	60	38	69	7	91	39	67	39	93	75	38	115	66	129	53	211	126	141	127	194	182	142	289	253	274	191	307	353	475	663	672	821	719	773	715	531	715	779	999	678	612	789	833	697	526	880	834	735	305	276	89	203	245	470	494	275	348	344	381	265	144	269	169	172	83	206	134	87	120	128	110	67	140	91	73	77
64	170	2	2	119	0	1953125	12	0.0	2011	1.36	0	0	V0.2	0	0	65	70	33	63	55	105	23	84	69	104	47	82	94	101	56	103	94	90	76	113	158	55	176	110	215	89	176	179	170	165	164	312	228	167	189	318	471	452	728	669	722	706	592	619	371	588	751	876	778	505	905	821	730	525	785	1000	886	513	348	63	467	408	332	330	222	110	262	229	241	136	134	250	135	146	84	196	150	55	113	103	110	34	115	110	71
64	170	2	2	119	0	1953125	12	0.0	2013	1.37	0	0	V0.2	0	0	51	65	44	88	81	72	77	93	76	87	76	113	51	114	78	110	72	121	123	88	140	124	163	125	176	177	114	174	175	217	119	272	266	169	149	327	502	438	659	647	792	710	573	603	431	603	667	972	778	589	819	899	849	482	836	976	999	635	257	224	457	457	446	253	50	167	189	281	193	73	212	158	180	70	196	162	79	97	104	118	42	120	99	79	63
64	170	2	2	119	0	1953125	12	0.0	1888	1.34	0	0	V0.2	0	0	42	21	76	37	82	62	60	51	56	47	49	16	80	42	65	38	80	65	45	76	94	59	93	58	140	24	130	60	151	67	135	211	97	122	84	381	370	380	506	474	602	473	368	377	183	353	477	838	621	506	682	786	758	307	550	785	1000	848	559	416	609	690	668	264	178	200	214	165	74	148	45	23	47	112	55	70	61	61	51	42	90	36	33	40	65
64	170	2	2	119	0	1953125	12	0.0	1890	1.34	0	0	V0.2	0	0	20	70	32	65	28	82	45	59	28	68	19	65	32	79	22	79	44	62	59	57	95	25	113	39	109	26	140	89	98	98	105	176	71	135	87	312	327	339	427	372	502	382	329	268	212	340	445	739	534	536	490	778	651	347	422	735	1000	674	414	292	541	731	474	225	115	247	251	36	96	79	93	53	105	40	40	29	87	46	58	80	37	33	41	71	24
64	170	2	2	119	0	1953125	12	0.0	1868	1.34	0	0	V0.2	0	0	22	65	37	59	44	63	50	48	36	48	16	65	24	69	23	81	42	52	61	53	78	37	99	67	79	56	118	114	64	122	87	162	98	126	133	255	377	273	420	354	431	402	233	244	126	338	390	692	552	451	551	704	712	340	504	734	1000	772	436	364	529	728	564	194	184	214	270	81	135	124	82	34	95	109	14	62	59	78	12	93	67	33	36	70	62
64	170	2	2	119	0	1953125	12	0.0	1865	1.34	0	0	V0.2	0	0	26	49	76	26	79	28	79	29	72	47	54	61	63	67	50	72	73	48	58	74	70	74	79	119	49	109	88	168	54	150	127	165	158	97	214	223	446	327	452	471	436	511	298	242	99	319	409	704	674	528	724	773	871	445	415	702	1000	896	593	361	541	757	680	238	202	225	302	130	129	159	74	51	81	134	30	72	54	82	1	97	85	26	36	67	65
