34928	35048	35167	35286	35405	35524	35644	35763	35882	36001	36120	36240	36359	36478	36597	36716	36836	36955	37074	37193	37313	37432	37551	37670	37789	37909	38028	38147	38266	38385	38505	38624	38743	38862	38981	39101	39220	39339	39458	39577	39697	39816	39935	40054	40174	40293	40412	40531	40650	40770	40889	41008	41127	41246	41366	41485	41604	41723	41842	41962	42081	42200	42319	42439	42558	42677	42796	42915	43035	43154	43273	43392	43511	43631	43750	43869	43988	44107	44227	44346	44465	44584	44703	44823	44942
64	170	1	2	119	0	1953125	12	0.0	1505	1.28	0	0	V0.2	0	0	53	34	41	36	57	48	52	49	57	35	64	42	70	27	85	48	62	53	68	77	49	115	72	111	78	131	107	115	159	127	154	119	205	143	182	246	243	291	123	309	244	193	198	478	606	429	498	445	498	207	307	600	801	648	695	1000	866	729	298	35	195	152	174	247	351	193	164	156	176	152	112	193	118	135	78	135	91	88	102	86	85	64	97	65	76
64	170	1	2	119	0	1953125	12	0.0	1528	1.28	0	0	V0.2	0	0	45	21	50	16	65	30	50	8	55	5	47	25	52	24	60	33	44	34	51	52	40	90	45	103	45	152	39	133	98	158	116	130	202	107	215	189	362	255	184	267	271	199	222	531	613	559	485	406	492	132	365	680	980	694	800	1000	891	807	283	13	143	270	165	345	351	181	159	142	223	104	168	165	145	115	78	131	52	80	68	96	48	77	81	64	55
64	170	1	2	119	0	1953125	12	0.0	1530	1.28	0	0	V0.2	0	0	46	9	50	19	53	19	60	23	47	16	61	16	49	36	73	18	47	45	45	50	46	104	27	109	49	127	49	133	132	101	121	110	187	94	222	248	237	230	115	280	157	193	280	515	592	405	442	343	267	211	589	713	809	677	774	1000	773	559	250	158	219	200	278	274	329	150	137	171	146	139	106	200	109	92	68	102	78	58	100	62	63	49	89	61	52
64	170	1	2	119	0	1953125	12	0.0	1578	1.29	0	0	V0.2	0	0	31	58	6	62	7	66	17	59	11	37	23	53	15	28	41	49	8	22	27	11	8	64	62	65	66	75	77	78	145	65	110	98	181	136	199	312	235	268	69	287	199	261	381	585	732	461	404	298	103	303	827	995	1000	864	790	979	739	466	286	373	330	263	387	305	312	114	188	226	150	149	114	194	73	76	59	92	48	75	91	23	47	55	70	15	43
64	170	1	2	119	0	1953125	12	0.0	8327	2.45	0	0	V0.2	0	0	17	22	20	15	13	20	26	16	7	9	19	20	5	13	20	17	5	12	9	14	20	25	39	24	15	39	43	39	51	53	29	20	89	83	88	85	155	126	104	161	159	286	294	163	480	327	62	370	445	501	500	610	1000	709	638	767	324	329	495	504	261	287	245	49	119	25	113	84	65	21	59	77	22	37	3	16	35	17	36	7	6	13	17	20	11
64	170	1	2	119	0	1953125	12	0.0	14845	3.57	0	0	V0.2	0	0	12	33	32	17	6	41	28	28	23	24	31	13	8	8	18	31	29	7	54	7	45	10	58	34	29	45	66	34	62	30	10	62	115	123	127	114	119	103	112	268	120	121	250	197	185	283	474	407	316	130	567	142	653	449	530	953	1000	657	575	357	282	128	67	28	40	98	94	53	19	38	76	35	51	24	35	48	98	31	16	18	10	9	24	28	12
64	170	2	2	119	0	1953125	12	0.0	14926	3.58	0	0	V0.2	0	0	66	92	56	119	103	180	29	110	67	102	45	49	100	82	72	26	55	19	75	118	86	104	56	131	171	218	147	52	127	29	282	416	195	172	151	590	551	127	407	721	1000	509	378	397	232	79	643	997	576	529	102	817	611	716	790	497	528	279	622	604	935	647	344	336	172	350	105	223	88	182	49	184	80	146	104	94	111	106	60	112	105	40	117	37	37
64	170	2	2	119	0	1953125	12	0.0	14937	3.58	0	0	V0.2	0	0	86	96	62	80	97	128	99	72	78	46	101	58	52	70	145	43	43	59	106	111	44	154	116	110	64	227	199	89	184	108	179	334	281	116	294	251	498	226	487	519	734	758	247	380	214	264	291	714	777	120	281	527	1000	750	792	742	298	52	478	856	640	620	424	148	316	143	319	121	120	72	139	65	185	144	84	139	31	130	83	101	57	81	48	124	105
64	170	2	2	119	0	1953125	12	0.0	17433	4.01	0	0	V0.2	0	0	17	48	48	46	76	63	49	46	53	21	47	30	79	15	63	25	33	63	27	44	42	54	79	63	125	75	118	87	30	221	60	204	131	209	237	358	104	306	261	265	465	411	162	346	349	23	135	512	253	596	271	753	511	945	1000	664	467	397	596	196	609	208	135	157	174	147	88	129	158	39	56	154	64	43	68	41	137	78	60	44	54	10	22	56	43
64	170	2	2	119	0	1953125	12	0.0	2161	1.39	0	0	V0.2	0	0	165	278	377	426	463	467	445	373	298	265	251	273	287	321	296	280	185	104	51	156	288	427	520	584	646	645	629	578	493	436	372	429	552	640	722	752	871	856	903	717	778	594	570	712	697	714	762	904	892	932	801	762	761	665	999	557	592	532	878	748	764	750	713	702	662	608	521	504	503	520	501	521	500	443	441	387	323	317	244	223	220	201	196	135	109
64	170	2	2	119	0	1953125	12	0.0	2186	1.39	0	0	V0.2	0	0	34	19	30	28	28	21	44	31	27	11	45	17	30	4	43	7	28	27	29	38	21	61	30	48	17	54	12	94	72	70	92	73	120	58	76	50	198	181	244	280	257	464	517	532	506	215	118	200	254	304	473	633	952	999	841	637	210	444	702	811	609	253	147	77	160	45	114	102	139	145	98	116	19	102	60	64	25	74	64	24	45	43	49	15	40
64	170	2	2	119	0	1953125	12	0.0	1583	1.29	0	0	V0.2	0	0	42	16	48	63	6	63	21	53	36	39	37	30	47	24	59	11	37	37	34	23	39	25	104	56	60	82	49	142	98	80	126	99	177	232	121	209	251	169	257	133	245	512	559	579	660	407	201	265	451	729	833	809	1000	993	754	551	178	327	533	635	554	467	283	247	118	187	243	165	192	180	98	135	80	62	109	58	86	64	29	77	62	48	45	15	49
64	170	2	2	119	0	1953125	12	0.0	1585	1.29	0	0	V0.2	0	0	30	26	70	12	60	2	60	10	57	25	46	25	52	28	38	36	53	18	30	53	41	54	58	115	13	93	59	144	49	135	133	112	163	181	302	156	195	180	242	168	214	508	558	539	475	408	240	298	516	767	1000	753	702	880	841	633	364	553	571	567	255	334	455	237	142	118	288	202	146	171	136	137	20	134	70	76	43	96	75	26	69	55	45	18	60
64	170	2	2	119	0	1953125	12	0.0	1588	1.29	0	0	V0.2	0	0	31	17	56	47	50	44	40	35	50	39	40	9	60	21	39	8	57	26	14	55	23	49	10	112	45	90	56	115	87	101	159	87	174	179	278	213	138	236	163	188	164	521	591	513	551	391	255	282	585	781	981	871	745	1000	865	515	332	620	592	543	349	307	487	265	128	149	268	251	122	210	133	109	16	139	105	55	73	78	86	18	85	60	35	21	58
64	170	2	2	119	0	1953125	12	0.0	1563	1.29	0	0	V0.2	0	0	44	26	57	29	72	46	47	17	73	35	38	20	81	16	54	32	67	19	52	88	37	80	41	134	57	126	119	121	120	120	210	122	207	253	280	248	96	282	137	193	180	547	690	523	557	385	277	268	635	886	989	980	802	1000	893	426	332	730	743	545	391	318	469	351	83	189	247	302	143	213	202	108	82	105	164	53	101	82	94	47	82	111	57	51	56
64	170	2	2	119	0	1953125	12	0.0	1563	1.29	0	0	V0.2	0	0	33	44	32	67	32	75	14	51	35	64	29	25	62	51	38	28	58	43	23	71	67	50	60	100	113	65	137	89	145	77	196	155	155	250	230	272	59	262	150	184	183	476	713	581	600	439	274	135	502	848	959	1000	817	968	907	468	285	647	711	516	389	348	480	373	84	188	239	295	137	217	206	106	76	109	156	39	100	85	98	43	86	98	46	49	62
64	170	1	2	119	0	1953125	12	0.0	1563	1.29	0	0	V0.2	0	0	40	37	48	62	41	66	32	47	47	58	35	14	75	41	49	24	67	40	31	81	60	70	53	120	104	89	135	113	153	94	211	155	172	237	248	276	60	270	155	212	178	498	712	615	651	455	321	101	468	769	928	987	812	1000	904	520	255	618	663	504	401	351	519	385	119	170	240	297	131	229	206	136	82	115	158	54	102	78	98	38	91	98	57	52	67
64	170	1	2	119	0	1953125	12	0.0	1538	1.28	0	0	V0.2	0	0	41	20	66	31	70	38	57	20	72	38	51	19	85	25	60	36	83	37	51	96	55	91	45	158	78	124	117	155	150	127	224	152	205	220	287	269	95	267	171	245	175	525	710	663	689	456	356	98	434	678	936	985	808	1000	885	580	217	539	581	518	418	356	548	398	181	164	253	318	152	241	218	185	118	114	169	79	106	82	121	63	88	106	74	62	63
64	170	1	2	119	0	1953125	12	0.0	1510	1.28	0	0	V0.2	0	0	40	19	66	29	78	43	70	33	76	43	60	30	98	38	76	47	97	59	69	114	80	112	73	159	111	130	160	148	180	124	236	178	203	257	259	294	76	277	170	226	210	525	776	683	704	475	347	31	387	642	892	981	789	1000	919	588	259	493	537	454	408	380	564	447	202	187	223	310	153	238	245	199	156	102	185	92	128	99	131	88	86	122	87	86	76
64	170	1	2	119	0	1953125	12	0.0	1508	1.28	0	0	V0.2	0	0	50	12	70	36	62	30	75	38	65	40	72	22	78	48	85	38	90	72	69	97	79	128	55	169	91	153	111	190	179	150	213	177	254	212	319	294	186	251	226	327	221	540	706	766	741	484	414	59	272	557	1000	985	879	950	905	782	238	263	407	536	388	413	577	406	330	152	309	280	208	244	228	262	102	170	136	143	103	127	136	78	115	104	112	72	101
64	170	1	2	119	0	1953125	12	0.0	1485	1.27	0	0	V0.2	0	0	28	69	54	66	52	84	79	66	62	86	64	87	64	108	60	101	92	104	101	104	139	109	134	145	142	160	144	216	140	204	179	227	234	236	338	218	278	165	329	237	280	469	644	742	616	536	329	120	129	597	957	900	953	877	1000	789	206	119	369	441	268	447	450	443	336	164	288	231	248	181	273	248	150	173	136	173	92	153	128	113	99	111	120	86	107
64	170	2	2	119	0	1953125	12	0.0	1488	1.27	0	0	V0.2	0	0	47	22	68	43	63	43	75	53	65	52	78	40	88	56	91	50	97	85	82	106	95	132	80	158	123	141	137	169	193	134	207	180	232	222	267	313	176	258	231	357	286	470	638	668	674	365	318	175	337	540	928	1000	907	896	785	744	280	101	350	534	452	403	487	333	303	186	269	286	218	261	221	263	149	174	158	149	141	138	160	102	126	114	126	98	111
64	170	2	2	119	0	1953125	12	0.0	1540	1.28	0	0	V0.2	0	0	36	38	23	43	27	47	35	53	27	27	45	30	44	20	61	25	47	47	48	56	45	90	46	95	74	94	72	114	140	73	126	122	201	149	206	236	142	141	194	304	207	348	475	537	518	132	264	377	388	408	893	1000	885	557	139	234	105	274	409	707	509	350	282	209	246	86	209	198	208	148	117	150	50	98	61	112	50	95	73	62	60	62	70	39	57
64	170	2	2	119	0	1953125	12	0.0	10574	2.83	0	0	V0.2	0	0	3	13	12	23	18	19	10	17	23	14	4	14	25	15	12	13	21	5	13	19	5	17	16	20	39	30	44	36	77	39	62	43	58	206	188	43	64	113	144	206	104	196	224	88	546	639	231	116	49	649	1000	606	852	664	96	99	704	417	502	528	110	351	438	114	110	108	47	112	10	50	44	6	26	44	34	2	7	15	13	14	15	16	18	26	8
64	170	2	2	119	0	1953125	12	0.0	20425	4.52	0	0	V0.2	0	0	9	21	30	25	32	22	31	25	18	27	8	33	16	23	7	21	8	16	23	20	42	34	55	62	31	32	12	61	22	113	63	46	103	128	153	81	219	189	192	296	184	94	188	178	173	194	133	200	403	156	326	68	196	372	999	591	278	350	589	556	27	344	253	91	86	83	32	26	60	7	69	58	39	30	42	71	17	62	26	23	15	12	12	14	9
64	170	2	2	119	0	1953125	12	0.0	1538	1.28	0	0	V0.2	0	0	177	300	425	487	523	503	463	383	350	286	272	290	305	350	307	293	214	108	56	188	308	450	553	667	699	707	679	607	550	486	440	474	550	692	812	838	948	970	894	804	866	716	586	781	720	796	940	940	944	913	954	1000	872	584	865	653	873	778	744	853	746	848	736	808	712	632	592	589	553	546	580	545	524	484	469	428	379	301	284	269	256	213	175	147	126
64	170	2	2	119	0	1953125	12	0.0	1510	1.28	0	0	V0.2	0	0	39	23	59	16	64	20	78	24	64	41	69	45	61	64	75	52	74	73	75	84	88	129	66	142	77	163	85	173	144	153	166	152	246	195	310	296	286	239	191	318	302	481	508	658	700	494	319	125	366	523	807	863	904	1000	844	879	479	154	350	577	457	416	421	278	308	171	201	230	219	243	174	233	149	134	117	129	133	88	119	81	93	76	100	88	74
64	170	2	2	119	0	1953125	12	0.0	1503	1.28	0	0	V0.2	0	0	43	39	24	55	21	46	30	60	26	41	53	51	43	45	71	55	50	68	70	65	74	104	106	76	124	102	139	92	188	150	143	158	194	226	167	314	271	281	174	229	297	286	380	441	599	510	361	343	153	201	517	922	1000	980	859	823	586	277	72	153	338	304	315	352	324	247	137	242	205	193	180	204	199	93	138	118	129	77	120	107	75	88	98	98	66
64	170	2	2	119	0	1953125	12	0.0	1505	1.28	0	0	V0.2	0	0	29	45	25	55	44	48	38	62	48	50	36	71	32	69	42	75	38	62	72	57	89	68	115	64	111	101	116	115	121	176	109	159	139	194	181	211	267	128	200	136	291	244	350	452	552	597	374	275	139	231	468	830	1000	923	789	482	443	412	106	33	239	378	282	357	243	191	126	162	189	134	197	135	168	93	116	101	87	94	79	97	52	82	69	77	62
64	170	2	2	119	0	1953125	12	0.0	1603	1.29	0	0	V0.2	0	0	16	48	8	68	20	63	15	62	10	45	18	51	20	37	36	42	26	36	29	21	24	56	43	77	71	74	67	95	120	78	142	92	137	65	188	246	210	274	176	366	283	455	456	582	695	606	487	196	123	453	793	777	1000	999	724	589	564	376	101	232	327	530	404	211	222	109	179	68	177	132	114	82	45	63	31	50	25	52	20	59	20	46	20	38	8
64	170	2	2	119	0	1953125	12	0.0	1610	1.30	0	0	V0.2	0	0	27	29	62	9	63	9	62	5	49	25	49	25	40	42	44	33	43	26	24	32	49	59	52	89	38	98	57	138	60	126	92	112	133	119	233	152	269	166	244	283	383	506	489	548	454	362	155	268	496	759	1000	785	737	657	420	355	339	84	453	592	422	387	334	129	159	80	212	151	127	116	57	91	23	75	16	59	10	57	32	38	42	35	39	20	40
64	170	2	2	119	0	1953125	12	0.0	1558	1.29	0	0	V0.2	0	0	38	21	63	14	69	7	65	8	58	12	46	26	54	27	50	32	53	23	41	61	44	88	36	127	19	140	59	163	110	128	150	100	199	156	275	279	236	316	264	417	421	633	558	463	463	273	153	164	595	765	1000	942	709	748	560	405	136	238	709	696	579	349	318	217	174	190	189	297	182	193	162	119	125	58	133	59	92	41	89	66	50	72	47	53	18
64	170	2	2	119	0	1953125	12	0.0	1583	1.29	0	0	V0.2	0	0	40	9	59	9	63	14	62	5	50	12	44	22	36	38	45	27	31	27	29	32	60	64	57	77	71	103	73	135	63	128	75	143	174	183	284	169	288	188	378	275	431	467	380	409	312	234	94	420	544	813	1000	766	710	395	255	146	343	362	595	670	366	411	255	181	191	223	266	183	229	124	145	89	98	101	74	96	48	91	36	76	46	65	43	47	43
64	170	2	2	119	0	1953125	12	0.0	1638	1.30	0	0	V0.2	0	0	36	17	50	40	46	40	48	38	40	17	49	10	49	7	62	9	44	25	17	32	12	65	24	65	35	78	29	96	26	97	59	93	155	158	259	109	222	152	366	267	358	481	405	475	363	226	243	590	712	828	1000	662	488	190	208	281	556	574	639	758	425	346	242	165	200	226	258	135	177	85	78	52	90	83	45	65	41	67	23	68	29	49	27	56	40
64	170	1	2	119	0	1953125	12	0.0	1638	1.30	0	0	V0.2	0	0	35	5	64	30	64	31	62	30	56	21	54	2	54	5	61	7	53	21	14	34	8	68	21	77	39	95	1	111	52	107	99	76	190	159	277	159	204	219	340	386	335	555	476	446	394	96	397	590	884	867	1000	795	414	249	138	478	639	742	821	758	600	291	277	74	246	222	231	237	107	146	45	109	49	111	78	63	61	43	66	27	67	29	53	34	57
64	170	1	2	119	0	1953125	12	0.0	1588	1.29	0	0	V0.2	0	0	26	37	56	28	65	22	65	18	60	18	45	36	46	39	44	34	43	20	35	44	43	69	44	90	47	119	41	141	57	140	114	107	208	190	312	159	227	235	350	374	304	507	438	398	352	45	400	622	891	871	1000	819	440	288	66	417	593	690	798	729	617	345	312	108	215	230	225	278	153	177	105	110	95	98	121	49	91	34	79	44	64	55	38	44	43
64	170	1	2	119	0	1953125	12	0.0	1613	1.30	0	0	V0.2	0	0	33	30	62	20	67	24	70	18	55	29	46	37	32	55	41	38	31	28	25	22	65	49	68	50	89	72	102	109	68	129	68	156	137	260	260	167	229	217	398	267	441	452	452	465	208	161	375	832	771	966	1000	707	590	191	133	388	793	640	747	812	452	429	228	186	144	262	254	172	226	90	126	54	118	81	80	78	49	67	24	67	26	52	14	46	30
64	170	1	2	119	0	1953125	12	0.0	21838	4.77	0	0	V0.2	0	0	12	14	21	16	19	16	17	22	9	3	9	8	7	2	14	4	3	15	12	16	17	16	29	15	33	30	29	17	36	66	24	50	90	140	158	76	80	188	283	130	297	420	128	228	268	280	327	525	137	705	995	498	547	360	357	472	1000	459	606	635	122	360	333	64	118	85	108	116	112	51	29	56	8	42	43	39	31	34	33	6	10	9	23	22	17
64	170	2	2	119	0	1953125	12	0.0	16521	3.85	0	0	V0.2	0	0	173	306	392	486	494	483	441	431	309	252	277	296	296	335	342	268	231	77	45	169	309	441	568	643	660	682	674	614	521	485	439	476	540	690	754	871	897	921	857	825	858	690	712	556	752	888	872	806	970	921	907	999	704	962	655	714	682	851	627	865	778	888	769	764	658	628	599	544	575	516	565	504	557	487	474	396	354	336	285	254	232	202	171	154	103
64	170	2	2	119	0	1953125	12	0.0	14962	3.59	0	0	V0.2	0	0	115	123	100	127	140	106	178	161	36	110	143	56	89	105	78	122	104	74	97	75	153	217	149	144	212	173	181	238	183	90	115	164	104	149	468	586	377	389	812	948	791	592	741	924	829	528	232	497	398	142	483	679	475	514	894	1000	966	626	610	837	772	420	127	311	295	190	236	272	139	67	271	304	175	76	162	125	19	168	238	199	111	129	170	130	36
64	170	2	2	119	0	1953125	12	0.0	27905	5.81	0	0	V0.2	0	0	373	395	150	-189	-441	-185	-383	-425	-322	-160	6	9	-160	-372	-520	-465	-295	-95	-4	-49	-164	-302	-289	-125	54	250	297	215	21	-113	-117	-33	163	391	463	386	190	62	32	158	360	484	457	291	72	-52	-52	34	152	190	157	-13	-203	-377	-378	-234	-55	19	-40	-233	-413	-511	-444	-277	-79	-24	-109	-256	-351	-335	-219	-34	128	169	86	-30	-147	-104	45	271	394	440	327	168	46
64	170	2	2	119	0	1953125	12	0.0	2266	1.41	0	0	V0.2	0	0	167	289	388	462	481	474	461	386	303	259	254	271	296	324	326	279	212	99	46	158	323	419	562	613	644	688	654	593	493	442	450	482	526	673	720	840	850	917	824	864	787	683	611	703	628	828	757	932	999	869	909	846	756	829	732	602	771	690	748	857	731	809	746	726	675	640	545	567	525	530	529	514	497	493	463	404	329	354	253	232	230	203	178	140	105
64	170	2	2	119	0	1953125	12	0.0	36723	7.32	0	0	V0.2	0	0	-235	-276	-295	-261	-227	84	76	69	67	64	54	46	36	25	17	5	-1	-12	-19	-29	-35	-46	-59	-66	-73	-73	-78	-81	-80	-78	-76	-74	-65	-58	-51	-45	-36	-22	-12	-1	12	22	33	45	51	58	64	65	65	68	72	77	82	82	82	70	67	56	51	43	32	24	12	0	-9	-14	-27	-47	-57	-59	-64	-69	-70	-77	-86	-86	-82	-76	-73	-67	-61	-53	-45	-40	-32
64	170	2	2	119	0	1953125	12	0.0	8082	2.41	0	0	V0.2	0	0	159	252	361	427	432	459	409	372	282	256	216	258	303	282	288	253	180	94	41	154	275	390	514	576	622	618	573	557	474	414	388	424	524	576	698	757	808	846	752	800	674	644	558	653	667	690	753	752	999	753	846	793	858	734	538	713	599	630	779	733	720	752	672	691	593	582	510	521	480	481	483	473	499	450	416	363	313	308	215	226	215	188	178	126	112
64	170	2	2	119	0	1953125	12	0.0	3540	1.63	0	0	V0.2	0	0	129	219	289	363	354	368	336	292	228	184	209	225	218	247	234	223	157	49	37	111	232	336	422	469	481	488	494	449	422	319	285	333	412	522	602	632	633	604	651	676	608	535	352	496	499	642	770	739	524	537	878	753	671	441	584	1000	653	531	492	524	790	690	495	502	452	524	481	436	361	362	383	416	421	359	316	286	256	225	236	205	167	127	127	130	91
64	170	2	2	119	0	1953125	12	0.0	3442	1.61	0	0	V0.2	0	0	25	53	10	68	26	68	35	66	39	55	25	59	16	67	29	71	38	57	61	46	64	53	88	86	77	120	45	99	62	184	145	95	115	161	310	219	362	318	246	149	313	664	784	819	576	149	313	489	637	455	624	630	410	222	335	757	1000	848	572	152	295	237	321	228	220	246	85	130	128	234	168	81	105	104	152	62	117	81	92	77	71	92	54	76	62
64	170	2	2	119	0	1953125	12	0.0	3417	1.61	0	0	V0.2	0	0	44	72	24	71	12	89	14	75	36	79	31	67	59	74	41	75	69	72	59	70	93	42	109	57	143	60	182	99	136	100	136	174	160	294	222	259	177	341	416	413	481	310	224	62	485	716	807	844	478	208	224	737	888	999	877	536	129	261	466	368	469	480	397	365	146	250	208	200	170	157	194	106	189	124	140	74	117	117	74	93	81	101	52	90	81
64	170	2	2	119	0	1953125	12	0.0	3417	1.61	0	0	V0.2	0	0	31	17	55	4	61	14	62	9	51	24	46	25	53	33	46	41	61	36	39	64	54	75	33	102	25	91	45	140	95	120	111	80	149	140	247	140	167	165	340	427	430	461	261	145	211	393	390	265	441	483	508	275	404	733	985	999	866	684	373	92	145	350	388	226	164	90	202	133	156	152	103	93	70	140	79	109	73	93	60	75	92	61	60	58	76
64	170	2	2	119	0	1953125	12	0.0	3442	1.61	0	0	V0.2	0	0	34	27	44	41	44	51	39	41	46	45	42	15	65	36	52	23	67	48	30	56	42	64	21	104	67	80	56	102	125	91	110	62	178	141	123	188	445	619	453	227	251	639	687	492	189	224	479	306	388	654	1000	992	647	309	422	545	517	427	359	409	400	163	144	162	313	234	111	74	156	195	74	104	70	115	43	82	89	80	63	54	87	42	53	54	71
64	170	2	2	119	0	1953125	12	0.0	1518	1.28	0	0	V0.2	0	0	35	61	81	55	28	77	76	17	55	79	42	57	105	87	45	87	111	90	89	84	54	113	149	93	51	162	201	147	108	198	265	291	269	231	299	413	437	431	421	546	605	638	582	522	479	458	616	607	455	621	1000	928	781	607	654	717	541	217	451	649	515	353	289	354	409	374	279	237	287	319	297	217	175	224	246	196	130	118	149	139	101	67	77	87	69
64	170	2	2	119	0	1953125	12	0.0	2096	1.38	0	0	V0.2	0	0	49	26	66	36	59	60	39	73	26	69	44	45	63	15	70	36	63	51	51	43	87	39	115	22	102	61	109	77	80	95	112	110	119	55	84	137	172	45	99	262	137	281	254	387	451	785	791	733	372	583	709	942	1000	907	463	196	633	865	720	800	465	381	313	426	254	257	157	216	147	195	75	180	119	193	117	157	84	133	87	105	78	99	73	84	67
64	170	2	2	119	0	1953125	12	0.0	3540	1.63	0	0	V0.2	0	0	13	12	43	14	30	42	12	21	39	21	11	33	39	16	42	32	12	46	33	41	38	33	70	43	64	88	28	89	116	65	104	85	111	136	61	240	220	131	242	380	522	455	347	231	599	746	403	384	196	736	1000	436	239	693	338	314	640	449	286	413	379	190	179	97	114	139	155	110	85	118	133	76	50	102	76	41	69	52	53	58	31	52	60	48	43
64	170	2	2	119	0	1953125	12	0.0	48581	9.36	0	0	V0.2	0	0	-30	4	38	47	48	31	27	26	28	27	25	23	18	22	19	22	22	15	8	9	6	2	-2	-1	-2	-5	-9	-15	-14	-16	-19	-21	-19	-23	-19	-15	-18	-21	-15	-12	-15	-8	-6	-9	-9	-3	1	3	9	10	10	12	20	18	20	22	21	16	18	17	18	15	15	8	5	8	7	9	11	5	5	-1	-6	-8	-7	-3	-4	-7	-10	-11	-12	-21	-23	-21	-19
64	170	2	2	119	0	1953125	12	0.0	2031	1.37	0	0	V0.2	0	0	204	325	417	472	529	501	469	401	328	280	287	302	308	337	318	293	218	93	60	173	310	479	575	649	697	723	701	635	529	485	474	466	587	711	789	890	949	958	912	858	805	753	670	696	733	820	906	959	996	1000	930	929	847	747	768	760	724	816	812	815	837	828	810	747	720	659	603	584	573	583	579	557	523	499	486	435	363	317	293	260	257	237	184	161	129
64	170	2	2	119	0	1953125	12	0.0	2106	1.38	0	0	V0.2	0	0	17	39	7	53	16	55	20	46	12	42	14	44	19	41	24	42	23	35	38	27	38	23	52	33	66	35	73	37	106	50	71	61	95	128	21	70	121	220	163	245	129	148	192	215	234	91	127	225	357	224	27	317	776	1000	993	911	547	277	255	410	439	358	335	153	160	128	137	106	51	99	72	98	16	65	24	72	39	64	45	49	53	38	46	36	48
64	170	2	2	119	0	1953125	12	0.0	1913	1.35	0	0	V0.2	0	0	17	30	40	27	63	9	58	7	50	17	50	19	51	15	52	20	48	36	49	63	50	62	58	54	77	35	87	18	84	52	105	117	73	158	132	256	280	200	212	61	188	248	322	325	177	85	99	350	345	122	147	463	880	962	1000	870	559	365	159	325	410	420	448	281	198	181	149	202	103	112	77	108	126	75	108	54	84	67	65	74	43	70	48	62	44
64	170	2	2	119	0	1953125	12	0.0	2031	1.37	0	0	V0.2	0	0	14	37	8	48	9	52	9	56	14	41	35	41	43	34	55	37	50	45	45	61	55	82	52	80	56	90	68	92	75	105	157	138	193	142	297	306	369	333	208	244	267	433	382	349	155	274	409	527	490	269	416	683	1000	914	761	545	159	100	355	467	313	283	157	76	78	141	89	87	110	88	129	44	76	10	80	36	57	28	58	47	45	53	42	48	38
64	170	2	2	119	0	1953125	12	0.0	1888	1.34	0	0	V0.2	0	0	35	17	61	12	62	25	56	22	53	22	54	21	59	17	63	30	57	47	54	60	50	55	67	67	103	51	124	62	158	126	156	186	120	238	234	315	345	180	214	92	297	335	381	319	97	222	322	574	483	209	181	480	808	875	1000	936	677	471	107	357	393	441	432	200	159	100	148	158	81	123	47	137	98	117	102	57	94	55	85	55	64	63	49	62	41
64	170	2	2	119	0	1953125	12	0.0	2025	1.37	0	0	V0.2	0	0	18	43	14	52	13	64	16	61	20	53	29	52	40	50	49	53	49	48	47	59	58	70	62	66	59	75	67	77	66	94	136	120	172	118	265	257	321	249	189	216	272	391	335	338	203	360	490	614	530	295	475	785	1000	845	712	415	106	43	364	443	295	255	70	87	73	140	61	112	81	116	107	65	68	54	83	49	77	42	76	48	72	51	63	51	58
64	170	2	2	119	0	1953125	12	0.0	1991	1.36	0	0	V0.2	0	0	31	8	52	16	66	23	58	27	49	13	53	10	60	13	61	11	53	30	40	68	30	68	11	109	35	112	56	134	134	133	208	145	211	198	319	412	294	349	193	408	395	534	540	343	382	363	666	721	498	193	396	907	990	1000	830	438	367	315	570	607	584	348	138	149	209	262	113	167	109	154	145	91	121	23	100	40	93	31	76	68	56	66	46	67	41
64	170	2	2	119	0	1953125	12	0.0	2171	1.39	0	0	V0.2	0	0	8	36	23	46	25	48	16	51	16	49	18	43	27	39	37	41	39	40	33	42	39	64	51	54	36	77	55	75	60	82	114	78	127	78	224	180	229	128	199	220	259	311	189	201	167	304	108	127	266	655	711	506	276	205	618	786	999	745	488	353	23	170	184	195	52	135	82	134	56	86	43	84	62	39	29	53	47	33	43	28	41	24	41	24	39
64	170	2	2	119	0	1953125	12	0.0	17520	4.03	0	0	V0.2	0	0	1	5	15	17	22	21	18	9	11	18	14	11	17	9	13	11	20	11	2	3	3	9	9	25	33	31	40	66	29	33	30	7	41	53	93	101	119	192	115	174	82	238	285	195	114	253	296	185	395	338	723	130	112	106	493	385	1000	293	570	717	498	38	131	36	54	23	34	72	69	31	54	28	70	23	33	17	23	31	12	29	23	24	21	18	16
64	170	2	2	119	0	1953125	12	0.0	14719	3.55	0	0	V0.2	0	0	163	261	355	424	449	468	396	347	300	245	245	253	281	301	293	252	179	88	54	146	287	399	489	570	611	639	594	547	475	387	436	441	490	571	676	796	806	863	767	760	669	696	630	495	707	682	816	713	1000	914	681	841	633	965	450	701	595	768	671	675	730	718	739	668	645	537	523	479	503	517	472	478	479	447	414	370	324	289	235	239	211	179	164	143	95
64	170	2	2	119	0	1953125	12	0.0	2021	1.37	0	0	V0.2	0	0	168	299	351	425	476	458	423	363	313	267	250	276	301	324	311	256	172	110	47	158	313	421	503	588	649	643	624	536	502	446	414	393	541	621	736	758	890	852	826	822	674	641	540	842	652	596	798	889	989	732	1000	861	806	536	792	700	746	688	689	743	737	824	705	656	666	565	552	517	500	513	520	510	486	448	428	382	325	300	267	219	218	187	192	152	107
64	170	2	2	119	0	1953125	12	0.0	17405	4.01	0	0	V0.2	0	0	12	13	14	17	10	12	9	15	2	6	2	11	3	6	7	2	8	7	13	8	15	13	22	26	28	18	23	46	36	42	23	18	50	77	75	66	61	83	172	162	95	121	199	262	137	262	179	339	340	404	591	318	420	263	257	303	1000	648	310	543	452	188	159	53	124	41	68	41	30	23	19	35	16	31	44	43	14	47	25	7	5	10	8	13	13
64	170	2	2	119	0	1953125	12	0.0	2141	1.39	0	0	V0.2	0	0	158	279	391	447	488	481	459	388	323	268	257	277	334	317	322	278	168	124	40	169	303	433	564	589	683	660	653	602	486	458	391	463	542	698	747	768	921	868	917	756	801	592	686	715	711	748	728	980	955	951	756	1000	660	830	891	621	704	687	785	760	836	753	752	686	722	601	567	521	523	543	533	524	517	451	438	401	377	311	258	247	206	204	192	158	95
64	170	2	2	119	0	1953125	12	0.0	1928	1.35	0	0	V0.2	0	0	36	52	7	56	4	64	19	55	26	50	21	47	18	57	22	54	46	48	44	38	48	75	25	90	9	98	32	86	75	51	86	61	158	150	92	132	54	192	130	152	79	90	122	130	240	183	145	277	470	839	943	820	743	377	486	625	1000	896	653	635	406	221	244	164	226	100	97	98	128	157	84	140	87	110	116	92	123	59	86	68	66	68	48	73	58
64	170	2	2	119	0	1953125	12	0.0	1903	1.35	0	0	V0.2	0	0	24	32	42	26	48	27	53	23	46	31	37	36	31	45	35	47	47	43	44	39	51	61	53	76	39	89	41	96	37	95	64	108	136	112	162	41	139	83	185	121	26	28	30	165	162	207	83	179	382	753	1000	762	633	335	481	571	814	754	570	598	388	237	255	219	252	114	140	82	138	121	121	124	67	117	76	122	69	91	70	68	68	52	62	47	67
64	170	2	2	119	0	1953125	12	0.0	1880	1.34	0	0	V0.2	0	0	47	21	65	9	77	22	76	22	66	27	64	31	69	38	76	45	76	49	58	77	58	108	42	114	42	121	81	114	96	98	147	119	195	152	163	160	205	288	221	312	128	217	190	288	369	215	157	263	555	742	949	765	427	223	406	783	1000	971	724	522	385	165	326	252	237	182	119	172	110	193	116	140	84	112	117	95	112	65	98	61	87	70	68	66	72
64	170	2	2	119	0	1953125	12	0.0	2171	1.39	0	0	V0.2	0	0	28	6	51	11	60	15	54	24	40	37	24	53	12	55	9	51	26	48	33	29	44	60	67	59	67	65	70	54	42	62	63	67	72	74	143	105	208	77	223	228	341	238	347	353	551	567	421	310	157	636	933	905	541	181	376	737	947	1000	594	339	230	368	372	206	174	178	251	157	199	66	137	77	149	45	83	36	89	50	81	51	68	50	51	41	70
64	170	2	2	119	0	1953125	12	0.0	2171	1.39	0	0	V0.2	0	0	31	9	54	10	55	15	53	8	51	16	49	19	55	21	48	26	57	34	33	47	38	83	21	96	21	85	30	75	22	84	100	91	125	75	216	173	199	152	111	143	114	210	94	294	371	436	338	169	149	516	837	616	378	114	566	811	1000	967	533	387	393	484	524	327	290	209	286	244	123	123	77	143	62	118	50	89	67	85	76	48	78	46	56	39	71
64	170	2	2	119	0	1953125	12	0.0	2146	1.39	0	0	V0.2	0	0	27	17	59	5	62	11	59	6	54	17	50	21	58	25	54	30	65	38	35	50	34	82	17	102	26	92	41	80	31	90	119	101	151	89	228	220	204	206	61	146	67	138	21	274	380	421	320	185	206	561	927	763	496	156	414	763	1000	998	639	460	506	510	613	406	327	244	276	300	151	147	62	143	83	115	87	68	79	73	96	49	85	61	62	42	68
64	170	2	2	119	0	1953125	12	0.0	2191	1.40	0	0	V0.2	0	0	14	32	14	53	27	48	22	45	12	43	12	45	16	53	14	41	24	48	37	17	50	24	78	9	93	8	90	18	60	9	93	102	70	121	99	260	179	192	111	124	214	123	90	176	373	317	244	243	290	594	876	864	545	253	301	722	1000	884	691	434	492	462	525	425	225	232	177	240	130	83	53	90	80	75	84	48	91	53	72	35	64	47	38	34	50
64	170	2	2	119	0	1953125	12	0.0	12545	3.17	0	0	V0.2	0	0	6	7	5	9	12	13	11	18	5	9	8	6	11	11	3	12	12	8	3	3	5	9	5	10	22	19	27	39	36	24	34	39	28	12	27	87	109	82	73	55	183	187	159	149	181	210	254	396	161	354	543	295	352	295	363	198	1000	753	15	169	357	252	219	83	56	12	30	57	61	14	36	33	45	40	12	13	21	17	7	18	16	15	16	12	15
64	170	2	2	119	0	1953125	12	0.0	2166	1.39	0	0	V0.2	0	0	161	286	381	443	481	495	422	391	304	273	258	288	307	309	321	272	182	97	72	154	289	441	538	598	661	625	653	577	541	397	427	398	563	650	814	743	817	893	922	793	704	647	670	823	509	748	846	1000	842	962	924	876	672	650	738	866	612	706	736	808	763	727	790	731	621	609	550	529	513	511	532	524	510	466	425	393	333	312	261	231	216	202	174	163	129
64	170	2	2	119	0	1953125	12	0.0	2121	1.38	0	0	V0.2	0	0	26	15	49	5	55	8	53	7	53	15	46	17	51	13	49	25	54	27	34	54	30	72	21	80	32	77	49	69	55	85	133	83	122	95	152	182	86	164	74	196	136	120	67	182	310	250	212	289	354	494	713	572	329	302	517	808	999	938	724	463	512	442	485	392	224	235	186	249	161	122	109	92	120	67	104	41	90	67	83	72	64	82	45	55	45
64	170	2	2	119	0	1953125	12	0.0	2168	1.39	0	0	V0.2	0	0	13	34	3	55	16	50	8	47	5	43	19	40	27	42	26	32	37	43	26	36	55	42	69	35	82	23	83	19	73	44	135	116	109	141	134	240	120	196	102	223	209	132	110	154	343	276	202	310	383	504	716	558	234	268	557	831	999	922	624	377	490	446	502	337	213	206	191	229	96	108	37	100	58	79	56	60	72	49	67	34	68	33	44	31	51
64	170	2	2	119	0	1953125	12	0.0	12746	3.21	0	0	V0.2	0	0	3	4	14	17	21	18	17	11	15	16	12	12	17	12	14	12	13	8	1	6	9	7	22	22	41	20	45	36	8	16	39	58	34	38	22	116	120	132	8	51	133	162	192	186	256	257	188	359	188	338	483	198	161	96	442	107	1000	834	166	67	286	258	195	111	14	38	41	55	70	22	37	27	35	22	6	5	18	25	11	29	21	21	19	11	13
64	170	2	2	119	0	1953125	12	0.0	2193	1.40	0	0	V0.2	0	0	195	265	396	449	492	491	460	378	336	273	264	297	327	299	320	275	206	92	48	181	286	422	567	625	652	689	640	608	495	498	397	470	517	703	695	926	787	990	798	895	724	728	516	933	547	752	820	1000	933	920	933	834	855	708	744	703	703	883	538	818	888	796	733	725	669	624	573	545	550	522	531	530	507	501	450	384	360	303	283	250	233	189	167	182	119
64	170	2	2	119	0	1953125	12	0.0	2191	1.40	0	0	V0.2	0	0	33	30	31	47	32	56	22	43	31	40	39	30	54	36	43	27	56	49	42	57	56	70	77	69	100	42	102	30	81	47	143	128	111	140	115	232	136	225	133	256	286	263	264	138	335	348	308	325	323	498	725	674	366	310	517	791	999	868	664	392	424	392	388	323	137	202	157	194	100	79	74	86	91	60	93	52	98	57	72	50	63	56	38	54	54
64	170	2	2	119	0	1953125	12	0.0	2191	1.40	0	0	V0.2	0	0	43	11	57	19	63	26	59	22	55	26	58	24	66	29	60	27	70	54	54	68	47	97	42	115	58	97	62	81	62	70	125	101	134	46	159	157	214	217	137	235	204	330	227	213	271	336	384	234	168	520	866	765	562	249	450	754	1000	982	669	426	380	337	442	282	249	174	221	213	85	109	60	139	65	121	72	87	75	76	84	50	79	49	62	43	68
64	170	2	2	119	0	1953125	12	0.0	2141	1.39	0	0	V0.2	0	0	23	31	55	19	70	8	63	13	63	32	59	37	63	39	57	46	73	50	51	63	45	94	30	104	33	87	37	83	42	88	126	83	109	24	184	171	225	226	105	205	186	341	266	211	262	294	364	228	96	405	755	812	613	312	269	672	1000	999	773	477	411	309	469	374	302	253	213	266	150	150	98	151	139	115	138	84	121	80	107	78	84	87	64	70	62
64	170	2	2	119	0	1953125	12	0.0	2141	1.39	0	0	V0.2	0	0	42	32	52	62	38	61	40	58	44	54	54	40	66	45	64	40	65	62	47	63	62	85	89	62	102	42	98	35	88	29	131	94	93	70	181	286	225	298	97	191	222	391	409	203	229	243	412	376	188	352	627	898	696	406	141	577	984	1000	864	518	397	309	543	471	385	324	239	305	186	190	128	163	153	140	159	91	131	92	122	82	94	93	74	73	73
64	170	2	2	119	0	1953125	12	0.0	2236	1.40	0	0	V0.2	0	0	44	13	66	21	73	15	71	5	65	5	47	37	53	37	45	46	40	37	57	52	43	44	91	90	100	122	70	136	68	138	52	64	81	27	93	241	201	230	214	78	233	436	596	348	237	308	626	897	689	676	550	992	857	486	190	459	1000	926	947	587	423	411	652	613	378	310	163	263	138	157	103	152	135	113	112	66	108	57	89	46	103	62	78	63	78
64	170	2	2	119	0	1953125	12	0.0	17525	4.03	0	0	V0.2	0	0	12	9	3	9	13	12	16	21	10	8	9	11	6	16	15	13	16	11	2	2	7	14	13	30	29	21	16	23	80	16	5	58	23	66	37	62	97	21	172	154	17	283	250	167	48	213	248	635	683	594	44	602	340	273	422	407	1000	445	327	358	452	281	265	66	75	41	19	38	38	29	36	33	76	27	24	22	22	8	10	18	12	19	10	17	13
64	170	2	2	119	0	1953125	12	0.0	2186	1.39	0	0	V0.2	0	0	155	263	394	460	508	506	465	418	341	279	285	291	315	388	342	278	190	120	43	138	303	460	552	632	687	701	678	596	527	453	421	451	570	651	741	842	914	912	887	801	868	639	670	592	752	750	832	946	953	1000	803	980	650	898	883	693	796	574	776	723	857	761	776	784	733	644	554	531	522	506	528	520	535	499	466	408	366	328	288	250	202	201	157	146	87
64	170	2	2	119	0	1953125	12	0.0	1548	1.29	0	0	V0.2	0	0	41	56	9	68	39	55	62	25	53	16	64	8	56	17	62	58	34	52	47	40	90	95	53	148	56	130	117	59	169	128	138	195	102	91	195	145	355	439	385	552	438	194	193	194	453	639	529	757	850	432	467	649	710	833	880	700	1000	803	472	443	145	246	333	275	389	353	176	198	158	114	201	132	108	157	59	89	79	40	95	65	59	72	37	65	65
64	170	2	2	119	0	1953125	12	0.0	1503	1.28	0	0	V0.2	0	0	47	24	68	26	85	23	83	18	80	28	70	47	70	56	80	53	70	52	74	92	67	145	55	163	29	186	69	182	141	178	203	106	214	116	291	307	430	513	351	478	260	226	197	474	764	799	839	581	705	461	572	686	939	1000	978	928	973	852	575	265	254	365	533	353	420	407	269	277	152	277	189	208	200	154	178	65	157	90	134	97	118	114	80	103	93
64	170	2	2	119	0	1953125	12	0.0	1503	1.28	0	0	V0.2	0	0	42	19	59	3	75	12	72	21	73	28	61	42	72	44	74	55	73	55	70	89	63	116	57	130	39	150	81	158	122	155	165	116	192	147	273	239	334	322	212	275	155	230	170	407	551	578	520	327	478	392	592	714	1000	961	810	619	375	389	200	59	132	330	361	278	342	237	249	167	198	200	145	187	119	159	81	120	98	105	99	86	105	69	95	78	87
64	170	2	2	119	0	1953125	12	0.0	1478	1.27	0	0	V0.2	0	0	50	15	56	21	69	32	69	43	66	35	73	42	77	37	85	48	76	71	85	101	74	126	82	124	97	147	148	128	177	135	184	145	228	238	255	346	277	345	174	206	193	243	241	329	576	497	474	355	458	623	722	927	970	1000	837	661	455	249	16	196	246	254	366	300	298	312	210	249	194	243	191	183	194	123	147	88	147	99	120	104	103	102	83	106	85
64	170	1	2	119	0	1953125	12	0.0	1483	1.27	0	0	V0.2	0	0	54	24	62	31	73	40	68	48	66	37	72	45	79	40	86	52	78	69	84	98	66	119	71	127	79	153	131	135	161	138	181	141	242	236	281	314	267	300	118	202	178	303	255	339	505	401	396	238	460	611	822	938	1000	947	676	542	230	119	155	328	276	283	348	240	300	218	213	216	203	236	156	206	140	148	115	124	124	90	113	87	110	82	104	93	91
64	170	1	2	119	0	1953125	12	0.0	1483	1.27	0	0	V0.2	0	0	42	17	53	32	62	42	60	49	56	36	67	37	70	35	82	46	75	75	86	96	70	117	78	122	96	144	141	123	166	129	177	148	250	269	272	326	245	292	132	248	200	312	276	279	455	360	400	339	576	781	961	1000	915	844	550	438	96	159	333	445	337	276	360	261	296	214	223	256	210	238	155	205	137	139	126	128	127	88	122	88	102	83	102	91	84
64	170	1	2	119	0	1953125	12	0.0	1483	1.27	0	0	V0.2	0	0	47	17	63	32	68	32	72	46	62	35	75	43	74	43	88	49	84	80	87	93	70	121	67	132	90	153	128	138	159	135	178	155	263	257	273	292	225	273	186	299	231	349	286	261	373	275	391	399	629	810	1000	946	792	653	322	334	221	326	429	532	385	299	356	250	291	193	246	262	216	233	153	201	116	146	119	134	119	102	126	91	106	87	106	85	86
64	170	2	2	119	0	1953125	12	0.0	1488	1.27	0	0	V0.2	0	0	43	25	54	53	48	55	51	59	46	46	63	41	66	42	81	49	79	80	78	85	74	102	86	113	120	113	149	110	174	121	180	172	238	281	225	297	189	303	223	361	296	348	335	195	245	173	379	476	632	905	1000	983	734	552	262	343	371	488	579	599	459	276	330	257	260	226	236	301	210	237	163	188	137	135	155	126	136	95	132	94	107	101	103	97	86
64	170	2	2	119	0	1953125	12	0.0	1513	1.28	0	0	V0.2	0	0	39	46	34	74	23	73	30	79	31	62	57	64	61	60	76	65	76	90	86	84	90	94	112	100	154	100	174	106	192	134	191	206	244	319	234	328	222	360	307	429	372	386	412	226	238	207	497	624	712	969	1000	924	645	448	230	383	523	664	818	774	580	311	351	274	272	256	251	318	203	234	163	182	136	147	164	123	139	101	136	93	115	103	102	89	85
64	170	2	2	119	0	1953125	12	0.0	1488	1.27	0	0	V0.2	0	0	49	29	73	51	64	57	65	57	61	50	70	37	84	48	89	55	98	87	82	95	83	107	91	135	141	111	162	120	189	126	207	210	236	304	215	308	180	359	323	438	373	364	410	194	192	190	523	686	714	997	1000	892	652	367	168	319	571	670	868	781	595	333	308	295	239	288	234	329	244	218	204	158	186	120	191	129	152	118	133	128	98	126	98	111	84
64	170	1	2	119	0	1953125	12	0.0	1488	1.27	0	0	V0.2	0	0	57	46	63	64	62	80	48	69	58	67	66	62	83	66	81	78	94	92	86	93	103	80	126	95	168	74	176	110	168	148	178	236	195	294	225	253	227	296	408	359	400	330	371	204	139	271	466	790	692	899	1000	698	585	276	174	263	637	625	811	805	470	378	212	299	230	261	282	248	277	163	200	155	146	144	134	167	98	135	103	123	101	101	114	89	90
64	170	1	2	119	0	1953125	12	0.0	1488	1.27	0	0	V0.2	0	0	41	27	70	17	79	21	73	32	64	30	68	35	73	33	86	55	83	75	78	90	69	95	104	102	142	80	171	89	162	140	175	218	177	290	225	224	224	273	419	321	381	343	349	241	147	346	499	835	786	837	1000	614	471	335	102	267	585	683	731	842	486	346	282	230	317	222	307	278	236	234	133	199	127	163	145	143	151	96	137	103	118	103	100	109	82
64	170	1	2	119	0	1953125	12	0.0	1513	1.28	0	0	V0.2	0	0	53	24	64	39	73	57	60	55	62	51	67	47	79	44	82	64	87	80	81	95	85	85	115	99	154	78	179	96	169	139	186	230	191	314	235	282	243	327	438	369	413	331	378	239	215	403	597	957	869	958	1000	571	422	216	141	235	636	681	782	856	477	407	254	321	305	284	344	253	277	191	179	187	122	175	115	174	104	127	119	107	112	84	112	82	83
64	170	1	2	119	0	1953125	12	0.0	1513	1.28	0	0	V0.2	0	0	55	78	54	50	101	69	22	59	19	75	96	54	87	82	4	57	56	81	110	123	148	101	42	114	51	110	223	210	156	217	232	174	105	222	328	280	353	534	497	311	274	312	240	269	434	607	749	923	1000	870	778	516	478	395	108	264	629	584	752	928	666	498	496	438	267	194	259	258	232	293	328	248	144	151	123	56	142	184	164	149	155	127	69	48	72
64	170	1	2	119	0	1953125	12	0.0	1513	1.28	0	0	V0.2	0	0	30	44	66	31	78	31	85	23	68	45	65	54	61	65	63	69	81	77	81	84	78	101	70	148	78	165	67	179	101	163	171	185	272	202	315	199	261	271	395	431	290	425	325	273	158	322	618	850	1000	851	973	679	407	345	56	287	584	775	738	828	511	300	310	200	315	230	321	284	210	221	125	190	86	173	119	142	110	104	124	78	108	83	105	73	80
64	170	1	2	119	0	1953125	12	0.0	1488	1.27	0	0	V0.2	0	0	24	64	19	82	29	83	36	76	27	76	33	74	39	88	41	89	69	99	88	68	115	53	139	67	182	92	169	135	155	181	162	263	219	295	279	268	282	272	444	353	404	345	404	322	224	422	611	1000	850	944	954	639	588	296	174	294	762	743	899	819	502	416	248	352	236	348	310	313	293	181	241	135	187	132	186	155	130	147	113	139	96	135	103	102	91
64	170	1	2	119	0	1953125	12	0.0	1515	1.28	0	0	V0.2	0	0	49	11	71	15	83	12	85	25	69	31	80	44	72	58	84	57	89	88	94	92	80	126	66	153	85	184	81	193	126	186	184	213	310	236	356	233	318	258	400	408	334	457	363	390	263	448	633	904	925	835	1000	673	575	417	141	330	696	817	843	893	472	440	311	304	297	280	351	252	274	179	202	160	139	164	131	167	102	152	97	120	103	111	102	84	94
64	170	1	2	119	0	1953125	12	0.0	1488	1.27	0	0	V0.2	0	0	44	21	74	49	72	57	68	57	64	48	75	33	83	42	90	49	103	89	86	102	82	112	83	142	138	124	165	125	199	126	218	213	258	324	244	348	180	339	269	420	366	396	479	303	350	284	629	788	859	1000	967	961	800	514	289	216	465	631	829	755	639	413	374	319	261	303	249	348	236	240	207	165	177	113	191	120	154	108	138	123	105	130	103	116	84
64	170	1	2	119	0	1953125	12	0.0	1510	1.28	0	0	V0.2	0	0	42	41	34	64	34	70	37	73	38	52	59	55	64	47	77	54	74	80	84	89	78	103	95	107	127	116	162	104	189	130	187	176	249	300	245	328	210	322	202	351	341	422	440	337	403	267	498	557	695	836	935	1000	855	676	347	251	208	379	579	662	578	398	413	270	277	207	230	278	184	219	133	178	104	123	120	110	111	81	117	73	98	81	94	75	73
64	170	1	2	119	0	1953125	12	0.0	1483	1.27	0	0	V0.2	0	0	36	7	57	30	61	37	64	45	55	36	64	32	66	32	78	41	77	73	79	88	68	104	75	108	104	117	141	100	173	117	167	150	221	269	218	302	202	280	152	255	298	356	379	304	404	259	325	322	464	736	823	1000	951	787	561	339	110	74	362	419	465	360	344	280	213	218	148	234	181	191	168	139	159	73	131	85	122	78	96	94	75	89	76	97	66
64	170	1	2	119	0	1953125	12	0.0	1483	1.27	0	0	V0.2	0	0	46	38	39	53	42	64	37	64	43	50	53	52	64	46	71	56	60	63	71	82	71	85	97	76	107	95	154	84	169	122	152	134	177	246	200	307	235	311	206	219	276	311	319	292	431	306	239	134	267	568	696	969	1000	942	778	586	401	240	90	179	294	265	323	266	238	243	154	215	167	211	164	165	168	106	132	84	129	76	108	89	90	87	85	97	80
64	170	1	2	119	0	1953125	12	0.0	1473	1.27	0	0	V0.2	0	0	35	55	7	59	13	77	8	70	32	67	34	66	53	67	51	76	53	62	68	80	100	68	131	56	139	65	174	106	170	149	153	178	112	226	168	320	294	343	367	258	320	189	272	256	403	418	364	491	340	409	394	837	966	1000	979	747	769	600	333	316	142	194	246	319	245	334	208	213	193	188	201	133	205	119	152	86	131	104	98	107	86	101	74	101	83
64	170	1	2	119	0	1953125	12	0.0	1485	1.27	0	0	V0.2	0	0	41	58	31	78	25	90	29	80	45	84	59	63	77	73	78	74	86	83	75	99	110	108	138	117	176	96	187	127	213	147	235	226	158	209	173	358	268	489	462	512	399	270	368	246	363	355	612	783	688	547	392	720	861	1000	972	914	954	875	818	623	396	187	331	303	342	381	275	301	181	259	177	195	187	172	178	104	165	100	128	85	120	97	90	94	92
64	170	2	2	119	0	1953125	12	0.0	1468	1.27	0	0	V0.2	0	0	25	76	32	79	35	95	52	84	50	94	47	95	52	113	48	114	81	100	94	91	146	88	179	132	186	142	177	210	163	235	193	282	197	191	243	260	385	365	647	510	513	431	368	327	118	375	519	907	883	727	692	548	612	685	940	673	956	951	907	1000	458	420	269	368	315	376	396	282	320	200	269	195	217	221	179	202	117	174	112	145	121	131	123	108	125
64	170	2	2	119	0	1953125	12	0.0	1493	1.28	0	0	V0.2	0	0	60	32	77	57	71	60	82	64	79	59	97	47	98	47	107	50	107	86	84	104	82	153	82	189	124	172	132	187	182	155	249	203	269	199	233	247	278	450	494	684	489	574	491	300	237	170	579	753	1000	801	882	524	386	496	675	654	748	898	981	979	650	355	395	231	365	284	387	322	254	263	167	234	123	227	141	182	134	143	137	106	141	102	125	89	118
64	170	2	2	119	0	1953125	12	0.0	1468	1.27	0	0	V0.2	0	0	23	68	42	66	49	77	61	70	54	82	50	83	42	100	46	103	73	93	90	80	130	89	156	131	163	148	143	198	136	217	179	269	224	185	262	202	346	320	602	504	534	535	416	343	77	246	396	825	822	772	881	530	411	449	732	570	835	809	907	999	491	440	274	310	283	318	369	282	317	201	249	199	186	207	166	205	113	165	112	135	117	125	127	101	119
64	170	2	2	119	0	1953125	12	0.0	1485	1.27	0	0	V0.2	0	0	63	19	86	32	90	30	101	40	92	49	103	43	96	52	105	57	107	83	88	105	86	156	74	200	89	197	87	218	149	199	238	220	289	161	303	233	389	438	576	660	477	567	401	313	120	324	594	827	1000	715	897	598	650	675	967	892	963	996	934	977	509	304	310	294	377	328	419	290	308	230	218	221	177	239	147	198	116	168	118	135	134	121	125	103	124
64	170	2	2	119	0	1953125	12	0.0	1468	1.27	0	0	V0.2	0	0	23	56	41	57	50	65	61	62	59	69	48	81	48	91	50	99	73	83	88	87	122	97	140	135	134	150	130	198	133	216	179	229	196	167	261	231	391	339	550	462	405	374	268	273	215	417	481	715	724	506	616	596	747	713	1000	855	893	829	659	697	257	193	183	302	309	308	343	226	265	178	208	179	175	203	133	167	95	140	96	117	109	103	107	90	107
64	170	2	2	119	0	1953125	12	0.0	1485	1.27	0	0	V0.2	0	0	53	25	70	30	76	38	77	36	82	48	79	37	88	45	91	57	98	68	78	107	79	137	75	170	80	168	97	188	155	184	228	174	223	150	283	269	370	425	430	492	300	337	252	355	361	476	609	594	713	410	516	596	844	837	1000	971	846	813	492	377	152	161	242	263	365	281	312	199	219	194	160	190	142	192	92	140	95	118	96	102	107	76	97	78	91
64	170	2	2	119	0	1953125	12	0.0	1473	1.27	0	0	V0.2	0	0	41	58	17	71	18	83	19	81	35	70	44	75	57	73	62	88	63	77	80	86	108	76	142	62	151	76	181	113	180	171	167	201	133	245	194	337	325	339	404	264	322	171	284	315	494	490	418	537	408	436	332	721	828	863	1000	843	847	591	255	216	159	174	215	306	238	326	212	204	202	175	205	130	208	125	152	98	127	112	99	118	91	111	80	105	86
64	170	2	2	119	0	1953125	12	0.0	1520	1.28	0	0	V0.2	0	0	31	33	32	45	40	52	37	43	48	43	50	25	71	28	72	39	69	47	59	87	58	108	61	123	65	140	105	145	147	150	192	131	213	178	290	310	358	379	282	345	236	333	277	479	570	541	507	354	513	439	628	743	1000	892	858	873	621	530	74	190	278	395	322	286	325	201	241	155	223	177	173	176	120	139	78	134	73	111	79	103	82	87	92	76	77
64	170	2	2	119	0	1953125	12	0.0	1478	1.27	0	0	V0.2	0	0	24	48	10	71	25	73	33	70	33	67	37	76	32	86	44	82	50	86	90	75	111	78	126	80	138	137	140	158	132	194	126	189	207	245	310	255	387	207	251	172	266	311	317	530	572	614	393	343	420	616	716	747	1000	795	737	638	378	365	101	215	299	470	358	320	314	204	248	158	236	195	177	189	128	168	84	140	101	118	105	100	113	75	105	84	94
64	170	2	2	119	0	1953125	12	0.0	1525	1.28	0	0	V0.2	0	0	42	47	32	54	40	69	37	63	49	52	54	44	74	41	80	52	71	61	75	95	69	113	79	115	83	152	138	139	176	150	195	143	255	245	305	347	315	360	201	313	271	438	390	510	623	528	540	373	646	780	1000	942	960	803	562	573	256	219	347	503	429	448	416	304	342	201	274	217	236	207	164	193	96	142	86	145	83	119	102	98	94	85	102	70	79
64	170	2	2	119	0	1953125	12	0.0	1483	1.27	0	0	V0.2	0	0	18	48	20	64	34	64	43	59	40	62	39	70	35	82	45	81	60	88	90	79	107	82	114	97	128	148	123	167	123	193	144	204	246	254	333	238	348	206	237	191	274	361	326	434	422	481	398	410	583	782	999	875	956	662	424	352	51	69	287	416	341	451	365	290	309	193	264	202	243	210	168	196	115	156	89	145	107	115	112	98	111	79	107	85	90
64	170	2	2	119	0	1953125	12	0.0	1508	1.28	0	0	V0.2	0	0	52	36	50	50	60	59	56	59	59	45	68	42	80	38	89	52	84	75	88	104	73	126	80	139	95	162	150	144	180	145	200	163	278	286	300	344	287	361	213	358	292	426	369	367	478	390	534	510	796	909	1000	889	761	674	371	352	85	215	440	574	466	398	396	245	299	195	271	252	214	234	149	207	100	154	104	139	106	107	117	84	106	79	103	72	83
64	170	2	2	119	0	1953125	12	0.0	1508	1.28	0	0	V0.2	0	0	43	16	51	28	58	33	59	36	52	26	64	25	65	27	75	31	71	62	72	88	58	114	50	131	75	155	118	137	151	127	175	141	262	249	272	295	232	294	171	323	258	405	366	337	431	325	479	502	793	907	1000	826	620	550	229	216	79	239	460	539	432	351	375	219	264	185	243	251	182	219	126	178	88	132	107	120	107	86	110	67	94	70	90	65	69
64	170	1	2	119	0	1953125	12	0.0	1508	1.28	0	0	V0.2	0	0	22	51	26	66	44	62	45	63	40	62	36	75	31	82	38	78	48	84	87	68	108	59	123	61	150	109	150	132	131	172	118	205	193	280	263	226	307	191	302	221	376	373	403	370	292	351	319	638	651	979	1000	774	738	485	300	112	161	140	518	484	339	417	233	289	165	226	218	233	236	139	196	101	137	74	129	103	91	102	74	97	56	94	66	75	56
64	170	1	2	119	0	1953125	12	0.0	1508	1.28	0	0	V0.2	0	0	38	10	49	24	56	28	60	34	52	24	60	23	61	24	68	27	70	61	70	81	58	107	47	124	70	139	106	128	141	116	157	130	236	223	243	261	194	268	176	320	266	414	370	295	353	203	394	490	727	855	1000	800	591	557	204	131	72	222	444	508	382	290	320	170	227	162	232	245	167	199	112	159	80	120	101	108	102	76	99	60	87	69	83	63	63
64	170	1	2	119	0	1953125	12	0.0	1508	1.28	0	0	V0.2	0	0	42	15	56	30	60	35	61	42	55	33	66	32	70	33	74	35	76	69	75	86	63	107	55	121	83	136	121	123	150	111	161	131	229	231	230	265	187	274	168	311	262	379	358	265	336	198	401	489	735	885	1000	819	564	516	174	92	62	207	408	455	353	256	291	158	204	165	212	246	155	191	113	147	84	104	100	90	95	64	98	58	82	65	75	60	56
64	170	1	2	119	0	1953125	12	0.0	1508	1.28	0	0	V0.2	0	0	37	14	49	30	53	36	58	41	50	33	60	26	65	29	70	31	73	65	70	83	63	102	57	120	87	124	117	118	152	109	164	139	225	233	220	261	181	277	172	320	267	356	350	245	311	174	385	477	739	895	1000	847	549	478	154	101	83	233	405	446	349	242	277	154	192	162	208	248	151	189	115	148	86	106	107	93	99	67	101	60	85	70	79	65	61
64	170	1	2	119	0	1953125	12	0.0	1535	1.28	0	0	V0.2	0	0	40	28	38	42	37	46	42	48	36	31	51	30	56	25	62	25	54	50	55	68	47	88	47	97	66	116	103	104	133	91	136	109	206	200	212	234	179	256	168	311	254	371	338	253	302	121	333	453	714	833	1000	813	536	459	129	102	121	242	385	463	316	212	252	118	180	121	215	213	135	157	81	130	39	106	73	94	69	71	80	46	72	50	66	38	53
64	170	1	2	119	0	1953125	12	0.0	1508	1.28	0	0	V0.2	0	0	32	14	56	1	64	4	70	11	59	26	60	29	61	37	62	36	70	59	67	80	59	101	34	130	55	140	80	141	123	111	145	121	216	182	233	217	186	251	196	337	264	395	357	272	310	97	306	436	717	826	1000	822	513	442	117	98	105	224	427	481	373	244	258	132	166	134	197	243	143	177	106	137	83	87	102	81	94	55	97	56	72	65	70	65	50
64	170	1	2	119	0	1953125	12	0.0	1533	1.28	0	0	V0.2	0	0	40	37	28	51	26	52	31	54	25	34	45	32	49	26	57	26	45	42	46	60	46	81	52	95	78	103	107	93	143	77	132	105	198	209	198	252	173	279	179	358	303	400	388	277	325	114	325	452	727	847	1000	864	550	453	134	111	96	235	460	526	401	253	282	148	193	145	226	250	144	176	92	140	50	105	86	92	79	66	89	41	75	53	64	33	50
64	170	1	2	119	0	1953125	12	0.0	1533	1.28	0	0	V0.2	0	0	40	16	41	27	46	26	53	30	40	13	50	11	51	14	56	7	47	38	46	61	39	89	20	100	38	122	69	115	115	89	122	96	205	173	224	220	190	250	191	348	276	416	358	278	321	100	278	417	674	776	1000	848	590	521	192	151	60	196	426	529	384	254	279	142	193	130	216	239	147	173	87	141	61	95	81	86	74	54	86	41	68	51	68	44	48
64	170	1	2	119	0	1953125	12	0.0	1533	1.28	0	0	V0.2	0	0	41	17	47	31	50	31	57	37	43	18	54	16	57	17	62	12	56	44	50	67	45	95	34	106	54	122	88	113	135	87	136	107	217	201	226	252	192	281	190	368	292	418	373	265	339	129	312	398	659	816	999	915	665	585	239	166	21	207	452	520	410	284	304	179	206	165	217	266	156	188	108	146	87	86	99	78	85	48	95	50	71	60	68	53	43
64	170	1	2	119	0	1953125	12	0.0	1533	1.28	0	0	V0.2	0	0	39	2	44	11	52	16	56	0	43	16	44	23	33	35	45	25	31	41	48	47	56	78	40	84	55	123	40	128	73	125	93	131	202	164	266	161	272	172	259	269	289	374	272	320	289	171	202	436	563	744	1000	804	741	521	239	226	101	149	370	547	306	328	269	183	211	124	244	185	197	144	118	139	50	104	62	117	43	81	65	63	59	56	73	39	51
64	170	1	2	119	0	1953125	12	0.0	1533	1.28	0	0	V0.2	0	0	42	5	49	12	55	16	62	17	49	11	51	14	51	26	60	17	48	43	51	61	44	95	17	100	28	132	53	128	107	111	122	109	219	166	259	205	237	229	195	289	234	357	272	293	351	173	265	361	570	739	1000	899	782	632	293	242	50	113	307	484	333	292	316	169	226	122	223	212	163	176	89	151	55	100	65	98	69	61	80	48	70	47	75	46	45
64	170	1	2	119	0	1953125	12	0.0	1553	1.29	0	0	V0.2	0	0	50	42	31	49	32	54	32	43	29	29	41	26	47	13	51	22	28	16	26	41	18	81	29	77	22	108	58	96	102	91	116	84	205	158	245	223	244	244	147	277	224	360	289	341	421	239	280	329	569	759	1000	947	905	751	398	315	85	61	266	452	336	321	336	182	237	121	216	186	152	155	76	132	27	89	39	97	44	71	66	49	59	42	61	25	44
64	170	1	2	119	0	1953125	12	0.0	32240	6.55	0	0	V0.2	0	0	-126	-149	-172	-191	-178	-3	-1	0	0	3	3	2	0	4	3	-1	2	4	5	8	7	2	1	5	-1	1	1	5	4	8	6	3	4	1	0	1	5	6	7	7	9	4	2	0	-2	-2	0	0	-3	2	1	-7	-6	-7	-7	-1	2	3	3	6	6	2	-1	2	2	6	7	7	5	6	-1	-2	-1	-4	-3	0	1	3	6	4	3	6	6	0	0
64	170	1	2	119	0	1953125	12	0.0	1578	1.29	0	0	V0.2	0	0	193	276	375	457	484	452	429	384	302	263	264	289	311	316	310	256	203	87	41	171	306	463	505	615	667	657	622	591	514	422	411	453	552	656	769	851	855	830	806	823	747	683	676	693	559	748	845	893	944	999	914	839	731	583	743	787	645	856	776	748	708	694	736	729	661	614	585	562	533	513	514	525	484	462	444	405	307	314	275	248	226	240	174	132	79
64	170	1	2	119	0	1953125	12	0.0	1548	1.29	0	0	V0.2	0	0	33	31	27	44	28	44	33	40	27	27	34	25	36	17	49	25	35	29	30	43	31	72	70	57	83	63	97	51	136	66	126	101	128	164	130	295	206	284	214	207	228	195	299	349	531	402	235	242	131	427	488	918	1000	947	856	550	482	321	59	144	258	348	280	321	177	232	121	135	151	122	163	60	129	54	86	49	72	64	47	73	41	65	42	67	47
64	170	1	2	119	0	1953125	12	0.0	1548	1.29	0	0	V0.2	0	0	37	15	49	30	49	37	42	21	42	13	40	4	47	9	50	15	42	16	27	44	19	82	16	99	16	113	40	110	83	108	136	75	154	82	209	207	273	292	189	285	155	233	190	375	474	390	395	259	337	278	550	784	1000	943	737	602	496	380	259	161	163	253	328	207	268	208	136	126	98	169	68	123	71	79	51	65	73	35	63	34	64	25	53	40	39
64	170	1	2	119	0	1953125	12	0.0	23726	5.09	0	0	V0.2	0	0	181	169	130	94	45	29	33	34	27	26	24	19	20	24	27	27	32	31	27	27	24	19	23	21	23	23	24	26	19	23	19	23	29	24	27	28	28	23	23	22	22	26	31	34	33	35	29	26	26	25	23	22	24	23	23	22	18	12	18	16	13	21	24	30	30	31	25	21	27	23	18	23	19	23	33	34	28	32	33	26	26	31	28	29	31
64	170	1	2	119	0	1953125	12	0.0	1498	1.28	0	0	V0.2	0	0	176	278	372	445	502	469	429	368	320	270	248	284	300	314	303	281	204	99	59	163	283	420	530	607	656	663	650	595	489	431	415	463	521	629	767	770	872	861	919	777	723	717	565	639	671	837	742	883	983	720	1000	887	812	754	596	622	743	708	815	676	835	809	705	675	660	588	575	544	503	518	542	508	483	487	452	383	346	289	245	248	224	212	184	150	99
64	170	1	2	119	0	1953125	12	0.0	1580	1.29	0	0	V0.2	0	0	42	21	52	28	70	37	52	6	65	10	47	27	59	30	54	39	44	33	56	55	50	83	58	87	64	122	53	112	70	139	45	123	144	183	228	202	383	184	292	198	372	343	389	316	239	387	365	456	426	969	1000	968	935	582	560	216	89	330	806	646	465	473	376	370	109	246	232	272	169	170	205	82	117	87	155	51	125	88	95	62	91	91	45	64	56
64	170	1	2	119	0	1953125	12	0.0	1558	1.29	0	0	V0.2	0	0	42	20	62	8	61	7	61	0	56	17	48	22	51	29	45	23	41	25	42	55	49	79	33	100	22	118	39	133	68	117	114	97	182	132	254	177	223	231	284	373	282	456	332	276	214	210	397	537	710	814	1000	755	547	456	153	91	282	526	691	778	558	382	390	171	215	140	223	226	155	198	111	156	70	123	99	93	90	69	95	48	80	56	67	44	53
64	170	1	2	119	0	1953125	12	0.0	2173	1.39	0	0	V0.2	0	0	39	14	52	25	48	47	21	59	13	48	42	27	57	16	56	34	36	34	36	33	75	28	82	56	67	73	44	79	21	100	62	146	75	196	101	153	44	233	79	152	363	500	594	783	641	509	404	721	746	1000	722	367	373	536	748	657	351	223	477	610	582	505	323	250	173	161	172	114	139	115	157	92	128	47	96	39	86	33	72	37	68	58	73	63	58
64	170	1	2	119	0	1953125	12	0.0	36732	7.32	0	0	V0.2	0	0	118	122	105	102	60	20	9	3	-8	-22	-27	-36	-30	-38	-41	-49	-55	-56	-63	-62	-62	-61	-57	-56	-47	-41	-34	-24	-11	-7	1	7	11	17	26	29	34	42	44	49	54	62	59	60	58	53	52	50	44	39	35	21	13	9	3	-4	-8	-15	-26	-31	-33	-41	-45	-45	-43	-46	-49	-48	-48	-49	-46	-41	-36	-31	-29	-22	-8	-4	6	9	15	19	24	38	40
64	170	1	2	119	0	1953125	12	0.0	17076	3.95	0	0	V0.2	0	0	189	277	396	504	512	498	470	431	328	262	269	303	318	337	308	296	219	100	47	179	321	450	554	660	705	722	672	611	536	473	457	454	583	659	841	867	940	826	988	807	853	634	701	721	741	800	859	911	944	1000	975	862	796	857	882	553	628	889	930	740	784	744	920	746	692	624	610	557	568	556	547	534	543	524	485	426	306	327	301	269	222	234	192	139	109
64	170	1	2	119	0	1953125	12	0.0	11580	3.01	0	0	V0.2	0	0	160	259	370	459	472	471	424	371	305	274	255	280	325	308	293	265	217	116	45	165	302	395	532	600	650	643	635	578	507	424	459	403	526	595	737	831	864	818	865	793	785	620	713	547	623	666	915	844	1000	883	861	803	993	535	635	591	914	629	770	710	841	715	768	681	639	555	557	524	516	549	514	512	488	453	428	391	352	268	263	248	216	200	182	140	113
64	170	1	2	119	0	1953125	12	0.0	17500	4.02	0	0	V0.2	0	0	38	5	10	47	59	51	23	27	30	31	28	22	54	33	22	24	23	41	16	33	24	56	1	66	82	42	136	60	49	97	158	94	16	183	125	411	197	30	162	284	94	642	355	7	736	1000	280	333	491	708	820	862	635	715	458	465	663	221	744	177	504	315	193	289	209	51	109	150	80	24	66	53	80	62	120	125	47	39	42	30	53	19	43	28	16
64	170	2	2	119	0	1953125	12	0.0	17242	3.98	0	0	V0.2	0	0	120	109	71	138	117	224	71	140	27	165	8	144	38	196	61	145	102	174	105	40	195	208	126	262	90	358	133	289	199	116	149	178	438	327	83	107	370	599	258	240	148	517	628	414	272	279	661	454	331	581	382	302	430	923	621	135	574	631	1000	872	138	364	123	384	360	259	213	23	108	158	350	225	112	118	107	224	137	155	62	63	36	124	171	52	38
64	170	2	2	119	0	1953125	12	0.0	22508	4.88	0	0	V0.2	0	0	66	22	64	66	86	25	83	59	98	33	26	75	56	42	12	73	41	44	21	47	17	59	85	86	87	15	131	114	89	195	118	55	169	176	38	154	64	259	89	228	243	281	368	444	237	268	309	354	423	246	998	378	1000	961	489	361	964	869	125	207	254	77	351	86	190	102	37	88	157	109	22	93	154	46	125	141	123	107	42	109	41	55	28	66	73
64	170	2	2	119	0	1953125	12	0.0	30734	6.29	0	0	V0.2	0	0	17	365	486	306	358	258	8	-191	-250	-166	19	143	125	20	-157	-280	-315	-206	-35	67	68	-73	-241	-351	-280	-37	166	228	136	5	-152	-175	-75	100	272	344	225	9	-187	-245	-127	123	321	366	234	14	-154	-180	-43	152	274	256	70	-114	-257	-284	-160	49	181	146	-60	-278	-394	-339	-115	58	164	102	-63	-236	-318	-225	-36	161	253	182	2	-166	-232	-110	108	276	307	200	-39
64	170	2	2	119	0	1953125	12	0.0	22647	4.91	0	0	V0.2	0	0	179	316	423	517	530	537	484	402	347	298	268	321	340	332	337	293	214	81	54	215	331	458	608	663	731	710	700	634	550	458	458	542	585	713	826	918	944	936	916	813	868	751	706	748	734	815	906	970	1000	995	958	922	840	875	771	733	717	793	907	778	863	820	788	805	738	659	634	605	570	572	569	557	534	532	469	448	383	354	273	264	256	216	198	151	115
64	170	2	2	119	0	1953125	12	0.0	21131	4.65	0	0	V0.2	0	0	124	160	183	227	224	222	254	199	113	146	144	119	154	132	160	163	101	9	15	69	156	220	288	309	289	309	369	307	224	229	216	173	250	420	454	278	419	600	446	245	484	555	261	145	631	838	606	217	826	1000	612	167	684	832	386	110	628	694	239	418	715	671	193	398	646	480	82	326	464	259	145	495	534	225	235	494	473	249	166	293	281	159	24	102	73
64	170	2	2	119	0	1953125	12	0.0	17369	4.00	0	0	V0.2	0	0	183	291	372	468	498	487	414	406	313	271	256	285	293	345	310	284	189	107	37	152	310	429	560	604	682	689	635	586	503	473	434	452	524	675	763	826	891	871	801	912	737	671	682	666	677	754	793	985	888	857	1000	869	818	657	747	779	682	713	744	724	893	786	748	760	646	595	602	518	533	533	528	534	524	475	448	413	337	317	259	248	231	212	172	144	118
64	170	2	2	119	0	1953125	12	0.0	3540	1.63	0	0	V0.2	0	0	176	292	363	469	515	503	443	393	352	269	250	296	296	345	324	273	207	109	48	181	313	432	543	631	679	698	659	608	483	499	398	465	537	688	774	830	885	955	885	797	776	623	661	737	671	766	894	993	869	919	817	960	636	1000	659	753	698	726	744	807	800	790	714	738	751	638	577	528	552	515	509	548	516	490	441	440	377	309	266	236	217	204	179	160	128
64	170	2	2	119	0	1953125	12	0.0	3562	1.63	0	0	V0.2	0	0	24	8	42	21	43	12	53	3	46	9	33	29	41	34	42	28	37	27	41	45	39	66	37	79	30	91	15	82	44	137	85	45	99	137	186	27	210	207	398	404	480	445	128	377	691	904	732	198	219	585	658	418	741	961	1000	883	627	607	785	827	505	204	187	189	191	76	179	100	73	52	117	113	16	56	37	63	29	76	34	46	32	50	45	33	41
64	170	2	2	119	0	1953125	12	0.0	17445	4.01	0	0	V0.2	0	0	8	9	10	23	23	38	33	17	23	28	21	18	28	27	21	20	10	21	39	11	5	37	37	7	55	49	84	41	50	88	63	36	31	70	53	130	188	228	154	241	160	405	111	367	446	551	592	168	684	566	784	686	840	803	445	999	827	271	613	572	478	279	39	72	42	33	57	111	45	76	35	52	85	57	38	43	35	27	10	43	38	36	26	21	30
64	170	2	2	119	0	1953125	12	0.0	17329	3.99	0	0	V0.2	0	0	91	37	152	20	202	108	146	6	173	35	101	93	199	34	141	34	123	77	122	168	60	250	79	239	73	314	210	220	222	161	302	66	358	332	229	326	237	544	116	487	263	494	549	143	161	202	392	166	702	481	130	232	524	787	187	467	614	952	999	381	216	72	336	332	222	149	136	168	146	339	126	187	133	188	221	42	159	64	36	71	142	49	148	123	73
64	170	2	2	119	0	1953125	12	0.0	10304	2.79	0	0	V0.2	0	0	159	245	385	447	465	456	413	385	285	254	231	266	297	318	286	257	199	112	44	159	297	395	508	587	648	616	644	566	480	435	382	443	467	639	699	812	845	860	837	748	724	605	668	552	684	668	813	836	1000	941	731	806	722	826	600	667	525	879	699	751	711	753	693	677	634	553	543	512	526	511	512	495	474	453	405	386	301	305	262	228	218	204	168	157	94
64	170	2	2	119	0	1953125	12	0.0	17502	4.02	0	0	V0.2	0	0	4	16	31	13	38	39	26	16	31	13	15	20	25	33	25	4	7	17	23	14	49	60	23	32	55	64	47	76	35	53	19	121	47	110	62	221	220	303	228	158	79	462	167	339	384	485	389	691	452	184	717	1000	576	441	393	696	382	477	182	298	452	11	141	38	154	88	24	71	63	91	49	44	25	40	3	67	87	42	15	33	15	33	24	22	14
64	170	2	2	119	0	1953125	12	0.0	9008	2.57	0	0	V0.2	0	0	192	307	421	481	525	496	473	407	321	280	258	299	315	357	356	276	196	119	64	182	315	475	570	663	703	716	699	618	550	482	456	468	587	745	776	869	956	963	910	839	825	683	759	651	750	808	985	964	902	999	875	964	708	989	814	719	776	731	824	772	847	813	843	791	747	653	600	600	539	553	549	589	527	495	490	421	366	369	312	238	209	231	198	143	96
64	170	2	2	119	0	1953125	12	0.0	8997	2.56	0	0	V0.2	0	0	62	35	56	69	32	66	25	61	11	25	25	25	33	14	34	40	31	17	9	16	5	48	68	43	59	82	13	83	48	110	117	125	148	35	210	173	254	312	176	238	209	108	113	251	505	832	833	637	490	557	650	781	1000	859	669	523	162	334	307	262	123	213	343	234	220	49	128	85	57	59	60	72	53	106	13	103	101	154	119	10	31	28	32	23	52
64	170	2	2	119	0	1953125	12	0.0	9166	2.59	0	0	V0.2	0	0	42	7	52	17	59	15	60	19	45	14	47	19	53	30	49	20	46	30	22	27	7	42	60	39	46	50	36	44	83	66	50	61	114	51	116	129	195	283	192	262	136	104	127	138	319	661	748	604	379	304	570	768	1000	893	742	549	121	315	326	369	199	316	383	262	214	38	96	55	21	40	30	46	45	53	101	58	67	48	54	29	14	25	56	29	31
64	170	2	2	119	0	1953125	12	0.0	34684	6.97	0	0	V0.2	0	0	48	2	3	25	34	12	-22	-74	-53	-34	-22	-4	12	42	61	83	93	111	133	146	162	168	161	159	148	156	139	142	138	123	108	81	52	27	1	-18	-43	-57	-75	-89	-114	-137	-146	-153	-153	-159	-167	-171	-184	-180	-175	-154	-130	-107	-85	-70	-38	-20	-3	11	42	69	102	117	133	147	164	181	195	197	196	183	175	162	151	134	137	128	103	74	31	6	-13	-31	-47
64	170	2	2	119	0	1953125	12	0.0	16850	3.91	0	0	V0.2	0	0	181	287	407	480	496	496	462	406	329	280	255	289	340	325	310	300	206	109	42	184	301	434	566	636	710	701	663	590	535	492	421	451	554	686	789	847	944	904	815	874	854	636	756	608	651	820	865	925	997	1000	967	860	791	724	668	824	772	995	467	783	947	811	706	779	723	588	613	540	571	534	547	538	516	525	460	391	356	330	283	237	235	210	203	154	122
64	170	2	2	119	0	1953125	12	0.0	9124	2.59	0	0	V0.2	0	0	178	276	388	459	498	482	445	387	323	240	249	277	331	323	307	262	218	117	55	166	299	447	526	627	678	674	627	590	541	433	463	440	566	597	786	852	873	858	864	804	804	693	748	549	685	765	900	846	919	871	1000	898	987	581	680	623	773	839	751	724	742	872	759	728	636	610	565	576	542	516	510	528	510	497	463	415	314	337	269	224	211	230	168	181	123
64	170	2	2	119	0	1953125	12	0.0	8912	2.55	0	0	V0.2	0	0	28	20	76	31	84	30	90	62	64	62	88	66	60	65	87	97	46	87	95	61	42	46	70	72	107	52	70	90	111	119	52	79	40	126	172	40	244	219	111	259	252	57	199	388	614	983	1000	717	528	583	672	727	936	919	679	608	394	58	104	156	328	198	423	451	282	256	72	161	193	84	115	7	149	155	52	87	97	41	52	59	14	58	43	73	45
64	170	2	2	119	0	1953125	12	0.0	8979	2.56	0	0	V0.2	0	0	42	68	40	57	18	71	20	91	54	55	10	72	21	70	43	89	21	43	65	41	53	7	87	58	66	35	121	25	84	45	72	91	26	78	73	225	138	189	190	44	134	151	11	241	411	759	1000	818	541	392	390	437	584	668	639	676	415	59	59	147	159	227	397	268	252	128	90	90	48	96	27	83	5	77	28	77	52	64	61	49	25	15	18	57	47
64	170	2	2	119	0	1953125	12	0.0	34589	6.96	0	0	V0.2	0	0	156	255	247	173	-265	-290	-301	-305	-298	-285	-265	-262	-248	-233	-218	-189	-168	-133	-92	-49	-15	13	39	62	88	117	139	157	168	182	189	207	199	178	156	137	126	115	85	60	39	7	-17	-57	-83	-130	-162	-186	-215	-230	-243	-251	-261	-270	-277	-287	-296	-281	-267	-245	-212	-190	-162	-142	-112	-88	-64	-40	-1	24	65	87	115	124	131	135	141	138	145	157	163	160	141	122	97
64	170	2	2	119	0	1953125	12	0.0	9016	2.57	0	0	V0.2	0	0	181	279	385	466	481	504	464	397	309	272	254	296	315	331	300	283	212	107	56	169	306	431	557	614	671	675	640	618	517	462	365	470	561	655	759	829	939	847	902	787	779	623	748	562	720	738	823	986	935	951	865	963	699	823	368	1000	675	897	587	812	750	857	683	726	641	660	576	551	548	507	550	512	515	481	421	395	385	296	259	251	244	195	190	141	117
64	170	2	2	119	0	1953125	12	0.0	17246	3.98	0	0	V0.2	0	0	20	5	19	27	21	21	45	34	16	6	41	13	15	22	41	14	11	14	24	19	20	39	30	53	39	28	63	33	48	35	59	51	130	52	34	130	162	92	167	217	165	102	172	341	132	795	745	847	349	573	1000	858	565	214	573	760	223	58	228	463	327	157	152	101	67	72	96	64	37	69	52	32	22	27	39	36	72	59	40	20	13	31	43	11	6
64	170	2	2	119	0	1953125	12	0.0	10705	2.86	0	0	V0.2	0	0	140	264	387	422	473	438	413	355	306	232	238	284	274	296	294	257	209	88	50	138	272	401	496	581	629	632	624	555	506	455	364	407	518	632	694	762	825	861	794	762	735	664	678	533	686	686	731	751	1000	856	976	766	931	483	671	660	726	620	686	778	817	687	774	661	632	565	496	505	499	530	494	492	491	470	421	381	307	299	246	212	200	211	203	114	99
64	170	2	2	119	0	1953125	12	0.0	33348	6.74	0	0	V0.2	0	0	-117	76	198	161	-46	140	125	97	81	56	26	11	-2	-13	-26	-58	-93	-117	-147	-127	-113	-108	-139	-138	-142	-159	-169	-183	-167	-135	-108	-86	-65	-39	-23	2	35	40	64	86	104	125	171	174	183	158	137	133	173	179	187	171	167	186	162	114	76	15	-11	-29	-23	-29	-43	-54	-88	-122	-182	-202	-206	-208	-230	-202	-168	-143	-146	-130	-127	-121	-120	-106	-73	-55	-10	18	53
64	170	2	2	119	0	1953125	12	0.0	17126	3.96	0	0	V0.2	0	0	174	293	381	464	477	483	457	382	311	262	254	279	313	327	313	261	189	98	61	150	305	432	556	604	655	668	661	578	510	452	419	441	577	680	749	807	856	843	874	794	783	691	675	643	757	681	764	903	1000	949	824	813	864	746	688	835	642	723	623	722	842	870	822	732	628	596	569	515	542	523	526	534	515	494	447	380	347	336	271	230	200	209	193	136	113
64	170	2	2	119	0	1953125	12	0.0	11741	3.03	0	0	V0.2	0	0	184	268	368	430	477	451	446	373	316	267	240	260	308	311	298	254	199	93	43	176	300	398	520	604	650	645	625	552	515	463	431	449	505	616	735	798	890	846	789	771	833	671	694	518	723	674	834	828	955	877	1000	771	949	476	785	653	783	587	757	760	812	769	766	692	658	569	514	534	534	530	532	491	505	486	430	397	312	293	263	243	217	208	166	143	131
64	170	2	2	119	0	1953125	12	0.0	8929	2.55	0	0	V0.2	0	0	139	254	313	391	415	420	379	318	267	217	225	231	269	290	265	241	162	79	62	130	243	367	463	506	571	568	575	517	442	355	358	408	423	578	633	739	691	766	769	695	707	483	547	566	713	506	738	703	950	807	669	1000	507	575	687	550	567	684	666	559	767	610	652	641	548	506	479	485	428	454	453	452	438	406	379	348	277	251	235	217	191	170	145	140	97
64	170	2	2	119	0	1953125	12	0.0	17951	4.10	0	0	V0.2	0	0	5	29	16	18	28	30	34	29	9	25	20	13	22	20	23	21	13	8	18	19	31	14	51	19	34	22	58	53	47	45	36	83	67	21	78	128	104	158	94	184	196	61	274	232	205	816	526	533	208	228	715	1000	452	240	371	526	94	341	427	273	303	72	148	159	78	111	33	74	89	21	71	53	23	19	32	22	22	36	54	46	6	26	25	25	0
64	170	2	2	119	0	1953125	12	0.0	2328	1.42	0	0	V0.2	0	0	163	252	335	415	446	425	413	335	289	235	229	250	271	304	274	243	177	98	53	140	278	388	477	563	602	599	578	535	438	436	361	416	481	555	699	778	752	806	778	713	700	571	622	586	585	693	742	854	788	727	1000	693	834	574	559	711	554	795	690	642	685	692	688	631	575	570	511	506	479	460	486	472	431	436	397	358	325	244	247	243	203	180	158	127	115
64	170	2	2	119	0	1953125	12	0.0	26182	5.51	0	0	V0.2	0	0	3	33	85	90	-3	-2	-9	-12	-16	-17	-22	-18	-25	-26	-23	-29	-27	-19	-21	-14	-13	-4	-4	-6	-1	-6	3	6	12	19	23	26	23	23	19	17	19	25	27	25	22	21	23	23	17	12	12	14	6	5	7	2	-7	-12	-11	-15	-20	-23	-20	-19	-16	-15	-9	-5	-11	-17	-17	-16	-13	-9	-7	-6	0	9	11	10	12	15	23	26	23	21	25	27	25
64	170	2	2	119	0	1953125	12	0.0	8516	2.48	0	0	V0.2	0	0	172	260	384	461	497	491	460	401	316	280	248	304	316	338	340	284	204	103	30	165	303	441	532	616	671	669	676	594	507	447	426	461	525	629	775	784	890	904	869	783	772	725	662	635	691	710	761	852	1000	948	992	917	759	632	820	611	705	727	721	813	752	802	766	751	666	641	540	529	501	519	544	522	493	481	451	414	392	278	281	231	214	201	150	155	100
64	170	2	2	119	0	1953125	12	0.0	8441	2.47	0	0	V0.2	0	0	29	29	91	21	93	35	77	32	81	33	67	16	78	24	69	25	85	51	18	71	84	28	68	107	117	40	90	57	73	58	75	45	93	43	170	204	111	348	243	199	248	227	162	259	457	549	764	848	610	544	734	832	356	426	667	923	1000	654	420	353	296	379	105	274	207	85	101	160	164	6	82	6	99	77	105	41	116	112	89	117	24	88	78	91	59
64	170	2	2	119	0	1953125	12	0.0	8530	2.48	0	0	V0.2	0	0	29	24	58	22	70	16	68	22	52	21	53	17	29	33	32	30	15	16	22	12	53	19	68	42	103	28	91	57	78	67	58	101	29	52	80	175	48	240	182	217	240	111	91	207	324	428	708	672	396	470	761	788	433	394	645	999	895	589	474	279	391	192	141	170	94	112	135	103	20	39	48	81	52	119	52	66	53	24	19	71	63	27	30	28	26
64	170	2	2	119	0	1953125	12	0.0	29683	6.11	0	0	V0.2	0	0	31	6	-20	-48	35	66	107	124	132	149	171	175	185	196	204	195	187	185	166	164	160	144	118	90	57	36	18	-12	-57	-83	-121	-152	-175	-190	-219	-212	-201	-194	-162	-153	-159	-170	-150	-109	-82	-59	-42	-27	-14	8	21	29	58	94	107	123	134	129	140	168	172	169	158	169	145	133	125	117	114	86	47	21	-2	-15	-20	-36	-50	-86	-114	-151	-164	-168	-169	-173	-158
64	170	2	2	119	0	1953125	12	0.0	14826	3.56	0	0	V0.2	0	0	167	283	396	479	483	479	437	413	321	295	250	288	322	337	302	273	178	127	40	171	302	425	554	617	674	680	665	584	527	443	431	444	574	632	756	830	891	910	892	803	732	705	723	581	681	734	877	907	1000	890	882	917	798	766	662	649	718	775	811	760	794	766	777	701	668	619	593	542	528	536	516	548	518	478	442	413	353	319	243	244	227	205	209	147	106
64	170	2	2	119	0	1953125	12	0.0	32550	6.61	0	0	V0.2	0	0	-2	58	112	62	1	-21	388	273	157	135	182	270	343	342	288	145	57	5	68	146	192	142	-30	-212	-314	-300	-186	-102	-41	-51	-206	-325	-394	-349	-259	-158	-95	-78	-171	-266	-306	-232	-114	33	86	75	-5	-60	-36	48	177	263	277	210	129	79	87	197	315	377	340	246	100	0	16	125	224	218	140	-13	-89	-176	-164	-70	8	39	-30	-161	-296	-363	-339	-232	-86	-34	-120
64	170	1	2	119	0	1953125	12	0.0	17486	4.02	0	0	V0.2	0	0	167	289	385	469	501	483	446	396	318	271	249	288	297	343	331	276	222	110	49	175	301	438	559	638	678	692	648	578	561	469	407	475	550	645	784	842	927	904	871	800	739	757	674	664	678	859	784	840	999	949	840	905	984	741	672	677	839	446	856	901	808	779	810	739	653	640	581	523	537	546	538	542	526	513	448	415	377	293	252	251	212	223	184	162	125
64	170	1	2	119	0	1953125	12	0.0	15253	3.64	0	0	V0.2	0	0	122	175	277	382	375	317	303	343	277	117	193	300	248	125	252	321	251	107	138	91	117	377	584	531	356	364	586	652	495	289	66	293	524	714	724	486	435	701	895	816	501	260	340	687	770	837	519	392	548	857	1000	718	478	456	757	673	802	450	304	448	807	832	720	378	288	517	616	611	442	239	251	481	574	520	286	117	247	380	359	295	145	32	192	260	205
64	170	1	2	119	0	1953125	12	0.0	23587	5.07	0	0	V0.2	0	0	17	143	194	127	7	-129	80	163	250	243	135	-43	-195	-259	-208	-101	-30	-47	-136	-227	-306	-286	-231	-132	-112	-122	-158	-237	-273	-215	-108	-25	50	32	2	-58	-38	46	149	250	277	243	192	137	134	192	286	367	342	265	121	40	-4	74	179	257	227	108	-35	-162	-173	-98	-6	12	-57	-165	-288	-361	-346	-270	-154	-97	-153	-224	-322	-283	-215	-86	-4	16	-21	-94	-132	-80	34
64	170	1	2	119	0	1953125	12	0.0	17416	4.01	0	0	V0.2	0	0	163	254	353	440	473	453	421	363	295	239	240	265	310	292	291	263	184	118	45	164	287	387	524	598	609	633	606	559	495	414	406	418	516	618	689	798	840	823	800	796	663	625	714	562	661	661	850	831	781	810	1000	839	718	791	553	659	536	868	703	666	776	774	691	667	635	584	517	514	479	516	501	507	477	443	446	375	300	281	263	233	206	211	162	142	95
64	170	1	2	119	0	1953125	12	0.0	32323	6.57	0	0	V0.2	0	0	149	-153	-404	-409	-236	-184	-14	93	93	32	-101	-219	-209	-113	4	20	-50	-134	-218	-234	-196	-67	50	101	78	-26	-56	-101	-67	31	174	264	208	100	3	-15	-14	58	132	165	75	-18	-58	-73	-23	64	153	152	63	-63	-138	-169	-104	-2	75	63	-13	-138	-200	-203	-99	10	95	38	-62	-146	-126	-75	-36	42	71	33	2	-16	17	96	191	260	229	196	132	75	60	102	199
64	170	2	2	119	0	1953125	12	0.0	22522	4.88	0	0	V0.2	0	0	180	277	365	458	500	458	419	385	323	253	259	285	310	294	310	288	191	83	24	180	316	422	543	587	649	646	622	594	512	443	383	424	555	650	762	808	868	881	794	763	759	671	640	661	680	712	751	888	984	1000	864	761	717	737	627	807	647	832	635	717	799	739	727	728	662	587	554	553	532	501	508	520	480	479	418	399	345	313	252	248	217	198	178	148	102
64	170	2	2	119	0	1953125	12	0.0	37126	7.39	0	0	V0.2	0	0	-45	17	32	16	-78	93	27	-31	8	92	163	177	94	-61	-186	-181	-124	0	100	124	-5	-210	-317	-244	-51	91	138	75	-56	-188	-275	-198	-68	76	127	94	2	-80	-102	-40	75	191	210	155	38	-43	-82	27	166	263	244	141	24	-62	-78	11	135	218	195	94	-67	-145	-113	-30	39	77	56	-91	-217	-286	-240	-130	-18	27	-31	-125	-236	-258	-167	-67	36	76	72	-28	-143
64	170	2	2	119	0	1953125	12	0.0	28703	5.95	0	0	V0.2	0	0	-2	-3	0	0	2	-1	-1	-4	-7	-1	1	4	-3	-2	3	6	8	6	4	3	2	4	5	5	8	5	4	7	5	7	11	8	3	2	2	3	2	0	-3	4	-1	0	-3	-3	0	4	7	8	6	3	0	-3	0	7	5	2	6	2	2	2	2	0	-1	2	6	4	6	-1	2	-2	-5	2	1	1	3	2	2	1	3	1	1	1	2	3	4
64	170	2	2	119	0	1953125	12	0.0	17586	4.04	0	0	V0.2	0	0	165	283	382	453	509	492	462	399	310	308	258	309	312	330	322	259	210	101	54	174	318	436	530	629	695	692	656	589	517	448	443	464	544	646	776	856	921	904	841	802	780	700	655	672	669	737	864	1000	946	874	914	842	839	735	733	600	798	708	863	756	756	789	741	743	674	640	572	542	542	544	550	533	505	469	485	375	341	307	295	258	217	222	173	157	102
64	170	2	2	119	0	1953125	12	0.0	17417	4.01	0	0	V0.2	0	0	42	36	123	94	78	92	84	95	43	39	61	69	51	33	106	39	55	24	35	81	40	131	104	156	141	134	201	103	297	165	180	187	207	436	201	246	124	334	344	262	468	170	266	183	201	242	403	783	590	557	325	516	856	906	1000	567	164	448	403	578	336	109	19	234	163	158	275	64	149	53	188	199	41	68	94	171	67	38	37	98	67	46	66	49	74
64	170	2	2	119	0	1953125	12	0.0	17458	4.02	0	0	V0.2	0	0	31	76	25	109	60	124	44	92	27	85	16	60	54	59	66	43	28	21	39	69	29	119	44	152	56	220	127	168	167	190	287	77	275	283	286	334	171	254	208	390	117	383	254	145	135	245	379	443	789	409	127	282	923	1000	680	463	108	595	477	360	308	184	133	147	191	108	258	50	191	84	146	101	133	136	78	114	129	216	79	72	38	133	94	75	76
64	170	2	2	119	0	1953125	12	0.0	25769	5.44	0	0	V0.2	0	0	249	126	-42	-235	-313	289	72	-124	-169	-30	182	317	313	176	-61	-193	-190	-66	119	212	212	19	-188	-314	-275	-119	51	136	39	-135	-316	-409	-281	-21	197	268	197	-28	-193	-194	-48	138	260	275	172	5	-172	-146	12	213	273	198	46	-75	-123	-128	13	205	278	210	47	-110	-205	-128	42	192	225	78	-131	-291	-319	-221	-31	107	123	15	-160	-288	-280	-150	22	154	133	14	-158
64	170	2	2	119	0	1953125	12	0.0	17445	4.01	0	0	V0.2	0	0	172	275	364	427	461	472	418	374	299	260	257	256	288	312	303	257	186	108	43	165	296	396	515	595	628	651	639	560	506	419	409	450	508	612	739	778	860	845	858	813	700	630	606	645	705	698	763	915	825	1000	803	891	688	701	771	612	614	805	747	704	778	720	728	683	652	589	534	541	504	516	501	506	488	485	395	378	357	297	252	216	233	196	174	163	88
64	170	2	2	119	0	1953125	12	0.0	17525	4.03	0	0	V0.2	0	0	5	64	44	109	86	99	47	102	42	84	16	103	19	108	4	79	29	78	84	48	57	77	75	146	99	164	28	170	61	205	256	65	171	162	495	378	102	100	405	437	174	443	385	554	365	242	353	756	835	332	259	446	1000	857	705	377	457	764	503	472	113	322	136	226	112	290	273	101	217	44	190	39	162	61	113	58	73	72	102	75	88	77	49	89	43
64	170	2	2	119	0	1953125	12	0.0	14682	3.54	0	0	V0.2	0	0	181	269	382	470	495	455	462	387	295	276	262	275	286	339	312	271	193	96	42	175	301	430	548	619	640	684	639	583	533	407	431	476	542	683	700	826	915	882	826	761	841	613	735	613	681	748	891	909	862	1000	755	947	686	884	870	541	821	549	857	699	839	713	793	736	694	634	536	544	516	509	545	508	497	477	472	422	328	344	233	239	218	200	187	147	102
64	170	2	2	119	0	1953125	12	0.0	44461	8.65	0	0	V0.2	0	0	-10	-20	-21	13	72	-184	-181	-66	116	256	209	38	-188	-344	-342	-225	-17	127	129	-85	-294	-431	-368	-170	25	102	32	-141	-298	-377	-245	-31	180	263	172	-30	-170	-159	-15	212	404	447	323	128	-29	-31	133	318	428	378	206	-1	-154	-105	48	268	304	219	7	-213	-321	-243	-58	93	101	-11	-227	-401	-436	-341	-143	-6	-4	-122	-301	-398	-337	-161	76	195	224	100	-34	-103	-71
