34928	35048	35167	35286	35405	35524	35644	35763	35882	36001	36120	36240	36359	36478	36597	36716	36836	36955	37074	37193	37313	37432	37551	37670	37789	37909	38028	38147	38266	38385	38505	38624	38743	38862	38981	39101	39220	39339	39458	39577	39697	39816	39935	40054	40174	40293	40412	40531	40650	40770	40889	41008	41127	41246	41366	41485	41604	41723	41842	41962	42081	42200	42319	42439	42558	42677	42796	42915	43035	43154	43273	43392	43511	43631	43750	43869	43988	44107	44227	44346	44465	44584	44703	44823	44942
64	170	2	2	119	0	1953125	12	0.0	9711	2.69	0	0	V0.2	0	0	65	4	80	96	116	126	49	84	65	83	38	55	95	86	45	36	50	45	55	105	108	46	70	124	231	173	48	162	77	96	138	73	190	178	46	301	264	215	291	251	464	598	473	96	206	343	653	836	532	274	375	430	835	699	693	1000	694	528	835	829	451	495	369	113	219	125	116	202	128	114	122	83	129	35	134	217	157	48	30	91	133	118	45	11	33
64	170	2	2	119	0	1953125	12	0.0	10408	2.81	0	0	V0.2	0	0	47	47	31	107	47	103	21	52	81	24	34	82	48	72	39	69	80	75	52	113	28	125	106	116	189	127	231	203	301	97	253	211	324	172	177	106	290	243	476	304	584	981	975	167	668	1000	873	300	174	124	197	343	334	811	652	723	749	732	741	813	621	404	370	452	131	272	91	104	385	271	134	191	169	20	179	43	160	97	31	167	144	93	149	88	88
64	170	2	2	119	0	1953125	12	0.0	10411	2.81	0	0	V0.2	0	0	40	53	72	30	90	25	75	35	88	21	29	67	60	43	40	81	59	31	69	66	45	42	97	76	110	135	126	161	98	187	94	109	140	95	33	278	419	270	280	304	656	636	346	119	238	434	328	408	566	757	534	174	459	799	1000	841	504	324	671	796	743	649	294	374	308	187	84	170	226	69	128	89	136	22	133	106	54	45	106	106	26	97	95	93	49
64	170	1	2	119	0	1953125	12	0.0	10346	2.80	0	0	V0.2	0	0	28	54	33	81	9	82	16	66	17	78	34	54	41	78	23	43	55	84	65	48	101	46	106	24	139	65	115	94	77	68	89	177	83	165	220	353	374	106	227	299	462	417	246	176	209	131	283	664	710	763	486	129	608	844	1000	829	485	537	740	783	513	337	156	121	137	47	89	84	125	40	162	112	101	87	88	117	48	92	50	90	77	97	86	66	93
64	170	1	2	119	0	1953125	12	0.0	2221	1.40	0	0	V0.2	0	0	144	215	330	362	395	392	374	314	263	218	218	221	258	264	257	236	159	84	26	133	234	369	422	511	524	575	531	511	409	347	356	372	467	466	695	600	722	767	733	639	536	697	609	518	423	677	538	853	976	607	729	612	1000	464	632	595	629	504	576	726	685	594	655	605	536	513	450	448	401	419	449	437	420	401	368	329	298	253	189	207	180	172	138	122	73
64	170	2	2	119	0	1953125	12	0.0	2426	1.44	0	0	V0.2	0	0	15	87	79	66	53	110	77	84	53	97	7	100	52	70	81	97	45	69	108	94	50	156	109	136	90	215	117	231	240	175	194	245	341	125	373	289	457	306	635	478	417	463	659	671	596	1000	898	853	444	615	564	297	371	706	697	794	940	813	836	713	945	694	554	403	375	228	221	323	241	281	203	311	89	178	97	147	55	177	108	108	118	124	83	111	124
64	170	2	2	119	0	1953125	12	0.0	2301	1.41	0	0	V0.2	0	0	46	78	5	89	13	102	28	86	30	80	21	78	20	85	14	93	52	74	73	66	109	67	128	114	122	139	121	213	140	275	265	300	353	195	331	246	261	191	255	340	349	500	443	605	644	675	948	870	1000	892	745	758	513	467	382	649	804	843	857	495	425	226	66	84	175	262	176	323	258	251	225	105	194	77	157	98	153	128	82	126	83	107	60	98	83
64	170	2	2	119	0	1953125	12	0.0	2061	1.37	0	0	V0.2	0	0	17	43	13	83	50	58	38	59	56	26	18	55	41	43	29	63	54	26	52	74	23	86	27	153	67	110	90	115	152	89	225	220	172	240	146	329	267	154	235	73	136	111	366	469	575	668	580	867	932	739	716	312	479	580	481	459	584	1000	989	670	490	220	379	359	198	227	148	249	147	108	175	131	190	77	169	164	94	113	76	135	99	61	87	75	81
64	170	2	2	119	0	1953125	12	0.0	19839	4.42	0	0	V0.2	0	0	5	6	21	25	23	18	15	15	24	17	3	14	24	19	11	14	25	21	14	21	23	11	16	46	48	34	24	38	29	42	88	64	42	51	166	145	46	103	181	261	107	192	244	209	114	158	277	334	256	171	17	525	327	477	752	1000	478	121	217	151	323	311	168	193	54	38	26	60	104	64	28	28	53	35	53	17	33	10	32	29	22	24	19	11	22
64	170	2	2	119	0	1953125	12	0.0	10392	2.80	0	0	V0.2	0	0	155	279	396	462	503	494	448	389	321	262	238	283	294	329	316	277	208	88	36	182	305	426	552	611	658	671	642	582	541	437	432	467	507	652	778	835	891	875	889	765	745	714	664	568	819	792	703	877	944	999	796	956	905	625	634	723	861	643	725	754	794	825	776	725	643	602	592	556	518	527	531	499	517	512	437	407	340	312	254	262	235	206	155	152	103
64	170	2	2	119	0	1953125	12	0.0	2021	1.37	0	0	V0.2	0	0	154	285	369	469	473	508	428	371	310	253	241	257	297	316	311	260	192	118	40	187	296	421	526	597	666	637	673	554	507	439	392	540	521	633	724	765	937	843	921	646	730	867	652	671	700	739	769	916	878	968	817	1000	609	771	927	611	681	427	991	812	648	796	827	706	713	576	539	522	518	523	551	487	495	458	474	416	347	310	243	246	211	195	181	148	91
64	170	2	2	119	0	1953125	12	0.0	8728	2.52	0	0	V0.2	0	0	18	31	14	23	33	42	39	28	16	25	33	12	17	44	26	18	5	16	6	7	30	46	46	32	22	61	52	49	75	52	71	61	154	195	95	175	181	256	216	225	218	196	133	123	481	427	481	492	356	606	433	476	527	736	505	565	545	569	1000	356	237	301	189	172	27	132	15	114	29	101	52	12	29	19	38	13	27	45	47	36	25	30	12	18	18
64	170	2	2	119	0	1953125	12	0.0	22096	4.81	0	0	V0.2	0	0	9	20	7	41	27	12	17	19	23	19	15	8	8	19	10	36	10	39	21	33	44	18	26	33	43	85	49	42	46	58	21	51	45	175	300	166	55	325	106	497	418	554	512	187	423	353	374	528	199	379	1000	385	580	329	533	794	837	638	999	734	406	184	41	94	90	106	41	13	49	12	57	20	24	57	63	28	56	39	40	27	10	29	23	6	22
64	170	2	2	119	0	1953125	12	0.0	10370	2.80	0	0	V0.2	0	0	162	285	353	420	441	443	421	347	312	248	234	262	287	295	272	267	192	85	54	154	263	417	490	575	598	643	582	541	483	423	384	425	523	575	710	777	775	847	789	768	638	731	547	603	677	692	785	795	866	743	999	664	846	687	719	593	653	693	648	777	719	729	701	707	607	572	497	494	518	483	480	498	446	464	407	375	324	299	261	208	192	193	170	122	93
64	170	2	2	119	0	1953125	12	0.0	10435	2.81	0	0	V0.2	0	0	38	75	126	29	41	81	138	38	18	94	93	15	21	74	78	93	73	47	44	76	91	85	172	85	51	101	264	115	164	263	304	249	54	369	302	24	193	637	710	362	225	431	500	226	314	349	166	104	253	282	491	980	996	885	629	379	493	500	644	980	1000	563	141	277	513	351	40	225	189	162	131	191	113	106	121	165	131	156	122	28	48	131	127	19	102
64	170	2	2	119	0	1953125	12	0.0	10421	2.81	0	0	V0.2	0	0	28	73	66	50	66	52	68	48	63	48	35	57	47	44	36	39	33	23	39	28	20	58	140	62	78	19	113	29	184	239	200	182	46	249	249	223	291	148	257	27	210	181	414	511	481	448	183	175	103	172	281	811	1000	751	499	326	760	903	609	420	496	566	328	63	120	270	181	99	222	136	106	39	121	77	69	69	92	68	47	95	28	47	75	109	49
64	170	2	2	119	0	1953125	12	0.0	10421	2.81	0	0	V0.2	0	0	34	68	25	58	29	93	23	32	34	67	8	27	56	68	9	28	21	17	21	37	47	83	60	68	58	108	111	27	67	134	215	123	112	174	209	318	245	396	280	51	36	179	178	411	697	625	445	321	379	249	175	483	855	1000	686	132	299	618	610	248	162	308	403	274	21	97	35	99	131	210	118	63	79	62	51	104	115	29	41	47	61	21	84	82	42
64	170	2	2	119	0	1953125	12	0.0	10371	2.80	0	0	V0.2	0	0	50	12	38	22	83	58	30	23	60	23	38	26	65	47	22	19	14	63	54	17	79	104	55	83	76	145	11	118	97	197	150	56	195	149	236	190	300	392	189	90	175	171	272	600	760	657	599	675	674	422	340	434	931	1000	640	184	282	658	598	213	63	267	424	268	48	67	70	82	186	246	113	43	45	94	72	91	92	37	46	59	93	34	64	87	73
64	170	2	2	119	0	1953125	12	0.0	1628	1.30	0	0	V0.2	0	0	175	260	353	411	447	455	410	371	318	245	245	253	307	292	297	255	204	105	55	184	256	401	493	595	633	622	597	573	498	430	419	430	480	595	766	724	846	893	725	826	758	650	736	467	745	478	936	1000	737	955	611	937	994	870	227	853	689	778	719	719	815	730	780	603	625	584	488	504	534	517	492	505	473	458	428	371	313	304	220	246	204	206	171	162	89
64	170	2	2	119	0	1953125	12	0.0	16768	3.90	0	0	V0.2	0	0	20	21	28	29	38	43	33	28	23	18	28	21	11	34	34	13	7	22	13	17	37	40	31	49	49	70	38	20	66	47	79	91	79	86	134	170	85	245	272	379	357	285	305	625	941	473	122	126	214	347	348	154	99	403	347	184	733	1000	763	760	209	218	87	242	220	120	200	102	86	42	80	85	11	18	13	46	26	52	50	28	34	29	35	20	12
64	170	2	2	119	0	1953125	12	0.0	33550	6.78	0	0	V0.2	0	0	18	60	8	-110	-173	-193	12	152	153	27	-128	-218	-197	-47	97	169	137	5	-150	-234	-189	-61	114	208	218	61	-111	-189	-115	37	180	252	217	87	-67	-166	-84	67	188	212	121	-38	-171	-219	-145	12	135	115	20	-132	-278	-224	-90	111	183	104	-40	-205	-294	-250	-100	57	169	117	15	-143	-215	-141	39	195	237	193	40	-117	-124	-20	144	201	224	147	23	-77	-86	18	145
64	170	2	2	119	0	1953125	12	0.0	1873	1.34	0	0	V0.2	0	0	153	238	367	424	430	435	406	345	275	239	248	225	271	293	290	244	182	98	53	142	267	397	481	546	617	608	601	525	459	409	388	431	464	570	674	787	797	808	786	690	677	683	632	524	587	669	752	811	850	1000	796	774	594	733	494	762	726	667	594	630	768	714	688	649	597	568	531	469	463	502	474	481	438	440	415	338	328	303	223	215	225	177	152	123	96
64	170	2	2	119	0	1953125	12	0.0	2021	1.37	0	0	V0.2	0	0	30	16	60	19	66	17	66	26	58	36	33	56	34	65	20	82	45	47	60	54	87	29	124	38	117	31	129	29	143	105	132	184	210	320	220	431	350	385	186	359	340	247	390	710	999	784	850	855	987	797	426	630	675	733	466	609	503	533	550	245	71	203	145	250	251	141	192	65	154	86	136	97	122	120	73	94	62	100	45	95	53	76	46	66	46
64	170	2	2	119	0	1953125	12	0.0	2021	1.37	0	0	V0.2	0	0	54	7	66	12	78	19	79	26	62	14	72	32	63	51	93	42	68	63	68	66	54	122	30	113	35	148	29	152	117	144	145	182	293	197	312	310	382	346	161	273	199	248	307	692	821	754	848	794	1000	741	476	432	450	474	216	484	330	288	267	187	224	281	276	290	396	249	215	156	152	158	80	169	88	136	72	124	85	82	104	82	96	58	94	59	61
64	170	2	2	119	0	1953125	12	0.0	2071	1.38	0	0	V0.2	0	0	30	53	17	59	29	76	20	61	22	44	37	36	41	18	66	38	47	43	52	53	24	99	70	78	60	107	78	99	118	100	144	142	293	234	289	368	389	443	146	310	218	252	283	694	903	789	907	808	1000	784	419	380	360	410	260	608	399	229	133	284	368	384	405	363	463	263	211	148	158	145	102	180	81	140	57	129	58	104	91	73	70	56	77	36	61
64	170	2	2	119	0	1953125	12	0.0	2046	1.37	0	0	V0.2	0	0	45	26	66	69	47	66	57	72	42	51	65	37	75	50	85	42	81	86	64	68	82	102	100	94	156	60	121	79	192	79	172	208	233	300	230	476	369	392	249	290	329	142	389	586	913	825	851	1000	905	866	534	396	390	303	381	655	687	334	110	82	442	413	363	464	394	446	252	198	240	136	173	93	220	104	127	99	113	100	80	136	79	89	60	94	63
64	170	2	2	119	0	1953125	12	0.0	2021	1.37	0	0	V0.2	0	0	62	11	83	47	77	42	85	51	62	29	87	20	83	40	113	36	97	82	70	84	65	150	71	151	121	141	112	146	200	107	191	176	288	268	307	471	368	463	182	387	303	216	322	650	989	804	965	947	1000	942	459	469	328	448	454	948	852	544	392	181	544	363	447	411	495	521	269	317	231	234	169	170	229	110	175	96	174	89	144	134	113	114	95	126	75
64	170	2	2	119	0	1953125	12	0.0	2048	1.37	0	0	V0.2	0	0	36	56	22	74	13	76	25	73	15	49	43	51	50	38	78	63	54	67	68	60	62	95	113	77	139	76	133	66	179	98	160	166	231	278	204	410	316	404	164	309	287	222	344	616	944	798	938	956	1000	955	531	535	375	419	368	821	776	557	455	261	514	332	408	351	426	420	213	257	154	191	105	171	153	127	150	96	138	72	138	92	105	88	87	77	65
64	170	2	2	119	0	1953125	12	0.0	2021	1.37	0	0	V0.2	0	0	49	6	74	35	70	38	76	45	58	23	78	18	77	34	95	29	84	72	60	76	59	131	64	134	106	120	98	126	165	88	169	154	257	238	273	406	311	397	151	344	260	256	359	638	938	774	925	931	1000	977	560	560	422	496	341	676	674	500	464	221	388	256	325	303	350	406	202	237	167	173	141	124	183	86	153	78	145	81	121	114	94	103	75	105	60
64	170	2	2	119	0	1953125	12	0.0	2046	1.37	0	0	V0.2	0	0	43	33	45	43	50	54	50	45	38	21	52	11	57	10	78	19	60	45	49	57	25	109	40	110	54	120	65	110	95	84	116	118	253	179	300	304	326	347	170	317	203	311	349	707	872	757	879	784	1000	797	499	442	358	443	222	579	480	437	324	88	226	273	369	254	372	231	185	151	109	145	61	157	67	148	66	111	71	91	97	66	92	52	79	40	65
64	170	2	2	119	0	1953125	12	0.0	10425	2.81	0	0	V0.2	0	0	8	24	26	22	24	27	14	24	11	5	22	20	11	14	17	14	14	14	7	16	7	46	19	40	40	35	16	80	31	18	38	20	82	200	157	155	173	231	114	101	93	25	197	530	906	516	632	246	648	345	524	408	483	692	522	1000	623	148	338	321	439	321	456	121	99	127	46	45	34	15	21	75	52	53	20	21	45	20	49	6	16	1	6	9	26
64	170	2	2	119	0	1953125	12	0.0	11753	3.04	0	0	V0.2	0	0	54	37	25	82	58	63	63	33	47	64	31	15	77	26	35	36	33	44	19	46	41	80	33	92	130	99	177	94	87	180	144	267	346	263	305	373	388	698	677	177	228	310	538	576	192	411	246	116	440	295	777	984	906	645	487	542	1000	989	477	495	113	172	253	242	293	84	95	147	141	130	71	41	76	82	75	64	57	79	111	74	73	105	83	65	104
64	170	2	2	119	0	1953125	12	0.0	11762	3.04	0	0	V0.2	0	0	13	77	15	104	38	119	51	93	23	89	42	96	17	102	22	75	20	70	52	13	67	64	49	63	81	167	132	68	107	59	183	89	245	332	297	361	252	712	657	528	281	408	677	590	540	256	323	237	345	596	751	893	561	387	650	999	984	827	835	463	246	75	256	233	135	193	43	129	18	163	95	60	56	68	76	66	30	70	64	96	117	36	97	77	98
64	170	2	2	119	0	1953125	12	0.0	3042	1.54	0	0	V0.2	0	0	155	236	332	381	387	384	386	324	262	227	244	240	252	268	274	232	161	80	16	127	267	347	467	511	564	561	527	510	414	373	336	382	462	510	700	643	777	627	798	752	582	573	487	610	592	602	711	803	694	727	1000	528	711	558	642	524	688	701	527	674	685	661	609	570	560	522	487	435	441	440	426	469	424	403	369	319	286	235	246	203	182	179	163	118	97
64	170	2	2	119	0	1953125	12	0.0	21606	4.73	0	0	V0.2	0	0	13	13	24	29	29	23	35	21	20	14	14	28	25	11	17	26	20	1	9	15	5	24	32	66	28	38	23	71	39	22	48	76	72	164	141	258	25	145	217	324	107	136	192	626	864	516	513	61	150	23	420	504	95	760	462	1000	877	502	365	376	657	515	558	141	42	52	115	59	26	54	41	51	50	45	53	25	29	53	22	15	4	8	3	24	21
64	170	2	2	119	0	1953125	12	0.0	21486	4.71	0	0	V0.2	0	0	102	134	116	118	204	151	158	132	120	70	136	79	112	94	178	63	82	23	43	84	70	204	168	210	175	290	162	283	251	86	253	83	247	227	349	429	174	594	285	480	373	700	1000	655	266	428	626	525	160	425	742	614	280	190	513	951	955	590	720	301	385	329	265	420	46	331	150	267	191	162	225	128	244	134	305	121	294	248	98	267	140	111	102	87	78
64	170	2	2	119	0	1953125	12	0.0	35622	7.13	0	0	V0.2	0	0	457	285	-79	-424	-486	-186	-126	-35	18	31	5	-54	-83	-67	-25	23	34	-4	-63	-123	-92	-54	93	175	187	104	0	-56	-75	-10	64	156	130	61	-25	-52	-39	19	61	88	56	-24	-117	-148	-103	7	102	103	48	-34	-99	-101	-84	-16	27	-4	-88	-178	-211	-167	-88	21	105	137	54	-27	-87	-87	-34	48	129	124	66	-43	-56	-17	74	147	200	190	108	24	1	53	107
64	170	2	2	119	0	1953125	12	0.0	2048	1.37	0	0	V0.2	0	0	158	288	368	414	459	456	411	348	296	241	250	274	274	324	284	258	179	94	57	164	278	414	500	575	630	628	603	540	489	409	395	447	487	621	669	823	827	823	830	757	698	573	629	612	639	778	803	818	855	731	999	761	673	688	727	757	559	685	626	770	773	679	731	648	669	559	536	497	487	510	505	485	468	452	400	388	317	300	236	247	191	210	175	123	107
64	170	2	2	119	0	1953125	12	0.0	2021	1.37	0	0	V0.2	0	0	46	18	70	9	80	17	87	9	59	22	70	32	65	56	87	40	74	63	65	80	64	134	20	147	51	189	59	173	144	120	127	89	222	120	255	190	233	183	350	490	494	686	678	921	1000	654	555	299	535	387	470	623	620	667	297	507	416	466	339	452	699	612	675	417	409	307	168	234	189	287	153	205	147	136	130	98	136	69	131	81	111	81	93	89	75
64	170	2	2	119	0	1953125	12	0.0	2011	1.36	0	0	V0.2	0	0	61	15	74	32	83	36	85	41	71	27	87	31	85	41	103	33	85	76	83	97	68	150	53	152	83	176	108	158	180	110	128	72	208	138	267	259	272	263	283	468	426	584	600	865	981	664	564	335	560	412	561	772	903	999	687	736	597	545	422	245	468	453	558	355	405	289	199	229	205	287	168	238	147	163	127	117	130	101	148	89	121	83	108	88	93
64	170	2	2	119	0	1953125	12	0.0	1973	1.36	0	0	V0.2	0	0	29	56	18	84	9	92	9	79	12	75	25	64	43	86	32	70	52	82	62	61	119	42	119	32	172	75	137	94	117	110	55	154	94	228	187	306	302	189	328	326	488	350	558	738	758	685	310	441	401	503	508	756	1000	922	900	655	659	675	407	320	117	336	239	347	271	213	232	124	235	147	237	169	167	164	101	146	70	133	88	108	79	85	93	70	82
64	170	2	2	119	0	1953125	12	0.0	1950	1.35	0	0	V0.2	0	0	45	19	83	16	77	12	90	30	64	27	76	21	70	42	83	31	83	70	64	82	63	126	32	137	74	132	69	128	131	40	68	73	184	114	263	258	229	238	187	353	247	327	350	601	719	452	428	291	484	358	458	659	840	1000	786	843	781	769	728	354	192	71	234	149	269	236	192	221	113	202	131	200	140	147	165	100	128	63	121	75	91	82	85	76	64
64	170	2	2	119	0	1953125	12	0.0	1973	1.36	0	0	V0.2	0	0	45	47	36	71	28	67	39	76	28	45	51	49	50	31	74	44	53	58	61	67	62	106	93	95	123	91	122	66	152	62	57	42	162	143	226	313	230	282	153	391	307	317	372	627	782	471	447	381	563	417	445	716	889	1000	757	877	865	840	759	334	191	74	221	140	288	221	202	202	131	199	121	207	116	164	127	104	101	79	104	55	96	62	85	56	82
64	170	2	2	119	0	1953125	12	0.0	1973	1.36	0	0	V0.2	0	0	46	43	43	81	23	71	36	84	22	52	53	55	48	47	66	54	55	69	63	63	80	87	113	69	150	54	136	42	157	98	50	74	115	178	144	315	199	237	122	325	341	217	370	533	742	481	340	436	479	487	244	682	805	929	740	800	1000	922	805	422	187	127	150	182	215	309	166	207	155	170	159	128	188	91	161	87	123	73	89	93	63	84	57	78	46
64	170	2	2	119	0	1953125	12	0.0	1973	1.36	0	0	V0.2	0	0	61	16	67	33	70	37	79	48	58	19	71	21	65	24	86	21	63	57	62	72	49	132	48	135	76	140	86	121	145	58	66	73	206	122	277	287	287	271	187	395	296	314	317	662	778	450	411	372	631	386	420	698	946	981	708	921	969	1000	826	292	172	68	159	124	308	226	190	187	156	210	105	211	129	166	123	121	125	72	113	63	95	59	93	68	73
64	170	2	2	119	0	1953125	12	0.0	1925	1.35	0	0	V0.2	0	0	23	53	38	57	47	59	60	43	38	57	42	59	25	78	41	66	49	74	65	56	87	88	77	94	79	125	45	128	53	92	33	138	163	134	252	194	314	150	235	247	264	231	225	514	519	397	269	365	555	302	324	484	824	700	559	689	841	1000	738	379	189	80	119	38	189	151	195	115	144	149	88	143	88	154	90	134	114	87	93	71	95	54	82	69	66
64	170	2	2	119	0	1953125	12	0.0	1948	1.35	0	0	V0.2	0	0	49	38	52	64	43	64	51	71	36	36	61	38	65	29	85	44	68	62	69	79	61	111	78	109	104	95	96	98	138	44	104	116	235	205	268	348	269	304	130	355	271	246	279	592	732	447	476	503	757	552	515	799	1000	991	591	738	879	975	853	347	132	93	52	90	227	161	184	147	139	175	95	169	92	167	107	127	105	79	96	61	91	56	86	58	77
64	170	2	2	119	0	1953125	12	0.0	1900	1.35	0	0	V0.2	0	0	39	54	73	37	74	40	87	25	65	57	74	60	64	79	76	66	82	77	75	81	78	120	42	135	40	140	29	159	88	91	102	153	241	152	301	261	268	228	146	272	174	183	221	575	641	447	458	509	791	570	540	727	994	972	542	636	804	999	883	405	218	116	50	78	159	149	174	168	97	172	79	151	97	140	136	108	138	68	111	70	94	70	76	81	63
64	170	2	2	119	0	1953125	12	0.0	1948	1.35	0	0	V0.2	0	0	43	45	30	67	25	63	29	70	26	35	50	43	53	32	76	48	55	57	65	67	55	98	82	86	91	87	90	87	122	54	95	109	219	187	231	294	249	273	77	264	183	159	206	540	621	440	487	559	811	592	606	769	1000	926	523	552	651	831	695	292	169	168	62	149	198	155	221	116	165	138	132	135	102	157	81	125	71	106	72	74	73	69	75	63	75
64	170	2	2	119	0	1953125	12	0.0	1898	1.35	0	0	V0.2	0	0	37	47	65	32	70	34	78	26	60	49	68	57	61	73	73	62	74	70	68	75	69	110	38	123	34	124	24	138	76	82	93	142	225	145	269	231	250	224	108	230	150	156	162	481	543	366	363	434	717	538	530	704	999	1000	575	585	749	962	851	398	212	112	60	71	137	142	162	155	83	154	73	132	90	126	125	99	130	68	99	64	86	65	65	74	58
64	170	2	2	119	0	1953125	12	0.0	1948	1.35	0	0	V0.2	0	0	38	47	26	71	16	67	24	70	22	42	44	46	50	35	71	50	54	56	66	67	60	90	86	81	102	73	97	69	122	44	84	94	204	189	212	292	230	269	72	269	204	169	191	496	600	362	395	460	727	534	542	756	1000	970	544	582	706	856	720	274	113	124	47	110	206	146	201	118	150	142	112	145	92	157	81	120	72	92	78	75	77	59	77	56	70
64	170	2	2	119	0	1953125	12	0.0	1925	1.35	0	0	V0.2	0	0	28	48	44	50	56	43	59	38	43	49	43	60	31	73	47	67	51	70	69	55	81	79	74	89	78	118	44	114	48	91	26	144	162	146	224	178	306	140	179	167	233	164	166	424	431	346	158	409	526	393	431	641	1000	845	600	555	770	950	662	336	100	81	44	95	150	166	208	89	162	107	132	119	117	146	89	139	83	102	72	81	78	56	76	59	66
64	170	2	2	119	0	1953125	12	0.0	1973	1.36	0	0	V0.2	0	0	40	46	24	63	25	65	26	68	29	43	43	46	47	28	67	45	47	49	60	63	51	94	79	85	98	93	110	63	127	52	46	61	174	137	196	253	228	249	144	354	296	256	211	452	553	217	129	234	439	234	522	786	1000	926	595	731	771	809	559	92	155	210	205	131	251	156	166	105	156	152	131	167	101	155	80	116	63	87	76	69	72	59	74	52	73
64	170	2	2	119	0	1953125	12	0.0	2023	1.37	0	0	V0.2	0	0	46	21	49	18	72	35	61	25	72	20	66	41	76	29	81	44	63	54	79	80	51	119	52	125	57	187	78	154	130	162	120	70	182	97	175	134	322	164	275	336	457	440	349	650	650	442	187	173	300	165	384	719	1000	768	609	651	756	760	319	341	450	556	348	334	316	201	178	107	220	136	207	144	166	125	110	115	69	105	76	107	62	97	69	76	76
64	170	2	2	119	0	1953125	12	0.0	2051	1.37	0	0	V0.2	0	0	58	53	38	62	51	79	42	60	32	30	59	35	52	0	93	38	43	46	60	51	16	122	55	107	55	183	107	139	195	139	128	59	239	146	174	177	259	217	330	569	563	649	586	876	990	553	285	33	404	190	374	582	742	601	439	772	652	612	401	809	1000	818	698	377	427	252	161	193	254	262	144	244	118	155	76	160	109	106	125	85	96	66	108	60	78
64	170	2	2	119	0	1953125	12	0.0	28965	5.99	0	0	V0.2	0	0	-55	-50	-39	-21	5	7	12	13	12	5	4	8	8	7	11	11	16	17	17	10	6	2	-1	-1	-1	1	3	4	1	-5	-5	-7	-13	-14	-10	-6	-7	-8	-9	-11	-5	-5	-2	7	7	8	4	2	6	10	9	10	10	12	14	16	16	18	14	15	18	13	14	14	13	14	16	10	6	9	3	-5	-7	-11	-15	-18	-19	-15	-16	-16	-18	-23	-20	-16	-12
64	170	2	2	119	0	1953125	12	0.0	1578	1.29	0	0	V0.2	0	0	202	316	418	483	498	519	459	394	358	262	294	288	326	330	335	270	222	79	50	188	311	464	572	657	699	715	687	621	537	478	446	501	609	681	775	885	936	960	862	885	794	764	676	720	699	844	853	909	999	999	970	974	853	660	816	725	808	679	812	855	867	826	794	778	687	642	589	602	563	573	565	561	556	500	469	420	360	336	267	273	246	244	180	150	119
64	170	2	2	119	0	1953125	12	0.0	1530	1.28	0	0	V0.2	0	0	20	70	32	74	40	78	39	75	37	65	15	88	28	88	15	92	46	63	67	59	102	46	144	104	118	120	127	158	51	175	118	150	76	283	349	224	289	204	576	453	303	253	314	707	563	268	74	412	647	624	683	718	1000	762	906	895	490	435	477	972	942	787	579	370	493	295	288	147	186	183	105	192	105	194	63	154	112	117	106	85	129	73	105	75	102
64	170	2	2	119	0	1953125	12	0.0	1578	1.29	0	0	V0.2	0	0	16	54	12	78	35	74	35	60	15	64	13	51	28	72	23	52	37	60	36	36	75	25	83	58	141	17	134	35	134	45	153	141	59	122	208	352	85	325	364	528	415	214	444	606	702	353	125	283	570	570	551	677	734	818	754	858	551	331	597	759	1000	683	564	403	363	360	149	196	88	167	62	162	121	108	87	98	121	40	87	63	102	45	72	59	57
64	170	2	2	119	0	1953125	12	0.0	2073	1.38	0	0	V0.2	0	0	26	27	44	46	44	53	19	59	8	40	26	20	47	3	43	28	41	22	40	28	59	14	84	30	103	46	90	92	129	88	164	73	117	156	253	39	172	73	47	317	476	429	524	804	1000	648	496	468	778	564	656	632	824	575	319	242	99	146	308	469	788	624	614	425	426	278	182	146	187	125	181	121	123	78	124	49	109	75	96	62	96	54	72	51	65
64	170	2	2	119	0	1953125	12	0.0	2021	1.37	0	0	V0.2	0	0	39	28	64	9	74	26	84	5	48	32	66	25	42	66	79	33	62	69	64	55	71	132	15	117	59	187	43	179	173	178	163	95	237	127	180	167	200	161	201	346	408	562	588	917	1000	713	648	431	626	556	488	609	727	793	333	299	439	507	319	422	671	603	672	497	482	445	222	229	154	256	162	197	197	139	160	94	167	88	120	104	119	101	83	115	89
64	170	2	2	119	0	1953125	12	0.0	2023	1.37	0	0	V0.2	0	0	63	15	66	17	89	35	83	37	72	14	87	37	78	42	111	39	73	75	92	88	57	155	54	142	64	213	106	181	214	206	204	93	247	160	183	185	245	219	181	363	420	553	552	923	1000	729	666	397	572	363	415	574	859	848	483	657	800	871	447	428	582	596	641	476	584	435	289	228	194	253	152	262	166	206	137	156	140	112	160	117	135	82	126	96	98
64	170	2	2	119	0	1953125	12	0.0	1996	1.36	0	0	V0.2	0	0	50	4	63	7	70	9	82	24	64	28	81	34	67	56	97	37	71	73	76	72	66	142	49	133	82	188	99	162	201	171	160	74	195	126	159	189	241	237	147	356	352	414	395	671	786	555	504	344	418	261	235	493	750	791	548	782	964	1000	647	250	384	347	438	337	436	390	240	223	150	226	135	226	186	180	166	135	170	97	138	106	118	89	105	107	88
64	170	2	2	119	0	1953125	12	0.0	2011	1.36	0	0	V0.2	0	0	50	38	40	38	51	49	42	42	53	30	57	40	66	25	81	47	59	49	67	68	36	104	63	98	60	143	105	116	161	165	176	94	167	130	107	133	209	226	123	280	307	363	300	542	646	544	550	420	553	390	109	186	483	512	484	700	895	1000	648	396	355	356	386	306	407	314	274	198	165	170	124	187	131	175	116	148	111	106	115	100	107	76	101	71	79
64	170	2	2	119	0	1953125	12	0.0	1973	1.36	0	0	V0.2	0	0	29	48	12	62	32	50	20	62	24	59	34	64	19	75	40	62	27	61	55	30	80	53	94	38	134	108	102	114	137	193	97	110	110	92	71	121	212	82	179	178	356	261	317	508	550	580	470	477	561	363	223	154	368	363	456	577	940	1000	631	440	281	400	305	340	365	325	326	182	208	144	136	132	137	169	102	150	98	117	87	100	94	68	88	73	76
64	170	1	2	119	0	1953125	12	0.0	1973	1.36	0	0	V0.2	0	0	50	33	42	42	47	47	48	52	48	34	59	40	63	28	74	45	53	49	61	63	42	97	73	87	84	116	121	87	166	140	160	101	115	133	34	117	102	183	42	232	237	270	227	402	556	474	526	488	569	548	236	71	234	335	247	561	862	1000	739	390	355	284	366	272	346	337	270	259	156	193	111	150	124	140	139	112	134	80	115	85	97	74	85	80	65
64	170	1	2	119	0	1953125	12	0.0	1973	1.36	0	0	V0.2	0	0	52	36	36	40	40	42	44	46	43	31	57	38	56	26	74	40	46	45	52	52	36	94	61	87	79	119	109	88	159	124	125	63	113	100	78	135	153	198	99	280	267	270	236	428	537	376	369	328	444	350	40	226	468	540	457	715	933	1000	719	385	342	251	323	241	317	287	234	226	140	173	99	162	120	143	130	116	122	76	104	70	87	64	83	67	65
64	170	1	2	119	0	1953125	12	0.0	1970	1.36	0	0	V0.2	0	0	49	29	44	40	50	43	53	54	49	34	60	40	59	25	72	38	53	52	61	63	45	100	71	92	84	116	114	88	160	123	133	76	109	106	63	130	133	193	87	268	253	248	214	390	508	385	388	348	447	403	81	121	393	496	389	654	912	1000	742	379	321	235	311	228	284	279	224	225	130	169	98	142	116	126	127	100	116	65	103	76	88	69	76	70	54
64	170	2	2	119	0	1953125	12	0.0	1973	1.36	0	0	V0.2	0	0	47	24	41	26	50	32	51	34	49	19	57	31	55	19	71	29	46	39	50	50	31	97	43	93	56	132	88	101	144	121	126	45	115	71	89	104	177	182	126	278	251	264	199	446	523	386	386	291	454	327	24	175	491	527	470	686	903	1000	675	361	272	212	282	190	294	237	228	191	129	151	81	151	97	146	106	121	105	79	99	65	82	55	82	60	61
64	170	2	2	119	0	1953125	12	0.0	1973	1.36	0	0	V0.2	0	0	49	25	47	31	57	33	60	42	52	24	63	35	62	20	74	34	52	44	58	59	37	106	54	101	65	138	102	109	161	135	146	68	131	98	82	114	168	188	124	304	291	325	280	533	653	533	547	446	584	514	193	28	379	444	335	596	873	1000	672	314	251	214	314	215	319	273	241	210	119	158	80	154	103	153	120	124	118	80	112	81	99	66	88	69	63
64	170	2	2	119	0	1953125	12	0.0	1996	1.36	0	0	V0.2	0	0	55	39	48	37	61	49	53	39	63	35	66	39	77	31	90	50	72	57	74	79	47	121	62	122	67	172	110	150	187	200	214	118	210	159	133	140	216	215	119	274	331	404	378	732	836	772	777	630	840	668	385	83	410	411	282	510	838	1000	573	302	226	360	379	337	436	338	342	215	193	167	143	185	147	200	128	175	110	134	121	122	119	96	120	88	91
64	170	2	2	119	0	1953125	12	0.0	2011	1.36	0	0	V0.2	0	0	57	31	66	25	88	49	70	34	77	31	68	42	86	34	93	58	83	60	85	95	49	124	61	134	39	179	86	160	158	232	233	143	258	197	241	193	281	264	64	152	298	364	400	804	908	933	888	738	1000	818	650	337	655	641	370	409	653	848	401	112	241	464	427	435	497	391	391	219	228	180	176	194	160	200	114	173	108	143	113	133	120	105	124	94	99
64	170	1	2	119	0	1953125	12	0.0	2021	1.37	0	0	V0.2	0	0	26	55	46	56	70	47	56	53	62	43	28	72	32	68	37	88	42	72	87	63	88	66	130	72	136	119	131	122	174	257	159	204	210	282	259	209	356	171	145	108	377	276	534	792	978	993	717	830	934	1000	778	638	988	866	705	453	589	606	184	164	531	527	453	547	442	474	345	227	257	173	233	144	231	146	156	138	133	131	101	145	98	121	98	116	85
64	170	2	2	119	0	1953125	12	0.0	2008	1.36	0	0	V0.2	0	0	43	25	57	20	82	11	64	18	66	18	53	49	60	51	72	60	62	59	81	76	55	102	60	107	57	160	66	142	116	194	161	128	232	189	247	177	259	222	23	37	239	264	360	659	683	658	550	535	851	806	830	721	1000	965	722	607	400	426	173	264	386	481	389	372	412	306	298	165	204	183	149	171	120	163	75	129	86	100	82	90	97	71	100	77	83
64	170	2	2	119	0	1953125	12	0.0	1528	1.28	0	0	V0.2	0	0	10	57	62	22	68	15	81	31	51	19	62	42	46	42	51	76	24	43	51	51	72	59	74	136	28	127	46	126	161	82	105	106	179	285	168	272	321	314	507	314	191	287	295	483	479	202	21	153	560	703	475	718	890	975	1000	696	414	253	460	898	928	647	583	389	385	387	183	185	125	129	185	73	146	134	95	134	49	102	101	63	89	59	84	83	51
64	170	2	2	119	0	1953125	12	0.0	1530	1.28	0	0	V0.2	0	0	28	35	61	26	70	27	72	27	68	34	51	64	62	56	46	68	65	46	57	67	70	78	82	124	49	130	57	143	34	148	117	115	151	227	334	172	311	284	527	371	134	209	309	544	345	77	105	276	519	509	626	641	1000	905	973	774	438	325	494	932	831	664	488	409	465	259	258	128	193	121	133	150	125	147	60	143	81	115	60	98	91	68	81	67	76
64	170	2	2	119	0	1953125	12	0.0	1553	1.29	0	0	V0.2	0	0	50	15	71	45	68	45	61	37	63	31	57	6	73	18	65	17	69	34	33	63	28	84	23	137	23	127	34	139	72	126	152	77	147	168	347	204	300	316	526	455	145	278	368	638	478	98	81	240	592	496	667	615	999	905	957	830	463	382	489	931	877	661	530	402	476	252	254	138	183	118	125	150	103	131	62	141	61	90	46	93	70	57	66	55	59
64	170	2	2	119	0	1953125	12	0.0	2030	1.37	0	0	V0.2	0	0	27	39	34	54	34	67	21	72	24	56	51	30	66	33	66	46	69	51	66	64	79	51	108	28	118	40	108	80	138	96	180	122	154	165	293	156	251	186	230	71	198	167	298	578	721	547	573	580	816	710	814	770	1000	891	804	669	633	524	248	210	344	291	400	349	438	321	276	209	192	134	167	135	125	89	127	71	100	81	102	73	102	77	91	72	82
64	170	2	2	119	0	1953125	12	0.0	1996	1.36	0	0	V0.2	0	0	60	41	63	66	60	71	59	75	50	51	75	53	78	47	106	63	76	84	91	89	80	127	122	94	132	130	171	105	244	195	221	190	222	295	153	305	186	206	122	197	237	394	566	806	1000	841	823	834	864	938	666	863	951	962	737	628	844	625	344	169	430	394	550	538	515	561	355	329	235	234	219	168	240	142	196	117	173	124	133	142	122	136	109	142	105
64	170	2	2	119	0	1953125	12	0.0	2008	1.36	0	0	V0.2	0	0	67	34	68	36	93	59	71	45	79	33	77	43	94	35	109	56	87	68	95	102	51	142	61	144	47	204	103	182	195	240	258	148	269	188	215	196	201	196	100	192	363	489	597	997	1000	939	954	770	977	681	590	519	858	742	395	613	808	872	356	248	325	538	545	522	611	430	406	248	223	194	166	221	148	212	119	189	111	140	132	133	129	101	135	92	102
64	170	2	2	119	0	1953125	12	0.0	1996	1.36	0	0	V0.2	0	0	43	67	4	87	14	82	7	80	15	67	40	80	41	80	61	89	47	82	83	60	98	64	142	28	171	81	183	101	231	243	175	210	134	225	130	179	173	91	53	246	383	356	609	749	932	916	757	828	654	644	320	383	590	595	424	517	1000	885	595	174	345	406	456	553	435	504	345	263	225	158	211	138	239	144	198	140	156	137	120	150	106	130	100	125	94
64	170	2	2	119	0	1953125	12	0.0	2008	1.36	0	0	V0.2	0	0	57	26	66	23	84	39	69	30	75	26	70	38	85	40	94	51	77	59	82	89	47	121	50	134	42	184	84	181	168	230	238	137	225	135	190	133	201	152	119	190	345	419	484	822	829	853	867	681	808	503	391	243	624	540	401	624	905	1000	520	278	214	449	448	453	513	378	380	212	211	163	167	188	155	201	117	175	101	138	108	120	108	93	111	82	92
64	170	2	2	119	0	1953125	12	0.0	1996	1.36	0	0	V0.2	0	0	47	58	24	78	14	76	19	75	25	56	51	63	59	64	79	79	60	79	78	66	83	90	128	61	154	93	182	92	245	214	191	193	145	233	77	211	129	142	17	281	335	393	591	786	1000	888	798	842	731	744	330	395	539	640	414	567	984	886	627	135	321	340	480	496	441	505	323	295	194	188	184	162	224	143	205	123	173	118	140	138	113	125	101	123	87
64	170	2	2	119	0	1953125	12	0.0	1970	1.36	0	0	V0.2	0	0	56	29	76	22	90	10	88	22	71	37	81	54	70	64	90	49	68	72	80	74	68	130	39	127	60	188	59	184	168	195	177	103	230	127	163	129	180	136	163	206	337	430	533	934	953	860	887	744	1000	778	604	479	696	713	404	584	750	854	498	34	105	292	368	323	470	370	352	279	155	204	94	187	110	174	132	138	135	84	122	81	116	71	102	86	76
64	170	2	2	119	0	1953125	12	0.0	1923	1.35	0	0	V0.2	0	0	27	56	35	77	54	63	58	63	44	62	45	76	32	93	52	80	53	85	79	59	103	87	94	84	120	145	84	161	122	188	86	165	220	168	214	117	278	117	86	77	289	238	496	805	788	764	629	694	914	750	726	604	999	879	701	759	903	1000	617	344	328	157	83	252	305	284	347	210	218	179	144	179	115	188	107	170	109	118	111	99	115	75	111	82	95
64	170	2	2	119	0	1953125	12	0.0	1923	1.35	0	0	V0.2	0	0	52	26	71	18	77	2	80	22	61	29	71	46	60	57	79	51	69	73	80	71	62	110	37	104	51	150	34	138	99	132	91	136	243	170	231	171	263	201	40	101	154	166	279	577	527	449	377	406	652	525	619	641	1000	914	729	818	900	940	629	378	345	135	27	167	202	195	264	155	167	123	141	151	102	154	97	147	76	104	89	85	85	68	89	59	74
64	170	2	2	119	0	1953125	12	0.0	1923	1.35	0	0	V0.2	0	0	43	13	59	15	70	6	66	17	53	17	61	37	51	48	69	42	59	61	70	62	52	101	34	95	37	132	21	114	77	111	71	138	240	176	240	185	288	223	79	158	162	182	172	439	391	310	239	281	531	476	614	675	1000	902	728	793	839	854	568	349	321	127	21	149	171	162	222	123	156	109	145	147	108	147	95	138	71	103	83	79	74	65	78	53	71
64	170	2	2	119	0	1953125	12	0.0	1945	1.35	0	0	V0.2	0	0	57	28	60	38	68	44	64	48	56	22	64	35	67	25	83	38	67	63	78	78	46	115	53	104	49	139	76	94	98	93	88	103	241	184	241	231	292	286	103	232	185	230	145	415	397	293	274	238	546	466	639	687	1000	938	722	837	864	867	582	297	272	127	77	151	211	167	242	140	156	133	148	162	100	156	95	137	73	98	80	72	75	61	78	52	71
64	170	2	2	119	0	1953125	12	0.0	1973	1.36	0	0	V0.2	0	0	47	19	46	17	71	40	60	34	61	25	57	26	59	14	69	28	50	46	65	68	40	107	41	108	39	151	70	92	84	100	79	74	180	127	216	171	327	244	193	285	313	351	240	460	420	355	285	217	490	449	614	670	999	873	689	777	854	859	484	208	113	145	153	219	244	189	245	142	194	133	179	161	124	152	97	137	67	107	73	81	63	75	76	61	74
64	170	2	2	119	0	1953125	12	0.0	2016	1.37	0	0	V0.2	0	0	40	67	20	84	9	95	19	85	35	86	55	75	73	87	72	81	72	79	72	89	101	90	123	94	147	99	196	117	225	178	249	212	129	200	129	255	102	264	137	212	220	408	390	401	614	703	802	521	294	268	235	306	705	899	738	798	847	1000	786	338	234	328	539	388	448	377	342	271	185	271	173	231	152	214	142	150	142	117	127	107	139	84	114	94	102
64	170	2	2	119	0	1953125	12	0.0	2016	1.37	0	0	V0.2	0	0	41	17	64	24	69	29	67	25	67	31	59	24	75	28	71	38	73	44	61	87	52	105	41	127	31	137	83	139	114	168	217	141	214	189	301	305	236	328	165	161	89	252	141	233	293	410	469	90	378	458	617	568	925	1000	869	773	537	690	463	203	138	412	530	393	425	326	350	241	206	264	187	215	122	198	119	136	123	122	112	88	127	85	105	92	111
64	170	2	2	119	0	1953125	12	0.0	2016	1.37	0	0	V0.2	0	0	40	35	69	18	85	22	83	23	83	43	66	54	78	58	73	64	78	61	81	98	76	110	67	135	48	152	81	171	110	206	215	177	241	213	363	294	312	316	195	171	132	254	144	204	211	383	375	132	418	615	736	669	1000	989	921	764	444	557	340	196	74	391	425	365	356	274	327	188	220	217	200	196	117	182	96	141	98	127	87	94	109	86	99	86	107
64	170	2	2	119	0	1953125	12	0.0	2016	1.37	0	0	V0.2	0	0	29	13	50	5	53	5	62	10	58	27	53	33	55	36	53	36	51	38	52	64	56	83	49	109	44	132	67	139	79	128	133	102	150	127	265	210	265	240	197	204	192	314	214	199	181	230	230	126	388	611	746	740	1000	993	981	825	383	322	211	145	129	174	172	186	178	202	265	181	245	226	217	193	106	154	81	111	69	107	74	75	83	72	82	72	91
64	170	2	2	119	0	1953125	12	0.0	2036	1.37	0	0	V0.2	0	0	47	12	67	17	68	14	80	22	67	36	76	36	72	51	80	49	78	57	66	86	75	114	55	138	50	150	82	188	113	178	198	189	239	212	406	348	424	396	367	334	262	454	423	483	477	600	627	264	24	306	504	529	839	887	1000	825	303	306	223	206	40	296	319	315	256	206	265	149	220	197	228	188	126	164	90	126	81	123	66	83	80	77	72	76	90
64	170	2	2	119	0	1953125	12	0.0	2041	1.37	0	0	V0.2	0	0	21	39	49	31	48	42	61	33	51	47	40	54	37	61	33	64	46	49	59	61	79	55	92	76	95	102	122	153	95	177	157	205	189	242	346	261	349	233	277	130	230	285	244	215	66	213	84	349	579	854	862	855	1000	846	799	448	195	405	423	290	317	482	403	414	289	362	343	263	295	225	246	136	133	126	109	109	101	120	62	104	89	103	79	93	84
64	170	2	2	119	0	1953125	12	0.0	1965	1.36	0	0	V0.2	0	0	30	51	31	57	56	40	46	45	51	41	37	61	39	56	45	68	54	59	74	73	61	75	74	107	58	134	70	123	66	150	158	128	176	136	222	168	149	167	129	190	239	392	323	245	229	250	327	203	476	588	827	881	895	1000	943	691	238	169	184	162	180	136	291	204	174	130	153	189	108	179	152	158	122	86	124	73	102	76	104	76	60	74	59	64	57
64	170	2	2	119	0	1953125	12	0.0	2016	1.37	0	0	V0.2	0	0	45	17	57	33	62	32	75	45	58	31	74	34	68	41	83	38	74	68	73	84	67	114	43	128	59	159	88	180	115	167	189	194	243	195	360	281	307	244	278	236	286	453	447	455	308	426	401	265	353	683	919	912	1000	910	995	705	169	328	411	305	233	438	377	385	227	269	248	194	233	194	238	125	168	123	136	118	134	129	83	115	92	105	82	114	90
64	170	2	2	119	0	1953125	12	0.0	2038	1.37	0	0	V0.2	0	0	44	26	58	47	56	53	67	53	62	55	71	36	82	46	79	42	85	63	65	99	77	108	55	137	78	137	127	160	145	131	224	180	244	248	378	403	309	397	285	339	242	491	528	470	470	411	480	142	273	439	785	868	915	1000	926	661	132	372	347	347	296	418	510	346	329	219	270	201	196	245	179	196	99	174	100	128	111	115	96	77	113	77	91	81	100
64	170	2	2	119	0	1953125	12	0.0	2025	1.37	0	0	V0.2	0	0	32	28	58	12	61	21	69	23	66	41	61	47	66	54	63	58	71	51	59	76	67	86	61	116	48	123	84	153	79	136	147	149	185	181	315	241	290	247	252	214	290	449	436	449	388	480	450	231	334	548	802	826	1000	989	947	706	199	326	333	339	244	361	401	310	259	166	229	150	189	192	187	169	111	163	104	132	98	126	89	84	101	88	92	83	99
64	170	2	2	119	0	1953125	12	0.0	2008	1.36	0	0	V0.2	0	0	42	37	45	47	50	68	43	57	52	59	52	44	72	50	65	54	72	61	67	91	81	83	90	94	108	89	149	89	126	89	167	134	158	233	246	334	219	317	230	194	195	335	405	275	332	381	374	150	312	483	630	790	830	999	974	667	245	207	295	141	195	237	388	315	209	221	166	187	112	202	178	141	133	117	141	77	125	95	96	71	90	90	67	84	84
64	170	2	2	119	0	1953125	12	0.0	2016	1.37	0	0	V0.2	0	0	27	65	52	60	58	75	73	61	59	78	51	90	56	105	53	101	71	84	91	90	120	74	137	89	151	129	196	201	165	247	223	276	230	346	424	351	425	305	420	271	576	686	793	776	716	1000	855	538	121	319	398	533	769	782	886	484	334	517	600	365	258	443	406	461	280	378	320	282	298	259	314	175	225	168	186	153	160	168	111	140	108	134	100	133	117
64	170	2	2	119	0	1953125	12	0.0	1965	1.36	0	0	V0.2	0	0	41	65	57	61	79	59	78	58	83	70	68	86	81	85	68	86	78	74	98	112	113	126	114	168	87	180	116	203	122	173	181	115	150	141	320	274	344	341	277	243	150	356	343	453	564	825	977	670	436	230	81	129	616	824	1000	983	699	785	704	623	502	357	496	389	404	296	322	300	173	226	171	232	144	193	171	136	138	123	153	96	126	113	109	88	97
64	170	2	2	119	0	1953125	12	0.0	2011	1.36	0	0	V0.2	0	0	39	50	25	73	15	70	30	74	34	68	63	61	74	69	82	65	73	71	62	84	83	107	94	118	123	127	172	151	207	154	245	181	194	216	297	401	328	487	367	418	300	523	572	562	738	866	999	682	284	195	154	261	745	976	1000	907	539	573	492	325	252	99	262	182	253	185	246	140	203	227	196	217	148	207	98	145	108	130	96	103	108	71	93	89	100
64	170	2	2	119	0	1953125	12	0.0	2011	1.36	0	0	V0.2	0	0	37	33	58	21	77	25	72	27	76	40	59	56	71	53	65	61	69	55	79	90	73	101	78	131	55	147	86	145	81	161	155	127	188	185	297	217	294	270	209	159	249	363	288	329	363	526	487	161	328	481	635	648	967	999	913	672	273	359	198	116	53	294	311	257	250	183	214	106	183	176	175	164	123	167	88	132	96	118	81	90	98	75	89	81	95
64	170	2	2	119	0	1953125	12	0.0	2016	1.37	0	0	V0.2	0	0	34	27	64	4	61	18	74	15	65	40	58	46	65	58	62	59	70	50	61	78	72	90	74	128	60	141	99	185	104	194	205	192	228	221	384	294	352	321	302	220	183	366	361	403	391	574	579	218	116	354	423	499	876	949	1000	723	284	423	345	286	121	378	405	352	281	220	267	141	213	209	231	186	138	180	97	128	103	146	89	102	106	90	86	90	108
64	170	2	2	119	0	1953125	12	0.0	1970	1.36	0	0	V0.2	0	0	18	33	28	41	51	26	40	29	44	24	25	45	34	40	29	48	35	42	57	54	46	60	56	81	44	106	46	95	40	114	96	55	100	80	162	87	124	109	63	62	221	266	167	176	190	302	272	112	389	525	646	639	912	1000	938	757	308	314	259	176	133	121	245	155	164	92	153	104	99	160	132	162	85	131	96	82	83	79	92	48	73	55	56	46	65
64	170	2	2	119	0	1953125	12	0.0	1943	1.35	0	0	V0.2	0	0	30	22	37	26	46	47	31	31	41	38	34	20	55	27	45	29	55	42	47	67	56	63	59	69	76	62	100	48	90	60	114	79	83	129	116	185	75	159	94	85	102	221	242	135	248	330	347	132	262	379	485	612	729	976	1000	785	414	172	298	267	160	13	179	153	93	121	93	119	50	136	129	113	113	90	116	49	88	75	79	59	66	74	43	56	59
64	170	2	2	119	0	1953125	12	0.0	2013	1.37	0	0	V0.2	0	0	19	36	5	53	13	55	21	56	20	50	28	47	28	51	38	47	37	53	49	53	70	56	81	51	98	54	121	73	127	82	137	124	103	161	165	255	145	213	142	76	19	174	188	125	228	302	347	78	355	453	613	653	827	1000	944	737	268	177	159	50	17	222	300	213	235	177	203	125	148	170	135	147	93	131	64	107	81	90	65	78	78	56	74	72	74
64	170	2	2	119	0	1953125	12	0.0	2011	1.36	0	0	V0.2	0	0	23	11	50	10	46	8	58	12	52	27	49	25	56	32	52	37	60	39	47	69	52	82	42	109	29	101	60	121	66	111	138	107	150	151	298	258	290	313	271	241	139	322	323	341	366	507	558	255	113	222	478	510	744	916	1000	886	409	134	177	197	226	189	179	164	153	121	176	87	126	143	144	143	77	135	69	89	66	95	70	55	76	57	63	56	78
64	170	2	2	119	0	1953125	12	0.0	2006	1.36	0	0	V0.2	0	0	28	34	53	25	68	31	69	26	65	38	49	49	60	56	55	61	68	54	70	82	69	83	62	106	42	112	69	127	65	153	145	144	182	202	319	238	305	264	257	185	259	386	363	394	408	595	570	301	337	494	720	708	903	981	1000	824	335	72	112	129	218	270	232	229	184	160	195	97	152	140	158	135	91	129	70	100	68	98	60	69	76	65	67	62	78
64	170	2	2	119	0	1953125	12	0.0	2016	1.37	0	0	V0.2	0	0	20	60	47	53	43	73	65	54	51	67	39	72	45	84	37	88	63	73	81	83	110	66	127	87	117	95	143	138	108	179	157	199	161	289	326	284	340	256	333	191	435	475	541	513	545	804	628	386	298	629	670	725	959	965	1000	632	36	271	297	130	368	500	470	469	284	351	274	202	230	218	262	137	190	142	141	110	133	138	86	121	99	113	79	111	98
64	170	1	2	119	0	1953125	12	0.0	2068	1.37	0	0	V0.2	0	0	36	77	30	71	31	81	31	84	51	63	13	82	30	65	35	96	36	48	78	69	83	38	148	52	122	74	194	130	162	221	182	212	168	330	352	286	365	239	278	70	385	373	401	352	438	705	445	312	529	836	748	725	999	921	831	401	573	823	730	510	621	849	678	577	359	404	381	228	309	256	278	136	154	164	111	117	119	158	62	117	108	105	74	101	102
64	170	1	2	119	0	1953125	12	0.0	2041	1.37	0	0	V0.2	0	0	26	32	22	47	50	30	28	47	45	32	32	61	33	48	42	57	32	36	58	45	45	70	79	95	54	126	61	113	56	156	127	78	152	165	293	252	423	457	394	386	297	464	400	323	445	570	648	341	42	120	285	357	758	999	976	824	429	268	384	361	283	268	288	173	212	203	213	195	84	203	173	150	113	100	142	49	80	66	89	46	57	83	56	53	57
64	170	2	2	119	0	1953125	12	0.0	2191	1.40	0	0	V0.2	0	0	26	24	50	74	34	61	39	68	32	49	47	31	63	41	42	8	78	60	21	59	50	39	37	114	80	57	15	82	69	119	102	54	108	172	342	257	539	551	566	446	291	452	270	334	542	969	1000	551	393	189	254	260	857	976	893	626	261	445	125	399	680	840	621	526	503	424	390	141	252	202	111	56	88	78	71	95	78	72	48	113	49	54	57	75	27
64	170	2	2	119	0	1953125	12	0.0	2016	1.37	0	0	V0.2	0	0	48	17	62	13	76	26	66	36	62	22	63	47	77	31	73	69	64	43	52	80	99	35	116	57	143	54	140	151	138	175	134	208	190	121	274	288	438	351	312	445	385	467	417	541	787	868	921	759	380	370	418	386	563	828	827	837	1000	866	739	623	329	63	101	274	177	134	202	139	171	104	214	255	152	165	103	156	131	48	98	84	97	53	78	100	75
64	170	2	2	119	0	1953125	12	0.0	2000	1.36	0	0	V0.2	0	0	37	25	37	32	61	22	57	37	62	35	56	53	52	50	63	48	43	52	71	66	56	102	64	104	44	144	68	118	103	168	151	76	171	154	244	236	357	394	284	338	305	406	300	259	408	511	565	259	127	106	290	399	795	1000	921	927	883	909	791	498	295	81	156	95	182	206	203	178	109	211	162	155	134	141	151	67	108	82	93	56	78	81	52	65	72
64	170	1	2	119	0	1953125	12	0.0	2068	1.37	0	0	V0.2	0	0	25	60	21	54	12	63	21	49	16	53	15	56	36	53	29	64	34	32	41	46	53	45	105	35	95	53	156	63	135	141	164	141	101	242	194	338	337	461	468	295	334	276	277	100	196	409	344	203	211	303	267	513	735	999	925	716	792	692	562	447	314	210	293	263	310	395	263	232	170	203	187	81	138	79	98	28	101	62	54	63	74	68	43	74	51
64	170	1	2	119	0	1953125	12	0.0	2141	1.39	0	0	V0.2	0	0	52	18	74	54	65	40	77	49	53	25	76	6	69	38	76	25	83	57	31	55	38	69	60	126	7	82	56	129	51	135	122	175	151	364	465	463	668	642	788	505	320	317	133	97	476	905	841	733	512	517	335	130	371	496	445	5	640	665	427	506	986	1000	852	807	627	656	405	216	227	174	156	64	156	21	91	80	137	47	118	96	60	53	89	81	50
64	170	2	2	119	0	1953125	12	0.0	2116	1.38	0	0	V0.2	0	0	53	49	23	34	49	61	40	61	50	47	43	51	53	28	61	54	39	25	58	63	38	69	81	39	52	75	96	48	119	149	210	159	260	333	282	416	346	487	371	176	170	219	281	327	648	832	827	709	291	247	483	560	606	731	496	629	971	1000	784	371	587	677	667	590	366	429	294	191	162	194	209	45	116	65	88	29	125	99	59	80	86	88	35	87	74
64	170	2	2	119	0	1953125	12	0.0	1808	1.33	0	0	V0.2	0	0	36	24	24	27	51	65	20	35	25	60	8	27	21	66	30	15	13	41	24	10	57	65	13	33	70	100	35	88	78	148	152	51	161	184	168	258	142	348	352	187	217	123	53	184	321	530	690	673	423	562	834	876	922	797	448	610	864	1000	656	168	341	384	520	449	245	321	246	202	146	65	209	156	136	118	114	170	85	75	86	93	99	37	93	95	76
64	170	2	2	119	0	1953125	12	0.0	2116	1.38	0	0	V0.2	0	0	26	46	17	44	41	52	40	33	60	22	53	30	54	29	49	37	29	49	49	22	65	26	70	8	87	31	77	28	80	117	210	145	219	232	341	335	340	399	292	224	106	211	232	346	449	781	776	575	260	44	306	507	571	667	332	488	896	1000	654	440	675	657	654	455	510	339	246	175	211	141	145	135	71	69	90	71	78	90	51	54	76	72	43	74	62
64	170	2	2	119	0	1953125	12	0.0	2143	1.39	0	0	V0.2	0	0	36	69	8	59	23	92	16	56	35	77	19	54	58	66	36	61	53	35	35	65	69	49	85	48	88	66	127	21	58	102	170	81	236	310	319	473	403	621	475	252	124	191	216	353	717	896	1000	812	476	501	211	75	147	438	305	87	487	758	564	504	849	854	898	683	517	549	332	248	144	249	191	63	109	74	83	64	141	64	80	72	101	55	65	95	71
64	170	2	2	119	0	1953125	12	0.0	2096	1.38	0	0	V0.2	0	0	74	22	65	25	86	51	72	41	67	17	78	46	72	6	91	49	47	25	57	57	9	120	66	99	39	142	129	52	91	120	156	90	283	282	359	513	489	671	440	284	139	122	136	450	725	783	897	761	736	750	473	618	784	1000	900	438	223	285	220	520	882	864	903	764	573	648	443	319	216	249	273	83	160	102	144	42	144	133	84	92	93	114	35	85	88
64	170	2	2	119	0	1953125	12	0.0	2041	1.37	0	0	V0.2	0	0	44	3	40	7	64	12	64	23	56	7	58	28	48	26	70	28	35	37	60	60	31	111	57	94	27	132	96	66	92	116	133	68	219	223	282	373	373	510	343	252	141	125	74	213	397	456	529	372	488	497	370	489	710	1000	940	635	421	256	278	459	496	463	507	377	387	443	315	261	147	218	215	101	134	99	139	45	97	89	72	67	84	104	47	66	72
64	170	2	2	119	0	1953125	12	0.0	1508	1.28	0	0	V0.2	0	0	29	2	36	27	52	48	26	38	22	50	4	39	6	63	32	32	26	38	49	56	12	75	61	60	98	25	114	73	67	91	23	146	211	143	209	226	234	408	310	243	189	135	296	294	87	105	193	239	439	346	455	452	762	1000	840	617	348	168	450	754	738	670	473	292	383	310	235	190	53	163	159	87	118	47	112	116	41	68	47	64	76	27	56	56	55
64	170	2	2	119	0	1953125	12	0.0	1538	1.28	0	0	V0.2	0	0	22	18	29	34	35	32	35	29	33	22	33	10	48	11	42	13	46	26	35	54	24	65	29	81	41	71	52	69	57	51	82	43	157	136	156	164	157	279	200	193	18	196	184	136	82	229	204	190	444	453	503	453	778	999	834	580	277	456	404	527	554	300	325	237	244	167	143	140	77	111	65	126	49	83	40	77	57	43	52	38	56	27	51	30	44
64	170	2	2	119	0	1953125	12	0.0	1513	1.28	0	0	V0.2	0	0	30	18	30	30	37	35	36	33	30	21	38	20	46	13	48	23	41	31	38	49	32	62	55	55	58	55	78	39	74	33	77	50	142	173	85	159	95	254	199	104	23	133	179	52	97	196	285	165	356	495	442	577	725	1000	814	516	356	445	455	478	472	322	213	279	171	188	99	156	93	103	114	89	112	42	97	48	76	43	64	60	53	64	43	60	43
64	170	2	2	119	0	1953125	12	0.0	1560	1.29	0	0	V0.2	0	0	23	28	46	21	49	27	47	24	39	32	26	42	28	49	20	45	29	35	36	33	60	30	76	57	67	58	70	71	39	87	36	88	75	180	173	136	210	210	338	144	116	117	214	193	44	112	205	202	287	500	381	496	761	1000	956	533	426	453	507	564	425	355	197	272	188	152	125	103	103	68	128	58	100	34	89	51	61	46	53	61	39	57	33	51	35
64	170	2	2	119	0	1953125	12	0.0	1608	1.30	0	0	V0.2	0	0	30	33	30	55	24	59	18	47	26	42	33	27	44	30	45	24	45	35	24	41	32	49	27	80	62	63	62	55	82	52	105	27	98	96	207	200	194	307	325	354	150	231	253	294	232	96	82	14	375	393	459	353	743	1000	925	652	280	462	419	564	556	287	305	204	223	121	121	97	71	78	71	103	18	81	27	73	18	58	37	56	50	34	42	33	43
64	170	2	2	119	0	1953125	12	0.0	1803	1.33	0	0	V0.2	0	0	18	36	13	50	14	56	7	39	25	36	26	13	46	14	40	11	34	12	28	38	14	58	18	67	20	75	9	68	14	50	13	90	80	14	31	151	53	237	271	313	310	272	406	396	383	287	211	267	371	530	415	452	647	1000	875	598	398	549	515	379	312	133	61	122	93	79	104	49	129	79	81	76	98	80	67	91	61	83	56	79	40	71	50	52	42
64	170	2	2	119	0	1953125	12	0.0	1923	1.35	0	0	V0.2	0	0	31	28	49	22	63	13	45	35	55	30	28	64	36	53	32	70	34	56	68	49	65	39	88	24	102	56	91	40	109	113	45	81	75	142	61	96	108	42	175	230	237	383	402	549	627	557	593	451	630	622	500	397	699	999	838	602	403	596	473	273	224	206	165	184	253	245	263	143	192	151	134	127	137	134	85	132	87	94	70	112	69	72	75	81	56
64	170	1	2	119	0	1953125	12	0.0	1948	1.35	0	0	V0.2	0	0	44	45	38	62	34	67	27	53	45	56	50	41	71	48	61	45	72	61	56	79	73	75	73	83	102	77	118	67	144	89	128	86	106	151	72	167	64	112	209	178	284	415	399	655	758	706	727	538	775	741	500	335	655	1000	817	566	475	668	561	287	178	227	267	170	314	289	294	218	141	210	112	155	102	159	102	113	119	82	87	73	108	57	85	80	84
64	170	1	2	119	0	1953125	12	0.0	1996	1.36	0	0	V0.2	0	0	15	61	30	62	26	79	44	58	22	74	26	61	45	88	35	80	63	78	67	77	117	59	139	56	154	54	170	99	173	176	183	199	103	242	184	240	201	187	260	130	197	354	400	614	890	916	902	782	835	950	557	356	582	1000	875	495	604	746	632	273	168	288	435	306	419	456	336	287	164	257	152	179	172	180	154	128	168	95	125	105	135	86	112	110	91
64	170	1	2	119	0	1953125	12	0.0	2038	1.37	0	0	V0.2	0	0	11	50	20	60	15	75	32	53	15	64	17	44	39	67	34	63	51	56	49	66	84	52	115	57	125	48	161	72	153	146	206	190	110	233	170	254	159	256	237	23	150	322	351	574	849	934	1000	862	858	910	551	326	430	792	664	431	620	766	623	170	153	304	448	319	395	424	301	240	133	229	133	167	159	174	138	105	140	83	109	92	118	70	92	89	75
64	170	1	2	119	0	1953125	12	0.0	2021	1.37	0	0	V0.2	0	0	33	31	58	22	82	7	62	16	68	14	43	47	59	42	60	65	64	44	71	76	49	99	77	131	33	157	71	139	97	217	216	117	175	140	224	151	208	251	94	38	274	301	369	672	791	974	1000	790	936	759	569	200	445	659	532	421	595	850	555	145	105	386	430	299	406	373	380	230	158	226	147	175	129	221	132	124	126	119	100	80	134	88	86	81	97
64	170	1	2	119	0	1953125	12	0.0	2021	1.37	0	0	V0.2	0	0	47	67	17	67	26	92	4	73	35	65	33	64	60	62	68	87	60	61	78	82	86	77	147	59	131	67	183	76	177	187	209	193	100	241	169	207	174	221	254	67	169	285	380	582	897	1000	986	974	879	984	627	266	359	671	634	353	746	832	701	320	136	260	357	347	312	472	341	247	165	196	212	105	207	159	184	98	151	128	97	122	118	126	71	112	96
64	170	1	2	119	0	1953125	12	0.0	2021	1.37	0	0	V0.2	0	0	39	64	14	62	20	87	6	61	27	60	25	53	54	51	60	78	57	51	65	77	76	72	133	61	122	69	181	70	170	177	218	194	100	232	157	220	160	253	248	42	153	269	334	539	866	988	1000	941	842	953	603	268	333	691	642	404	754	871	772	359	68	230	362	329	298	448	321	251	154	210	206	119	202	159	188	92	159	126	108	114	117	121	71	110	90
64	170	1	2	119	0	1953125	12	0.0	2011	1.36	0	0	V0.2	0	0	38	72	18	73	25	87	28	74	40	69	23	77	46	76	51	100	57	65	80	79	96	56	156	72	132	75	172	115	156	219	205	214	123	232	228	184	246	211	289	33	170	158	310	467	782	1000	935	979	892	979	755	302	418	638	695	414	784	922	789	498	51	249	259	315	234	402	353	203	190	162	219	101	202	181	168	135	129	154	83	126	118	125	84	107	108
64	170	2	2	119	0	1953125	12	0.0	1996	1.36	0	0	V0.2	0	0	39	35	61	17	82	12	62	17	73	24	48	53	72	46	69	68	77	52	77	89	59	109	77	141	37	160	87	145	115	216	237	136	189	156	232	187	205	278	141	94	168	191	237	545	673	865	904	735	921	811	648	280	408	658	557	465	688	1000	753	376	131	219	345	208	322	324	365	245	155	217	135	160	117	218	141	141	144	133	119	86	138	95	98	91	107
64	170	2	2	119	0	1953125	12	0.0	2011	1.36	0	0	V0.2	0	0	41	50	40	61	42	83	29	58	48	65	43	40	79	54	70	59	78	59	62	89	74	92	98	106	105	100	149	94	167	164	247	182	160	223	180	265	142	299	213	53	96	229	214	536	739	837	936	759	894	881	564	278	365	714	542	461	739	1000	800	310	119	243	400	238	360	380	329	250	136	225	118	159	137	198	140	129	151	106	118	106	142	88	98	98	94
64	170	2	2	119	0	1953125	12	0.0	1996	1.36	0	0	V0.2	0	0	30	64	31	59	39	61	35	59	41	54	21	77	40	74	42	93	54	63	78	70	91	59	135	82	113	102	135	129	137	230	180	172	133	179	219	91	211	120	150	115	276	226	386	561	773	947	791	769	757	757	548	22	445	630	609	378	848	1000	725	386	74	378	336	347	295	397	375	182	192	152	191	100	188	187	141	146	133	159	79	123	117	109	88	105	110
64	170	2	2	119	0	1953125	12	0.0	2008	1.36	0	0	V0.2	0	0	32	43	68	16	77	26	70	21	73	38	45	58	71	57	60	78	79	53	75	91	73	93	96	141	54	144	93	160	102	226	225	165	193	176	289	187	251	265	204	153	170	131	249	475	622	832	757	633	741	673	541	110	561	738	692	510	763	1000	695	358	63	401	405	345	375	384	402	205	182	178	155	129	149	201	107	140	116	143	89	114	124	88	85	87	102
64	170	2	2	119	0	1953125	12	0.0	1996	1.36	0	0	V0.2	0	0	39	70	9	63	14	88	15	70	36	68	23	73	52	71	52	92	58	65	82	89	104	61	152	60	136	66	179	100	168	210	202	206	131	286	271	252	294	247	368	208	103	190	265	445	685	716	591	570	591	758	405	396	716	1000	921	541	796	854	658	253	229	375	429	441	378	530	402	270	217	206	231	101	209	158	170	109	166	153	103	135	121	127	82	124	107
64	170	2	2	119	0	1953125	12	0.0	2018	1.37	0	0	V0.2	0	0	26	27	39	39	42	56	33	42	42	47	38	21	64	35	54	37	66	46	51	81	62	82	66	101	75	96	110	94	119	124	189	126	166	209	254	319	228	357	287	196	122	72	91	293	349	410	439	255	530	523	517	466	787	1000	838	630	474	568	392	80	170	358	402	304	397	359	324	211	160	209	125	146	108	160	90	112	108	92	86	93	113	66	88	84	86
64	170	2	2	119	0	1953125	12	0.0	1508	1.28	0	0	V0.2	0	0	31	27	24	43	29	65	16	44	18	45	35	45	34	35	55	30	50	27	46	71	64	39	85	29	115	67	75	106	60	117	78	85	204	181	182	270	173	351	369	241	224	124	245	294	101	120	188	219	447	365	394	403	697	1000	885	577	248	129	338	606	595	540	379	222	328	255	189	134	35	144	116	60	88	39	107	76	22	56	39	65	48	22	61	46	45
64	170	2	2	119	0	1953125	12	0.0	1530	1.28	0	0	V0.2	0	0	23	15	37	38	37	30	40	35	35	25	42	13	53	19	44	5	50	33	28	52	33	73	31	88	57	74	56	76	87	62	119	63	159	157	226	270	163	317	288	330	132	174	216	212	114	151	53	101	448	512	558	378	610	986	1000	749	128	169	350	597	637	322	345	297	276	176	127	152	40	87	54	127	52	75	46	53	44	47	60	26	58	33	49	23	44
64	170	2	2	119	0	1953125	12	0.0	1558	1.29	0	0	V0.2	0	0	30	16	38	37	31	32	35	26	31	16	33	3	41	8	40	3	40	21	17	35	17	62	3	87	26	78	24	84	65	82	115	64	139	127	273	256	211	283	320	364	166	176	177	251	169	89	100	56	402	482	573	356	588	900	1000	764	205	76	225	557	602	320	322	243	266	140	108	109	31	58	50	107	19	64	16	55	21	42	36	23	42	28	37	7	36
64	170	2	2	119	0	1953125	12	0.0	2021	1.37	0	0	V0.2	0	0	31	17	47	21	57	30	47	45	27	48	26	43	46	49	53	30	62	42	54	72	49	78	61	73	82	80	96	81	127	106	156	164	142	218	259	305	154	254	154	118	222	159	221	320	421	499	408	397	431	659	622	571	646	999	887	514	135	449	166	127	346	428	323	419	339	307	178	218	119	154	135	154	78	138	85	112	83	104	67	102	72	89	77	84	64
64	170	1	2	119	0	1953125	12	0.0	1996	1.36	0	0	V0.2	0	0	41	22	49	4	74	33	54	21	64	25	51	38	73	25	69	48	68	44	73	90	49	99	63	110	42	135	110	110	124	163	211	129	205	243	268	310	176	279	192	57	202	295	214	376	509	586	606	294	479	519	497	467	724	999	841	529	249	451	331	42	246	429	555	396	382	365	295	226	105	218	159	152	126	158	140	87	138	108	110	81	124	105	82	94	97
64	170	1	2	119	0	1953125	12	0.0	2038	1.37	0	0	V0.2	0	0	24	37	25	59	16	65	23	55	23	55	32	29	56	47	50	40	64	50	45	76	68	75	70	93	81	88	118	98	130	136	214	149	185	239	279	338	210	320	213	70	161	278	229	422	569	667	683	369	530	516	487	427	791	1000	796	541	462	675	428	174	320	545	602	440	465	383	324	187	163	205	138	167	130	175	89	140	116	111	93	111	115	69	96	85	82
64	170	1	2	119	0	1953125	12	0.0	1948	1.35	0	0	V0.2	0	0	61	37	58	70	37	61	49	78	37	57	73	73	59	63	78	72	52	83	88	67	91	82	137	28	154	90	171	88	187	219	135	146	118	222	208	83	179	85	116	300	446	388	505	596	744	919	719	510	391	448	269	373	831	1000	979	642	800	938	641	329	150	523	549	543	468	431	484	285	193	179	207	196	121	221	146	160	108	162	137	95	136	120	121	77	116
64	170	1	2	119	0	1953125	12	0.0	1948	1.35	0	0	V0.2	0	0	56	42	54	47	62	64	49	52	66	57	68	50	89	45	76	53	83	62	74	97	74	97	82	109	102	121	150	105	182	141	181	119	124	180	96	180	42	102	148	201	317	458	398	569	752	786	814	523	435	419	138	140	595	917	718	635	799	1000	769	277	200	341	536	396	434	439	369	318	151	221	141	153	137	171	154	109	153	102	115	85	131	101	89	97	93
64	170	1	2	119	0	1953125	12	0.0	1923	1.35	0	0	V0.2	0	0	53	30	52	34	68	48	58	49	68	45	66	46	81	35	76	48	71	55	70	91	65	93	80	100	103	110	145	84	171	124	143	95	87	146	41	111	51	38	156	268	333	459	424	559	752	769	752	540	395	424	88	155	545	867	683	617	851	1000	799	291	206	317	508	406	386	447	357	326	174	206	177	129	157	146	177	99	157	115	118	105	123	121	80	107	97
64	170	1	2	119	0	1953125	12	0.0	1925	1.35	0	0	V0.2	0	0	44	26	53	35	59	49	53	44	59	43	62	37	73	32	66	40	72	54	63	81	61	89	58	102	83	112	115	98	151	103	130	69	91	103	24	82	51	50	144	241	344	466	404	571	711	740	773	509	444	401	148	119	480	689	523	534	778	999	716	294	189	333	478	332	383	361	344	287	145	200	112	141	101	157	121	115	131	97	105	85	126	86	92	88	91
64	170	1	2	119	0	1953125	12	0.0	1948	1.35	0	0	V0.2	0	0	32	49	12	59	10	65	10	61	32	65	40	54	57	65	47	55	51	56	51	67	81	63	94	64	120	69	145	77	167	137	143	125	57	133	52	108	22	84	65	203	280	409	392	488	691	761	776	579	408	439	188	86	427	699	547	557	808	1000	797	343	241	322	488	354	362	371	312	271	132	194	120	139	120	155	130	108	136	89	104	87	119	82	88	89	82
64	170	1	2	119	0	1953125	12	0.0	1950	1.35	0	0	V0.2	0	0	41	24	48	24	58	39	50	32	61	36	54	32	72	28	61	36	65	45	58	77	51	87	51	102	63	116	104	101	139	115	150	74	84	90	50	88	57	81	89	171	301	407	336	506	633	693	741	475	428	361	154	150	456	614	495	542	788	1000	723	340	213	333	460	317	362	334	321	253	129	184	104	136	94	155	111	112	119	92	97	83	119	79	82	77	82
64	170	1	2	119	0	1953125	12	0.0	1973	1.36	0	0	V0.2	0	0	32	60	19	63	6	71	17	56	24	67	29	57	55	75	43	65	53	58	50	62	84	53	104	53	120	58	154	85	172	159	174	168	76	172	111	157	83	115	115	141	230	356	359	465	717	810	823	662	490	543	286	82	341	648	512	505	818	1000	795	313	253	352	505	384	378	424	330	283	140	199	137	128	136	147	139	95	141	86	104	88	116	82	80	90	77
64	170	1	2	119	0	1953125	12	0.0	2007	1.36	0	0	V0.2	0	0	25	52	23	63	10	74	24	60	28	69	36	58	58	78	53	73	65	68	59	71	89	64	110	68	122	61	150	89	162	153	198	180	102	183	129	188	85	182	104	115	215	360	359	471	715	819	860	663	549	553	275	39	375	690	591	599	824	1000	820	392	293	355	494	360	358	369	288	225	107	183	106	145	129	165	121	118	138	98	110	98	122	77	92	86	81
64	170	1	2	119	0	1953125	12	0.0	1948	1.35	0	0	V0.2	0	0	55	50	27	54	31	59	31	68	37	51	52	67	58	54	61	69	41	53	67	63	73	66	122	36	124	69	155	78	157	180	132	121	38	141	98	73	87	96	62	191	356	336	422	490	732	942	840	751	569	572	496	201	212	494	551	439	884	1000	835	525	142	355	366	394	269	350	370	229	197	127	186	113	125	154	130	132	89	148	91	98	99	107	93	75	99
64	170	1	2	119	0	1953125	12	0.0	1948	1.35	0	0	V0.2	0	0	44	34	43	37	51	53	42	43	58	50	54	39	76	40	60	40	66	48	56	80	62	86	71	97	90	99	124	88	156	115	151	94	69	99	36	99	63	141	31	204	289	419	363	494	715	810	879	662	557	587	390	252	269	499	409	467	753	999	790	377	215	247	418	276	294	321	294	265	122	186	120	116	99	143	127	93	128	87	97	76	116	88	77	84	83
64	170	1	2	119	0	1953125	12	0.0	2030	1.37	0	0	V0.2	0	0	21	33	33	48	50	43	51	46	37	46	36	54	20	71	42	67	46	72	60	43	77	43	91	35	110	38	124	76	142	131	181	188	107	169	125	187	82	204	129	139	211	381	386	449	711	883	979	755	640	663	463	244	235	537	465	479	741	999	793	398	248	333	441	276	327	301	273	167	135	162	106	147	128	165	88	140	102	100	86	107	92	72	94	79	74
64	170	2	2	119	0	1953125	12	0.0	1970	1.36	0	0	V0.2	0	0	56	40	41	49	46	56	46	68	45	45	61	62	60	43	71	63	44	55	73	67	66	87	124	48	116	81	161	68	170	179	149	128	58	163	91	108	106	163	102	207	383	383	449	492	764	1000	911	807	592	610	582	313	200	437	491	382	814	948	807	512	108	303	332	356	217	300	327	194	150	91	168	100	111	142	122	120	75	135	85	81	86	102	88	53	80
64	170	2	2	119	0	1953125	12	0.0	1973	1.36	0	0	V0.2	0	0	44	38	51	43	49	56	32	30	55	44	49	28	81	40	63	38	70	41	42	71	46	82	53	107	70	116	117	109	148	139	198	119	93	111	91	127	92	181	21	156	287	437	350	494	724	893	999	708	613	637	495	381	259	448	373	377	683	999	782	370	160	240	417	251	279	282	290	228	90	171	93	121	87	164	113	102	118	92	91	66	111	68	71	71	79
64	170	2	2	119	0	1953125	12	0.0	1973	1.36	0	0	V0.2	0	0	45	40	43	42	50	59	31	37	56	48	49	35	78	44	62	42	65	44	51	75	56	82	71	97	85	105	132	94	160	136	191	128	87	135	75	139	57	180	34	161	263	413	359	499	764	903	999	779	670	740	555	387	149	427	337	323	653	947	780	331	145	229	417	277	292	337	305	269	112	188	129	110	102	147	139	83	129	87	97	71	114	90	69	82	79
64	170	2	2	119	0	1953125	12	0.0	1968	1.36	0	0	V0.2	0	0	42	40	38	41	41	53	27	32	48	43	42	30	70	39	58	41	59	38	39	65	47	73	59	90	75	98	115	90	150	131	182	117	85	119	68	127	60	158	8	173	281	424	380	540	784	915	1000	783	693	736	552	382	151	396	309	327	639	918	748	337	154	218	399	263	275	305	281	241	92	162	99	105	89	145	121	85	123	88	95	68	108	80	70	76	77
64	170	2	2	119	0	1953125	12	0.0	2002	1.36	0	0	V0.2	0	0	39	26	56	45	46	46	53	42	49	42	60	27	73	47	74	41	77	60	53	74	56	93	46	115	55	110	75	128	113	154	201	135	153	111	184	146	133	145	79	57	265	345	349	554	715	974	1000	803	834	743	698	376	153	368	403	320	653	905	689	434	151	353	380	312	302	299	323	166	145	116	123	92	140	152	102	129	103	118	72	114	97	84	77	84	73
64	170	2	2	119	0	1953125	12	0.0	1948	1.35	0	0	V0.2	0	0	62	35	44	35	59	45	54	47	56	32	68	49	73	31	80	51	53	48	66	71	51	92	94	71	94	101	145	60	170	145	151	103	90	174	63	118	32	89	96	289	363	458	508	657	935	1000	924	833	695	792	512	155	277	627	571	327	703	841	726	314	100	273	394	398	277	421	350	264	184	134	196	75	146	121	158	100	114	135	86	103	91	122	79	88	92
64	170	2	2	119	0	1953125	12	0.0	1923	1.35	0	0	V0.2	0	0	50	30	68	4	84	16	72	22	87	37	69	52	93	36	72	57	87	54	73	97	54	98	42	135	47	145	91	135	136	132	174	77	152	137	152	217	45	153	212	195	393	452	417	681	786	859	892	585	748	683	535	291	647	1000	884	627	530	835	634	279	143	270	392	270	382	373	414	336	183	254	163	173	101	179	143	110	137	116	123	72	127	98	90	90	104
64	170	2	2	119	0	1953125	12	0.0	1923	1.35	0	0	V0.2	0	0	35	40	29	51	23	57	18	47	32	47	38	41	57	45	48	45	56	52	48	59	63	44	66	55	91	50	103	44	120	82	109	101	102	174	105	160	135	72	209	253	272	370	349	476	609	544	505	379	563	637	465	494	703	1000	903	543	356	415	360	231	198	258	359	256	310	332	272	246	125	185	139	117	114	109	117	63	109	67	81	62	92	74	64	80	74
64	170	2	2	119	0	1953125	12	0.0	1530	1.28	0	0	V0.2	0	0	17	27	39	28	62	7	53	10	59	30	44	20	61	50	35	40	32	59	49	28	69	47	81	87	39	115	28	105	76	88	134	81	153	198	188	340	246	297	391	274	322	212	206	310	192	131	219	126	437	409	407	329	630	1000	972	692	222	105	289	525	580	563	351	261	315	226	212	101	69	130	53	87	41	85	88	7	58	44	61	53	16	63	48	41	25
64	170	2	2	119	0	1953125	12	0.0	1483	1.27	0	0	V0.2	0	0	8	33	34	29	40	34	48	27	44	29	29	43	38	41	26	49	47	40	47	52	55	65	53	91	30	93	39	113	54	119	113	97	157	144	261	205	201	235	272	269	52	161	179	224	63	132	61	173	451	512	617	452	576	855	1000	809	337	112	220	548	608	343	328	262	296	186	135	165	93	119	68	151	96	83	77	66	79	42	79	46	60	50	63	57	43
64	170	2	2	119	0	1953125	12	0.0	1494	1.28	0	0	V0.2	0	0	18	22	27	45	24	47	26	50	22	41	35	35	43	38	40	28	46	47	37	46	54	51	61	52	77	34	75	47	106	60	109	93	122	175	154	250	115	244	203	191	72	174	233	193	187	149	199	220	510	656	631	593	487	880	1000	818	443	143	261	436	499	283	234	253	187	153	106	164	72	109	88	126	97	62	80	39	64	34	64	32	60	51	51	44	44
64	170	2	2	119	0	1953125	12	0.0	1435	1.27	0	0	V0.2	0	0	30	28	23	36	31	53	12	40	19	33	24	28	33	32	36	37	37	34	30	39	52	28	64	29	78	22	109	42	93	74	71	104	67	160	142	126	118	129	215	43	88	189	325	218	268	230	200	322	422	711	656	559	508	717	1000	771	491	351	118	429	356	302	156	227	186	86	98	95	137	48	118	101	102	92	53	95	35	63	40	56	38	41	56	40	44
64	170	1	2	119	0	1953125	12	0.0	1435	1.27	0	0	V0.2	0	0	34	11	50	24	53	30	45	23	42	19	45	7	50	13	53	18	56	32	31	48	24	65	6	94	31	95	55	111	92	53	98	57	137	107	81	151	59	181	105	157	140	355	343	364	338	389	341	283	595	653	691	605	480	867	1000	854	437	169	139	380	400	132	179	144	175	73	142	139	74	117	75	152	82	102	80	60	67	40	71	23	52	35	53	36	49
64	170	1	2	119	0	1953125	12	0.0	1508	1.28	0	0	V0.2	0	0	1	25	18	40	26	37	16	41	12	24	17	30	20	26	26	24	31	35	25	26	36	41	54	47	60	45	66	57	99	35	83	59	110	129	83	177	41	192	119	179	132	369	370	385	371	388	366	300	613	664	683	603	478	875	1000	806	288	189	232	376	317	53	156	108	164	100	218	151	113	126	115	149	48	102	35	72	32	64	41	52	61	44	53	37	51
64	170	1	2	119	0	1953125	12	0.0	1530	1.28	0	0	V0.2	0	0	10	14	31	40	32	31	32	35	24	19	27	12	38	15	29	5	41	24	16	37	23	47	29	63	46	56	32	71	69	39	92	39	114	109	127	194	57	194	122	151	110	330	325	354	331	350	333	297	649	702	685	609	498	910	1000	793	337	174	222	358	381	102	151	139	144	112	172	182	67	133	90	138	70	72	62	44	52	40	63	21	64	41	49	30	44
64	170	1	2	119	0	1953125	12	0.0	1508	1.28	0	0	V0.2	0	0	15	12	41	22	40	17	42	13	37	0	27	18	39	11	29	26	40	18	25	41	22	54	16	81	17	75	9	95	49	81	101	53	131	100	203	203	127	208	182	190	55	233	240	284	193	257	183	219	557	608	682	576	499	867	1000	862	429	130	166	410	481	212	216	192	191	121	138	177	70	114	81	150	95	63	75	48	64	30	75	32	49	47	56	46	33
64	170	1	2	119	0	1953125	12	0.0	2005	1.36	0	0	V0.2	0	0	34	16	50	15	54	20	61	28	47	46	29	57	30	52	50	45	50	53	52	67	57	85	53	93	64	89	96	91	94	90	118	131	149	205	280	331	269	325	292	243	172	280	260	244	221	316	218	166	190	395	624	647	581	870	999	804	216	175	232	276	203	94	133	166	188	148	140	180	114	138	134	148	67	104	68	78	69	69	53	68	47	55	64	59	57
64	170	1	2	119	0	1953125	12	0.0	2016	1.37	0	0	V0.2	0	0	9	41	13	45	2	67	28	51	19	63	26	47	35	65	25	53	43	52	47	63	92	45	99	48	109	36	131	82	97	93	141	160	131	273	296	371	332	330	385	189	162	172	302	208	240	436	402	248	192	457	461	563	643	897	1000	697	318	18	125	259	263	247	334	259	195	270	203	190	116	187	188	100	119	87	115	43	102	82	69	60	77	80	49	77	69
64	170	1	2	119	0	1953125	12	0.0	2041	1.37	0	0	V0.2	0	0	33	6	55	29	54	27	69	31	58	39	60	15	67	36	64	33	75	48	47	85	67	101	45	138	55	114	77	145	92	131	186	140	202	220	418	400	395	456	385	359	91	252	264	309	383	649	771	437	252	279	513	446	631	905	1000	852	348	89	189	249	349	399	348	300	285	255	306	161	151	181	168	160	76	156	73	88	62	98	60	63	89	62	62	56	78
64	170	1	2	119	0	1953125	12	0.0	2091	1.38	0	0	V0.2	0	0	36	30	34	58	13	40	35	44	26	33	45	22	41	19	45	7	58	40	20	51	34	68	14	111	52	73	39	114	56	116	172	128	175	178	380	349	371	431	370	335	49	249	264	399	533	874	1000	687	472	318	428	296	302	580	670	529	75	232	48	140	359	552	490	405	357	306	321	137	154	161	148	111	75	126	29	67	56	85	21	78	64	44	38	60	52
64	170	1	2	119	0	1953125	12	0.0	2091	1.38	0	0	V0.2	0	0	17	30	56	12	49	15	53	17	54	27	34	34	41	31	19	60	56	23	36	52	43	38	77	101	26	72	71	116	41	152	145	136	130	193	327	239	359	319	349	205	143	277	312	450	579	948	1000	732	541	330	377	271	127	286	414	257	177	383	202	79	301	525	491	417	333	270	304	138	116	139	150	120	55	126	48	53	45	94	45	51	67	47	31	49	68
64	170	1	2	119	0	1953125	12	0.0	2066	1.37	0	0	V0.2	0	0	16	25	46	22	55	11	46	21	59	17	26	40	48	23	24	58	55	22	48	61	36	52	73	111	16	93	63	120	40	160	161	122	150	182	335	249	344	355	322	237	110	301	291	425	565	871	999	712	516	360	325	293	139	315	403	288	145	426	254	61	171	441	499	380	339	251	293	187	94	169	147	152	49	139	95	59	55	91	83	29	78	61	50	34	73
64	170	1	2	119	0	1953125	12	0.0	2091	1.38	0	0	V0.2	0	0	23	37	52	27	46	44	65	25	39	50	39	36	21	62	19	65	52	48	33	44	76	28	97	70	82	41	120	106	87	137	158	191	107	249	298	305	337	310	399	138	202	284	435	444	636	1000	973	834	473	301	367	261	246	440	444	195	513	636	549	183	387	549	559	533	326	393	290	162	136	172	202	66	137	87	97	39	116	92	56	74	71	66	36	83	62
64	170	1	2	119	0	1953125	12	0.0	2116	1.38	0	0	V0.2	0	0	34	9	60	34	47	22	56	21	58	33	51	5	60	18	38	29	66	32	24	59	29	51	34	115	25	68	25	100	8	146	158	138	165	179	352	252	364	372	372	288	123	290	266	405	540	897	1000	705	526	356	335	428	457	472	511	442	685	902	625	379	291	605	615	478	409	314	335	150	144	165	152	110	80	136	33	76	73	107	36	83	83	55	50	75	78
64	170	1	2	119	0	1953125	12	0.0	2138	1.39	0	0	V0.2	0	0	24	14	51	41	50	43	41	32	51	45	40	3	61	26	31	23	72	40	22	62	37	38	11	106	53	66	39	80	19	115	151	95	147	145	294	231	312	401	348	325	159	349	306	356	530	819	1000	748	559	521	433	521	479	427	425	477	655	893	642	324	244	463	580	393	352	280	270	172	78	168	102	100	31	121	53	60	68	78	50	47	77	29	41	55	74
64	170	1	2	119	0	1953125	12	0.0	2161	1.39	0	0	V0.2	0	0	22	11	60	33	36	13	49	27	40	22	46	8	48	21	39	21	46	24	6	37	23	40	42	88	21	46	20	69	58	96	87	107	110	159	274	177	331	323	403	288	220	353	317	392	504	886	999	823	700	554	562	549	293	278	339	293	518	708	486	240	76	371	397	303	267	218	270	124	112	134	115	91	39	95	16	36	47	76	10	68	67	41	32	60	61
64	170	2	2	119	0	1953125	12	0.0	1488	1.27	0	0	V0.2	0	0	34	60	48	61	63	20	80	44	51	25	68	61	21	40	43	102	56	18	39	79	56	103	68	95	128	41	143	69	124	191	163	163	214	119	216	282	157	164	189	106	352	324	251	312	366	826	950	652	616	608	553	806	863	876	1000	937	797	989	826	727	790	562	164	185	167	243	289	107	112	156	127	188	122	60	144	102	109	88	17	108	108	70	62	14	70
64	170	2	2	119	0	1953125	12	0.0	2086	1.38	0	0	V0.2	0	0	34	15	45	30	50	40	22	54	10	41	31	18	49	10	44	43	41	44	48	30	56	28	69	62	68	84	51	115	55	140	127	195	140	205	224	358	260	441	388	413	283	446	386	466	525	767	805	875	650	388	353	398	584	696	612	449	730	999	644	322	121	268	204	321	275	258	209	230	121	174	148	145	99	116	71	66	70	48	72	42	65	52	68	46	67
64	170	2	2	119	0	1953125	12	0.0	2043	1.37	0	0	V0.2	0	0	34	63	18	59	25	59	20	66	36	50	19	76	33	59	32	84	38	40	65	59	73	41	134	77	95	80	145	137	111	199	172	167	114	199	284	216	351	309	409	228	196	285	252	251	229	562	551	284	137	269	214	438	792	938	1000	773	648	741	542	334	148	304	371	389	334	319	382	219	170	172	200	174	79	171	107	109	64	131	100	62	95	91	85	52	96
64	170	2	2	119	0	1953125	12	0.0	2066	1.37	0	0	V0.2	0	0	40	14	66	53	52	40	64	42	55	35	58	4	69	25	62	30	83	46	37	77	42	83	27	144	38	118	73	165	94	176	243	157	178	147	365	309	374	470	434	404	124	333	274	289	416	813	1000	647	415	200	196	197	499	706	772	660	600	867	615	303	68	393	493	400	413	347	395	204	156	194	169	159	110	201	79	108	88	134	76	92	111	68	70	77	95
64	170	2	2	119	0	1953125	12	0.0	2038	1.37	0	0	V0.2	0	0	20	37	50	18	53	16	51	20	51	26	32	47	52	45	41	62	65	32	41	61	46	57	67	116	26	100	63	138	48	132	147	109	111	99	256	180	281	284	321	268	170	334	330	421	514	821	1000	822	703	573	558	542	185	127	337	341	239	453	418	354	275	58	190	141	157	104	201	139	56	114	117	150	53	132	97	72	54	79	93	35	68	60	58	25	48
64	170	2	2	119	0	1953125	12	0.0	2016	1.37	0	0	V0.2	0	0	15	50	48	33	44	44	53	39	46	50	34	63	44	67	35	73	54	41	54	61	77	60	110	114	76	107	102	157	65	165	148	131	95	145	258	177	315	261	382	243	364	484	505	565	597	949	1000	731	512	243	251	304	472	682	898	759	655	784	708	655	428	69	150	136	108	136	210	86	128	131	195	157	113	175	106	121	66	124	85	63	79	70	65	48	83
64	170	2	2	119	0	1953125	12	0.0	1968	1.36	0	0	V0.2	0	0	17	39	31	39	44	39	43	40	53	42	33	51	41	44	25	49	39	39	59	67	69	70	78	107	46	106	68	129	57	119	123	67	71	71	184	108	191	176	205	164	155	285	245	247	251	444	532	283	89	150	180	202	602	826	1000	942	688	756	742	674	528	190	220	157	164	80	175	166	80	111	96	140	60	121	99	92	80	87	106	55	75	68	70	45	59
64	170	2	2	119	0	1953125	12	0.0	1968	1.36	0	0	V0.2	0	0	28	15	48	22	51	31	48	24	54	37	48	13	58	24	46	22	58	39	45	75	56	84	38	98	52	90	72	87	84	76	119	45	108	104	204	200	203	280	211	242	181	353	319	247	311	443	559	279	75	184	315	257	628	918	1000	902	555	572	585	485	406	133	84	33	99	91	169	112	81	134	108	138	77	148	95	95	90	91	85	48	83	55	55	45	67
64	170	2	2	119	0	1953125	12	0.0	2038	1.37	0	0	V0.2	0	0	45	51	23	74	8	62	30	75	28	56	61	57	61	60	79	55	61	65	52	68	70	100	72	110	99	107	118	146	171	136	223	172	188	176	311	369	329	450	399	425	225	369	416	363	376	482	667	424	167	223	237	240	683	897	1000	816	492	628	475	293	126	282	333	329	320	314	339	177	209	189	195	150	141	166	85	118	84	107	52	103	82	71	72	90	76
64	170	2	2	119	0	1953125	12	0.0	2041	1.37	0	0	V0.2	0	0	30	30	62	6	52	19	63	13	53	39	49	46	55	59	49	59	65	45	47	63	68	69	84	117	59	112	105	175	90	185	192	179	163	179	335	260	366	336	420	317	214	322	295	318	316	628	674	383	149	240	231	326	679	856	1000	782	585	644	475	309	27	333	387	391	318	328	360	201	202	185	224	164	136	175	106	113	86	133	70	93	96	91	73	83	98
64	170	2	2	119	0	1953125	12	0.0	2038	1.37	0	0	V0.2	0	0	38	48	81	16	68	36	84	25	74	60	65	60	72	84	69	80	89	64	63	86	95	95	102	149	76	141	126	222	122	231	246	234	224	230	439	351	460	429	543	456	292	418	404	476	494	859	986	688	432	198	43	226	526	776	1000	806	509	580	424	311	89	332	393	398	323	332	395	215	196	187	240	192	129	193	109	118	78	147	86	76	93	90	76	71	100
64	170	2	2	119	0	1953125	12	0.0	2041	1.37	0	0	V0.2	0	0	30	32	70	12	55	22	73	10	52	44	54	43	51	69	55	63	72	56	47	63	80	72	89	126	73	116	115	198	111	202	218	225	198	180	363	284	371	332	476	390	240	311	311	373	365	723	818	598	389	175	88	302	578	820	1000	776	554	608	503	387	63	292	360	389	294	324	362	199	183	161	223	152	133	166	105	105	84	136	66	80	83	88	62	78	94
64	170	2	2	119	0	1953125	12	0.0	2038	1.37	0	0	V0.2	0	0	47	34	79	34	64	38	67	25	73	48	67	35	93	51	81	56	97	58	52	94	67	103	63	163	76	141	129	193	165	185	282	217	211	195	336	363	287	426	392	434	233	337	383	346	469	669	901	713	414	365	258	350	705	925	1000	930	624	720	639	407	210	183	417	310	322	279	339	271	133	214	175	191	100	173	136	89	100	110	113	52	105	85	77	60	92
