34928	35048	35167	35286	35405	35524	35644	35763	35882	36001	36120	36240	36359	36478	36597	36716	36836	36955	37074	37193	37313	37432	37551	37670	37789	37909	38028	38147	38266	38385	38505	38624	38743	38862	38981	39101	39220	39339	39458	39577	39697	39816	39935	40054	40174	40293	40412	40531	40650	40770	40889	41008	41127	41246	41366	41485	41604	41723	41842	41962	42081	42200	42319	42439	42558	42677	42796	42915	43035	43154	43273	43392	43511	43631	43750	43869	43988	44107	44227	44346	44465	44584	44703	44823	44942
64	170	2	2	119	0	1953125	12	0.0	264	1.06	0	0	V0.2	0	0	41	28	43	49	44	50	44	49	39	38	46	26	46	14	60	23	56	42	43	54	39	64	53	73	69	78	106	65	122	18	69	36	117	104	182	232	180	312	115	208	131	298	190	244	444	629	958	933	734	524	400	797	693	482	328	653	956	1000	739	389	475	357	350	228	98	113	97	183	77	121	53	107	68	74	80	73	101	57	99	58	73	58	62	59	51
64	170	2	2	119	0	1953125	12	0.0	289	1.07	0	0	V0.2	0	0	33	45	22	69	18	66	18	67	14	51	28	46	35	36	51	42	42	47	44	48	56	51	79	52	97	52	130	45	135	48	69	50	100	136	152	262	166	332	148	190	130	271	173	207	449	634	972	975	704	514	423	885	719	473	388	707	1000	997	742	342	444	375	352	232	88	120	103	182	66	119	50	116	66	85	83	82	100	54	100	52	71	48	59	53	55
64	170	2	2	119	0	1953125	12	0.0	9091	2.58	0	0	V0.2	0	0	8	8	22	17	29	21	24	17	22	13	12	19	14	13	19	17	17	6	12	9	15	8	36	29	30	34	60	34	60	18	16	22	22	98	118	96	29	219	99	73	28	183	153	185	121	205	510	715	474	401	493	1000	974	750	572	189	759	808	436	273	343	309	255	77	80	54	45	27	53	22	17	55	18	51	19	24	23	11	12	17	12	18	11	14	15
64	170	2	2	119	0	1953125	12	0.0	9115	2.58	0	0	V0.2	0	0	39	99	48	77	22	123	41	66	74	125	28	58	82	88	40	101	89	37	69	126	109	56	155	109	103	119	227	106	15	155	253	136	213	376	257	129	191	508	355	111	344	584	408	233	778	1000	927	495	310	608	632	546	237	292	48	494	761	850	718	613	632	630	514	206	240	241	186	116	148	177	40	165	88	111	96	197	131	40	125	133	85	62	156	112	47
64	170	2	2	119	0	1953125	12	0.0	9152	2.59	0	0	V0.2	0	0	21	57	81	9	19	59	75	22	23	52	34	43	31	36	49	93	65	33	75	91	65	53	167	104	49	44	189	132	63	129	158	114	170	357	261	44	202	430	396	157	304	395	273	242	787	1000	779	419	283	670	648	631	467	265	105	369	650	643	485	492	586	519	292	138	224	259	87	67	64	90	12	119	100	36	82	99	95	65	99	58	26	58	99	50	47
64	170	2	2	119	0	1953125	12	0.0	264	1.06	0	0	V0.2	0	0	148	236	323	407	429	418	351	320	292	247	198	236	301	278	254	213	194	102	71	170	254	351	428	568	613	570	522	462	490	411	384	380	494	511	654	726	730	904	632	711	652	779	362	677	626	622	1000	630	891	606	998	997	866	621	634	686	575	794	558	846	580	667	742	661	535	472	491	497	476	450	452	445	432	420	396	355	300	230	234	202	212	187	149	122	100
64	170	2	2	119	0	1953125	12	0.0	236	1.06	0	0	V0.2	0	0	41	21	52	49	50	50	50	53	43	39	49	23	56	18	67	27	56	47	46	55	43	63	60	73	79	72	121	48	115	15	91	75	128	161	164	286	183	331	160	217	198	311	234	163	427	573	917	982	703	585	477	1000	900	520	87	439	925	943	731	454	456	455	359	342	124	152	73	164	137	73	93	59	108	11	94	40	102	64	81	89	62	82	49	78	52
64	170	2	2	119	0	1953125	12	0.0	239	1.06	0	0	V0.2	0	0	28	30	48	32	65	30	63	28	57	33	42	42	30	54	34	55	39	50	56	44	57	58	61	72	76	106	64	132	38	93	33	125	125	123	188	175	300	173	249	98	276	240	206	208	326	686	801	936	741	417	596	858	1000	429	261	378	914	962	590	477	364	433	324	261	180	80	147	93	157	48	113	64	89	65	77	91	64	100	58	96	58	75	59	62	63
64	170	2	2	119	0	1953125	12	0.0	239	1.06	0	0	V0.2	0	0	39	42	33	67	28	66	30	67	26	52	39	43	49	39	58	45	54	58	56	56	63	52	81	55	103	46	133	36	115	39	92	94	96	165	123	272	158	288	163	223	215	281	228	159	437	577	890	958	680	585	504	1000	862	477	157	472	898	873	649	354	397	406	319	285	82	133	57	164	104	94	84	84	104	33	98	48	107	58	92	78	65	77	52	74	51
64	170	2	2	119	0	1953125	12	0.0	239	1.06	0	0	V0.2	0	0	30	22	54	19	65	17	65	15	55	23	45	32	36	44	41	43	43	45	52	48	45	70	43	80	48	107	31	122	36	72	29	93	114	73	171	147	282	169	246	137	291	287	220	231	308	650	789	905	816	475	673	870	1000	435	185	322	784	872	485	424	380	389	330	199	177	25	122	59	128	47	107	81	82	79	61	104	56	100	55	87	63	66	66	53	60
64	170	2	2	119	0	1953125	12	0.0	181	1.05	0	0	V0.2	0	0	34	15	61	7	70	8	71	12	59	14	55	21	64	30	73	25	67	44	45	59	23	80	16	100	39	98	76	67	72	42	97	52	116	79	192	234	165	257	87	265	218	364	234	252	451	582	903	864	678	556	520	1000	871	520	81	431	820	848	593	334	415	364	328	286	109	142	44	145	97	78	69	67	104	22	88	30	92	50	77	76	62	79	47	72	50
64	170	2	2	119	0	1953125	12	0.0	239	1.06	0	0	V0.2	0	0	41	24	48	39	52	42	53	38	48	24	49	10	52	8	62	20	59	39	46	58	18	80	6	98	9	114	49	108	79	48	61	53	119	28	190	126	268	206	193	153	259	309	245	300	384	728	865	898	821	459	682	874	1000	443	287	435	891	945	520	421	349	395	333	229	180	46	125	66	131	31	124	63	101	62	90	91	73	97	59	93	51	78	53	67	56
64	170	2	2	119	0	1953125	12	0.0	289	1.07	0	0	V0.2	0	0	13	46	16	60	28	56	22	59	15	50	10	56	6	46	18	48	19	42	39	31	58	20	83	18	96	11	121	32	115	72	54	75	59	137	78	227	135	291	149	192	185	301	239	216	457	593	889	899	669	568	516	1000	871	513	171	564	933	926	619	226	317	292	313	217	66	78	90	149	43	127	61	138	67	99	85	89	99	57	90	42	70	40	62	44	50
64	170	2	2	119	0	1953125	12	0.0	744	1.15	0	0	V0.2	0	0	26	28	32	35	39	24	44	10	37	14	23	37	14	37	7	35	21	35	33	40	32	54	21	79	15	86	8	69	34	105	47	77	54	137	50	199	155	260	148	184	178	262	178	140	182	165	366	649	622	646	592	918	934	637	383	634	999	883	605	168	179	62	116	88	204	103	109	33	108	18	83	47	93	29	86	40	67	26	52	18	51	32	49	36	47
64	170	2	2	119	0	1953125	12	0.0	782	1.15	0	0	V0.2	0	0	12	48	27	40	15	59	34	47	20	48	11	47	18	49	16	57	16	13	35	38	47	26	89	9	78	36	137	47	90	89	94	77	58	131	29	194	208	385	258	245	379	356	327	181	339	347	215	360	646	707	586	840	793	699	408	558	1000	985	726	187	233	242	233	221	210	275	113	77	55	91	23	121	104	50	63	67	94	3	68	49	53	32	74	61	32
64	170	2	2	119	0	1953125	12	0.0	23398	5.03	0	0	V0.2	0	0	-126	-145	-167	-198	-216	-36	-43	-42	-38	-38	-28	-20	-9	-5	-3	0	5	8	11	17	26	37	36	38	41	39	36	33	29	26	26	20	19	15	11	3	3	-6	-16	-15	-10	-13	-13	-12	-15	-18	-18	-21	-17	-13	-11	-10	-8	-3	-1	-4	-3	1	2	2	6	8	7	9	8	7	10	6	8	15	11	8	10	7	4	3	4	-1	-3	-1	-2	2	9	5	6
64	170	2	2	119	0	1953125	12	0.0	9205	2.60	0	0	V0.2	0	0	191	279	395	475	508	512	457	404	317	289	269	281	352	325	320	286	216	99	48	184	298	442	572	649	694	683	677	602	548	462	413	474	574	660	803	873	884	937	856	815	788	758	694	639	691	763	882	932	1000	901	963	886	880	815	667	671	680	898	686	834	886	739	818	718	685	626	585	587	535	567	526	542	539	485	473	401	371	306	273	283	220	192	189	145	138
64	170	2	2	119	0	1953125	12	0.0	6938	2.21	0	0	V0.2	0	0	252	209	279	449	475	327	181	368	457	369	282	416	481	386	285	382	469	443	433	468	410	279	439	641	646	433	226	443	614	638	536	437	312	401	685	753	679	378	243	614	753	784	509	419	415	738	870	777	599	122	438	663	1000	557	366	385	466	772	842	745	344	321	645	780	699	488	323	390	587	674	639	452	304	427	589	609	502	397	366	436	502	504	441	369	388
64	170	2	2	119	0	1953125	12	0.0	9271	2.61	0	0	V0.2	0	0	37	58	21	41	53	60	38	26	51	45	49	30	13	34	64	25	16	43	42	26	23	42	47	31	62	23	90	47	35	81	114	54	175	279	59	281	269	249	254	75	538	439	196	635	980	978	713	468	374	330	327	578	1000	463	436	738	849	464	117	394	636	230	200	251	293	45	74	65	70	61	46	82	48	4	34	61	49	20	50	78	40	31	52	73	39
64	170	2	2	119	0	1953125	12	0.0	9266	2.61	0	0	V0.2	0	0	45	51	29	64	75	16	23	76	81	8	27	88	62	29	40	82	51	35	85	95	35	7	54	87	87	55	13	68	150	107	72	168	188	189	80	332	387	187	119	343	593	418	166	517	877	1000	703	316	243	439	344	485	616	522	547	452	408	415	300	296	284	274	214	293	267	203	126	150	142	36	67	92	114	77	125	89	63	37	107	107	12	62	76	63	8
64	170	2	2	119	0	1953125	12	0.0	15476	3.68	0	0	V0.2	0	0	36	33	25	17	32	40	36	37	14	33	49	17	25	27	33	21	9	37	36	15	68	61	30	50	15	82	53	47	120	111	66	38	193	113	134	279	145	392	239	79	680	404	204	393	542	785	678	821	516	474	443	1000	862	729	598	407	358	605	66	339	251	285	168	86	198	210	141	89	9	107	50	72	82	22	70	40	74	66	86	41	41	59	22	28	16
64	170	2	2	119	0	1953125	12	0.0	13382	3.32	0	0	V0.2	0	0	82	195	237	196	178	281	305	171	80	209	205	58	158	254	221	66	86	102	82	133	184	196	253	326	299	294	368	384	288	111	113	305	459	585	384	101	492	762	789	439	70	459	712	821	686	337	267	730	1000	942	473	358	721	975	931	577	227	568	852	885	654	164	362	701	754	535	205	204	470	575	468	203	103	351	412	299	98	85	214	245	186	50	96	175	177
64	170	2	2	119	0	1953125	12	0.0	18834	4.25	0	0	V0.2	0	0	25	48	41	54	67	73	52	42	52	40	50	29	56	62	21	26	23	36	14	41	45	42	56	111	91	92	119	64	79	7	80	80	42	195	274	335	119	322	605	465	417	359	255	193	339	507	284	911	747	982	1000	617	339	655	697	502	346	541	753	413	342	247	131	59	117	208	114	59	175	135	62	72	56	5	108	60	155	127	18	64	78	19	70	9	27
64	170	2	2	119	0	1953125	12	0.0	9130	2.59	0	0	V0.2	0	0	167	250	381	459	490	466	438	383	303	267	241	255	307	341	294	256	231	87	53	159	278	396	513	621	657	668	658	578	508	437	408	465	532	627	710	792	892	847	829	839	769	720	604	616	659	739	786	845	1000	896	844	981	673	762	746	642	690	598	806	800	635	880	784	682	686	586	557	518	487	520	516	522	501	492	447	396	341	322	250	211	225	185	184	165	97
64	170	2	2	119	0	1953125	12	0.0	11569	3.00	0	0	V0.2	0	0	39	17	22	6	66	53	23	16	37	58	21	52	20	60	35	35	39	13	52	17	47	70	32	32	32	91	13	28	23	48	82	97	85	150	145	77	188	289	115	112	499	469	211	257	565	619	781	405	282	204	382	770	1000	743	562	414	252	510	330	299	164	279	99	278	149	82	66	114	76	22	107	20	37	34	64	32	47	28	23	25	51	13	54	38	48
64	170	2	2	119	0	1953125	12	0.0	9210	2.60	0	0	V0.2	0	0	198	261	275	372	462	494	399	280	270	301	253	186	281	353	309	198	139	116	65	167	313	444	443	498	592	661	624	512	377	372	404	438	547	600	606	697	750	927	724	848	513	569	655	621	664	698	691	668	852	1000	861	938	421	650	778	985	582	503	501	809	813	798	622	546	531	577	619	540	430	415	411	517	539	469	349	288	285	336	309	256	163	109	164	181	181
64	170	2	2	119	0	1953125	12	0.0	9261	2.61	0	0	V0.2	0	0	49	81	27	44	47	99	15	48	43	67	34	49	73	59	51	56	40	22	43	50	78	100	40	22	63	154	55	107	107	105	53	219	331	154	197	287	402	267	216	448	397	184	385	903	1000	757	526	606	631	445	481	484	676	548	492	557	366	356	589	771	547	262	378	567	490	157	85	140	146	80	147	116	27	39	89	44	96	116	44	11	75	96	12	70	76
64	170	2	2	119	0	1953125	12	0.0	6963	2.21	0	0	V0.2	0	0	465	506	413	136	353	621	598	348	242	502	521	296	309	523	580	404	303	385	394	379	557	655	499	105	417	738	782	555	229	244	419	623	780	684	380	89	586	1000	842	613	185	368	531	943	933	666	238	491	889	809	983	458	265	537	635	999	561	664	197	683	842	968	757	256	305	596	798	744	546	231	262	572	755	670	466	222	379	553	614	557	418	347	399	508	505
64	170	2	2	119	0	1953125	12	0.0	6960	2.21	0	0	V0.2	0	0	40	6	40	7	69	25	47	6	51	6	40	14	41	18	42	8	23	19	23	14	44	65	21	56	64	125	5	97	77	154	121	120	191	80	27	132	322	264	357	348	296	323	269	464	464	419	440	346	352	78	528	780	1000	880	511	234	167	229	116	320	359	362	269	113	259	183	151	87	116	118	40	112	52	84	37	124	78	42	56	72	70	30	81	58	45
64	170	2	2	119	0	1953125	12	0.0	6918	2.21	0	0	V0.2	0	0	34	34	32	64	10	56	14	61	3	30	21	30	32	29	37	21	46	51	34	49	65	61	74	70	141	45	103	51	171	118	117	155	93	88	88	291	256	368	328	318	353	217	372	390	459	422	359	486	233	165	424	899	1000	777	556	146	201	261	93	204	382	412	155	199	172	244	162	85	150	63	93	36	116	48	77	79	77	66	49	92	41	54	61	85	50
64	170	2	2	119	0	1953125	12	0.0	767	1.15	0	0	V0.2	0	0	124	200	267	320	354	334	305	264	211	194	181	191	222	235	219	205	139	86	30	115	205	306	381	446	452	482	470	424	351	289	310	322	375	499	464	509	682	688	540	743	409	510	428	440	650	223	1000	288	816	745	910	309	649	876	321	411	691	582	451	795	539	473	494	563	492	404	409	380	358	408	383	354	333	341	321	268	265	198	180	173	158	152	148	100	73
64	170	2	2	119	0	1953125	12	0.0	744	1.15	0	0	V0.2	0	0	34	8	34	8	56	15	42	9	42	5	31	19	38	17	38	18	24	31	49	47	15	66	24	69	12	110	68	53	47	85	109	21	75	24	61	49	203	260	121	146	117	224	132	63	165	128	188	462	610	606	646	567	645	554	390	611	842	1000	777	378	295	220	285	179	160	176	99	73	51	122	54	61	52	73	53	49	82	37	37	25	57	29	40	51	45
64	170	2	2	119	0	1953125	12	0.0	259	1.06	0	0	V0.2	0	0	49	24	34	32	39	71	13	43	9	60	29	34	9	58	47	19	33	41	58	62	25	58	67	29	76	32	118	80	32	43	44	108	96	58	176	119	243	324	124	193	216	338	341	230	443	581	610	725	608	415	496	538	648	485	185	486	840	1000	761	346	274	288	200	279	157	74	145	134	190	151	40	133	90	95	88	38	117	85	65	59	41	85	68	32	46
64	170	2	2	119	0	1953125	12	0.0	186	1.05	0	0	V0.2	0	0	16	57	34	63	46	68	57	51	42	56	37	64	32	82	44	66	49	56	57	46	57	67	62	87	64	115	41	134	15	101	73	170	182	132	277	173	336	297	236	233	277	454	323	431	395	607	816	856	977	839	696	800	925	761	460	402	701	1000	637	404	493	283	363	204	223	181	95	182	117	183	80	128	118	98	114	46	107	45	91	60	83	79	61	77	53
64	170	2	2	119	0	1953125	12	0.0	111	1.04	0	0	V0.2	0	0	21	56	30	61	47	55	51	43	41	46	33	57	29	62	34	51	37	39	38	30	59	48	72	82	77	126	51	136	44	136	121	174	214	156	311	223	349	323	247	261	219	346	238	332	301	422	653	768	1000	954	862	757	751	785	724	468	182	454	234	310	397	156	197	137	204	231	97	122	33	123	80	77	74	69	93	33	84	31	68	40	53	49	44	61	45
64	170	2	2	119	0	1953125	12	0.0	84	1.03	0	0	V0.2	0	0	34	23	62	11	71	6	67	1	55	15	50	27	53	32	50	23	39	20	26	33	41	67	44	98	37	127	21	117	37	122	129	151	214	147	313	240	352	326	232	237	209	326	188	290	264	451	688	814	1000	918	884	703	739	778	764	543	101	302	179	411	385	192	179	104	252	205	149	133	35	118	38	98	16	92	45	75	64	48	59	28	58	24	57	33	52
64	170	2	2	119	0	1953125	12	0.0	261	1.06	0	0	V0.2	0	0	37	6	55	11	67	14	60	14	44	23	36	34	25	39	13	44	12	37	37	25	66	7	82	17	87	19	102	23	102	80	23	69	42	38	147	75	193	207	129	149	250	362	231	327	351	659	794	914	967	725	793	781	1000	716	527	406	728	807	583	584	408	415	212	233	122	101	90	165	167	107	146	85	157	61	120	46	101	54	85	66	74	72	56	59	48
64	170	2	2	119	0	1953125	12	0.0	89	1.03	0	0	V0.2	0	0	54	21	62	44	59	62	46	60	42	53	52	57	56	58	47	61	35	50	47	48	82	25	113	33	122	66	90	90	69	122	106	187	134	142	265	175	276	178	200	201	327	438	272	357	425	682	818	818	873	681	530	751	853	892	600	522	759	1000	768	535	618	367	367	315	230	279	124	176	145	144	181	78	167	95	138	102	82	111	63	96	62	89	78	71	78
64	170	2	2	119	0	1953125	12	0.0	89	1.03	0	0	V0.2	0	0	50	21	59	36	62	45	55	37	51	25	57	19	65	14	61	10	49	27	33	54	26	90	20	119	41	130	77	111	91	115	180	151	235	183	297	294	294	387	217	302	237	391	277	317	351	427	706	817	1000	953	803	727	756	878	730	466	262	569	359	418	407	199	216	115	244	177	128	104	74	135	60	129	47	133	76	103	87	72	79	43	76	43	73	49	67
64	170	2	2	119	0	1953125	12	0.0	11	1.02	0	0	V0.2	0	0	11	50	28	56	44	56	50	51	42	51	31	59	26	71	33	74	53	64	68	68	88	89	87	122	73	143	54	158	95	194	195	188	234	152	337	270	292	271	200	315	326	493	325	380	439	581	854	903	1000	807	611	544	592	677	699	493	42	322	276	486	528	222	236	158	247	264	156	186	66	142	102	107	97	62	103	52	105	45	86	66	65	67	39	58	38
64	170	2	2	119	0	1953125	12	0.0	16	1.02	0	0	V0.2	0	0	37	34	69	20	79	20	78	23	67	36	56	52	50	66	55	70	69	66	77	76	83	100	83	128	74	143	77	168	110	211	179	196	205	134	301	201	285	124	305	347	467	560	443	496	509	793	813	856	816	418	521	671	1000	637	404	293	676	777	651	710	556	524	290	330	324	248	265	133	226	155	213	162	156	165	123	166	98	145	90	117	92	93	89	83	91
64	170	2	2	119	0	1953125	12	0.0	6868	2.20	0	0	V0.2	0	0	7	20	15	23	27	21	18	16	19	10	8	17	12	15	9	13	13	6	16	0	15	26	26	24	43	32	29	40	20	50	53	18	35	102	109	137	43	122	60	167	119	370	177	65	232	326	300	463	362	403	506	758	961	481	60	354	891	999	520	144	363	317	173	144	48	13	34	36	79	6	29	35	31	48	20	34	9	26	9	16	8	10	4	12	1
64	170	2	2	119	0	1953125	12	0.0	6868	2.20	0	0	V0.2	0	0	57	31	86	24	87	30	84	28	68	27	77	34	74	40	83	45	83	63	73	92	68	117	38	156	68	126	29	152	131	131	135	72	130	37	252	266	387	299	151	231	289	454	450	588	504	261	296	357	462	310	734	863	1000	776	244	368	488	608	302	295	462	437	391	110	252	188	186	126	169	191	90	168	83	128	42	143	107	92	88	91	107	53	100	87	96
64	170	2	2	119	0	1953125	12	0.0	6893	2.20	0	0	V0.2	0	0	59	34	65	53	62	59	64	58	54	35	66	28	68	19	76	22	67	53	60	78	39	103	26	142	80	134	72	120	131	125	155	80	151	54	162	186	337	287	129	198	216	367	350	515	454	262	275	314	389	318	745	853	999	706	384	562	543	608	273	419	524	476	366	107	283	191	219	118	186	163	107	150	70	113	63	153	81	93	60	96	80	83	107	90	88
64	170	2	2	119	0	1953125	12	0.0	6918	2.21	0	0	V0.2	0	0	50	31	57	56	58	64	53	60	43	34	60	32	59	15	75	26	48	37	44	60	41	118	39	130	83	156	105	94	121	122	164	96	187	121	86	120	286	287	113	187	104	254	289	501	487	314	295	245	368	349	775	870	999	750	415	539	449	513	331	509	604	470	374	115	290	194	193	131	166	171	79	145	47	98	26	115	47	72	60	87	75	60	91	66	73
64	170	2	2	119	0	1953125	12	0.0	6940	2.21	0	0	V0.2	0	0	40	39	39	61	33	68	28	60	24	43	28	32	29	19	47	24	20	20	32	47	24	101	32	113	73	140	113	70	116	98	146	78	165	150	48	82	227	282	87	173	40	212	251	457	500	327	336	225	378	265	669	837	1000	852	497	524	441	479	388	348	522	381	355	143	256	210	142	156	119	169	40	133	65	78	29	99	79	39	60	51	69	33	83	58	69
64	170	2	2	119	0	1953125	12	0.0	16138	3.79	0	0	V0.2	0	0	8	17	13	5	11	17	11	7	11	12	1	7	14	3	14	13	16	5	25	18	25	33	25	25	15	48	17	38	13	11	41	83	92	68	69	86	53	107	76	120	114	111	153	168	444	455	412	315	222	272	279	491	1000	373	446	325	286	682	576	258	267	179	196	111	75	76	45	15	8	16	22	45	31	44	57	9	32	25	26	21	10	8	4	20	3
64	170	2	2	119	0	1953125	12	0.0	9230	2.60	0	0	V0.2	0	0	177	273	373	472	479	487	441	380	311	283	227	298	307	324	303	275	197	98	58	160	312	419	548	597	662	674	632	596	509	447	426	454	503	667	772	828	893	867	821	779	807	630	692	649	669	790	758	973	832	852	1000	863	808	728	672	682	722	714	730	749	844	777	750	701	656	610	563	548	548	501	517	529	504	483	460	385	322	317	282	243	201	216	188	150	110
64	170	2	2	119	0	1953125	12	0.0	20150	4.48	0	0	V0.2	0	0	17	7	27	20	45	24	13	22	8	33	5	15	58	36	13	18	34	17	31	24	52	13	34	15	45	58	32	27	12	85	13	55	118	57	144	52	94	216	269	132	307	223	141	405	509	671	357	579	137	316	279	507	1000	807	674	438	657	630	177	384	284	124	238	142	181	140	46	79	22	84	77	22	39	85	69	64	37	60	17	18	37	44	3	13	23
64	170	2	2	119	0	1953125	12	0.0	647	1.13	0	0	V0.2	0	0	180	271	374	465	482	489	429	364	324	271	241	274	335	338	303	269	199	100	51	172	306	419	540	610	670	667	640	585	520	444	427	484	554	592	748	856	872	898	819	827	760	700	667	662	627	810	755	1000	842	931	878	840	886	767	687	662	782	527	783	827	861	761	747	715	694	599	548	571	517	504	524	522	534	473	448	414	344	313	269	235	214	192	198	122	126
64	170	2	2	119	0	1953125	12	0.0	497	1.10	0	0	V0.2	0	0	29	8	55	40	46	42	38	35	37	34	34	19	47	26	43	26	55	56	38	36	57	32	75	26	114	26	91	43	62	48	70	127	85	70	80	112	26	220	235	271	291	79	284	447	557	649	626	883	1000	921	738	194	654	775	875	778	519	700	419	280	235	119	251	170	241	174	255	227	97	174	122	165	99	89	110	51	82	51	105	67	69	81	59	63	45
64	170	2	2	119	0	1953125	12	0.0	524	1.11	0	0	V0.2	0	0	22	33	25	55	25	57	18	49	21	41	26	30	41	31	40	21	48	41	37	47	48	44	57	58	85	43	90	22	79	16	67	52	83	142	37	57	158	77	236	302	145	132	158	474	561	551	712	699	968	1000	676	315	492	824	892	779	512	635	476	249	189	92	272	157	252	203	237	222	107	184	108	161	83	106	78	73	83	69	97	61	96	58	73	54	63
64	170	1	2	119	0	1953125	12	0.0	499	1.11	0	0	V0.2	0	0	25	0	49	20	54	28	46	21	44	13	37	1	44	9	41	16	50	28	34	47	15	58	16	77	42	72	55	53	57	41	65	43	106	111	18	60	149	82	264	290	167	144	150	457	523	530	669	680	970	1000	724	332	410	762	864	756	447	584	458	260	208	54	242	138	216	191	212	230	104	167	106	140	98	88	102	57	94	53	96	63	86	71	59	63	55
64	170	1	2	119	0	1953125	12	0.0	642	1.13	0	0	V0.2	0	0	20	6	38	8	43	11	46	1	35	13	35	21	30	35	37	31	36	23	21	21	37	40	43	53	46	63	44	76	44	90	48	37	36	128	128	88	188	105	109	143	140	94	48	168	360	362	516	688	818	1000	724	416	388	574	653	422	434	493	444	214	54	134	231	228	183	245	147	123	48	88	73	59	72	57	74	39	75	30	51	24	43	24	43	35	32
64	170	2	2	119	0	1953125	12	0.0	20960	4.62	0	0	V0.2	0	0	5	19	24	27	27	20	20	29	13	12	13	16	14	17	8	14	19	15	9	8	27	18	29	39	26	27	27	29	8	20	91	19	60	132	76	26	193	215	61	97	61	258	209	142	255	291	590	717	690	982	1000	527	448	164	481	573	684	804	438	296	371	47	100	133	104	81	92	76	27	43	16	55	34	47	13	7	15	16	28	14	17	13	7	28	4
64	170	2	2	119	0	1953125	12	0.0	27095	5.67	0	0	V0.2	0	0	-235	84	273	325	164	-171	-110	26	160	193	180	118	48	-31	-30	54	94	128	105	56	37	20	50	130	220	245	184	32	-70	-113	-73	-8	129	137	42	-122	-252	-246	-151	-45	9	19	-56	-154	-235	-212	-141	-13	101	119	3	-134	-168	-116	6	83	158	142	55	-40	-81	-47	45	113	178	142	103	-26	-88	-15	74	179	217	142	14	-142	-167	-91	45	112	90	16	-106	-193	-186
64	170	2	2	119	0	1953125	12	0.0	20872	4.60	0	0	V0.2	0	0	161	294	373	463	488	471	464	369	340	266	257	291	325	328	301	268	207	111	45	162	297	418	551	636	665	681	641	597	524	465	406	466	528	633	761	874	883	891	848	841	761	696	634	620	666	802	853	885	970	1000	811	899	741	749	620	856	680	660	765	834	772	736	820	697	656	624	562	555	540	538	529	526	484	494	461	422	330	289	272	244	243	205	177	164	115
64	170	2	2	119	0	1953125	12	0.0	6913	2.21	0	0	V0.2	0	0	167	280	367	455	464	465	436	364	325	250	248	270	300	299	306	257	203	114	63	167	278	415	509	600	653	654	627	578	515	457	400	454	534	599	735	844	819	876	847	794	746	711	603	616	629	822	897	793	891	695	1000	898	902	745	687	578	698	615	818	777	799	818	745	690	633	573	557	532	517	512	526	505	522	450	443	404	332	301	265	233	207	205	179	139	102
64	170	2	2	119	0	1953125	12	0.0	6890	2.20	0	0	V0.2	0	0	27	45	43	57	65	41	58	39	45	40	34	54	20	69	34	62	40	56	51	42	93	77	91	90	98	122	38	100	92	147	58	115	104	96	143	247	368	196	283	197	350	345	449	591	465	398	252	471	481	445	632	745	1000	820	515	282	188	336	113	247	234	320	213	223	303	204	210	85	175	127	103	120	98	129	44	118	59	79	43	79	70	66	88	70	70
64	170	2	2	119	0	1953125	12	0.0	6893	2.20	0	0	V0.2	0	0	35	63	50	55	53	59	61	46	32	50	20	61	5	69	16	69	38	72	63	39	95	44	122	53	138	86	85	64	138	147	55	132	53	171	137	367	358	258	288	247	417	362	589	613	527	433	230	549	451	592	581	867	1000	764	548	196	285	259	184	259	343	362	140	306	249	293	177	141	183	88	137	76	165	58	113	74	90	55	90	112	74	100	86	117	76
64	170	1	2	119	0	1953125	12	0.0	6893	2.20	0	0	V0.2	0	0	40	37	79	22	89	14	79	13	65	26	56	46	52	52	55	53	55	50	56	54	79	99	60	118	53	129	38	140	84	154	78	125	131	132	263	287	455	239	336	300	431	489	532	699	511	340	271	540	602	483	723	757	1000	804	391	245	171	286	74	362	314	314	193	276	369	216	218	87	197	124	106	123	94	116	59	139	59	90	52	104	73	74	95	85	81
64	170	1	2	119	0	1953125	12	0.0	6943	2.21	0	0	V0.2	0	0	70	31	91	42	89	48	77	40	62	14	60	23	74	14	59	22	46	36	56	62	46	92	43	122	41	145	34	87	50	143	67	80	69	130	173	327	456	249	393	296	509	479	604	725	518	447	299	686	646	677	742	774	1000	690	415	197	209	192	243	441	392	392	135	367	304	251	171	143	210	67	138	52	146	54	153	107	54	34	84	89	54	96	77	100	69
64	170	1	2	119	0	1953125	12	0.0	6940	2.21	0	0	V0.2	0	0	40	45	52	60	85	33	71	35	60	28	37	50	32	54	26	50	23	46	43	14	75	52	85	65	102	115	37	46	90	126	20	75	22	150	147	373	375	246	359	314	519	468	646	696	494	441	309	657	598	669	738	790	1000	703	461	291	249	236	119	361	320	345	119	292	287	199	166	97	213	84	130	80	135	100	126	164	68	62	23	89	44	73	62	52	36
64	170	1	2	119	0	1953125	12	0.0	6943	2.21	0	0	V0.2	0	0	62	38	93	13	107	13	92	19	80	14	65	20	58	36	65	10	26	41	51	41	44	80	42	101	37	136	60	71	41	111	46	74	33	164	211	317	431	194	374	315	521	542	596	700	438	334	348	702	741	664	846	791	1000	735	369	316	191	184	148	486	404	367	205	300	378	192	190	79	206	110	128	127	110	128	108	180	61	64	46	97	55	72	84	49	44
64	170	1	2	119	0	1953125	12	0.0	619	1.13	0	0	V0.2	0	0	145	209	276	333	366	360	325	273	229	210	177	202	244	231	245	184	152	62	43	116	248	320	393	442	506	527	465	415	376	324	333	356	438	493	572	581	690	550	738	497	626	583	445	640	470	680	369	898	789	614	696	603	999	476	502	578	357	592	508	931	224	648	530	648	486	470	384	395	436	394	377	373	365	360	342	337	263	203	203	167	187	166	116	92	84
64	170	1	2	119	0	1953125	12	0.0	572	1.12	0	0	V0.2	0	0	33	47	9	63	4	58	10	56	8	46	12	46	20	47	30	56	15	30	28	24	54	32	98	16	97	31	83	37	83	82	16	43	56	166	100	239	242	167	182	36	189	153	91	49	145	190	282	576	759	1000	829	849	875	825	752	435	694	874	814	634	354	380	254	181	67	137	144	47	95	81	170	92	157	141	112	111	54	93	42	71	59	63	48	41	50
64	170	1	2	119	0	1953125	12	0.0	547	1.11	0	0	V0.2	0	0	38	26	54	16	68	12	59	15	56	14	41	37	47	39	48	33	37	28	41	48	50	84	44	107	6	99	10	110	53	59	26	85	137	96	240	171	254	238	47	112	81	199	5	152	161	79	256	720	877	890	961	831	1000	934	658	537	671	991	781	556	459	295	359	137	109	61	138	89	71	109	92	148	92	171	110	110	96	70	80	45	86	52	65	47	58
64	170	1	2	119	0	1953125	12	0.0	522	1.11	0	0	V0.2	0	0	27	25	45	26	54	25	51	24	48	20	31	42	36	43	37	40	31	30	42	46	57	71	53	97	24	86	28	104	30	61	8	95	114	102	215	128	228	177	54	63	72	169	45	136	89	31	267	731	840	928	951	809	999	897	708	521	661	962	772	624	458	338	357	148	134	45	149	72	77	73	119	127	105	164	95	138	87	99	77	65	87	59	77	50	69
64	170	1	2	119	0	1953125	12	0.0	499	1.11	0	0	V0.2	0	0	21	26	42	26	56	25	54	22	47	25	34	43	39	40	32	43	36	40	50	54	55	75	41	89	26	89	28	107	30	58	35	106	131	85	208	121	175	167	29	35	49	124	60	134	46	91	308	754	855	898	925	766	952	875	690	566	697	1000	814	653	508	361	389	184	162	45	129	92	50	64	88	116	80	150	89	134	91	90	86	61	84	54	78	53	66
64	170	1	2	119	0	1953125	12	0.0	234	1.06	0	0	V0.2	0	0	40	40	27	68	20	67	17	63	8	55	11	56	10	51	8	57	30	44	54	55	35	80	11	96	42	87	34	89	104	15	37	46	87	72	148	191	146	360	227	177	220	259	313	217	286	424	617	990	908	840	864	661	889	804	606	454	645	999	740	587	563	323	390	261	236	245	125	250	184	170	177	79	160	79	92	71	44	71	33	87	52	67	64	49	59
64	170	2	2	119	0	1953125	12	0.0	259	1.06	0	0	V0.2	0	0	36	50	20	74	12	73	16	64	5	54	23	58	23	50	32	54	26	49	46	40	79	23	106	22	100	36	101	32	105	104	20	43	33	129	46	212	157	332	292	157	266	239	316	223	246	325	640	1000	903	995	833	734	912	853	802	364	704	883	875	646	471	487	259	327	256	177	212	145	256	134	159	101	113	123	35	74	30	78	26	84	56	69	54	55	57
64	170	2	2	119	0	1953125	12	0.0	209	1.06	0	0	V0.2	0	0	33	20	55	22	68	23	66	12	59	19	55	24	45	38	58	36	56	43	52	60	20	88	9	85	31	99	18	109	75	37	31	66	132	46	196	107	304	317	227	269	204	387	235	301	196	416	680	817	1000	889	728	759	803	953	689	400	530	963	788	573	616	339	390	257	266	266	140	234	162	223	150	127	154	89	134	25	88	28	73	49	74	68	51	70	50
64	170	2	2	119	0	1953125	12	0.0	234	1.06	0	0	V0.2	0	0	14	46	34	52	55	45	48	41	38	43	32	47	25	52	24	52	33	46	53	47	55	76	42	89	38	90	42	115	39	95	56	59	116	74	151	81	311	253	330	280	238	334	281	428	208	299	516	771	1000	868	815	680	764	879	747	545	291	702	611	555	584	314	357	211	256	239	131	204	130	193	115	104	114	73	108	14	80	23	72	43	71	67	48	60	44
64	170	2	2	119	0	1953125	12	0.0	181	1.05	0	0	V0.2	0	0	36	4	59	38	54	52	45	61	26	52	33	55	34	63	30	73	28	54	56	44	60	56	59	87	36	104	20	134	79	56	61	23	127	81	153	152	174	378	228	267	244	252	417	405	321	299	517	962	943	1000	920	597	751	738	895	721	100	324	399	623	591	304	312	205	270	273	113	172	98	131	137	52	129	44	106	71	59	79	36	80	47	69	67	59	70
64	170	2	2	119	0	1953125	12	0.0	494	1.10	0	0	V0.2	0	0	11	27	34	38	41	44	32	38	15	35	24	31	42	26	50	21	51	30	34	49	9	63	21	77	47	115	46	132	28	72	11	88	58	38	24	124	82	295	283	494	379	451	566	653	657	416	504	686	1000	854	693	244	456	342	225	62	744	919	789	651	417	514	373	392	176	190	123	134	94	50	21	87	26	109	59	80	49	56	43	49	46	42	45	32	30
64	170	2	2	119	0	1953125	12	0.0	254	1.06	0	0	V0.2	0	0	26	53	53	45	76	24	74	16	68	26	68	38	80	25	78	34	75	54	61	82	71	72	90	50	104	36	128	63	183	153	115	177	120	234	195	187	330	296	486	399	287	259	264	481	388	212	334	639	1000	939	718	392	522	735	648	479	497	851	859	763	771	541	446	506	347	352	252	233	273	143	174	107	121	129	65	115	56	110	79	89	97	59	88	64	82
64	170	2	2	119	0	1953125	12	0.0	279	1.07	0	0	V0.2	0	0	44	49	33	64	35	72	31	63	37	56	49	46	64	47	58	41	59	54	52	68	64	73	76	73	83	75	80	91	157	115	189	121	134	148	107	206	96	285	199	357	251	143	241	295	365	172	362	563	960	1000	737	396	425	769	842	666	373	694	714	796	792	461	456	339	373	316	180	202	126	192	69	119	73	128	87	86	91	68	99	61	99	56	81	60	72
64	170	2	2	119	0	1953125	12	0.0	104	1.04	0	0	V0.2	0	0	30	40	14	55	3	60	13	51	15	47	14	46	12	56	19	48	26	37	35	24	50	46	58	74	54	112	48	128	77	86	72	78	177	128	181	158	233	340	241	318	204	169	313	364	469	379	394	529	716	1000	809	666	444	415	613	391	327	305	47	144	189	170	117	142	107	112	139	56	80	40	84	79	39	67	26	82	41	57	48	39	55	27	58	42	53
64	170	2	2	119	0	1953125	12	0.0	0	1.02	0	0	V0.2	0	0	86	114	91	114	104	120	115	124	114	113	110	96	115	80	139	78	168	90	179	97	174	85	157	59	163	34	198	29	214	29	248	37	308	138	276	125	329	238	395	214	327	101	409	288	594	412	550	402	733	839	1000	745	741	226	363	191	646	496	404	131	144	90	310	106	254	35	254	77	270	46	198	8	192	25	183	30	162	41	151	52	138	67	135	80	136
64	170	2	2	119	0	1953125	12	0.0	24	1.02	0	0	V0.2	0	0	42	13	48	21	57	25	54	23	51	17	50	17	57	20	57	25	54	41	53	71	48	99	42	120	36	137	71	136	93	117	130	140	247	197	260	178	294	315	283	363	172	208	256	493	548	583	584	554	823	950	1000	716	459	144	418	273	290	427	109	106	95	146	220	158	164	75	174	116	151	77	81	74	67	91	36	81	31	73	34	60	38	43	40	34	37
64	170	1	2	119	0	1953125	12	0.0	224	1.06	0	0	V0.2	0	0	46	14	54	8	71	3	69	12	62	31	50	50	41	64	37	72	47	64	60	43	69	20	78	3	97	7	106	35	131	57	97	77	176	204	206	274	255	414	357	499	291	281	349	568	672	656	691	663	959	1000	918	465	67	327	790	542	198	127	412	578	430	297	83	206	135	223	105	157	127	162	154	96	126	83	121	56	100	56	98	59	87	57	73	53	60
64	170	1	2	119	0	1953125	12	0.0	274	1.07	0	0	V0.2	0	0	41	17	61	8	65	6	65	7	54	20	51	34	50	43	49	46	54	53	57	61	63	76	40	80	37	78	40	76	52	111	63	87	43	155	152	173	249	263	446	388	393	263	329	451	532	607	445	643	731	1000	835	348	97	415	814	516	235	243	520	564	514	312	179	247	174	234	119	183	156	147	140	64	123	58	105	41	99	57	81	62	63	62	50	59	53
64	170	1	2	119	0	1953125	12	0.0	326	1.08	0	0	V0.2	0	0	21	27	48	20	55	17	55	17	43	29	34	38	26	48	27	42	26	43	47	43	70	51	66	63	57	63	41	48	57	86	66	97	14	129	100	196	181	278	389	392	437	286	348	382	514	541	412	581	674	1000	839	477	232	264	592	353	97	234	383	400	402	200	135	152	101	158	63	150	106	122	89	57	86	46	76	32	78	34	64	37	54	41	46	47	47
64	170	1	2	119	0	1953125	12	0.0	204	1.05	0	0	V0.2	0	0	18	39	1	52	15	52	19	47	19	45	17	48	11	53	19	54	31	46	45	35	43	45	42	56	45	73	39	93	43	90	55	53	103	97	161	83	244	241	271	336	154	165	205	389	447	397	510	557	838	1000	818	503	132	439	562	394	94	166	195	301	361	154	114	172	119	176	62	87	59	97	115	49	103	43	94	54	60	64	50	70	37	67	47	48	40
64	170	1	2	119	0	1953125	12	0.0	7153	2.25	0	0	V0.2	0	0	9	19	18	20	28	31	20	16	16	11	12	11	14	14	17	11	17	12	9	5	23	30	15	45	18	55	19	46	63	41	57	95	18	46	130	163	22	125	138	311	40	235	173	197	84	151	272	386	501	1000	716	174	321	334	874	800	701	785	370	409	461	347	163	133	61	80	23	22	69	37	51	47	40	59	38	11	23	10	28	6	19	9	12	11	6
64	170	1	2	119	0	1953125	12	0.0	179	1.05	0	0	V0.2	0	0	117	207	275	323	344	332	326	274	231	176	182	197	214	222	214	194	135	82	44	114	212	290	401	436	463	485	417	440	371	343	319	320	339	487	521	590	640	688	596	513	536	572	468	352	632	577	665	602	619	674	568	322	1000	643	636	288	457	829	159	733	475	660	557	597	406	402	439	377	388	381	347	350	373	359	338	298	223	230	202	178	154	146	99	87	89
64	170	1	2	119	0	1953125	12	0.0	106	1.04	0	0	V0.2	0	0	24	46	39	42	52	36	55	28	47	33	37	41	33	49	40	37	36	34	39	37	44	58	49	84	48	115	46	125	61	95	84	116	183	119	191	112	237	292	222	283	163	265	289	377	380	266	410	529	856	999	870	604	402	616	651	438	111	267	113	178	230	57	121	120	134	178	85	102	24	90	75	74	73	51	88	39	80	39	59	47	41	52	34	51	39
64	170	1	2	119	0	1953125	12	0.0	11569	3.00	0	0	V0.2	0	0	12	11	20	28	21	23	23	28	9	20	12	15	15	19	19	20	6	19	13	15	21	20	21	39	21	43	65	27	78	27	22	91	67	120	64	165	179	344	254	388	360	213	389	540	391	279	452	583	732	896	999	727	681	31	549	408	532	704	464	372	463	228	14	54	150	144	104	35	55	28	22	57	11	56	24	7	31	26	8	24	5	14	17	19	7
64	170	1	2	119	0	1953125	12	0.0	91	1.04	0	0	V0.2	0	0	159	221	317	357	409	393	363	334	246	220	222	220	257	250	267	217	156	80	47	138	227	354	433	513	541	535	547	472	430	375	306	389	453	548	599	645	691	816	647	692	609	537	637	478	545	589	739	797	603	761	1000	775	517	609	816	584	615	355	764	690	636	668	592	555	535	520	488	444	402	438	427	458	418	382	348	346	256	254	237	200	178	164	145	122	103
64	170	1	2	119	0	1953125	12	0.0	154	1.05	0	0	V0.2	0	0	29	9	51	15	62	15	57	9	50	18	38	30	31	42	34	45	35	33	38	33	40	43	61	60	63	71	60	81	37	89	14	74	65	187	125	112	198	195	297	128	198	103	315	400	426	474	426	713	754	1000	711	281	66	80	581	491	301	52	295	477	633	505	391	429	290	359	218	189	119	105	137	77	120	33	98	28	77	29	63	39	50	45	41	50	37
64	170	1	2	119	0	1953125	12	0.0	482	1.10	0	0	V0.2	0	0	10	26	22	37	20	48	14	38	16	27	29	15	42	3	44	4	28	10	25	29	42	45	53	53	60	47	58	40	61	26	66	42	155	200	237	297	287	426	310	353	244	418	430	603	506	412	411	349	337	208	318	767	1000	762	482	333	554	484	267	103	261	125	222	153	132	102	50	12	111	89	92	94	75	99	53	82	39	65	29	53	21	47	24	49	38
64	170	1	2	119	0	1953125	12	0.0	37079	7.38	0	0	V0.2	0	0	65	83	60	58	17	2	-12	-27	-41	-56	-68	-76	-80	-84	-86	-94	-88	-81	-78	-75	-69	-56	-43	-29	-13	-2	15	30	42	55	67	74	85	93	97	96	96	92	88	83	74	64	53	41	22	7	-11	-31	-46	-53	-64	-78	-86	-89	-101	-103	-102	-101	-102	-93	-82	-69	-54	-37	-23	-8	2	8	21	35	48	60	67	73	74	78	76	74	75	72	69	60	52	39	32
64	170	2	2	119	0	1953125	12	0.0	502	1.11	0	0	V0.2	0	0	170	299	415	469	496	489	461	399	323	275	271	298	296	314	325	279	225	78	46	172	295	445	574	638	685	682	662	602	519	466	431	467	561	684	781	855	869	907	891	842	758	690	692	701	739	694	881	927	1000	832	952	953	800	729	806	689	655	704	867	773	807	809	801	736	662	628	593	546	555	528	584	515	534	484	461	385	365	343	277	225	239	215	189	160	105
64	170	2	2	119	0	1953125	12	0.0	22739	4.92	0	0	V0.2	0	0	19	12	7	16	28	27	21	8	19	22	8	3	14	29	13	9	14	7	10	13	45	11	33	13	59	34	38	40	32	52	83	35	29	93	124	94	67	53	237	117	288	134	147	327	103	33	38	146	178	395	181	509	515	562	1000	680	519	284	365	510	273	229	270	156	199	50	57	67	43	62	89	23	13	3	34	42	43	25	3	20	23	24	19	19	5
64	170	2	2	119	0	1953125	12	0.0	9028	2.57	0	0	V0.2	0	0	171	287	361	450	480	449	439	375	291	269	257	277	295	307	304	254	192	107	57	170	303	411	529	603	631	645	626	570	507	422	400	466	526	617	759	794	831	857	861	766	744	658	592	656	714	734	752	914	952	738	1000	708	878	656	788	599	721	642	799	699	794	749	724	713	669	597	534	501	499	546	527	499	514	458	380	431	329	282	275	242	212	206	169	145	97
64	170	2	2	119	0	1953125	12	0.0	14999	3.59	0	0	V0.2	0	0	2	28	14	23	23	38	32	14	22	24	27	13	21	35	16	15	17	27	3	13	44	27	29	40	59	59	21	75	37	34	72	60	112	16	61	84	185	68	260	88	354	181	352	140	331	275	612	266	70	380	551	519	106	552	868	808	928	1000	408	116	161	179	60	37	97	29	81	35	34	43	57	18	9	36	24	70	87	27	23	6	3	22	17	31	9
64	170	2	2	119	0	1953125	12	0.0	424	1.09	0	0	V0.2	0	0	171	241	347	422	460	440	425	334	291	258	242	276	289	310	292	241	199	88	32	163	295	406	464	588	628	616	612	535	458	413	404	449	507	556	676	757	891	771	856	731	665	657	591	592	673	731	709	733	1000	865	783	828	743	815	495	625	644	745	698	700	826	690	648	675	628	567	519	515	481	506	484	475	479	441	389	371	368	269	263	208	197	171	188	142	101
64	170	2	2	119	0	1953125	12	0.0	0	1.02	0	0	V0.2	0	0	5	32	31	31	46	21	46	12	42	6	42	9	47	23	43	37	26	36	33	21	60	26	68	73	28	77	23	67	15	102	152	118	164	185	101	151	53	94	88	33	203	310	398	524	475	418	401	268	564	762	1000	819	617	561	382	449	666	649	492	409	207	304	258	284	350	244	228	211	91	138	87	71	101	45	107	67	51	70	36	73	54	47	66	44	56
64	170	2	2	119	0	1953125	12	0.0	366	1.08	0	0	V0.2	0	0	68	38	80	33	98	18	96	20	85	54	60	84	39	92	35	96	60	89	84	83	96	101	100	122	88	171	129	192	138	169	157	162	240	194	299	179	293	156	353	283	484	313	301	172	377	312	583	463	608	513	754	746	1000	987	996	752	725	644	656	659	589	640	534	576	365	446	277	312	142	225	137	210	106	160	85	139	63	108	61	106	71	102	75	91	69
64	170	2	2	119	0	1953125	12	0.0	409	1.09	0	0	V0.2	0	0	10	24	26	34	39	31	38	28	31	22	14	37	13	39	11	33	7	24	23	14	46	13	58	37	51	32	79	25	114	101	84	147	113	188	127	163	254	158	192	66	30	155	207	261	446	487	400	350	160	195	293	544	732	1000	871	707	762	692	711	502	328	260	204	317	243	253	155	89	79	40	78	57	100	18	78	28	63	36	46	44	35	49	22	35	22
64	170	2	2	119	0	1953125	12	0.0	0	1.02	0	0	V0.2	0	0	152	117	139	121	148	140	147	161	131	164	95	158	77	163	82	190	105	213	106	215	122	162	115	132	96	152	126	180	188	181	212	155	304	120	289	122	390	240	430	286	487	575	550	664	300	519	319	452	361	631	405	816	756	1000	617	614	840	595	648	377	565	367	455	217	231	170	178	170	161	170	139	214	81	201	61	217	20	198	34	184	50	170	69	175	104
64	170	2	2	119	0	1953125	12	0.0	0	1.01	0	0	V0.2	0	0	183	104	179	104	186	124	201	134	191	131	165	131	134	160	128	198	136	230	138	236	102	225	63	197	25	199	95	215	163	256	194	305	213	242	215	336	427	402	445	378	365	370	672	566	775	840	1000	981	919	507	580	542	699	328	665	594	865	405	473	100	375	188	432	190	445	161	415	75	303	44	242	102	211	138	181	163	155	182	128	185	95	194	76	202	77
64	170	2	2	119	0	1953125	12	0.0	11582	3.01	0	0	V0.2	0	0	6	11	19	17	24	12	25	14	17	12	13	9	17	7	21	14	11	7	8	5	27	21	31	31	28	32	26	14	61	5	52	35	52	60	94	160	47	43	128	104	206	257	203	42	250	273	370	280	116	422	439	491	413	711	1000	576	389	58	251	305	84	78	49	103	98	77	35	76	12	57	36	39	23	10	18	14	14	8	18	12	13	10	10	16	4
64	170	2	2	119	0	1953125	12	0.0	11405	2.98	0	0	V0.2	0	0	18	66	131	37	83	13	112	82	47	31	98	43	56	29	93	60	73	74	56	13	30	116	116	119	120	98	172	57	179	162	85	69	83	114	186	282	224	291	374	296	148	52	174	492	831	808	547	417	44	472	540	724	874	601	288	420	895	999	776	537	148	349	506	302	199	85	261	276	126	37	67	110	114	89	59	62	67	152	139	63	47	38	49	37	67
64	170	2	2	119	0	1953125	12	0.0	18500	4.19	0	0	V0.2	0	0	4	10	19	41	37	37	19	33	30	16	10	22	33	22	19	9	36	45	15	25	41	4	42	31	72	80	26	91	69	35	151	49	81	90	192	68	231	140	307	85	217	310	48	141	283	429	307	303	403	196	211	555	1000	434	652	350	273	248	797	145	130	315	193	55	66	17	27	15	112	127	35	21	25	125	45	92	117	43	29	12	41	48	20	16	47
64	170	2	2	119	0	1953125	12	0.0	487	1.10	0	0	V0.2	0	0	180	251	361	438	458	435	424	366	292	256	253	263	293	296	306	251	173	87	32	162	274	416	496	589	614	637	593	548	484	409	404	413	506	576	737	770	822	842	815	748	682	637	649	537	644	711	834	855	919	688	1000	732	755	659	605	893	518	690	672	733	733	737	753	641	591	560	564	510	489	499	491	473	468	459	432	354	313	297	258	229	206	186	171	135	100
64	170	2	2	119	0	1953125	12	0.0	316	1.07	0	0	V0.2	0	0	16	40	21	45	34	42	42	37	45	39	43	44	44	43	51	37	52	36	38	45	24	78	26	106	57	120	109	90	134	103	163	152	159	248	181	255	227	184	239	76	132	77	185	218	271	380	307	311	97	434	532	795	916	906	967	935	949	1000	708	470	297	157	189	42	88	55	144	135	98	144	63	105	67	79	83	46	82	40	72	53	61	66	48	69	54
64	170	2	2	119	0	1953125	12	0.0	16060	3.78	0	0	V0.2	0	0	13	18	17	36	21	36	32	23	21	18	19	18	16	28	10	28	12	9	4	15	38	18	40	43	19	67	20	66	53	59	21	30	132	194	202	77	166	437	208	234	89	140	177	116	353	445	868	830	844	634	495	891	998	981	515	548	796	1000	669	241	178	133	82	170	132	69	107	106	76	125	58	46	48	24	31	9	29	18	14	23	8	18	14	19	11
64	170	2	2	119	0	1953125	12	0.0	11544	3.00	0	0	V0.2	0	0	183	294	377	463	478	472	445	389	318	246	265	268	304	332	308	284	195	99	49	168	289	427	534	613	677	653	640	605	517	442	411	460	470	698	773	807	862	871	939	797	717	622	657	692	660	746	843	947	1000	863	752	826	913	622	841	829	601	578	777	740	849	796	728	740	671	596	561	529	533	532	524	529	479	483	440	396	350	300	312	233	204	179	199	145	95
64	170	2	2	119	0	1953125	12	0.0	10733	2.86	0	0	V0.2	0	0	96	108	27	82	51	131	150	25	62	42	101	69	58	110	89	68	18	48	20	26	108	161	85	105	75	145	293	193	54	130	67	188	331	232	125	333	243	548	749	532	250	177	138	552	766	614	401	396	467	744	783	813	1000	836	383	331	482	336	426	497	331	278	198	329	472	357	85	92	61	148	266	255	156	71	151	226	157	22	95	72	33	64	46	67	77
64	170	2	2	119	0	1953125	12	0.0	29195	6.03	0	0	V0.2	0	0	14	88	68	-6	-91	87	136	193	205	157	105	72	31	15	27	29	31	27	-7	-34	-40	-44	-55	-69	-69	-72	-59	-73	-112	-130	-136	-118	-121	-82	-83	-63	-34	-39	-31	-45	-43	-71	-62	-39	2	36	71	83	96	82	70	58	73	92	130	130	140	124	113	72	66	55	68	70	46	-6	-12	-27	-33	-56	-63	-62	-57	-77	-102	-103	-111	-93	-81	-85	-91	-95	-79	-91	-95
64	170	2	2	119	0	1953125	12	0.0	8103	2.41	0	0	V0.2	0	0	182	271	399	468	499	496	433	386	327	269	281	281	312	318	333	290	220	79	56	161	319	426	547	642	687	693	649	592	508	451	428	457	530	666	778	839	914	893	876	866	724	687	596	652	734	790	809	1000	950	966	847	821	764	717	841	611	768	737	803	755	795	773	706	725	683	644	578	568	554	508	540	540	480	489	453	390	348	332	277	260	213	195	192	168	100
64	170	2	2	119	0	1953125	12	0.0	11527	3.00	0	0	V0.2	0	0	12	16	45	62	27	20	29	20	20	24	25	20	24	15	26	39	6	26	26	15	17	33	25	94	28	33	73	61	19	107	53	103	56	66	131	72	214	96	309	75	322	176	407	186	239	475	228	999	323	288	286	282	271	162	106	548	655	803	270	184	144	68	253	92	125	64	51	36	97	39	48	49	10	48	46	61	117	49	17	31	33	26	22	11	47
64	170	2	2	119	0	1953125	12	0.0	174	1.05	0	0	V0.2	0	0	154	266	346	423	475	443	399	361	300	257	234	258	290	290	276	251	206	96	54	152	277	380	505	570	619	633	606	551	479	417	383	407	512	585	707	780	826	837	842	720	659	624	646	614	593	722	736	940	921	900	691	713	801	603	999	441	650	577	900	716	672	652	689	709	650	570	493	526	488	495	509	455	468	418	436	384	312	279	259	228	199	209	162	144	64
64	170	2	2	119	0	1953125	12	0.0	224	1.06	0	0	V0.2	0	0	33	52	44	53	50	52	52	50	43	60	39	66	35	75	33	76	53	78	75	70	106	66	130	85	139	98	135	138	119	151	116	170	106	139	167	192	227	187	261	202	313	298	364	282	181	174	191	412	604	1000	912	881	730	793	848	608	377	58	100	125	277	204	202	197	158	230	146	182	121	139	131	95	123	71	109	45	91	51	81	63	71	69	63	73	58
64	170	2	2	119	0	1953125	12	0.0	249	1.06	0	0	V0.2	0	0	45	26	57	35	56	38	52	33	50	28	56	29	68	35	67	36	68	57	69	87	66	107	58	129	65	131	90	138	127	141	201	174	217	169	190	196	166	182	179	247	207	382	437	522	508	419	369	270	596	819	1000	816	660	591	462	321	60	237	299	353	287	375	296	324	316	234	247	139	168	134	134	135	110	140	76	111	68	97	65	78	73	67	73	58	63
64	170	2	2	119	0	1953125	12	0.0	0	1.00	0	0	V0.2	0	0	87	110	82	111	91	120	102	118	108	104	99	88	94	89	107	97	134	103	145	91	139	63	125	33	114	44	133	66	163	66	218	70	197	144	209	185	229	106	207	178	246	244	93	241	64	270	194	543	621	999	891	814	556	632	548	367	277	141	334	110	249	72	207	82	140	89	140	62	162	90	129	101	110	114	91	116	76	115	67	105	64	103	73	113	74
64	170	2	2	119	0	1953125	12	0.0	0	1.00	0	0	V0.2	0	0	2	39	25	50	40	48	42	39	36	37	27	43	24	49	29	43	33	33	36	32	43	50	48	71	40	90	27	122	41	116	77	65	130	55	142	11	168	251	280	338	205	374	430	479	500	390	453	241	342	272	316	449	427	486	331	687	929	1000	884	546	527	328	325	317	256	325	188	201	145	104	143	55	124	37	114	66	83	77	54	78	37	71	42	55	42
64	170	2	2	119	0	1953125	12	0.0	497	1.10	0	0	V0.2	0	0	13	29	27	44	25	48	19	42	27	21	41	3	46	24	38	32	23	33	33	22	63	28	93	27	92	38	55	81	71	99	99	35	94	20	38	188	112	239	146	249	202	272	384	432	485	316	213	162	360	606	681	563	742	828	1000	859	869	618	540	373	290	100	151	48	88	35	132	86	159	63	130	53	127	57	128	60	99	39	74	25	58	31	55	36	49
64	170	2	2	119	0	1953125	12	0.0	254	1.06	0	0	V0.2	0	0	23	45	5	65	21	61	37	49	39	43	34	53	40	50	50	40	54	33	39	51	15	78	26	97	70	57	79	24	70	27	123	129	122	175	93	159	166	141	178	130	240	167	277	345	179	160	41	220	298	288	480	502	887	977	997	1000	710	713	679	583	598	390	360	377	270	322	210	196	182	74	143	77	141	117	86	115	50	97	64	81	86	55	84	65	80
64	170	2	2	119	0	1953125	12	0.0	27164	5.68	0	0	V0.2	0	0	-12	-6	-14	-4	10	97	98	93	88	84	74	65	55	42	27	15	-2	-24	-39	-54	-68	-76	-90	-94	-96	-96	-96	-90	-81	-71	-59	-37	-12	11	32	54	81	109	126	140	157	172	186	188	190	182	169	159	144	120	99	76	57	36	9	-26	-56	-82	-104	-128	-138	-154	-160	-167	-165	-164	-159	-146	-128	-105	-79	-53	-22	9	38	67	102	128	154	177	194	208	222	226	223
64	170	2	2	119	0	1953125	12	0.0	244	1.06	0	0	V0.2	0	0	180	284	403	460	485	484	467	399	312	285	275	274	318	331	327	286	204	89	37	172	329	451	533	622	672	695	631	599	545	452	432	457	554	653	784	794	905	931	882	844	753	650	672	694	722	734	870	812	1000	975	946	855	775	776	781	727	631	774	682	937	757	787	785	735	669	603	578	539	552	532	562	527	535	468	446	405	355	317	270	230	245	215	192	152	104
64	170	2	2	119	0	1953125	12	0.0	22749	4.92	0	0	V0.2	0	0	7	21	19	22	35	33	25	16	18	16	15	16	14	30	7	23	9	19	10	4	32	36	18	47	17	76	19	73	63	79	101	108	187	90	121	283	210	213	141	174	264	428	410	212	370	456	526	604	747	1000	545	453	303	261	177	628	692	662	502	395	161	148	46	42	110	47	117	76	98	48	42	35	35	41	17	38	15	26	9	20	9	21	9	20	6
64	170	2	2	119	0	1953125	12	0.0	7126	2.24	0	0	V0.2	0	0	164	255	379	424	469	449	427	362	287	264	224	277	275	302	300	240	196	95	61	145	276	404	505	589	627	638	613	553	479	429	392	427	524	618	703	782	846	781	836	757	738	644	638	549	659	774	828	696	846	1000	828	863	755	657	517	819	725	577	689	790	713	793	700	648	626	596	538	520	492	483	498	502	505	434	412	371	328	293	279	227	199	183	170	139	120
64	170	2	2	119	0	1953125	12	0.0	1	1.02	0	0	V0.2	0	0	152	259	351	396	409	437	388	341	260	236	242	250	242	284	304	246	159	79	31	137	245	398	478	542	543	598	590	501	468	367	320	399	502	608	639	663	683	809	855	709	704	685	285	690	615	794	541	975	766	769	1000	818	618	586	821	731	770	768	573	744	779	718	553	596	539	567	535	484	439	436	490	473	478	376	357	344	291	281	261	191	190	167	177	152	108
64	170	2	2	119	0	1953125	12	0.0	0	1.00	0	0	V0.2	0	0	38	27	37	50	30	61	18	55	16	48	24	44	31	50	30	54	28	48	43	33	67	18	84	26	89	48	77	88	35	80	27	98	92	140	228	155	238	171	252	193	198	157	83	212	83	139	188	197	500	572	632	491	512	755	921	1000	811	749	603	375	371	251	308	206	180	196	115	174	80	127	96	95	126	78	133	75	115	89	73	87	53	80	52	70	55
64	170	2	2	119	0	1953125	12	0.0	49	1.03	0	0	V0.2	0	0	14	42	9	53	17	56	19	50	13	41	4	39	9	38	15	36	13	24	17	16	35	18	51	33	60	40	62	41	76	38	105	79	89	83	4	131	50	224	131	220	137	211	295	180	277	183	234	152	383	368	307	302	195	339	439	753	917	1000	910	617	551	359	343	187	140	115	83	116	72	121	57	137	85	127	96	86	92	59	82	46	75	46	64	49	58
64	170	2	2	119	0	1953125	12	0.0	224	1.06	0	0	V0.2	0	0	18	33	34	40	41	40	37	35	17	38	10	44	23	48	25	41	25	34	30	39	40	46	44	52	43	52	34	56	21	83	85	92	121	40	144	59	170	129	242	136	199	185	260	232	199	306	186	262	332	712	645	713	700	914	1000	829	598	234	114	74	192	157	214	146	244	177	186	147	95	112	35	76	56	100	63	104	56	93	53	72	47	65	52	60	53
64	170	2	2	119	0	1953125	12	0.0	35993	7.20	0	0	V0.2	0	0	-42	-42	-27	-24	213	199	178	156	134	107	82	52	21	-10	-41	-63	-91	-112	-129	-143	-148	-150	-152	-151	-147	-140	-128	-107	-87	-68	-48	-22	-3	13	30	45	55	69	78	87	93	94	91	81	70	56	43	38	25	12	3	-13	-30	-45	-47	-46	-48	-47	-43	-35	-30	-23	-16	-2	11	27	38	51	62	65	70	69	67	69	66	57	51	42	27	13	-5	-19	-45	-57	-69
64	170	2	2	119	0	1953125	12	0.0	0	1.01	0	0	V0.2	0	0	209	283	419	467	536	493	490	401	354	307	269	299	325	342	321	286	207	106	70	173	334	468	560	658	700	720	708	619	553	483	476	512	588	696	783	891	911	971	947	883	762	802	733	670	687	938	862	929	1000	957	970	868	903	880	745	733	733	769	854	782	846	861	815	757	719	697	630	560	578	568	559	544	564	531	466	426	368	337	291	290	247	195	202	158	116
64	170	2	2	119	0	1953125	12	0.0	0	1.00	0	0	V0.2	0	0	32	50	7	64	6	68	13	61	15	54	13	56	16	62	17	66	32	52	48	34	71	33	89	57	81	80	63	112	40	111	62	102	158	125	249	129	279	241	289	258	209	235	142	235	131	332	326	442	746	871	1000	723	636	606	565	689	653	639	526	327	414	324	354	215	141	120	66	112	64	132	53	116	98	90	108	42	93	43	67	48	46	55	35	56	38
64	170	2	2	119	0	1953125	12	0.0	119	1.04	0	0	V0.2	0	0	14	38	18	45	21	49	14	47	13	48	21	47	31	50	33	46	37	44	41	48	56	50	64	46	70	44	77	40	80	32	92	52	107	96	125	114	65	33	106	173	191	307	197	267	283	284	321	176	123	134	162	293	507	508	698	755	974	1000	785	574	318	323	159	162	76	78	56	117	117	124	149	99	144	70	110	57	94	61	76	68	68	69	56	66	52
64	170	2	2	119	0	1953125	12	0.0	106	1.04	0	0	V0.2	0	0	28	50	8	64	3	72	10	63	15	58	28	62	36	68	36	67	32	49	45	34	58	16	85	8	104	22	107	44	90	85	61	113	60	144	27	103	138	165	203	10	33	121	37	121	325	349	512	619	688	1000	887	894	814	838	848	489	300	276	413	393	560	458	455	467	369	412	284	266	221	150	170	78	141	75	140	94	119	99	84	96	65	87	54	78	61
64	170	2	2	119	0	1953125	12	0.0	25259	5.35	0	0	V0.2	0	0	-8	-22	-22	-42	-33	199	237	275	309	336	350	353	352	343	327	301	268	228	188	138	88	34	-17	-75	-128	-176	-221	-256	-284	-310	-326	-331	-325	-318	-295	-273	-247	-215	-177	-133	-89	-43	7	52	95	136	169	199	226	246	263	271	270	262	248	221	204	177	148	115	72	40	27	-2	-43	-81	-114	-143	-171	-193	-208	-210	-205	-198	-188	-168	-147	-127	-101	-74	-44	-16	15	40	63
64	170	2	2	119	0	1953125	12	0.0	0	0.94	0	0	V0.2	0	0	796	762	753	776	801	843	868	879	849	804	751	703	695	699	757	842	901	952	954	923	877	783	679	611	587	638	745	858	938	993	1000	959	909	801	658	576	563	621	688	810	916	941	993	977	836	767	739	596	568	583	639	779	794	868	859	987	863	781	753	690	644	636	683	713	736	790	786	770	758	732	708	716	711	711	714	723	717	682	660	655	648	658	699	721	753
64	170	2	2	119	0	1953125	12	0.0	0	0.90	0	0	V0.2	0	0	133	124	138	111	156	110	173	117	158	129	124	136	94	149	89	174	114	184	147	155	166	106	151	65	149	48	187	82	221	178	173	272	45	262	121	238	264	323	452	249	453	234	447	377	446	648	453	605	594	1000	693	701	650	331	410	328	563	165	290	290	146	284	63	268	143	193	184	100	171	76	160	79	151	88	147	112	128	140	88	152	65	153	77	153	109
64	170	2	2	119	0	1953125	12	0.0	0	0.91	0	0	V0.2	0	0	17	50	41	34	72	12	63	40	41	48	35	57	26	65	21	63	53	45	67	68	31	91	69	60	120	20	116	107	66	149	68	114	181	95	169	206	143	197	140	237	523	490	580	493	102	230	542	630	845	732	698	750	502	638	999	677	718	882	768	697	441	397	400	298	363	423	269	290	276	153	203	156	100	169	113	97	133	60	100	89	56	90	56	69	62
64	170	2	2	119	0	1953125	12	0.0	0	0.93	0	0	V0.2	0	0	16	42	27	34	49	12	52	7	45	22	44	28	41	41	30	52	25	50	48	35	59	63	33	98	37	102	94	62	120	48	87	97	75	133	174	88	268	198	216	151	37	149	184	132	297	258	486	494	492	675	631	453	661	916	939	1000	918	763	331	204	330	209	188	226	95	152	102	85	157	93	128	157	97	140	107	77	114	63	82	86	56	88	57	66	60
64	170	2	2	119	0	1953125	12	0.0	151	1.05	0	0	V0.2	0	0	18	33	25	40	27	46	29	47	25	45	20	47	25	50	33	52	42	53	47	45	56	44	63	46	72	58	95	47	80	37	104	81	69	47	66	106	200	244	190	258	184	320	267	145	93	226	254	329	292	400	520	632	925	1000	960	670	454	381	292	192	109	120	160	220	147	192	135	175	149	111	104	66	96	64	100	62	98	59	76	50	59	48	49	43	47
64	170	2	2	119	0	1953125	12	0.0	8490	2.48	0	0	V0.2	0	0	6	21	19	19	29	26	27	15	24	12	6	20	7	24	9	18	21	17	17	2	23	20	32	28	28	47	33	5	98	29	106	39	28	140	177	100	141	220	69	146	159	168	108	345	555	673	552	528	328	585	526	191	423	290	319	158	826	1000	796	115	197	316	145	156	74	63	92	63	99	34	49	46	54	26	57	18	24	9	11	16	18	14	21	10	11
64	170	2	2	119	0	1953125	12	0.0	483	1.10	0	0	V0.2	0	0	137	221	291	342	374	354	346	295	231	210	210	210	240	241	256	209	139	59	40	118	228	332	440	459	473	516	501	434	408	313	308	340	462	479	608	614	638	701	611	573	607	550	453	585	535	581	455	764	678	663	1000	633	403	439	681	595	689	489	540	584	624	590	609	595	470	454	472	405	352	373	420	415	399	363	328	310	272	253	193	154	157	165	149	110	110
64	170	2	2	119	0	1953125	12	0.0	7937	2.38	0	0	V0.2	0	0	7	11	17	19	24	18	18	21	14	13	17	10	16	14	23	4	17	3	4	6	20	15	32	22	35	14	31	40	30	44	24	66	40	25	162	146	142	57	106	149	271	179	406	531	193	224	121	227	368	118	239	498	760	1000	413	692	649	441	468	360	115	187	210	230	159	107	73	72	53	27	47	16	66	25	21	6	22	17	6	9	11	14	14	15	3
64	170	2	2	119	0	1953125	12	0.0	1603	1.29	0	0	V0.2	0	0	137	233	311	365	404	405	377	303	270	222	215	234	260	250	264	243	182	79	37	136	232	361	467	501	545	549	509	550	408	359	300	359	481	494	662	692	709	771	694	584	670	620	447	642	601	603	634	621	791	1000	886	522	780	867	452	899	128	821	653	800	578	593	594	585	538	492	458	464	452	423	426	443	408	414	369	316	255	235	247	193	179	174	165	121	92
64	170	2	2	119	0	1953125	12	0.0	532	1.11	0	0	V0.2	0	0	26	27	47	5	75	83	14	53	33	32	53	34	80	57	14	37	26	62	75	78	41	36	70	31	139	159	56	90	96	91	205	273	259	186	240	240	44	220	232	183	257	361	352	130	213	361	609	743	574	429	470	506	660	1000	985	860	885	931	793	493	420	263	308	453	437	332	297	232	91	142	213	170	162	190	107	55	119	109	112	131	102	38	63	73	85
64	170	2	2	119	0	1953125	12	0.0	0	0.75	0	0	V0.2	0	0	18	6	27	28	2	26	35	19	13	34	37	13	30	45	33	23	47	50	36	42	63	52	40	51	58	41	13	38	47	31	81	96	115	175	167	247	186	260	389	442	335	511	688	564	399	738	1000	839	680	751	633	945	730	980	907	778	719	609	704	503	159	277	285	188	105	130	183	117	100	117	88	76	94	106	83	70	86	80	49	59	79	61	34	60	67
64	170	2	2	119	0	1953125	12	0.0	0	0.93	0	0	V0.2	0	0	69	82	64	81	72	83	82	87	77	81	74	63	73	59	84	66	104	69	111	78	91	67	78	54	74	83	63	127	45	123	83	128	33	147	88	52	106	45	94	140	252	140	224	24	115	93	183	242	318	345	146	158	184	409	281	774	1000	922	799	451	320	195	76	38	173	123	161	178	38	115	48	123	17	136	45	105	70	78	70	69	76	59	89	49	97
64	170	2	2	119	0	1953125	12	0.0	0	0.85	0	0	V0.2	0	0	47	57	23	46	73	13	60	56	19	56	18	48	35	39	60	12	50	48	26	45	73	39	59	115	39	111	137	38	141	162	68	176	264	144	210	364	197	258	471	464	458	612	502	471	619	774	509	680	1000	840	765	972	942	810	640	402	338	564	611	678	519	327	359	369	220	254	297	160	182	265	168	143	196	145	104	155	112	65	123	85	60	103	55	72	69
64	170	2	2	119	0	1953125	12	0.0	17021	3.94	0	0	V0.2	0	0	13	9	34	32	24	32	29	20	23	14	14	13	23	17	25	21	11	6	16	29	26	26	36	41	30	34	47	24	53	54	89	110	204	65	72	320	263	314	94	281	74	180	238	118	238	141	771	887	1000	226	566	761	574	525	467	460	331	417	411	107	397	518	352	262	76	63	165	50	15	65	17	56	15	23	70	13	31	16	11	25	17	14	9	10	7
64	170	2	2	119	0	1953125	12	0.0	15002	3.59	0	0	V0.2	0	0	124	209	325	355	344	348	355	331	221	179	240	229	205	207	270	273	132	35	47	66	241	363	431	443	482	500	519	489	390	315	282	289	374	586	644	620	544	641	803	728	572	303	416	596	719	663	585	439	808	1000	730	436	430	657	763	621	426	388	625	707	733	523	460	550	588	491	351	336	462	518	437	286	338	443	474	289	109	222	343	342	239	57	120	256	246
64	170	2	2	119	0	1953125	12	0.0	15120	3.61	0	0	V0.2	0	0	80	100	71	144	131	137	136	89	101	83	63	70	111	70	101	75	55	56	47	33	89	116	146	197	179	145	236	205	65	156	242	199	99	77	492	621	233	439	412	398	173	190	99	553	1000	779	532	718	679	195	254	177	836	942	629	890	722	335	505	564	314	295	467	197	181	85	239	204	104	202	100	122	163	304	205	201	303	102	118	97	76	89	71	117	40
64	170	2	2	119	0	1953125	12	0.0	0	0.80	0	0	V0.2	0	0	780	746	750	751	775	830	859	868	842	801	750	693	679	691	736	822	885	927	948	930	865	776	675	593	588	640	737	836	924	976	994	945	889	793	669	562	538	570	692	826	912	999	933	947	902	781	654	557	531	678	735	787	797	749	791	822	817	803	827	699	616	606	642	696	738	770	799	782	767	724	692	681	685	696	704	699	699	674	685	640	631	652	669	704	733
64	170	2	2	119	0	1953125	12	0.0	0	0.80	0	0	V0.2	0	0	128	140	105	142	134	126	165	131	140	151	101	132	112	104	153	116	161	173	127	181	144	104	148	73	114	128	88	184	144	174	218	96	176	182	58	222	154	188	286	48	261	390	224	388	474	335	474	463	534	574	651	921	678	385	695	557	818	1000	373	320	509	258	314	363	90	235	275	28	233	175	79	185	102	124	168	63	161	118	87	154	69	128	141	81	165
64	170	2	2	119	0	1953125	12	0.0	0	0.80	0	0	V0.2	0	0	41	55	43	8	63	62	7	58	55	23	54	36	39	60	19	46	64	35	37	64	75	37	70	122	92	83	186	172	82	183	265	206	165	276	302	175	310	473	360	322	390	317	417	430	479	610	579	475	463	550	296	933	1000	713	989	725	262	793	871	519	449	510	305	214	209	303	299	175	210	244	157	103	142	144	77	65	108	81	30	89	70	31	71	52	46
64	170	2	2	119	0	1953125	12	0.0	0	0.79	0	0	V0.2	0	0	18	9	35	42	15	33	46	16	28	34	8	37	30	15	52	37	8	40	41	25	17	48	58	7	73	83	8	93	124	85	87	152	202	139	122	337	306	169	331	327	325	451	510	460	404	404	575	1000	761	518	739	416	703	926	537	609	471	95	451	358	231	213	161	28	113	142	79	54	135	59	43	83	55	8	53	90	54	22	79	71	12	59	57	26	44
64	170	2	2	119	0	1953125	12	0.0	0	1.02	0	0	V0.2	0	0	10	33	5	45	19	42	11	45	11	41	10	42	10	42	7	40	25	43	34	17	57	34	97	35	80	34	104	101	59	54	60	114	126	185	103	126	95	236	393	246	195	19	171	345	391	377	179	392	452	894	881	412	176	196	818	1000	806	592	504	369	134	96	46	82	62	61	61	75	88	22	85	46	101	74	55	55	31	59	26	56	33	50	38	34	30
64	170	2	2	119	0	1953125	12	0.0	1498	1.28	0	0	V0.2	0	0	13	22	36	15	46	39	18	29	47	28	18	41	44	17	51	45	25	39	33	58	41	20	84	82	79	84	64	100	145	81	84	166	264	224	82	262	151	167	275	231	513	546	142	240	252	410	781	567	53	414	200	780	1000	763	924	926	474	691	837	274	373	666	289	7	256	157	201	63	84	203	53	60	105	43	101	66	40	93	51	50	64	38	53	51	41
64	170	2	2	119	0	1953125	12	0.0	0	0.77	0	0	V0.2	0	0	48	35	24	37	48	53	48	37	32	43	55	58	48	39	44	56	66	69	63	55	72	87	93	100	99	96	102	131	141	187	198	172	205	241	170	276	271	307	471	457	456	464	294	381	572	558	593	707	644	726	889	601	837	1000	795	849	591	564	763	624	328	302	211	189	233	233	224	212	179	160	155	146	134	130	110	90	98	97	95	86	67	59	68	78	77
64	170	2	2	119	0	1953125	12	0.0	1523	1.28	0	0	V0.2	0	0	5	24	14	23	34	20	20	29	17	6	18	28	14	12	32	19	15	25	15	22	15	23	54	26	41	74	31	69	69	35	102	108	142	134	90	160	144	145	187	246	342	139	169	309	75	312	359	60	619	681	343	432	482	213	150	221	699	1000	786	338	234	194	203	238	129	96	146	60	78	103	58	72	48	43	60	68	32	48	46	35	49	30	27	37	33
64	170	2	2	119	0	1953125	12	0.0	0	0.78	0	0	V0.2	0	0	82	80	83	83	82	77	68	57	58	67	80	89	87	80	66	54	43	31	30	37	64	73	84	83	50	28	3	30	37	75	92	107	173	189	106	182	136	129	241	232	258	341	254	258	360	356	569	750	513	428	446	411	687	703	902	1000	596	192	286	238	380	409	252	235	219	156	147	123	87	76	84	96	99	100	77	62	45	26	13	28	54	76	91	93	88
64	170	2	2	119	0	1953125	12	0.0	0	0.93	0	0	V0.2	0	0	89	83	92	78	99	84	114	75	119	67	104	58	99	61	104	94	98	122	92	132	58	135	31	107	43	100	36	161	99	116	204	49	86	138	190	186	331	192	301	308	38	75	284	396	434	609	476	671	540	106	109	373	540	629	918	897	1000	570	397	298	241	178	131	228	132	235	57	212	90	160	105	111	115	101	143	57	153	8	138	20	124	43	116	68	112
64	170	2	2	119	0	1953125	12	0.0	0	0.77	0	0	V0.2	0	0	73	103	82	37	69	95	73	44	103	114	67	89	128	87	53	104	94	35	68	114	92	25	123	141	53	97	161	125	36	129	175	77	44	201	172	70	220	276	227	251	412	400	397	315	440	537	341	528	1000	749	887	896	721	748	455	696	970	804	653	779	424	197	286	273	288	129	198	241	132	63	174	151	13	98	154	96	20	131	149	66	90	154	103	52	123
64	170	2	2	119	0	1953125	12	0.0	0	0.75	0	0	V0.2	0	0	19	28	39	19	35	44	20	38	47	27	44	48	34	50	55	45	61	61	51	71	62	57	76	72	66	86	90	95	97	101	128	130	131	180	154	205	205	133	229	248	264	452	450	557	620	457	493	699	549	848	989	894	1000	684	586	714	573	593	658	377	164	191	127	175	171	169	165	125	128	124	102	104	104	99	96	81	93	98	64	77	91	58	60	76	49
64	170	2	2	119	0	1953125	12	0.0	0	0.76	0	0	V0.2	0	0	46	46	20	49	41	31	54	40	42	63	40	48	73	46	58	80	58	64	84	66	84	93	77	107	117	108	150	171	136	220	252	252	304	363	311	435	428	455	636	617	548	744	589	647	615	577	860	903	756	1000	934	636	532	509	661	716	607	618	678	341	137	148	69	139	171	190	161	145	161	152	118	123	145	105	106	113	85	92	84	55	82	65	42	74	56
64	170	2	2	119	0	1953125	12	0.0	0	0.75	0	0	V0.2	0	0	18	33	35	19	38	36	20	41	36	22	42	37	27	48	39	35	51	47	46	65	59	62	78	70	73	93	82	83	123	98	96	126	105	79	145	98	134	168	139	160	197	140	231	325	264	374	455	297	448	430	407	682	618	893	1000	909	955	843	638	631	550	387	445	379	306	275	243	241	213	169	183	172	124	130	127	98	101	93	79	88	74	72	87	64	58
64	170	2	2	119	0	1953125	12	0.0	0	0.75	0	0	V0.2	0	0	101	149	153	92	154	149	85	162	146	85	174	148	85	184	148	83	194	145	81	197	145	84	200	140	88	207	139	99	237	128	139	259	135	172	258	191	143	448	354	335	560	381	295	614	462	445	840	524	558	858	518	734	976	1000	974	952	849	731	819	858	658	626	468	305	362	293	156	326	279	92	286	230	46	231	192	39	207	164	48	201	141	65	199	133	72
64	170	2	2	119	0	1953125	12	0.0	0	0.75	0	0	V0.2	0	0	148	109	132	147	101	140	147	97	150	151	95	159	151	89	163	149	81	164	145	74	167	146	79	177	138	82	189	145	98	197	143	101	183	168	91	172	251	83	345	344	241	385	322	161	533	683	525	1000	921	540	920	622	584	900	753	751	655	468	277	419	429	285	327	284	134	265	300	78	238	268	45	194	223	29	162	187	19	163	168	31	165	155	43	163	148
64	170	2	2	119	0	1953125	12	0.0	0	0.76	0	0	V0.2	0	0	99	124	137	95	130	133	91	136	126	90	142	120	94	150	112	98	158	109	102	160	105	108	163	89	118	163	74	138	164	48	173	161	23	217	140	27	194	191	83	243	302	186	317	223	99	190	581	484	609	1000	709	636	764	539	908	906	769	986	632	253	417	335	110	281	246	61	212	220	38	194	207	31	176	182	28	160	158	21	151	136	35	152	124	54	153
64	170	2	2	119	0	1953125	12	0.0	17006	3.94	0	0	V0.2	0	0	17	11	22	31	29	27	25	19	27	12	20	18	19	19	18	27	1	14	12	33	19	31	41	32	20	48	52	54	38	64	75	20	68	165	86	280	181	87	147	90	275	398	108	289	348	505	86	218	1000	897	367	857	821	213	226	269	906	972	553	454	503	451	101	249	90	48	129	11	24	75	50	41	10	47	32	24	16	40	19	13	20	11	19	12	6
64	170	2	2	119	0	1953125	12	0.0	0	0.77	0	0	V0.2	0	0	863	937	975	1000	970	915	839	766	677	630	622	659	741	837	908	961	982	972	919	860	773	681	626	617	638	708	782	883	935	969	958	930	861	785	707	643	617	622	637	767	796	918	949	968	924	939	804	649	600	614	582	636	608	837	931	980	942	900	901	776	690	607	537	538	585	677	759	835	903	905	900	832	765	666	592	520	521	561	634	713	794	852	863	861	825
64	170	2	2	119	0	1953125	12	0.0	0	0.93	0	0	V0.2	0	0	27	16	20	38	4	39	19	25	17	22	19	28	30	21	41	13	38	27	27	38	45	27	62	17	73	72	47	100	64	59	72	15	35	61	52	105	55	5	30	129	196	138	239	295	178	171	254	263	285	75	133	294	499	721	921	1000	989	858	690	568	311	152	103	164	277	225	187	196	84	45	50	80	130	93	78	80	29	61	47	45	64	36	52	41	40
64	170	2	2	119	0	1953125	12	0.0	18680	4.23	0	0	V0.2	0	0	8	18	25	27	29	32	31	21	22	12	15	22	13	25	22	12	14	10	9	16	29	24	32	28	56	31	54	54	69	75	32	54	161	111	183	155	190	354	29	129	258	309	332	181	231	803	467	273	776	433	1000	886	535	739	722	306	558	259	120	590	633	419	90	344	167	38	88	18	71	23	52	73	22	23	40	36	27	25	21	18	14	17	23	9	18
64	170	2	2	119	0	1953125	12	0.0	0	0.78	0	0	V0.2	0	0	287	233	253	310	338	335	318	303	242	187	183	168	207	238	262	290	266	230	172	182	245	290	384	468	537	592	624	647	655	590	549	559	543	570	606	677	780	821	814	785	817	904	849	825	723	650	837	790	726	744	963	798	843	876	861	1000	714	821	703	711	724	703	661	737	766	756	725	699	663	589	525	429	388	347	360	354	390	425	438	402	352	332	240	154	85
64	170	2	2	119	0	1953125	12	0.0	11655	3.02	0	0	V0.2	0	0	15	16	29	35	30	26	28	24	19	18	15	13	18	20	19	16	12	7	1	18	28	41	41	45	35	40	24	51	12	62	141	39	26	181	83	260	212	129	422	251	243	368	238	201	411	407	410	1000	908	327	842	791	641	380	296	638	518	283	32	362	296	213	228	120	82	93	119	57	7	52	18	56	24	13	53	28	5	30	13	10	36	8	17	26	10
64	170	2	2	119	0	1953125	12	0.0	32685	6.63	0	0	V0.2	0	0	-193	10	167	175	56	179	189	243	245	195	192	182	171	132	126	95	120	143	126	76	63	-6	-98	-182	-193	-162	-111	-30	-91	-141	-204	-242	-243	-225	-147	-138	-135	-126	-157	-157	-134	-112	-51	14	43	2	0	44	65	138	155	188	147	126	74	54	116	209	248	268	215	118	51	36	101	135	146	102	19	-57	-124	-166	-163	-114	-107	-116	-114	-187	-203	-226	-215	-226	-208	-129	-119
64	170	2	2	119	0	1953125	12	0.0	0	0.79	0	0	V0.2	0	0	918	877	833	796	767	763	781	795	800	808	813	797	795	780	799	810	831	855	868	864	845	807	761	720	700	701	719	764	833	898	930	918	894	841	767	711	630	614	633	724	788	874	893	962	926	880	800	677	721	627	594	656	683	831	798	1000	936	929	787	715	656	572	588	632	675	746	797	837	860	845	796	726	696	625	606	625	652	704	725	742	752	729	730	703	671
64	170	2	2	119	0	1953125	12	0.0	11736	3.03	0	0	V0.2	0	0	7	15	27	24	24	26	22	24	17	12	13	16	10	23	25	12	15	16	17	15	21	23	32	3	60	39	34	41	53	64	3	70	117	49	202	121	147	312	78	85	268	81	387	270	123	691	411	397	771	230	1000	873	250	879	431	248	298	254	362	451	374	120	196	168	53	98	45	14	88	25	20	44	36	35	10	9	45	14	15	16	4	17	12	10	12
64	170	2	2	119	0	1953125	12	0.0	0	0.76	0	0	V0.2	0	0	369	373	357	336	361	369	295	313	303	292	318	295	305	317	321	310	363	254	315	273	252	220	221	204	204	257	275	251	352	192	283	269	221	194	152	149	230	125	189	74	574	221	373	471	345	458	42	423	131	285	496	1000	733	838	715	136	715	637	221	472	500	269	388	213	309	211	325	205	244	261	231	334	341	268	265	287	278	220	351	304	298	347	348	353	383
64	170	2	2	119	0	1953125	12	0.0	0	0.76	0	0	V0.2	0	0	166	110	145	161	104	151	158	100	154	147	100	161	142	103	169	134	110	177	126	114	186	109	123	181	101	127	181	86	145	194	55	192	191	87	147	234	64	234	298	45	281	321	96	338	368	265	620	468	391	720	460	673	857	964	1000	937	965	707	831	837	634	679	530	343	403	385	204	342	346	139	302	303	63	241	258	31	200	212	3	185	169	31	183	143	56
64	170	2	2	119	0	1953125	12	0.0	1545	1.28	0	0	V0.2	0	0	20	23	13	43	27	18	45	28	9	28	34	15	13	44	29	14	36	35	34	12	27	52	36	40	73	50	62	106	84	46	151	132	124	170	146	254	310	233	228	306	294	319	344	244	592	677	89	403	681	570	697	388	290	961	999	768	826	824	409	353	571	181	342	545	157	137	230	27	116	45	52	114	58	63	65	54	49	44	37	48	44	28	44	24	26
64	170	2	2	119	0	1953125	12	0.0	0	0.76	0	0	V0.2	0	0	144	138	114	88	90	118	141	143	122	88	85	115	145	150	130	93	69	100	139	160	146	108	65	84	128	156	151	130	85	64	101	152	151	158	39	90	102	157	144	222	153	119	141	156	291	440	349	601	439	404	833	671	794	916	879	1000	939	923	907	680	375	331	338	339	399	387	299	236	126	115	191	246	250	216	127	37	86	156	194	184	128	49	41	115	160
64	170	2	2	119	0	1953125	12	0.0	0	0.75	0	0	V0.2	0	0	20	39	48	28	50	52	37	58	55	46	69	65	52	77	73	62	86	86	73	97	102	87	112	117	115	141	146	155	191	191	186	240	258	231	321	381	343	499	488	535	594	610	545	700	676	814	989	734	912	918	592	994	873	947	1000	586	475	383	360	447	303	162	236	168	107	158	157	123	125	101	103	108	76	90	109	69	79	99	70	70	83	66	69	65	49
64	170	2	2	119	0	1953125	12	0.0	18977	4.28	0	0	V0.2	0	0	19	15	29	34	23	32	31	26	24	17	16	15	17	20	28	23	5	21	13	34	22	15	56	23	16	73	66	49	56	87	99	84	46	220	278	233	367	257	366	257	288	287	422	289	361	821	34	827	904	716	924	341	999	952	533	399	337	425	531	197	71	245	243	270	43	49	122	31	42	31	27	42	37	34	25	17	35	15	14	21	18	13	19	8	5
64	170	2	2	119	0	1953125	12	0.0	0	0.75	0	0	V0.2	0	0	676	699	692	701	642	600	703	653	622	612	640	581	592	672	613	616	497	558	576	558	505	514	460	525	519	500	440	463	367	404	508	360	505	428	613	432	337	361	311	789	648	288	469	233	468	105	1000	815	472	489	491	322	263	390	252	576	483	213	264	685	431	335	539	607	286	485	500	526	549	453	615	530	507	521	617	597	531	627	605	609	692	641	685	731	656
64	170	2	2	119	0	1953125	12	0.0	0	0.75	0	0	V0.2	0	0	32	30	24	37	30	28	43	35	31	49	42	34	53	49	42	56	55	52	61	57	60	70	62	66	86	79	81	105	102	106	123	127	150	151	167	220	192	217	249	243	285	292	285	378	377	480	598	478	577	726	518	773	820	919	1000	772	761	649	469	421	347	237	207	165	119	137	153	139	129	117	123	109	91	105	106	82	95	92	77	86	80	67	79	69	55
64	170	2	2	119	0	1953125	12	0.0	0	0.76	0	0	V0.2	0	0	112	147	113	119	146	100	126	145	88	138	140	84	150	137	78	164	134	80	182	122	86	205	111	107	222	109	127	263	133	170	338	188	214	425	221	253	509	314	401	597	414	466	638	430	601	726	556	746	686	578	711	640	732	713	1000	976	767	952	654	557	605	412	372	485	307	310	344	191	210	305	145	161	270	121	130	228	79	128	186	46	133	163	30	143	153
64	170	2	2	119	0	1953125	12	0.0	0	0.75	0	0	V0.2	0	0	47	28	38	49	34	49	52	38	57	59	45	62	69	55	74	78	67	84	89	83	99	110	105	125	134	134	159	174	157	194	206	195	237	293	256	359	362	346	429	417	396	510	481	620	687	717	803	880	636	893	848	783	1000	880	899	788	621	658	472	260	296	238	143	181	187	157	173	147	141	158	129	113	137	119	93	116	97	86	94	82	82	87	64	69	79
64	170	2	2	119	0	1953125	12	0.0	0	0.75	0	0	V0.2	0	0	81	123	134	76	130	133	70	135	130	67	142	126	64	149	124	64	159	125	67	163	123	72	166	119	75	174	106	89	181	105	95	192	144	123	230	177	111	227	198	96	374	336	248	436	278	169	566	417	474	915	596	716	946	870	925	1000	810	916	738	548	511	535	306	317	344	202	182	281	200	137	272	195	95	241	175	66	204	145	58	180	111	68	172	95	80
64	170	2	2	119	0	1953125	12	0.0	11568	3.00	0	0	V0.2	0	0	20	10	50	46	38	47	45	33	32	27	17	23	36	24	29	42	14	14	34	27	59	37	65	34	62	96	20	37	108	73	87	156	162	144	295	257	270	318	233	224	313	139	584	132	129	938	677	578	1000	883	977	673	307	228	576	640	258	534	256	364	768	729	199	468	432	250	49	97	85	69	102	73	38	92	42	17	36	44	27	22	30	18	18	6	9
64	170	2	2	119	0	1953125	12	0.0	0	0.76	0	0	V0.2	0	0	278	294	255	303	270	275	264	241	269	213	211	252	213	222	242	254	261	221	217	212	220	175	135	201	225	168	93	188	178	250	148	146	195	156	275	205	53	319	194	194	261	292	170	173	245	285	339	263	327	700	138	764	833	220	1000	335	954	503	218	54	425	135	132	121	131	194	190	200	201	222	259	238	191	213	258	223	221	227	241	221	236	259	205	274	337
64	170	2	2	119	0	1953125	12	0.0	0	0.74	0	0	V0.2	0	0	155	107	141	156	103	140	161	103	141	162	101	140	163	96	138	166	90	141	172	80	147	188	73	152	202	81	141	244	98	128	289	136	94	323	188	150	432	308	211	390	399	323	436	576	400	584	657	496	356	977	592	755	1000	602	952	822	757	738	785	563	579	447	400	326	365	305	167	312	253	74	252	241	27	198	235	61	157	211	67	130	181	63	119	164	59
64	170	2	2	119	0	1953125	12	0.0	1525	1.28	0	0	V0.2	0	0	11	48	11	37	65	18	43	45	29	14	37	45	26	43	58	23	38	46	24	52	20	58	74	20	102	103	24	102	105	57	168	105	174	251	170	255	334	312	156	121	298	535	333	597	965	789	204	558	526	468	496	496	1000	839	592	765	930	961	800	584	674	521	137	365	301	127	188	142	117	176	75	91	136	52	122	95	61	119	49	74	94	46	77	63	51
64	170	2	2	119	0	1953125	12	0.0	0	0.73	0	0	V0.2	0	0	96	106	105	95	78	70	79	98	109	110	95	74	62	78	100	113	110	95	66	59	78	107	121	118	92	56	47	86	127	162	165	115	86	35	88	215	247	250	236	196	206	201	264	395	425	349	473	300	438	342	344	599	806	1000	647	280	451	347	444	405	191	242	141	84	100	116	153	175	155	96	33	33	89	131	135	120	76	42	43	81	106	116	100	69	42
64	170	2	2	119	0	1953125	12	0.0	0	0.71	0	0	V0.2	0	0	99	80	126	111	73	120	122	69	109	129	74	90	133	88	69	133	103	51	129	118	41	116	144	58	99	168	90	65	183	137	24	145	195	111	185	281	172	97	328	343	213	267	408	399	473	547	371	353	479	657	486	663	985	799	1000	721	561	788	682	289	277	381	232	76	218	252	136	112	193	151	52	166	150	24	118	152	52	91	146	81	66	142	104	53	133
64	170	2	2	119	0	1953125	12	0.0	0	0.71	0	0	V0.2	0	0	82	123	116	83	121	126	86	118	137	90	111	146	98	101	145	106	87	143	114	68	137	129	49	133	146	40	126	181	51	130	186	125	73	281	186	61	245	326	151	231	305	247	283	583	393	209	495	539	473	431	546	611	881	1000	468	720	945	596	650	570	404	229	374	345	187	188	277	203	108	220	198	42	155	181	61	110	165	79	83	147	93	69	141	103	53
64	170	2	2	119	0	1953125	12	0.0	0	0.71	0	0	V0.2	0	0	12	32	29	11	27	36	17	24	37	25	21	35	30	22	37	37	26	36	42	29	40	42	34	42	59	50	51	65	54	51	85	104	97	76	140	150	183	207	110	111	244	357	408	295	271	343	405	416	265	342	615	992	1000	758	599	607	902	873	426	483	584	523	319	177	162	197	240	187	148	146	154	136	99	111	108	73	58	85	72	35	60	68	38	44	61
64	170	2	2	119	0	1953125	12	0.0	0	0.71	0	0	V0.2	0	0	122	98	69	121	108	64	120	122	64	114	133	69	103	143	78	87	147	97	64	148	115	36	142	142	14	138	164	41	110	189	115	101	223	163	69	236	277	90	196	291	306	347	528	393	358	545	659	502	554	685	573	901	968	836	999	639	738	704	647	393	338	431	247	132	207	206	90	129	208	115	82	190	139	34	163	148	13	127	147	49	98	145	66	77	136
64	170	2	2	119	0	1953125	12	0.0	0	0.97	0	0	V0.2	0	0	12	25	0	37	23	25	27	18	24	18	26	17	26	18	37	13	33	14	18	34	23	47	48	31	65	11	71	34	60	69	34	82	83	146	179	103	154	87	148	200	232	353	286	147	52	168	439	470	386	326	75	379	638	846	1000	794	632	457	277	175	75	127	137	63	99	30	90	95	65	99	55	40	38	21	47	10	43	23	32	41	18	38	20	26	24
64	170	2	2	119	0	1953125	12	0.0	0	0.77	0	0	V0.2	0	0	33	12	35	33	16	40	31	19	39	29	25	40	26	32	42	23	39	43	27	50	48	36	59	59	56	73	86	93	114	102	106	102	71	59	130	174	229	305	314	331	279	220	160	185	389	510	747	720	795	765	577	371	365	438	666	795	1000	756	521	282	157	208	285	252	211	131	110	111	56	58	81	51	49	67	57	60	61	50	60	44	34	58	39	27	51
64	170	2	2	119	0	1953125	12	0.0	11981	3.08	0	0	V0.2	0	0	13	16	9	9	29	28	24	4	11	17	16	12	18	31	23	4	5	17	23	25	35	19	28	13	27	52	63	31	17	46	25	62	76	67	46	93	153	216	274	117	158	113	144	462	106	474	481	228	1000	445	377	397	486	480	627	367	791	647	499	639	424	202	140	71	31	88	41	40	49	55	68	20	34	22	52	33	13	26	22	18	27	12	23	19	13
64	170	2	2	119	0	1953125	12	0.0	0	0.73	0	0	V0.2	0	0	915	915	910	914	906	904	914	896	897	906	883	889	897	885	890	897	888	899	889	904	904	896	892	890	888	885	885	886	867	867	844	877	863	850	856	846	839	935	855	836	871	884	895	802	826	827	938	806	854	779	668	796	947	867	887	888	1000	982	894	856	768	749	812	785	786	772	794	789	797	800	807	810	799	801	809	792	781	776	782	771	764	769	762	748	745
