34928	35048	35167	35286	35405	35524	35644	35763	35882	36001	36120	36240	36359	36478	36597	36716	36836	36955	37074	37193	37313	37432	37551	37670	37789	37909	38028	38147	38266	38385	38505	38624	38743	38862	38981	39101	39220	39339	39458	39577	39697	39816	39935	40054	40174	40293	40412	40531	40650	40770	40889	41008	41127	41246	41366	41485	41604	41723	41842	41962	42081	42200	42319	42439	42558	42677	42796	42915	43035	43154	43273	43392	43511	43631	43750	43869	43988	44107	44227	44346	44465	44584	44703	44823	44942
64	170	2	2	119	0	1953125	12	0.0	2859	1.51	0	0	V0.2	0	0	66	41	66	36	106	27	83	49	93	28	70	74	79	64	100	90	82	86	123	116	104	163	134	173	112	234	155	250	252	338	296	223	334	287	354	373	621	639	468	387	363	512	449	714	848	886	768	475	552	422	582	596	660	575	249	29	204	348	631	1000	924	712	426	135	267	149	176	216	304	201	107	174	147	153	113	195	99	82	103	137	93	85	133	98	75
64	170	2	2	119	0	1953125	12	0.0	2861	1.51	0	0	V0.2	0	0	67	76	59	79	99	51	69	82	90	59	61	111	66	98	92	124	78	114	146	117	137	144	191	144	179	218	203	248	270	373	263	256	311	329	366	418	689	615	543	297	379	436	497	760	874	1000	768	590	523	392	490	580	701	507	205	122	300	294	690	969	914	765	359	190	221	180	143	233	309	150	138	135	188	120	149	184	97	81	100	147	73	95	113	103	61
64	170	2	2	119	0	1953125	12	0.0	2859	1.51	0	0	V0.2	0	0	65	63	58	65	106	39	72	73	93	44	58	98	63	81	87	114	71	97	135	110	125	144	179	146	163	223	191	248	264	373	268	248	318	325	369	423	711	639	546	320	399	458	489	773	895	994	744	586	580	463	546	601	719	510	175	208	381	345	703	1000	925	751	331	194	238	194	166	261	322	144	151	157	197	119	169	196	102	92	121	157	75	111	126	106	69
64	170	2	2	119	0	1953125	12	0.0	2859	1.51	0	0	V0.2	0	0	71	69	61	76	111	41	74	86	104	49	70	113	75	89	99	124	76	114	155	124	128	157	186	156	169	247	201	261	268	386	272	228	321	335	394	423	724	648	510	300	412	485	463	778	916	1000	726	522	619	513	563	535	660	513	233	318	487	412	650	986	914	745	335	164	259	197	164	248	338	165	138	169	201	131	145	204	106	84	106	160	81	102	133	110	67
64	170	2	2	119	0	1953125	12	0.0	2859	1.51	0	0	V0.2	0	0	53	69	51	70	93	50	54	79	89	46	41	105	63	72	75	120	63	85	133	113	111	117	190	132	156	195	212	219	236	353	252	215	261	346	367	391	640	584	515	241	405	442	454	696	882	1000	667	474	555	598	535	438	563	406	192	332	556	451	566	803	824	717	299	144	216	242	136	248	316	155	127	147	221	108	147	170	118	82	124	167	75	90	119	120	60
64	170	2	2	119	0	1953125	12	0.0	2859	1.51	0	0	V0.2	0	0	65	74	63	60	108	41	62	70	105	46	54	109	82	70	86	124	78	91	150	134	106	134	182	162	130	226	203	246	222	356	279	190	271	338	414	370	637	605	488	277	379	481	410	688	879	1000	709	392	623	658	628	366	511	429	211	296	582	555	513	771	766	691	356	108	241	230	159	198	324	189	113	148	212	150	106	185	117	82	99	170	102	78	122	122	73
64	170	2	2	119	0	1953125	12	0.0	2859	1.51	0	0	V0.2	0	0	48	82	55	68	81	69	56	81	87	62	36	104	69	77	69	133	77	77	130	124	121	105	200	139	150	176	239	231	228	346	267	223	232	368	394	376	592	571	555	253	409	472	473	627	833	1000	655	349	481	702	623	446	548	397	250	231	569	542	564	703	776	721	325	131	214	288	144	227	314	189	130	146	251	133	137	171	155	91	110	174	102	84	114	138	74
64	170	2	2	119	0	1953125	12	0.0	2859	1.51	0	0	V0.2	0	0	52	93	60	72	77	81	59	82	91	74	38	112	79	90	68	135	86	89	136	133	133	104	207	149	154	168	239	235	227	348	286	246	222	352	383	346	551	550	576	284	416	502	518	624	790	1000	708	243	292	641	651	556	655	523	450	137	305	331	487	658	761	718	336	152	196	281	144	193	295	194	133	121	245	145	119	151	155	105	87	158	105	85	100	131	75
64	170	2	2	119	0	1953125	12	0.0	2884	1.51	0	0	V0.2	0	0	33	49	80	9	79	44	83	22	86	56	49	62	76	60	47	98	93	47	85	112	102	89	153	169	94	148	170	224	172	315	292	247	242	294	372	267	495	524	576	359	418	543	529	645	774	1000	783	268	212	564	664	575	701	585	531	260	165	223	454	658	731	678	305	164	197	246	120	195	276	155	115	130	226	114	114	128	113	67	118	155	81	81	103	112	48
64	170	2	2	119	0	1953125	12	0.0	2859	1.51	0	0	V0.2	0	0	56	84	25	89	57	84	37	93	65	63	39	104	58	82	74	127	67	86	125	113	124	103	201	119	152	141	216	191	216	325	266	247	211	318	332	278	457	470	532	283	417	507	567	674	779	1000	787	331	116	525	661	606	692	596	615	431	200	201	443	594	672	656	340	159	158	232	159	111	240	174	134	79	208	169	83	121	124	119	36	129	113	77	65	105	93
64	170	2	2	119	0	1953125	12	0.0	2884	1.51	0	0	V0.2	0	0	38	48	80	9	81	43	90	22	89	56	52	58	78	65	54	96	95	51	86	115	113	102	150	179	96	156	166	236	178	320	305	260	254	294	401	269	455	475	544	351	414	583	617	737	799	1000	819	313	195	562	739	644	740	619	572	350	153	187	429	628	703	670	320	198	214	258	144	162	265	162	138	129	232	137	108	124	109	73	106	154	88	83	100	115	57
64	170	2	2	119	0	1953125	12	0.0	2886	1.51	0	0	V0.2	0	0	43	82	60	65	78	71	68	72	85	61	32	96	65	79	59	125	79	71	116	117	122	99	196	149	134	148	204	211	216	355	307	274	235	321	368	281	478	491	558	318	430	533	581	700	794	1000	762	300	226	603	743	656	730	591	562	354	180	206	437	608	677	646	298	156	186	259	154	137	247	158	126	106	227	152	93	122	112	84	73	147	100	70	79	108	67
64	170	2	2	119	0	1953125	12	0.0	2859	1.51	0	0	V0.2	0	0	44	74	32	80	69	73	45	82	75	56	33	103	57	77	68	127	70	72	121	114	123	102	199	145	137	157	204	213	202	343	293	263	243	323	381	241	433	442	519	301	432	560	585	696	773	1000	810	312	173	557	738	647	771	674	677	457	102	37	276	488	589	630	343	156	186	252	197	85	244	182	136	90	217	197	89	135	121	116	36	140	126	83	82	119	108
64	170	1	2	119	0	1953125	12	0.0	2859	1.51	0	0	V0.2	0	0	33	84	53	65	54	89	60	68	70	77	27	93	72	90	49	121	86	72	107	123	135	84	197	145	149	118	218	208	195	309	288	285	208	312	349	250	368	422	523	268	388	488	575	609	736	1000	805	413	50	498	572	599	712	673	759	472	161	95	187	353	576	556	269	155	143	266	145	111	199	159	118	83	210	126	108	109	146	102	56	124	91	72	73	115	73
64	170	1	2	119	0	1953125	12	0.0	2879	1.51	0	0	V0.2	0	0	47	53	64	49	75	90	55	52	84	82	52	36	105	48	80	77	114	50	83	141	97	134	127	202	116	178	193	211	225	294	390	282	285	337	359	341	374	612	490	457	358	641	614	659	902	1000	956	401	313	540	787	742	779	858	725	445	176	111	179	574	670	581	410	77	285	232	156	118	258	233	65	180	181	193	65	174	131	74	87	137	122	52	123	102	70
64	170	1	2	119	0	1953125	12	0.0	2861	1.51	0	0	V0.2	0	0	65	92	18	88	45	104	19	101	64	78	46	108	77	84	87	132	78	83	131	131	136	110	223	119	170	121	254	181	249	332	306	293	198	356	318	306	401	495	550	283	447	507	602	613	775	1000	736	352	192	655	710	735	772	685	753	449	105	127	346	474	678	640	321	172	137	291	165	125	214	186	148	85	233	159	119	104	145	120	62	137	112	89	69	124	95
64	170	1	2	119	0	1953125	12	0.0	2859	1.51	0	0	V0.2	0	0	55	52	79	8	111	56	78	33	108	51	61	69	113	47	93	100	116	52	114	152	103	152	145	226	87	213	177	247	214	328	376	259	298	311	387	306	421	573	477	433	378	657	591	681	875	1000	954	356	301	554	846	747	803	839	715	482	178	130	232	603	673	639	465	106	265	236	194	105	260	252	94	160	180	216	78	172	146	102	74	134	145	64	115	118	104
64	170	1	2	119	0	1953125	12	0.0	2861	1.51	0	0	V0.2	0	0	40	90	61	63	66	87	67	68	77	76	34	97	77	92	58	127	90	76	114	128	137	93	197	157	146	134	210	216	197	319	298	292	228	306	348	258	409	445	532	293	418	506	546	589	731	1000	810	361	124	582	682	663	759	678	726	451	106	26	260	422	600	599	298	168	158	271	159	120	221	168	129	86	220	141	110	120	141	103	54	126	98	81	81	121	79
64	170	1	2	119	0	1953125	12	0.0	2859	1.51	0	0	V0.2	0	0	41	61	77	31	98	50	82	39	99	52	46	81	93	65	66	114	104	58	111	136	117	121	167	204	96	183	169	247	177	331	330	270	281	286	392	241	437	477	504	363	415	620	572	668	772	1000	901	316	217	597	843	711	835	768	729	521	133	65	243	500	567	624	376	153	218	244	208	96	258	194	129	112	210	195	90	158	127	109	59	153	131	79	97	121	98
64	170	1	2	119	0	1953125	12	0.0	2836	1.51	0	0	V0.2	0	0	73	101	32	86	54	123	18	96	68	87	58	112	108	94	96	136	98	88	140	160	155	115	227	138	179	117	277	193	252	310	322	309	187	359	309	320	343	493	520	266	459	575	691	601	764	1000	780	394	230	732	792	840	769	750	853	517	186	137	273	403	655	585	343	203	141	314	168	116	176	209	162	83	214	145	139	96	167	121	64	123	121	102	69	132	101
64	170	1	2	119	0	1953125	12	0.0	2859	1.51	0	0	V0.2	0	0	42	49	97	18	92	56	95	22	99	64	65	62	113	73	77	101	125	61	101	156	131	138	150	233	96	182	174	278	199	330	368	292	288	276	410	272	437	499	524	395	460	716	669	727	797	1000	880	241	332	746	971	763	830	755	680	446	205	241	390	619	677	697	384	174	237	264	188	145	295	194	146	136	241	174	117	172	134	102	98	174	114	86	113	132	80
64	170	1	2	119	0	1953125	12	0.0	2839	1.51	0	0	V0.2	0	0	80	85	73	76	132	51	82	77	121	53	81	133	117	95	116	146	113	106	175	183	139	181	198	235	99	250	208	294	234	394	393	265	295	290	393	265	488	556	496	435	516	792	694	759	889	994	893	228	406	723	1000	820	842	851	740	523	371	367	430	724	738	722	530	140	247	229	206	82	267	272	114	145	178	242	93	165	161	131	77	126	163	82	105	119	126
64	170	1	2	119	0	1953125	12	0.0	2859	1.51	0	0	V0.2	0	0	57	67	78	56	94	113	58	60	100	88	61	62	141	66	108	103	135	67	127	188	134	171	172	236	141	214	250	261	290	353	457	328	291	353	360	379	455	714	550	538	533	822	766	684	935	988	846	208	579	835	1000	884	845	926	762	420	348	467	470	854	945	798	575	138	322	263	152	155	318	289	83	217	206	210	77	210	162	77	113	169	151	72	154	132	92
64	170	1	2	119	0	1953125	12	0.0	2864	1.51	0	0	V0.2	0	0	77	87	84	57	133	55	84	70	127	52	66	124	116	81	103	144	107	96	170	168	127	168	209	222	108	251	222	292	247	431	390	256	295	313	406	302	616	628	569	436	561	734	551	667	810	916	647	139	672	893	1000	797	954	851	639	410	452	496	621	948	948	883	520	157	275	226	152	179	362	244	138	173	238	199	98	208	142	106	95	186	138	77	133	133	90
64	170	2	2	119	0	1953125	12	0.0	2864	1.51	0	0	V0.2	0	0	86	55	72	38	131	65	87	68	109	41	92	89	119	55	141	108	105	91	156	161	104	209	172	208	102	274	226	259	299	378	391	241	334	355	360	407	572	707	459	475	510	700	575	684	935	852	619	227	787	844	900	902	926	880	575	196	323	526	558	935	1000	755	499	125	330	243	157	236	340	301	103	255	218	203	107	224	184	84	135	170	156	72	161	140	96
64	170	2	2	119	0	1953125	12	0.0	2839	1.51	0	0	V0.2	0	0	97	56	89	78	136	34	123	82	113	61	128	120	110	112	159	120	115	151	187	161	145	240	179	212	144	316	212	292	314	398	359	228	360	329	362	409	623	681	420	457	501	649	496	706	941	853	636	274	727	697	791	881	1000	913	551	128	148	310	474	900	927	693	456	116	331	237	115	204	322	296	84	237	206	199	103	219	203	84	126	164	167	69	149	153	107
64	170	2	2	119	0	1953125	12	0.0	2864	1.51	0	0	V0.2	0	0	82	76	62	56	106	102	63	81	106	66	80	84	119	45	136	114	110	87	152	163	101	198	178	201	127	268	250	240	308	368	390	251	344	363	331	433	620	762	493	502	505	609	457	684	978	903	723	432	767	662	669	842	980	834	402	31	141	272	544	1000	968	662	368	196	365	178	193	296	358	235	154	272	186	173	163	253	136	107	163	163	109	119	177	109	88
64	170	2	2	119	0	1953125	12	0.0	2859	1.51	0	0	V0.2	0	0	81	71	65	81	118	42	86	89	107	54	87	120	79	102	117	130	86	130	169	131	139	180	196	172	178	267	194	262	278	403	298	270	346	306	351	412	711	613	512	411	507	486	396	757	914	956	706	573	688	478	503	659	871	562	227	55	201	220	675	1000	893	698	300	271	307	155	157	286	363	172	174	199	199	132	178	232	112	96	127	166	84	117	147	110	69
64	170	2	2	119	0	1953125	12	0.0	2864	1.51	0	0	V0.2	0	0	79	80	37	85	67	95	42	103	68	61	80	95	89	59	126	107	87	101	141	131	110	178	191	145	173	209	252	190	325	313	313	259	309	369	273	514	556	675	426	423	463	446	479	706	1000	885	737	610	604	503	387	708	660	484	164	239	202	355	663	975	983	583	354	236	310	183	197	326	271	221	125	256	156	158	177	193	130	94	173	120	106	113	161	101	94
64	170	2	2	119	0	1953125	12	0.0	2839	1.51	0	0	V0.2	0	0	70	55	86	70	100	50	117	65	82	78	109	91	82	126	126	100	116	145	144	123	159	201	137	192	166	266	153	292	280	316	259	252	347	243	362	448	618	556	344	403	368	436	441	778	885	798	745	536	574	275	454	581	610	364	84	217	109	357	680	1000	853	560	364	216	315	129	180	244	284	215	127	226	137	159	131	208	134	96	140	131	113	86	151	110	88
64	170	2	2	119	0	1953125	12	0.0	2864	1.51	0	0	V0.2	0	0	78	68	53	95	55	85	59	109	60	66	90	83	84	71	129	94	100	118	132	124	127	185	171	167	202	207	233	225	348	294	302	296	336	348	313	580	578	643	403	457	445	453	571	781	1000	863	823	689	485	310	461	726	570	387	264	384	146	443	794	995	909	495	373	267	249	117	257	327	226	210	160	241	125	194	191	169	112	128	170	96	123	130	151	91	116
64	170	2	2	119	0	1953125	12	0.0	2861	1.51	0	0	V0.2	0	0	83	45	102	74	82	59	110	85	80	70	115	61	113	94	143	79	140	138	129	142	145	204	133	223	201	230	210	287	356	282	325	321	352	301	375	618	595	647	409	492	394	440	582	797	986	872	909	716	397	205	495	680	504	432	399	438	109	502	849	1000	895	479	378	256	188	95	261	330	207	213	145	220	117	190	197	153	117	115	171	95	122	126	145	92	103
64	170	2	2	119	0	1953125	12	0.0	2839	1.51	0	0	V0.2	0	0	65	47	110	37	101	41	126	50	97	66	112	63	118	101	133	89	146	129	127	154	154	207	124	248	172	247	184	320	321	273	314	300	339	254	412	581	585	619	383	481	330	453	571	820	972	881	946	686	371	146	543	649	550	510	504	513	132	492	819	1000	869	493	437	273	221	96	274	333	242	247	161	236	133	211	214	185	147	122	174	109	133	135	154	113	119
64	170	2	2	119	0	1953125	12	0.0	2836	1.51	0	0	V0.2	0	0	84	61	100	93	84	87	104	98	88	90	124	81	134	109	151	97	155	154	145	161	168	212	172	227	239	224	255	282	374	280	327	337	336	339	373	649	576	623	411	462	413	464	651	809	1000	890	894	740	385	300	529	732	512	509	527	550	217	460	829	952	876	494	410	308	209	145	254	353	235	259	186	235	155	203	232	172	160	131	190	117	137	145	153	118	123
64	170	2	2	119	0	1953125	12	0.0	2839	1.51	0	0	V0.2	0	0	82	42	100	76	89	61	108	92	83	65	121	75	113	89	148	84	135	139	141	148	144	212	148	219	203	244	219	279	357	284	305	295	351	313	355	594	592	652	389	465	386	430	543	781	975	853	893	708	483	278	488	659	480	399	466	613	280	408	767	1000	905	493	376	251	248	116	269	343	258	245	166	249	135	205	207	196	142	130	183	118	135	134	163	110	126
64	170	2	2	119	0	1953125	12	0.0	2839	1.51	0	0	V0.2	0	0	90	41	96	57	102	37	117	77	93	55	122	79	107	91	147	86	123	134	147	136	129	212	133	209	159	262	188	275	313	290	280	236	332	268	365	521	592	615	337	417	331	391	440	756	915	776	757	547	533	295	428	541	482	291	314	490	248	399	697	1000	878	506	331	172	256	91	239	293	274	217	139	233	121	176	160	204	129	122	161	120	114	109	156	99	101
64	170	2	2	119	0	1953125	12	0.0	2839	1.51	0	0	V0.2	0	0	89	59	77	88	79	75	86	104	77	63	114	90	103	79	149	97	112	130	150	140	130	200	174	171	199	233	253	225	344	293	281	250	318	366	331	586	579	648	384	385	414	409	512	737	1000	846	686	589	599	558	411	614	431	234	169	515	440	487	750	975	983	573	298	206	283	207	215	365	288	247	137	259	194	165	203	201	178	103	189	146	122	118	164	133	105
64	170	2	2	119	0	1953125	12	0.0	2836	1.51	0	0	V0.2	0	0	109	62	90	73	114	60	112	97	104	57	132	100	116	87	164	109	125	145	176	156	127	228	170	200	171	287	242	252	333	319	304	226	358	365	378	546	601	676	368	416	409	445	440	741	992	826	692	569	776	670	464	524	403	196	198	561	521	569	692	1000	976	582	321	175	337	203	212	323	310	255	128	273	186	172	164	225	172	99	174	148	127	100	170	127	96
64	170	2	2	119	0	1953125	12	0.0	2839	1.51	0	0	V0.2	0	0	91	51	76	45	117	43	92	70	104	41	106	93	105	73	140	103	105	119	162	148	105	198	149	186	126	280	204	249	272	321	295	191	327	307	375	453	620	657	389	401	382	432	320	682	908	819	660	519	850	721	547	415	397	225	229	513	584	611	665	1000	916	607	308	179	341	175	217	295	353	235	145	257	186	173	153	245	146	113	163	170	123	106	175	127	97
64	170	2	2	119	0	1953125	12	0.0	2864	1.51	0	0	V0.2	0	0	97	120	46	122	76	122	58	121	98	111	69	138	109	131	82	159	147	135	153	186	191	180	163	261	176	261	214	385	346	318	349	319	359	295	481	666	641	707	512	592	501	387	546	739	993	860	747	788	832	972	764	675	434	74	92	514	755	824	1000	986	909	769	350	219	227	354	302	249	370	283	241	154	246	278	160	178	157	209	139	138	179	150	128	103	157
64	170	2	2	119	0	1953125	12	0.0	2864	1.51	0	0	V0.2	0	0	83	87	33	109	56	97	36	120	62	72	81	116	72	83	120	128	75	120	156	131	136	158	223	100	204	189	281	197	332	362	291	276	265	403	308	528	623	657	570	390	570	440	433	574	882	895	551	620	808	1000	757	658	599	350	176	397	609	591	745	841	920	705	256	224	268	315	150	341	353	235	163	211	283	135	189	186	188	97	159	194	120	108	140	162	88
64	170	2	2	119	0	1953125	12	0.0	2836	1.51	0	0	V0.2	0	0	111	64	101	77	145	33	134	92	128	64	143	127	123	112	173	129	127	164	208	181	142	250	184	227	154	347	248	309	332	402	369	224	377	369	420	490	682	771	470	492	506	613	403	643	972	904	695	348	913	946	884	742	689	604	228	236	453	622	569	926	1000	717	450	103	374	298	179	259	364	351	107	265	246	232	130	233	238	106	146	184	195	88	157	172	126
64	170	2	2	119	0	1953125	12	0.0	2839	1.51	0	0	V0.2	0	0	81	88	88	56	144	55	90	77	139	63	86	134	133	92	124	155	126	109	187	191	138	181	209	236	133	293	248	315	252	411	370	246	322	350	451	370	683	694	574	425	523	682	451	621	855	1000	742	220	713	887	933	661	825	608	306	121	484	536	563	925	928	830	424	216	365	304	217	251	429	280	177	217	285	228	157	261	187	147	141	224	162	116	171	171	126
64	170	2	2	119	0	1953125	12	0.0	2861	1.51	0	0	V0.2	0	0	93	102	84	78	109	128	66	91	121	100	89	99	156	80	138	133	145	102	164	204	140	193	204	233	164	260	303	269	327	371	436	297	323	420	404	482	569	813	586	534	552	753	655	623	973	996	820	188	667	861	888	795	776	762	410	160	330	570	541	885	1000	738	471	156	420	333	202	252	357	324	111	272	240	227	129	241	202	104	158	183	164	87	178	148	99
64	170	2	2	119	0	1953125	12	0.0	2864	1.51	0	0	V0.2	0	0	83	64	85	28	130	73	86	60	123	58	84	88	134	53	129	118	124	82	152	180	110	191	167	230	101	271	234	275	278	373	411	253	327	357	402	402	583	748	545	529	535	770	638	680	962	1000	868	182	574	764	889	731	723	679	359	102	316	581	541	861	924	721	476	145	399	320	228	220	347	319	117	255	241	244	116	228	197	111	139	186	179	82	168	157	121
64	170	2	2	119	0	1953125	12	0.0	2864	1.51	0	0	V0.2	0	0	106	81	94	52	139	92	94	82	130	66	106	100	149	61	153	123	133	105	173	194	123	217	189	231	127	281	271	272	321	381	427	267	320	385	386	452	554	774	533	534	558	788	705	685	993	1000	841	221	586	812	903	814	670	649	356	63	320	620	600	846	958	686	459	116	396	349	211	229	313	336	106	253	241	239	131	199	212	99	139	167	185	86	146	153	114
64	170	2	2	119	0	1953125	12	0.0	2864	1.51	0	0	V0.2	0	0	82	71	65	50	106	95	65	74	101	67	79	77	121	48	128	109	113	77	138	167	110	177	172	194	130	228	254	229	295	330	387	268	280	370	337	427	467	689	486	476	519	710	689	672	981	1000	822	287	485	749	787	729	609	660	442	93	199	504	523	693	835	607	424	144	352	343	199	233	278	318	117	233	235	219	138	176	208	98	132	152	172	89	137	150	113
64	170	2	2	119	0	1953125	12	0.0	2861	1.51	0	0	V0.2	0	0	94	81	71	61	106	99	68	83	105	71	88	90	127	61	136	116	119	92	150	174	119	180	183	192	143	222	264	224	300	327	386	276	269	368	324	426	443	669	486	455	503	665	661	630	956	1000	829	333	429	736	740	672	521	620	444	143	182	466	509	612	767	556	383	128	315	336	187	221	249	304	127	203	225	206	149	152	207	104	116	134	160	94	113	139	107
64	170	2	2	119	0	1953125	12	0.0	2859	1.51	0	0	V0.2	0	0	73	58	88	20	120	66	83	47	118	57	75	77	128	52	113	108	125	72	134	169	109	171	146	224	90	241	210	272	257	341	388	253	297	313	382	358	501	654	499	492	479	731	636	695	937	1000	915	264	477	712	868	653	586	593	384	180	224	537	483	704	734	581	407	105	346	291	252	202	315	298	113	219	216	243	108	204	179	116	118	165	172	82	145	141	122
64	170	2	2	119	0	1953125	12	0.0	2864	1.51	0	0	V0.2	0	0	62	112	45	84	50	129	34	95	76	104	47	104	103	98	88	137	108	92	134	159	153	117	218	141	186	140	297	209	284	320	338	303	197	376	300	396	412	601	556	380	537	598	665	596	868	1000	725	311	395	805	700	635	502	524	431	34	269	433	533	564	755	580	307	155	270	340	146	243	251	264	130	191	241	156	155	140	191	81	128	144	134	91	117	136	82
64	170	2	2	119	0	1953125	12	0.0	2864	1.51	0	0	V0.2	0	0	78	58	80	41	115	82	78	61	107	61	83	75	126	52	124	105	121	79	138	171	111	180	158	214	114	241	232	260	287	341	395	265	307	351	371	404	495	687	507	517	502	722	659	699	975	1000	881	292	536	771	864	712	575	600	370	129	252	577	548	734	808	608	442	134	359	316	248	234	304	318	127	244	225	242	134	196	193	110	131	159	175	87	145	144	120
64	170	2	2	119	0	1953125	12	0.0	2861	1.51	0	0	V0.2	0	0	89	72	97	38	126	73	96	62	121	62	95	88	137	67	135	115	131	98	154	182	122	193	163	233	120	258	230	277	289	353	397	267	328	353	397	407	502	671	500	517	487	710	640	704	961	1000	917	328	464	694	866	734	592	581	370	192	181	487	478	714	768	586	434	124	334	287	232	210	287	303	122	224	205	238	131	193	186	112	123	146	168	86	135	132	114
64	170	2	2	119	0	1953125	12	0.0	2839	1.51	0	0	V0.2	0	0	56	91	29	90	48	103	29	96	62	81	48	107	78	93	82	131	85	94	132	139	149	104	207	121	179	136	259	214	244	313	272	276	192	325	308	331	436	481	539	296	459	494	575	604	775	1000	770	374	179	655	687	592	529	424	468	175	151	225	425	483	598	569	270	180	161	299	178	184	249	203	173	106	236	155	152	137	168	131	87	151	126	113	97	142	112
64	170	2	2	119	0	1953125	12	0.0	2861	1.51	0	0	V0.2	0	0	61	68	106	23	106	58	105	34	110	69	79	80	120	87	93	112	128	89	126	162	135	147	154	224	110	214	192	300	221	338	342	269	282	279	420	313	504	526	549	426	440	633	590	713	808	1000	894	298	284	641	841	603	633	503	460	248	152	318	412	600	581	593	315	162	221	257	212	157	286	181	153	125	225	171	125	165	129	115	88	158	112	103	113	121	85
64	170	1	2	119	0	1953125	12	0.0	2864	1.51	0	0	V0.2	0	0	37	56	91	26	87	52	97	28	88	68	64	72	90	89	65	106	107	76	101	136	142	116	157	190	126	172	196	278	203	320	301	277	248	289	403	306	480	470	556	357	458	601	626	706	774	1000	820	285	244	701	807	596	610	487	498	202	209	339	451	540	589	600	279	183	201	304	192	189	274	183	159	131	248	146	141	138	145	97	108	159	108	103	110	135	79
64	170	1	2	119	0	1953125	12	0.0	2861	1.51	0	0	V0.2	0	0	48	93	78	65	82	85	79	73	92	81	50	108	88	102	70	135	102	94	136	146	152	112	203	175	154	178	242	277	229	358	309	284	244	341	421	332	504	486	567	343	518	644	668	731	791	1000	782	232	305	768	857	630	657	534	546	236	224	393	471	543	562	606	305	180	206	316	227	154	279	202	172	111	250	183	121	142	152	132	79	162	127	101	96	134	99
64	170	1	2	119	0	1953125	12	0.0	2834	1.51	0	0	V0.2	0	0	49	93	39	84	58	103	50	92	74	86	41	115	83	103	72	143	93	90	134	148	158	101	218	151	179	156	269	259	237	336	293	290	221	355	393	333	465	472	566	309	506	618	689	715	773	1000	775	267	263	786	842	649	647	578	646	310	163	332	450	481	547	608	329	203	178	326	242	160	271	220	199	103	256	203	145	142	165	152	69	157	141	117	93	145	126
64	170	1	2	119	0	1953125	12	0.0	2836	1.51	0	0	V0.2	0	0	44	110	67	82	60	122	74	90	82	116	52	119	106	133	70	150	123	113	139	165	187	104	225	170	206	152	295	288	255	337	308	317	206	359	401	369	453	493	602	323	485	593	714	684	749	1000	776	327	258	816	823	658	578	564	626	231	184	331	449	420	590	598	319	194	160	337	191	174	237	231	188	114	251	159	157	127	190	129	88	143	124	108	98	148	103
64	170	1	2	119	0	1953125	12	0.0	2859	1.51	0	0	V0.2	0	0	36	75	90	52	67	85	106	47	72	97	61	79	79	120	51	121	111	94	100	140	179	97	192	169	186	136	264	292	254	341	318	333	221	346	406	386	487	546	668	382	514	619	732	686	751	1000	754	301	345	904	887	685	543	504	519	83	329	482	595	552	699	645	316	179	211	352	160	232	264	243	157	175	261	141	163	144	194	85	135	157	125	98	126	146	83
64	170	1	2	119	0	1953125	12	0.0	2859	1.51	0	0	V0.2	0	0	52	90	86	49	96	61	83	64	105	72	57	108	98	90	71	129	104	87	139	151	134	116	186	190	132	206	237	310	231	364	315	241	232	319	448	356	579	560	596	394	464	631	573	629	658	840	637	120	525	906	1000	594	487	329	306	62	499	694	655	716	617	646	377	118	199	292	241	147	302	215	169	126	247	206	105	161	152	143	76	169	140	97	101	134	110
64	170	1	2	119	0	1953125	12	0.0	2859	1.51	0	0	V0.2	0	0	38	86	71	56	77	72	70	70	90	73	40	103	79	88	55	132	92	78	128	139	138	93	197	157	156	177	262	286	227	340	269	239	221	386	457	398	569	527	561	286	483	585	577	603	683	863	565	359	653	1000	967	492	285	122	163	314	742	807	710	665	606	624	281	132	208	329	202	207	311	208	171	138	266	155	126	152	162	110	111	186	126	95	108	148	96
64	170	1	2	119	0	1953125	12	0.0	2859	1.51	0	0	V0.2	0	0	68	106	81	68	101	72	75	88	113	77	56	125	95	93	81	149	98	102	165	161	141	123	218	181	168	234	273	308	234	370	287	241	282	432	518	415	617	544	520	268	527	643	587	694	823	1000	704	412	683	893	858	292	200	186	301	487	881	889	661	680	629	642	286	185	286	352	232	208	356	229	181	158	275	187	127	188	167	126	95	189	130	97	120	152	102
64	170	1	2	119	0	1953125	12	0.0	2859	1.51	0	0	V0.2	0	0	46	95	59	72	65	91	57	84	82	83	34	111	74	89	63	138	86	85	136	138	137	92	216	131	178	168	286	249	247	335	264	247	237	443	437	447	566	540	524	218	512	563	598	640	853	1000	646	434	567	849	679	249	223	235	248	521	854	759	641	614	700	624	206	197	290	371	164	267	315	214	153	183	276	124	157	162	177	91	153	186	112	99	135	156	82
64	170	1	2	119	0	1953125	12	0.0	2859	1.51	0	0	V0.2	0	0	73	80	75	64	122	46	73	79	120	51	67	118	98	77	97	134	90	99	163	151	115	146	194	187	140	258	223	278	232	380	301	212	303	367	449	381	652	595	469	286	501	623	498	715	891	1000	739	335	615	668	639	292	449	224	132	396	714	696	520	782	767	691	324	187	322	286	209	219	365	221	146	185	243	183	122	213	138	109	118	191	127	91	143	139	91
64	170	1	2	119	0	1953125	12	0.0	2859	1.51	0	0	V0.2	0	0	48	87	42	78	67	78	41	92	78	67	35	109	60	74	72	132	66	85	133	115	115	102	212	109	172	163	251	196	249	341	257	240	230	373	315	407	571	552	502	220	498	483	501	626	888	1000	643	420	412	559	360	424	508	294	172	395	659	457	482	669	810	670	206	196	265	304	112	293	317	178	121	181	247	91	172	169	152	65	156	173	83	98	137	139	60
64	170	1	2	119	0	1953125	12	0.0	2861	1.51	0	0	V0.2	0	0	74	80	54	85	109	49	66	100	104	55	68	123	72	94	100	134	71	115	160	121	123	145	200	143	178	236	208	234	251	376	255	239	302	330	348	400	672	554	451	258	501	499	447	738	915	1000	693	425	474	355	283	435	609	269	276	472	642	418	474	805	795	660	225	240	291	229	146	267	351	156	147	173	225	119	170	216	128	93	119	168	78	104	137	121	66
64	170	1	2	119	0	1953125	12	0.0	2859	1.51	0	0	V0.2	0	0	65	66	50	76	105	41	65	87	99	46	64	113	66	85	91	124	65	104	145	109	123	141	188	137	179	230	196	233	252	370	248	256	316	329	351	421	684	548	449	278	527	510	505	794	937	1000	693	473	470	330	337	526	636	252	354	531	634	382	580	903	841	662	201	282	290	219	172	312	360	149	189	195	234	122	202	213	118	113	152	179	78	132	147	121	77
64	170	1	2	119	0	1953125	12	0.0	2861	1.51	0	0	V0.2	0	0	81	93	53	109	102	73	71	118	95	75	79	137	65	120	112	146	81	142	173	125	157	156	223	132	232	236	237	247	305	398	262	316	339	361	337	484	718	571	516	337	593	514	534	776	925	1000	708	630	521	380	382	615	639	214	386	560	601	272	703	981	926	711	214	315	275	215	158	345	364	163	209	195	234	109	227	213	128	110	166	185	84	141	150	130	79
64	170	2	2	119	0	1953125	12	0.0	2859	1.51	0	0	V0.2	0	0	77	68	67	76	117	38	84	87	106	55	82	116	75	98	106	125	80	125	160	125	140	162	189	160	200	265	203	270	281	395	284	328	396	340	346	419	716	588	554	454	619	561	449	734	876	999	839	784	731	394	332	435	550	283	630	786	724	360	651	1000	893	695	272	366	330	196	215	350	392	183	238	213	216	133	233	239	124	145	174	184	91	160	167	132	103
64	170	2	2	119	0	1953125	12	0.0	2836	1.51	0	0	V0.2	0	0	120	65	99	82	115	66	125	113	107	65	145	105	125	92	182	113	139	161	185	165	134	237	174	216	202	300	259	258	361	332	339	297	409	395	285	502	580	693	407	539	557	535	435	642	936	840	904	799	755	548	133	343	353	354	620	999	798	421	537	951	989	587	394	282	390	232	193	337	322	295	168	301	189	161	188	242	198	111	193	146	128	113	180	133	101
64	170	2	2	119	0	1953125	12	0.0	2839	1.51	0	0	V0.2	0	0	72	87	94	57	123	55	91	85	126	74	79	133	107	105	107	159	115	128	184	168	153	155	223	193	204	274	255	289	263	407	312	330	370	369	357	376	679	581	594	444	684	587	397	615	840	1000	796	911	871	625	336	266	339	301	658	933	961	414	643	943	965	730	272	428	338	262	159	398	371	225	272	238	243	107	279	220	179	151	222	190	104	172	164	140	120
64	170	1	2	119	0	1953125	12	0.0	2861	1.51	0	0	V0.2	0	0	78	112	77	92	96	93	71	112	106	92	65	139	87	111	98	162	103	134	173	150	160	138	243	141	232	216	287	240	307	396	310	351	343	433	333	452	624	607	587	427	671	532	495	635	917	1000	766	830	697	597	239	419	429	350	519	798	828	354	608	859	957	662	278	373	323	274	158	391	326	226	202	239	223	113	246	199	173	101	191	146	96	140	152	116	92
64	170	2	2	119	0	1953125	12	0.0	2834	1.51	0	0	V0.2	0	0	78	83	32	112	47	93	42	126	59	76	84	117	71	93	125	131	86	134	161	129	143	157	224	110	231	191	274	187	321	350	278	300	289	387	244	454	564	590	506	340	552	422	439	600	936	1000	750	712	556	536	235	440	453	305	343	574	641	240	536	797	939	698	291	316	306	299	112	348	349	241	184	211	256	106	215	208	199	108	180	197	111	121	156	165	93
64	170	2	2	119	0	1953125	12	0.0	2836	1.51	0	0	V0.2	0	0	88	117	37	103	69	126	33	125	86	93	82	131	113	92	131	156	111	119	171	166	145	164	241	146	210	200	312	193	319	348	333	289	275	412	258	451	527	664	505	321	494	450	423	557	981	1000	772	591	516	585	302	609	616	484	209	399	469	143	469	841	980	636	329	241	346	281	119	331	310	267	127	256	218	128	185	208	193	76	182	154	112	102	166	137	78
64	170	2	2	119	0	1953125	12	0.0	2834	1.51	0	0	V0.2	0	0	89	98	62	78	100	132	53	97	109	98	88	106	146	74	144	140	138	104	170	200	136	202	217	224	183	271	315	241	327	365	431	315	376	453	337	447	587	825	564	545	585	668	466	540	978	1000	922	557	760	708	601	780	919	845	445	509	506	189	372	927	987	709	451	272	481	286	174	302	404	317	164	314	217	201	181	302	205	130	196	192	146	124	214	150	114
64	170	2	2	119	0	1953125	12	0.0	2836	1.51	0	0	V0.2	0	0	81	112	43	92	65	125	27	110	88	98	71	124	117	95	114	146	112	111	164	171	147	142	227	144	191	184	305	195	289	326	329	280	227	368	233	384	470	659	551	441	627	613	523	313	621	693	468	311	583	798	660	795	692	541	274	235	335	311	492	813	1000	707	400	246	346	333	81	249	266	255	123	247	233	128	148	180	189	70	157	148	115	88	149	136	75
64	170	2	2	119	0	1953125	12	0.0	2834	1.51	0	0	V0.2	0	0	54	103	41	86	54	119	36	98	78	99	46	115	98	96	88	146	102	94	144	160	155	119	230	135	187	164	310	223	268	320	303	280	232	413	332	371	416	507	436	326	661	722	678	454	616	698	401	352	701	1000	816	853	757	617	415	286	521	307	48	430	709	510	301	315	423	417	129	248	274	258	154	244	264	134	177	197	218	93	165	169	127	101	150	153	86
64	170	2	2	119	0	1953125	12	0.0	2834	1.51	0	0	V0.2	0	0	67	106	42	83	54	117	28	94	75	93	54	112	103	92	96	139	104	99	149	163	149	121	216	137	185	163	293	196	240	283	293	273	223	371	267	345	407	554	479	357	586	609	551	412	742	863	632	370	486	822	719	779	717	640	509	221	186	356	596	841	1000	720	389	199	277	300	93	253	270	257	135	231	252	144	153	162	186	80	155	158	126	92	138	138	72
64	170	2	2	119	0	1953125	12	0.0	2809	1.50	0	0	V0.2	0	0	73	74	42	69	71	93	34	81	73	63	70	92	101	60	108	110	89	84	136	146	112	135	179	137	155	165	250	152	215	234	262	217	207	331	229	313	340	505	390	253	393	470	444	341	625	660	476	264	615	906	897	999	905	845	676	263	149	40	209	472	612	439	240	68	255	281	103	166	195	220	97	191	214	155	139	143	181	77	111	133	132	80	107	131	86
64	170	2	2	119	0	1953125	12	0.0	2133	1.39	0	0	V0.2	0	0	91	71	10	55	22	119	86	20	35	61	103	45	60	23	91	81	53	32	40	74	136	109	32	96	50	193	168	17	114	140	199	256	135	211	321	174	223	200	75	236	438	575	628	380	575	897	829	816	931	751	657	908	1000	975	707	305	388	368	643	938	835	351	117	152	343	362	196	67	41	136	259	196	35	103	93	180	168	47	62	88	100	112	51	42	80
64	170	2	2	119	0	1953125	12	0.0	2839	1.51	0	0	V0.2	0	0	42	41	52	53	28	84	21	64	58	30	77	50	53	92	51	86	74	66	92	99	74	146	85	135	130	131	145	160	171	189	225	205	266	218	227	214	173	210	368	173	455	598	507	592	833	657	613	470	297	538	483	148	819	999	455	410	775	531	226	525	344	174	171	120	192	259	142	197	241	133	156	136	96	123	154	80	145	84	107	103	82	96	100	69	92
64	170	2	2	119	0	1953125	12	0.0	2836	1.51	0	0	V0.2	0	0	61	110	59	85	69	114	60	101	92	102	54	129	103	116	86	159	115	111	154	163	164	115	239	170	206	181	282	237	209	313	309	353	341	501	494	310	316	316	382	260	608	666	666	595	779	1000	766	457	339	618	486	292	438	521	508	576	799	620	380	437	696	684	327	148	179	284	91	262	345	311	237	163	253	119	144	167	207	122	126	176	128	103	123	158	92
64	170	1	2	119	0	1953125	12	0.0	2839	1.51	0	0	V0.2	0	0	43	101	54	81	58	113	61	89	81	100	41	114	95	113	77	152	109	91	133	156	166	108	235	168	207	163	284	239	211	294	276	301	282	489	486	408	456	469	506	190	452	552	629	584	799	1000	739	402	344	780	716	683	624	441	340	203	496	398	411	591	890	816	448	284	243	340	112	203	287	294	228	212	297	151	162	159	202	107	145	183	137	107	135	166	95
64	170	1	2	119	0	1953125	12	0.0	2839	1.51	0	0	V0.2	0	0	80	102	99	65	137	75	101	82	143	84	81	140	138	109	116	174	147	117	180	193	155	173	238	270	171	291	254	318	203	374	351	312	396	461	562	341	526	545	566	400	558	752	604	640	764	1000	844	365	560	803	938	686	780	533	375	236	448	458	297	671	824	860	486	268	367	353	238	127	355	274	244	221	296	245	124	214	182	162	120	212	167	109	144	164	124
64	170	1	2	119	0	1953125	12	0.0	2839	1.51	0	0	V0.2	0	0	48	108	63	87	71	118	69	94	92	107	48	123	104	121	81	161	119	103	146	168	175	118	253	194	225	186	295	256	212	317	321	371	349	522	519	352	380	405	475	302	681	799	836	734	824	1000	681	274	460	944	876	794	783	648	565	211	440	374	314	453	744	688	316	225	297	402	170	226	310	282	216	215	325	182	173	173	224	129	142	196	146	119	138	175	105
64	170	1	2	119	0	1953125	12	0.0	2836	1.51	0	0	V0.2	0	0	58	109	57	88	71	116	59	95	88	100	52	129	106	116	85	154	111	106	150	161	161	119	245	178	210	181	284	234	202	301	299	345	334	494	481	304	303	283	323	306	731	859	891	803	868	1000	672	197	345	758	644	571	638	579	490	272	526	447	243	299	567	530	206	184	275	356	140	224	295	256	190	182	282	148	153	160	202	115	120	171	125	104	121	155	89
64	170	1	2	119	0	1953125	12	0.0	2031	1.37	0	0	V0.2	0	0	24	63	68	23	39	21	78	75	14	32	31	77	43	65	50	32	76	84	85	55	53	38	149	128	55	94	13	148	163	88	92	118	119	320	413	237	256	210	288	462	533	576	631	597	702	1000	921	689	733	740	504	744	825	643	594	332	27	144	454	607	717	455	125	3	56	194	275	202	57	37	78	190	186	62	47	51	101	149	103	17	42	65	97	97	48
64	170	1	2	119	0	1953125	12	0.0	1935	1.35	0	0	V0.2	0	0	35	19	51	16	67	0	61	13	60	22	58	28	58	33	69	29	52	38	49	60	33	83	35	90	54	97	67	72	80	61	95	53	109	139	161	250	169	177	137	308	351	467	407	309	612	563	423	326	549	931	767	299	630	1000	915	590	378	320	752	718	432	180	119	237	140	126	147	202	164	52	136	89	122	47	94	83	65	82	65	85	39	71	60	62	51
64	170	1	2	119	0	1953125	12	0.0	2061	1.37	0	0	V0.2	0	0	36	33	36	52	33	46	42	42	39	22	41	5	51	10	49	22	53	35	47	60	51	79	61	110	37	110	53	137	40	102	88	137	123	172	154	153	147	58	136	62	437	566	550	268	448	470	299	368	468	883	734	215	650	973	756	412	393	646	1000	833	484	134	340	243	182	206	239	258	79	176	122	139	17	115	67	83	64	86	69	53	84	52	57	51	72
64	170	1	2	119	0	1953125	12	0.0	2814	1.50	0	0	V0.2	0	0	75	57	81	45	92	51	82	80	56	89	78	82	105	77	112	94	111	122	125	129	151	130	147	163	143	207	163	267	181	234	216	228	191	275	229	323	369	419	482	361	505	560	369	193	504	286	406	591	702	828	906	454	774	1000	672	95	581	584	776	834	427	328	439	425	174	225	89	148	219	166	215	189	143	129	179	107	159	105	131	108	108	112	109	94	96
64	170	2	2	119	0	1953125	12	0.0	2061	1.37	0	0	V0.2	0	0	28	19	81	82	12	53	9	85	65	24	27	50	79	36	66	19	61	91	101	66	67	51	110	184	79	80	84	61	169	173	92	153	202	257	370	178	74	129	81	283	538	474	357	401	497	664	445	206	203	230	322	889	961	688	607	480	706	827	1000	984	884	434	203	345	319	370	375	196	70	172	144	178	131	34	154	139	131	127	37	83	134	113	99	59	38
64	170	2	2	119	0	1953125	12	0.0	2008	1.36	0	0	V0.2	0	0	43	27	40	38	45	46	43	45	40	36	55	36	58	30	66	38	48	47	51	53	49	72	75	73	105	72	107	80	162	83	95	94	110	209	123	275	180	288	200	282	248	160	100	402	749	608	309	345	361	301	117	616	1000	870	336	523	967	939	961	719	80	333	369	314	81	153	137	84	77	89	129	13	108	72	110	53	84	81	49	72	56	76	40	69	58
64	170	2	2	119	0	1953125	12	0.0	2016	1.37	0	0	V0.2	0	0	13	43	9	54	18	56	16	52	17	54	22	55	24	62	31	57	31	53	49	38	73	35	98	31	130	48	133	91	163	123	88	140	91	165	134	261	258	306	322	276	189	32	256	502	715	610	339	560	476	393	252	652	974	695	252	651	1000	795	694	571	147	316	246	162	64	103	23	64	49	88	63	86	137	72	98	44	100	53	67	63	53	55	49	68	39
64	170	2	2	119	0	1953125	12	0.0	2008	1.36	0	0	V0.2	0	0	31	38	47	34	59	30	58	33	55	44	47	57	49	65	52	64	56	57	65	64	72	78	73	98	76	116	52	108	68	124	91	79	140	129	208	121	210	94	185	121	199	278	75	411	621	658	262	189	195	244	293	486	1000	852	450	210	737	881	886	703	189	331	353	280	187	103	192	101	114	98	128	78	85	108	82	94	61	102	55	79	70	69	61	64	74
64	170	1	2	119	0	1953125	12	0.0	2814	1.50	0	0	V0.2	0	0	45	52	55	45	77	33	74	55	51	69	57	72	83	62	90	70	85	91	100	100	122	110	125	135	112	170	132	210	159	217	208	209	158	192	183	226	310	298	393	288	470	457	321	373	643	409	152	369	326	477	470	524	851	1000	524	288	573	533	639	619	345	208	444	319	179	154	161	130	203	115	183	136	117	158	137	134	117	117	90	112	80	107	84	90	97
64	170	1	2	119	0	1953125	12	0.0	2086	1.38	0	0	V0.2	0	0	22	11	52	87	37	38	24	51	72	20	29	24	70	40	41	34	30	71	82	61	32	51	64	154	103	35	86	37	145	191	120	122	194	178	256	148	74	111	55	155	391	319	183	435	599	721	502	198	116	185	348	874	1000	684	593	470	569	697	901	831	700	357	124	283	254	237	241	121	68	160	121	122	85	57	159	133	90	80	12	84	117	81	51	26	50
64	170	2	2	119	0	1953125	12	0.0	2011	1.36	0	0	V0.2	0	0	45	28	41	43	42	47	43	54	32	34	59	46	56	35	75	55	52	59	67	64	67	82	111	56	118	63	128	35	135	108	104	122	104	230	137	228	130	171	80	171	305	296	143	353	782	743	279	95	151	359	255	498	977	990	592	177	748	857	1000	860	242	261	347	352	176	114	172	104	110	81	159	59	102	102	118	92	74	118	66	80	67	91	65	62	79
64	170	2	2	119	0	1953125	12	0.0	2036	1.37	0	0	V0.2	0	0	36	14	56	13	60	13	58	7	49	18	50	29	56	35	59	40	59	42	54	67	49	91	44	115	39	128	35	102	56	119	138	80	179	137	217	85	179	42	107	108	240	414	125	356	647	705	274	115	113	217	307	348	998	909	489	129	728	923	1000	861	329	276	358	290	232	82	188	106	103	93	104	77	68	97	59	81	46	92	43	68	57	56	50	51	59
64	170	2	2	119	0	1953125	12	0.0	2809	1.50	0	0	V0.2	0	0	37	59	40	62	66	43	78	38	64	65	52	84	72	73	90	61	91	83	95	103	125	103	153	105	151	140	141	199	155	229	227	233	197	240	146	255	211	323	343	315	500	602	358	361	657	501	61	298	293	432	603	489	917	1000	588	307	719	519	545	693	374	269	382	387	150	190	97	153	167	151	185	157	124	124	148	96	137	86	117	96	98	101	91	92	89
64	170	2	2	119	0	1953125	12	0.0	2058	1.37	0	0	V0.2	0	0	18	32	78	45	31	51	43	73	30	41	33	49	37	49	69	16	47	61	78	53	61	6	129	130	34	102	38	103	156	136	112	152	116	249	293	58	69	6	101	264	415	312	258	315	639	785	450	262	375	223	376	893	938	745	515	235	482	614	853	1000	886	407	207	222	252	396	375	179	90	98	135	198	122	31	90	87	142	123	25	66	90	94	99	46	32
64	170	2	2	119	0	1953125	12	0.0	2061	1.37	0	0	V0.2	0	0	9	32	35	25	35	30	40	25	27	24	18	29	8	32	7	42	18	24	30	28	49	9	80	33	66	37	71	64	38	96	83	118	93	168	109	110	91	16	93	56	297	381	188	184	619	632	223	116	60	388	351	289	807	916	676	230	443	681	1000	884	321	210	286	337	204	169	207	118	112	75	142	54	59	49	74	44	56	69	26	50	39	56	19	51	47
64	170	2	2	119	0	1953125	12	0.0	2834	1.51	0	0	V0.2	0	0	48	70	37	74	63	48	87	39	75	68	53	93	69	80	100	64	104	95	99	114	129	108	167	106	178	149	162	221	185	242	257	253	233	276	189	317	229	381	427	408	507	677	373	372	696	541	128	388	372	508	659	224	872	1000	571	247	622	408	667	848	465	395	511	425	192	230	54	193	175	166	199	192	114	157	131	104	145	80	128	95	104	106	97	87	96
64	170	2	2	119	0	1953125	12	0.0	2834	1.51	0	0	V0.2	0	0	70	106	37	110	73	109	42	119	82	90	71	139	92	115	114	157	92	127	172	155	169	163	262	141	232	208	307	227	311	379	322	345	330	452	344	396	473	480	493	572	899	800	701	686	822	778	207	481	843	1000	664	708	730	536	351	122	271	131	569	809	945	657	480	556	493	396	77	307	298	250	229	296	295	118	215	199	191	105	207	190	116	132	167	149	89
64	170	2	2	119	0	1953125	12	0.0	2133	1.39	0	0	V0.2	0	0	71	55	45	91	23	89	75	43	67	50	96	37	37	13	86	91	18	21	70	71	78	80	71	146	74	112	142	21	157	215	171	205	158	239	378	185	80	152	72	362	695	610	480	347	565	903	722	565	758	724	343	825	957	881	783	374	464	610	844	1000	959	435	216	305	315	452	414	181	75	124	171	241	134	64	139	122	167	128	17	98	111	101	89	21	67
64	170	2	2	119	0	1953125	12	0.0	2809	1.50	0	0	V0.2	0	0	43	48	75	22	95	37	58	76	49	75	74	64	93	78	81	81	94	82	125	98	133	128	141	120	183	127	186	215	175	253	235	223	265	225	201	306	142	381	399	378	580	853	522	388	574	507	53	244	489	894	943	421	725	1000	601	162	782	617	304	459	393	12	292	210	222	215	172	109	219	89	170	180	123	146	156	98	120	123	75	135	88	101	102	79	88
64	170	2	2	119	0	1953125	12	0.0	2809	1.50	0	0	V0.2	0	0	109	83	72	59	124	94	79	92	123	71	109	113	141	60	150	131	128	113	182	194	121	200	204	206	148	265	298	227	284	322	376	264	301	402	269	270	337	563	406	614	824	977	818	478	667	676	398	231	882	1000	892	779	820	910	668	563	649	537	279	266	466	354	234	127	419	390	154	121	239	281	83	218	216	179	92	191	219	94	121	151	160	70	143	158	107
64	170	2	2	119	0	1953125	12	0.0	2784	1.50	0	0	V0.2	0	0	88	104	38	83	76	123	22	104	94	94	73	120	125	85	112	140	108	93	158	180	148	134	229	150	178	169	314	196	242	282	321	283	190	366	251	211	233	485	411	458	767	866	815	491	617	786	498	171	703	953	766	785	847	1000	872	620	774	633	402	221	424	361	204	76	317	414	178	116	195	266	138	161	236	143	112	144	225	113	112	154	153	91	110	158	104
64	170	2	2	119	0	1953125	12	0.0	2809	1.50	0	0	V0.2	0	0	40	106	90	72	64	119	95	75	90	126	64	113	114	142	61	147	135	118	135	172	198	103	220	182	205	147	295	283	228	304	315	338	227	352	353	224	265	423	496	402	757	860	838	585	586	821	537	57	612	1000	806	745	784	884	816	552	751	614	310	126	476	431	185	108	308	390	135	157	220	239	120	183	233	102	124	160	203	74	140	153	115	78	141	148	72
64	170	2	2	119	0	1953125	12	0.0	2809	1.50	0	0	V0.2	0	0	69	127	59	103	61	152	47	111	94	130	64	131	136	132	100	162	135	113	161	200	201	132	256	181	235	166	348	258	288	328	363	365	258	441	349	291	262	500	474	465	795	921	936	642	706	881	597	129	601	1000	893	901	820	904	803	643	840	651	357	127	518	474	271	102	308	408	154	163	230	299	161	195	251	150	137	163	233	107	141	164	154	95	136	163	101
64	170	2	2	119	0	1953125	12	0.0	2811	1.50	0	0	V0.2	0	0	85	91	113	72	114	117	96	73	131	113	106	94	175	103	129	124	174	119	156	218	171	188	174	264	175	246	277	298	293	305	410	316	329	381	372	329	292	506	412	526	676	1000	889	663	742	808	753	155	567	828	998	793	865	862	680	678	711	718	329	256	466	507	385	57	340	310	215	101	301	287	141	214	203	213	77	216	182	134	123	175	160	80	156	147	113
64	170	2	2	119	0	1953125	12	0.0	2809	1.50	0	0	V0.2	0	0	59	119	90	90	101	117	96	98	117	118	74	145	125	139	91	173	140	122	170	195	202	145	253	223	206	220	300	329	247	381	359	370	327	397	451	237	375	406	547	414	812	956	891	752	688	969	740	156	419	984	1000	869	911	805	822	595	772	679	285	207	510	634	328	163	232	394	242	150	297	268	234	149	294	189	149	173	221	164	115	202	158	123	125	178	124
64	170	2	2	119	0	1953125	12	0.0	2786	1.50	0	0	V0.2	0	0	99	143	58	128	85	152	56	144	117	138	88	175	138	149	117	199	145	148	201	209	212	142	286	200	240	207	351	313	260	371	348	367	277	406	420	246	340	401	530	396	820	937	907	732	675	988	750	195	415	1000	941	798	807	793	826	566	783	688	357	151	474	624	363	174	175	403	276	96	247	267	260	125	288	213	142	143	216	192	98	186	165	132	104	179	150
64	170	2	2	119	0	1953125	12	0.0	2784	1.50	0	0	V0.2	0	0	48	119	95	84	82	125	102	88	103	133	75	132	127	157	80	164	149	134	155	193	221	134	240	214	223	189	303	335	236	332	338	386	299	370	440	270	315	355	532	395	749	883	890	734	674	999	790	276	354	950	896	728	743	832	883	627	800	690	408	149	465	591	347	200	203	400	229	137	245	285	242	170	304	184	162	150	234	156	138	194	161	131	136	190	126
64	170	2	2	119	0	1953125	12	0.0	2786	1.50	0	0	V0.2	0	0	69	135	95	100	91	143	104	109	117	145	84	152	138	160	88	183	161	148	173	203	224	138	255	224	231	203	316	337	233	337	336	379	295	374	441	258	304	336	522	389	750	866	864	723	680	1000	780	249	354	930	846	705	799	913	970	683	800	670	357	78	427	562	323	197	196	395	249	88	210	249	230	153	296	182	146	134	217	151	114	185	149	116	116	180	126
64	170	2	2	119	0	1953125	12	0.0	2778	1.50	0	0	V0.2	0	0	51	123	87	90	72	134	94	93	100	135	69	135	127	155	74	164	146	131	156	193	220	124	241	206	226	178	307	319	223	311	320	373	277	373	439	270	277	325	502	369	720	835	856	704	676	1000	783	279	348	908	814	668	740	894	941	671	815	687	410	94	434	558	334	208	204	406	237	99	209	265	227	170	302	185	165	146	237	156	126	187	161	129	126	185	130
64	170	2	2	119	0	1953125	12	0.0	2809	1.50	0	0	V0.2	0	0	51	110	78	114	46	149	85	103	76	148	77	116	131	166	89	147	155	148	137	186	229	133	236	196	273	149	335	282	296	285	367	410	295	462	421	420	242	413	432	455	689	868	947	691	813	993	826	380	433	865	820	733	742	1000	906	789	837	727	506	147	518	501	407	147	324	393	175	128	231	317	152	260	250	208	132	194	224	109	158	168	170	92	171	164	116
64	170	2	2	119	0	1953125	12	0.0	2784	1.50	0	0	V0.2	0	0	78	125	52	113	74	134	52	120	98	119	66	148	120	131	94	172	123	117	166	184	191	123	256	188	214	179	306	282	209	314	309	344	270	394	439	257	280	277	416	309	703	819	811	685	684	1000	804	289	298	840	785	556	602	727	854	653	782	686	404	193	374	553	335	180	165	371	279	50	191	228	230	117	274	211	136	123	195	178	85	171	161	136	98	161	142
64	170	2	2	119	0	1953125	12	0.0	2809	1.50	0	0	V0.2	0	0	51	97	109	63	88	105	120	64	101	122	84	111	118	147	78	149	150	130	137	174	204	129	215	218	205	187	272	323	213	307	312	354	286	380	475	314	334	304	458	294	641	775	791	669	680	1000	797	298	280	809	726	529	574	683	734	584	824	699	392	131	449	521	249	144	241	397	193	117	204	233	183	184	281	139	142	141	207	109	137	170	125	99	129	159	88
64	170	2	2	119	0	1953125	12	0.0	2809	1.50	0	0	V0.2	0	0	56	110	95	74	107	100	98	85	121	102	68	135	125	127	88	167	139	108	161	188	185	138	233	233	174	227	271	325	194	342	331	325	313	406	525	291	354	324	456	307	682	866	796	728	705	1000	820	192	319	817	834	500	597	530	587	474	838	849	460	278	438	630	363	103	214	378	259	90	281	246	226	148	299	220	111	157	194	158	90	200	157	105	110	172	127
64	170	2	2	119	0	1953125	12	0.0	2811	1.50	0	0	V0.2	0	0	114	137	103	85	183	199	122	162	216	163	154	201	153	127	192	185	164	213	235	282	323	281	293	414	425	312	326	440	435	379	374	450	550	578	512	620	803	823	729	775	973	974	898	825	877	996	1000	772	818	891	983	757	766	722	867	793	820	849	861	770	541	514	612	546	406	332	349	374	279	169	240	300	257	200	272	323	298	244	240	265	248	193	159	175	164
64	170	1	2	119	0	1953125	12	0.0	1813	1.33	0	0	V0.2	0	0	67	62	15	80	69	43	111	66	25	43	42	106	73	72	85	12	62	87	108	90	92	87	26	131	125	85	179	151	46	168	181	144	175	227	205	161	322	303	398	426	332	318	413	480	606	954	954	728	793	1000	951	775	686	473	493	494	541	552	463	450	331	452	546	504	458	438	258	68	174	194	178	250	231	83	84	106	102	169	166	92	45	67	77	117	134
64	170	1	2	119	0	1953125	12	0.0	1813	1.33	0	0	V0.2	0	0	36	29	32	38	35	48	25	43	25	36	34	29	41	32	39	32	40	46	41	38	43	38	64	28	80	14	91	33	111	68	91	83	26	88	96	244	185	124	140	247	312	323	247	189	495	557	296	310	494	921	1000	493	288	584	832	757	703	389	285	472	329	242	112	296	310	183	109	64	162	103	82	62	74	84	35	70	28	57	30	52	47	40	49	26	33
64	170	1	2	119	0	1953125	12	0.0	2111	1.38	0	0	V0.2	0	0	36	15	43	19	54	22	48	9	48	12	38	23	39	30	27	33	22	32	37	25	49	15	81	22	75	21	81	39	49	44	59	81	108	153	132	202	205	240	47	134	287	542	426	167	428	565	376	147	492	696	724	351	912	1000	767	280	780	854	699	505	116	407	293	206	163	300	224	51	78	102	109	26	98	49	87	48	90	30	71	48	55	33	50	45	41
64	170	2	2	119	0	1953125	12	0.0	2836	1.51	0	0	V0.2	0	0	63	33	71	44	56	74	42	71	50	53	75	59	73	82	81	77	80	88	96	108	97	138	108	143	123	179	126	209	150	178	212	228	257	287	261	298	186	175	429	263	506	685	595	327	628	487	257	215	271	780	968	358	493	999	896	175	496	529	470	571	355	265	324	317	157	258	74	98	178	105	158	166	96	106	147	67	135	74	81	83	76	79	97	58	76
64	170	2	2	119	0	1953125	12	0.0	2834	1.51	0	0	V0.2	0	0	66	98	76	78	121	73	76	94	127	71	61	143	114	96	98	168	114	102	177	170	138	148	248	222	164	267	261	270	172	380	346	323	369	428	467	184	425	433	565	531	866	944	669	638	786	1000	671	171	555	683	482	392	903	815	761	469	537	526	182	396	654	693	320	283	343	324	145	201	365	237	179	178	295	191	128	209	175	118	112	212	141	85	132	165	103
64	170	2	2	119	0	1953125	12	0.0	2836	1.51	0	0	V0.2	0	0	76	83	48	59	89	108	39	80	93	75	70	90	124	60	113	113	105	74	137	157	100	154	181	178	144	205	257	147	194	255	329	252	289	386	266	260	285	498	364	490	596	647	487	378	734	751	523	85	431	384	142	567	1000	978	706	580	574	423	272	487	597	462	320	195	375	269	65	184	278	249	76	220	174	131	81	190	154	56	126	137	109	54	143	115	66
64	170	2	2	119	0	1953125	12	0.0	2834	1.51	0	0	V0.2	0	0	58	77	19	62	61	98	18	85	69	66	53	91	90	60	95	110	75	67	119	120	88	127	184	122	145	154	232	107	180	228	269	236	241	355	219	230	249	412	314	376	526	489	381	345	664	677	372	77	321	283	231	724	1000	979	739	555	589	398	278	484	590	399	277	226	323	261	35	198	219	197	68	193	165	80	101	154	140	34	123	117	85	55	121	103	54
64	170	2	2	119	0	1953125	12	0.0	2038	1.37	0	0	V0.2	0	0	42	64	32	22	30	54	83	31	36	23	52	54	54	75	22	47	52	77	73	51	11	87	121	54	102	56	93	151	107	116	131	81	104	264	199	92	52	148	173	119	160	169	80	294	643	674	450	285	208	76	499	826	1000	856	611	368	505	544	745	949	798	448	276	120	206	345	305	181	121	12	139	185	106	40	25	79	147	135	61	32	36	88	115	79	32
64	170	2	2	119	0	1953125	12	0.0	1868	1.34	0	0	V0.2	0	0	3	42	28	33	33	40	49	20	32	28	37	25	27	39	39	21	36	37	35	33	22	65	8	66	28	67	44	63	69	17	21	49	67	53	24	121	105	192	194	273	95	94	57	332	677	566	177	76	162	374	266	357	832	960	820	387	381	645	1000	960	452	128	154	307	268	140	212	175	177	68	122	150	80	81	39	107	58	53	66	57	59	30	71	52	39
64	170	2	2	119	0	1953125	12	0.0	1840	1.34	0	0	V0.2	0	0	22	24	48	11	50	9	59	1	40	17	39	23	34	32	41	29	41	33	39	40	30	57	22	71	13	71	5	89	37	71	42	86	61	48	81	56	205	170	313	213	29	84	108	406	620	596	243	192	213	288	402	256	842	917	739	368	436	711	967	999	568	84	182	239	325	174	224	202	156	137	88	165	89	118	62	92	74	69	75	52	76	51	69	49	59
64	170	2	2	119	0	1953125	12	0.0	1843	1.34	0	0	V0.2	0	0	29	7	51	13	51	9	55	13	42	6	40	16	42	22	46	19	44	30	36	45	23	60	9	71	16	72	10	88	41	67	47	85	59	52	81	67	229	176	301	186	24	72	122	449	644	602	203	243	218	303	452	277	806	833	639	229	442	732	995	1000	504	83	166	267	325	174	235	171	168	118	113	149	78	114	39	102	57	82	54	69	71	52	64	51	62
64	170	2	2	119	0	1953125	12	0.0	1868	1.34	0	0	V0.2	0	0	16	32	6	47	12	49	1	43	4	34	15	34	19	32	27	35	23	33	28	27	37	23	54	11	67	21	72	13	70	16	67	25	47	35	23	147	111	236	157	215	80	69	22	337	663	538	189	149	241	406	378	297	607	825	617	202	319	671	999	851	495	73	219	248	251	213	149	204	107	127	84	117	104	62	74	50	83	42	62	36	63	47	46	47	46
64	170	2	2	119	0	1953125	12	0.0	1868	1.34	0	0	V0.2	0	0	14	32	5	51	13	49	3	49	3	38	13	35	23	39	23	34	26	35	25	30	41	21	54	17	74	18	75	15	76	13	64	19	51	44	18	157	116	233	160	228	78	60	13	359	710	584	226	163	239	415	402	284	662	893	694	280	325	660	999	881	523	72	215	240	260	211	156	209	106	127	73	124	98	65	68	55	83	42	64	38	67	45	50	47	48
64	170	2	2	119	0	1953125	12	0.0	2036	1.37	0	0	V0.2	0	0	24	1	42	23	39	10	46	9	30	9	30	23	25	34	26	38	29	31	37	23	49	28	66	18	84	45	69	39	65	99	78	129	75	142	34	78	62	30	126	71	112	214	127	302	609	636	394	90	217	426	527	284	818	987	833	397	296	721	1000	963	488	147	264	264	258	123	192	107	100	52	104	57	62	39	84	66	58	60	53	65	35	61	39	50	35
64	170	2	2	119	0	1953125	12	0.0	2036	1.37	0	0	V0.2	0	0	8	29	23	28	27	39	32	23	14	33	12	27	10	41	5	37	25	35	24	30	58	7	70	18	76	17	91	62	47	82	95	141	82	137	77	59	33	34	101	108	171	223	146	220	619	596	311	146	220	579	472	272	718	988	902	417	181	582	1000	902	410	142	242	314	168	151	170	136	77	79	129	32	48	50	93	29	71	69	48	43	48	64	19	47	44
64	170	2	2	119	0	1953125	12	0.0	2033	1.37	0	0	V0.2	0	0	9	39	13	35	13	53	22	30	4	46	7	28	27	48	11	41	36	43	25	38	65	17	71	24	87	13	100	51	66	82	102	146	83	147	60	65	33	17	137	107	163	241	175	216	596	567	319	144	277	649	530	176	678	1000	946	508	168	544	975	885	446	132	228	301	153	149	157	157	88	78	121	42	54	47	93	27	73	65	53	45	54	67	21	49	48
64	170	2	2	119	0	1953125	12	0.0	2006	1.36	0	0	V0.2	0	0	16	26	20	43	22	47	11	38	22	39	23	24	43	34	34	33	48	42	32	53	56	46	63	60	82	48	110	41	85	58	127	146	97	151	55	72	36	47	147	81	137	299	236	195	547	576	406	184	423	766	664	241	622	1000	980	618	204	531	972	890	550	162	254	290	154	152	169	213	92	94	114	82	58	72	108	39	80	69	80	45	70	79	43	48	55
64	170	2	2	119	0	1953125	12	0.0	1960	1.36	0	0	V0.2	0	0	38	16	36	17	55	38	35	21	47	27	38	19	57	16	47	27	50	25	27	57	39	54	38	82	68	65	83	35	64	14	86	89	56	104	61	85	86	42	175	168	120	256	175	262	593	605	411	163	478	799	693	216	652	1000	963	625	272	529	933	863	571	181	223	277	170	147	154	235	139	66	91	84	92	32	90	36	74	53	69	47	49	69	39	49	45
64	170	1	2	119	0	1953125	12	0.0	1888	1.34	0	0	V0.2	0	0	27	8	42	4	57	14	44	7	50	14	34	15	50	8	45	18	42	18	33	47	16	52	15	75	49	62	54	51	50	32	37	44	20	49	72	108	137	124	230	251	113	204	136	301	634	634	425	162	470	780	675	168	697	999	927	601	362	564	900	837	569	176	220	264	175	142	156	253	158	84	90	101	122	34	93	47	77	44	69	60	43	64	47	62	42
64	170	1	2	119	0	1953125	12	0.0	1940	1.35	0	0	V0.2	0	0	26	15	31	25	53	16	44	23	40	26	29	39	25	44	25	44	28	28	32	30	49	36	59	51	76	71	53	61	36	49	15	54	76	43	52	149	65	139	125	240	213	223	163	188	608	620	392	281	458	873	767	178	607	1000	988	616	321	481	885	815	515	199	225	286	150	131	141	230	134	79	72	87	89	41	72	37	76	38	67	36	58	43	49	47	48
64	170	1	2	119	0	1953125	12	0.0	1938	1.35	0	0	V0.2	0	0	13	33	27	37	35	36	40	28	27	40	23	37	11	50	13	47	24	32	26	24	54	32	61	42	80	62	58	58	39	45	14	52	69	51	70	151	105	119	107	231	248	270	178	185	596	652	358	333	494	900	860	179	567	923	1000	649	304	394	833	828	439	223	188	302	188	92	159	194	169	22	109	61	86	23	78	53	52	55	46	59	31	63	39	54	35
64	170	1	2	119	0	1953125	12	0.0	1888	1.34	0	0	V0.2	0	0	25	39	19	59	8	56	8	58	13	44	20	47	28	46	27	48	23	38	44	38	55	13	77	12	91	24	81	29	85	45	38	38	38	54	57	194	130	171	176	283	262	242	131	221	628	681	381	390	518	907	906	193	571	912	1000	669	358	376	816	861	456	239	167	312	253	73	154	186	207	59	103	85	95	77	56	84	34	72	43	72	43	52	48	45	50
64	170	1	2	119	0	1953125	12	0.0	1888	1.34	0	0	V0.2	0	0	10	38	12	54	27	50	22	50	21	45	13	50	13	58	13	52	20	40	35	27	58	9	74	19	97	47	77	40	83	49	41	51	37	49	55	199	129	168	164	297	260	240	172	216	635	647	416	399	574	999	938	278	548	969	991	646	368	417	868	808	473	212	240	358	210	116	131	245	190	69	108	82	125	35	94	51	78	53	72	74	47	63	46	70	47
64	170	2	2	119	0	1953125	12	0.0	1890	1.34	0	0	V0.2	0	0	9	43	18	55	29	55	26	50	20	47	18	52	11	59	18	52	17	45	46	34	59	11	81	29	93	47	83	48	81	53	47	55	36	55	73	210	145	168	176	297	276	262	193	208	621	650	407	396	563	996	975	325	526	968	1000	660	364	386	852	811	475	220	230	360	222	112	120	237	192	71	108	75	127	42	97	54	83	67	69	72	45	68	39	60	45
64	170	2	2	119	0	1953125	12	0.0	1863	1.34	0	0	V0.2	0	0	8	39	21	49	31	46	32	47	28	43	19	49	17	56	17	51	25	41	41	32	58	23	70	43	76	63	61	66	69	80	38	63	29	47	102	163	179	130	225	256	274	276	148	233	545	636	341	422	560	924	999	330	469	826	926	654	314	292	714	753	385	225	188	319	249	62	133	184	200	58	106	76	105	69	70	82	52	74	47	80	43	59	45	59	53
64	170	2	2	119	0	1953125	12	0.0	1843	1.34	0	0	V0.2	0	0	24	49	10	52	11	61	20	51	11	50	19	51	21	55	17	51	31	53	47	34	60	15	79	20	84	35	78	49	96	84	68	78	21	74	83	180	157	180	252	298	281	245	161	229	540	597	372	447	588	982	1000	349	435	831	940	673	338	311	702	701	396	225	204	355	257	98	97	194	200	74	116	70	127	73	90	77	67	81	53	82	52	71	41	53	50
64	170	2	2	119	0	1953125	12	0.0	1843	1.34	0	0	V0.2	0	0	17	39	40	38	48	38	52	37	42	39	30	51	26	55	28	53	32	49	51	41	62	38	72	57	67	74	54	76	76	104	48	81	9	65	100	144	183	157	297	291	290	246	113	266	535	608	388	540	674	1000	996	295	512	898	980	649	316	405	777	756	399	233	237	371	252	89	122	215	205	73	122	78	129	64	93	68	73	73	63	83	52	71	40	66	57
64	170	2	2	119	0	1953125	12	0.0	1840	1.34	0	0	V0.2	0	0	22	47	38	42	37	50	47	41	32	47	30	53	19	58	22	54	34	59	56	39	63	33	77	50	67	59	62	74	79	103	51	86	14	84	98	140	177	159	296	289	278	238	85	238	525	609	363	502	628	946	970	298	547	933	1000	669	371	435	780	768	399	210	205	346	251	78	106	202	200	71	113	69	123	68	86	70	65	73	52	76	48	70	37	53	47
64	170	2	2	119	0	1953125	12	0.0	79	1.03	0	0	V0.2	0	0	35	50	38	19	68	71	27	36	62	32	25	55	35	19	59	46	15	35	32	51	62	26	37	104	74	36	73	103	66	46	87	66	169	104	61	209	241	74	152	335	209	435	355	45	589	619	51	358	357	765	1000	447	621	992	830	578	588	583	807	571	135	373	442	358	295	194	225	269	175	76	106	142	108	40	70	99	85	41	49	72	71	36	35	56	49
64	170	2	2	119	0	1953125	12	0.0	79	1.03	0	0	V0.2	0	0	12	53	39	59	53	59	56	42	39	50	26	48	13	63	13	47	17	41	33	26	78	29	78	31	101	53	106	75	49	126	59	60	76	226	24	221	222	94	359	198	159	304	534	60	547	696	193	621	253	678	1000	517	577	848	943	782	763	511	727	647	170	487	231	341	269	278	237	217	213	76	173	64	115	62	103	78	70	82	53	78	36	76	43	56	46
64	170	2	2	119	0	1953125	12	0.0	79	1.03	0	0	V0.2	0	0	23	35	52	29	63	31	68	18	49	30	43	37	34	49	36	38	32	37	32	31	62	55	47	68	66	79	62	100	8	120	31	40	108	193	68	151	259	32	340	170	122	327	492	94	505	723	135	561	287	558	1000	409	581	786	930	791	711	548	643	678	160	456	253	298	313	226	263	182	210	98	150	104	81	93	64	92	35	79	30	68	41	62	47	45	49
64	170	2	2	119	0	1953125	12	0.0	79	1.03	0	0	V0.2	0	0	26	31	57	23	68	22	71	10	54	23	46	30	37	42	40	34	36	32	33	35	54	57	42	78	60	83	46	117	16	119	44	36	124	172	92	138	278	13	312	186	95	338	458	93	479	715	128	493	310	483	1000	390	565	757	883	767	655	529	568	669	143	403	264	249	326	193	255	181	198	120	125	122	57	104	44	101	30	80	44	61	52	51	57	33	50
64	170	2	2	119	0	1953125	12	0.0	1843	1.34	0	0	V0.2	0	0	34	29	20	51	40	2	52	48	20	21	44	46	25	29	55	35	27	46	44	50	53	15	63	76	12	67	90	37	80	119	52	57	86	26	125	197	131	180	320	271	255	205	243	268	517	626	427	422	612	866	913	370	536	841	1000	756	479	310	637	684	403	151	185	301	209	128	131	162	179	85	30	107	93	43	81	76	41	68	62	48	66	51	38	58	55
64	170	2	2	119	0	1953125	12	0.0	76	1.03	0	0	V0.2	0	0	40	49	29	29	71	68	19	41	59	22	28	49	23	31	58	36	17	41	35	53	54	13	50	104	56	33	89	99	52	50	106	79	162	91	56	240	229	38	144	344	187	404	379	34	620	629	22	406	405	725	981	460	683	1000	776	606	642	547	802	553	140	403	425	341	284	199	228	251	152	70	128	145	96	37	88	107	85	40	53	74	64	29	37	56	45
64	170	2	2	119	0	1953125	12	0.0	29	1.02	0	0	V0.2	0	0	44	21	57	47	58	55	47	45	47	35	49	15	61	19	59	14	58	42	35	59	45	67	50	90	73	82	110	77	86	32	135	3	76	189	139	283	188	167	187	324	68	364	490	91	614	655	301	503	313	628	992	555	502	999	827	865	759	410	732	558	259	403	318	322	301	329	196	302	173	163	177	104	150	56	133	57	112	65	81	77	60	84	50	69	45
64	170	2	2	119	0	1953125	12	0.0	56	1.03	0	0	V0.2	0	0	31	29	57	27	70	25	69	22	49	29	41	39	30	53	29	45	34	44	42	36	70	46	61	66	92	71	75	108	18	123	45	61	91	223	53	161	279	84	320	177	108	301	550	20	480	742	201	565	238	551	1000	558	562	854	886	751	781	390	645	634	173	459	243	346	279	315	229	236	210	101	190	68	139	61	118	68	88	69	59	72	47	75	36	62	43
64	170	2	2	119	0	1953125	12	0.0	1857	1.34	0	0	V0.2	0	0	28	7	45	45	6	37	56	27	18	39	43	29	17	46	52	21	31	43	41	52	34	36	69	58	38	83	71	27	85	113	54	65	65	61	140	199	163	166	309	277	271	224	291	290	533	664	401	403	650	960	1000	422	495	812	975	770	552	287	628	696	427	137	155	313	215	130	115	159	154	90	31	87	99	31	59	86	43	52	70	49	55	58	35	51	55
64	170	2	2	119	0	1953125	12	0.0	79	1.03	0	0	V0.2	0	0	42	52	34	19	64	67	26	33	53	26	27	49	27	23	54	43	16	33	29	45	56	26	29	97	71	31	62	103	69	65	73	61	158	118	57	166	252	78	139	271	173	454	340	42	528	673	112	325	238	647	1000	360	584	872	734	582	609	433	665	609	197	329	324	319	352	199	150	211	197	134	72	93	113	92	32	58	91	77	37	40	67	65	36	33	50
64	170	1	2	119	0	1953125	12	0.0	79	1.03	0	0	V0.2	0	0	11	45	39	53	54	54	57	43	41	49	28	52	16	64	18	49	23	41	38	27	77	33	75	44	93	62	101	74	37	127	49	59	65	211	42	238	226	90	336	162	155	328	559	38	555	738	298	585	178	690	1000	493	602	866	916	755	836	486	674	689	245	508	245	347	293	318	240	213	211	87	185	67	121	62	101	71	71	73	50	72	38	74	35	56	43
64	170	1	2	119	0	1953125	12	0.0	81	1.03	0	0	V0.2	0	0	13	56	16	72	33	73	30	63	17	58	7	57	12	64	13	53	21	45	38	31	79	4	92	16	108	31	126	23	77	112	88	55	35	210	34	291	168	132	296	233	158	341	576	73	586	689	396	584	173	700	1000	588	535	956	893	832	909	436	743	672	308	468	295	341	272	353	202	270	188	120	188	76	136	34	121	45	99	62	76	64	49	70	38	60	39
64	170	2	2	119	0	1953125	12	0.0	1958	1.36	0	0	V0.2	0	0	19	36	4	27	48	31	20	37	37	24	13	31	41	28	15	43	35	22	30	26	40	65	18	33	80	60	16	58	43	19	58	30	20	147	137	160	224	173	122	221	304	383	465	285	486	722	462	244	555	812	971	431	379	742	1000	853	620	300	564	712	395	60	43	147	84	27	156	126	92	79	79	99	88	39	55	85	40	44	61	35	36	50	37	38	38
64	170	2	2	119	0	1953125	12	0.0	1963	1.36	0	0	V0.2	0	0	22	31	17	44	22	52	9	38	22	41	22	25	41	35	30	24	36	34	13	40	49	35	49	54	78	31	67	26	44	23	52	49	34	89	154	206	162	192	126	230	268	464	409	253	627	698	534	274	440	894	950	464	557	975	1000	900	705	434	751	800	539	163	120	172	118	45	132	200	67	70	65	122	61	75	79	54	71	49	73	25	56	43	42	36	47
64	170	1	2	119	0	1953125	12	0.0	1863	1.34	0	0	V0.2	0	0	28	9	45	3	54	18	47	16	48	13	40	16	51	5	50	19	42	22	38	49	18	54	28	67	54	65	71	64	98	61	81	23	87	120	122	232	158	273	161	254	243	307	296	218	660	697	434	258	220	734	827	339	487	936	1000	855	648	435	807	882	565	292	38	224	208	119	84	175	183	34	77	64	118	59	73	86	51	69	51	76	41	57	57	50	46
64	170	1	2	119	0	1953125	12	0.0	81	1.03	0	0	V0.2	0	0	38	13	39	81	76	21	54	73	37	23	55	29	27	66	46	8	53	54	45	58	21	47	94	80	39	80	125	36	37	101	131	57	94	145	52	282	106	120	234	323	121	387	521	108	640	615	247	705	430	535	985	678	706	1000	786	771	906	676	952	757	349	568	435	284	292	282	279	260	129	110	186	163	69	75	132	116	68	63	90	92	66	36	59	66	44
64	170	1	2	119	0	1953125	12	0.0	2803	1.50	0	0	V0.2	0	0	58	59	35	44	72	78	65	50	44	55	76	85	91	85	67	75	89	101	104	112	131	139	107	109	160	179	185	154	176	201	227	203	205	324	270	281	260	301	306	258	430	597	597	358	578	564	74	532	468	647	1000	646	172	601	693	708	839	384	569	923	541	40	260	308	176	243	137	170	215	138	153	179	152	151	110	91	128	127	109	97	101	103	95	75	81
64	170	2	2	119	0	1953125	12	0.0	2811	1.50	0	0	V0.2	0	0	113	106	104	104	165	78	133	122	152	97	137	179	147	150	170	189	155	181	232	205	198	252	264	270	218	356	263	349	304	450	364	354	485	456	519	406	632	471	369	500	890	1000	785	941	965	860	441	591	895	785	714	620	813	473	684	912	944	620	167	606	617	528	225	546	579	366	181	238	385	208	278	296	283	175	206	290	185	168	172	219	126	144	189	160	113
64	170	2	2	119	0	1953125	12	0.0	2809	1.50	0	0	V0.2	0	0	90	100	56	107	79	125	59	126	87	94	108	129	130	99	154	143	126	136	176	177	164	218	242	180	225	237	313	231	356	326	335	315	395	504	365	521	432	454	186	546	762	845	826	823	1000	745	403	456	751	666	525	755	745	664	639	935	860	347	188	640	702	382	391	419	508	304	136	280	279	263	207	332	195	173	191	243	173	138	212	160	141	136	192	128	129
64	170	2	2	119	0	1953125	12	0.0	2811	1.50	0	0	V0.2	0	0	118	107	83	116	109	131	87	136	115	104	141	142	154	109	184	151	152	160	202	201	177	249	246	211	229	285	332	267	383	338	347	310	422	507	387	549	429	441	144	610	811	921	875	859	1000	674	309	480	855	710	588	733	687	555	565	899	779	260	238	701	711	362	355	393	500	270	155	275	284	255	209	334	181	171	179	246	162	141	206	155	138	128	187	118	121
64	170	2	2	119	0	1953125	12	0.0	54	1.03	0	0	V0.2	0	0	59	82	109	111	126	140	138	104	76	83	87	72	76	95	118	76	45	18	21	40	89	131	182	140	178	187	239	122	193	133	96	202	45	433	153	506	220	435	355	373	552	595	746	509	990	688	599	458	1000	767	655	872	827	501	269	732	441	379	317	824	479	256	229	246	250	248	269	35	160	117	189	194	156	85	76	128	118	106	83	41	39	71	78	61	26
64	170	2	2	119	0	1953125	12	0.0	54	1.03	0	0	V0.2	0	0	18	52	45	52	58	52	59	40	41	45	28	47	13	60	12	50	24	46	40	32	79	26	76	45	100	60	111	93	34	119	51	59	55	248	19	160	241	134	260	122	43	279	553	62	502	684	293	781	370	311	756	505	641	824	736	815	1000	575	715	713	275	528	271	329	251	288	262	229	217	93	189	90	142	88	107	88	73	97	57	88	49	82	57	65	52
64	170	2	2	119	0	1953125	12	0.0	54	1.03	0	0	V0.2	0	0	17	41	47	42	59	41	62	30	46	39	36	45	24	56	27	45	30	39	37	32	70	40	60	57	80	71	86	92	20	104	29	38	78	229	23	120	223	89	266	124	19	289	529	108	479	662	273	774	406	253	732	446	704	821	731	789	1000	593	681	725	250	512	253	328	254	270	261	222	224	103	182	99	134	98	99	91	62	93	49	82	48	74	49	56	50
64	170	2	2	119	0	1953125	12	0.0	56	1.03	0	0	V0.2	0	0	16	50	44	49	59	49	60	39	40	45	30	47	18	60	16	50	26	44	41	30	75	35	72	49	90	65	92	95	32	99	32	39	73	242	26	111	208	89	275	158	30	272	532	135	491	667	247	772	423	225	682	409	726	846	753	770	1000	589	693	724	255	505	249	332	239	270	262	229	225	104	184	98	135	97	101	93	65	91	50	83	45	74	51	59	52
64	170	2	2	119	0	1953125	12	0.0	54	1.03	0	0	V0.2	0	0	18	42	52	45	66	41	69	29	50	41	42	46	30	58	32	48	36	44	40	39	74	49	63	67	79	80	74	110	21	100	20	45	85	239	46	94	248	81	293	133	30	324	580	178	470	703	272	771	407	183	819	519	767	821	833	945	999	602	698	781	239	519	254	342	281	269	303	236	242	116	188	125	128	114	93	102	61	99	45	85	52	73	57	54	56
64	170	2	2	119	0	1953125	12	0.0	56	1.03	0	0	V0.2	0	0	40	45	31	69	27	71	27	64	24	46	38	37	48	32	55	26	47	35	32	51	41	64	52	84	61	75	93	92	78	8	85	58	90	118	168	192	214	90	135	237	174	357	477	278	477	667	368	613	532	190	882	510	644	781	698	1000	866	657	627	775	292	412	337	225	353	211	296	250	203	176	114	167	65	137	40	105	58	90	69	68	78	53	70	45	61
64	170	2	2	119	0	1953125	12	0.0	79	1.03	0	0	V0.2	0	0	21	36	45	42	61	40	61	34	45	40	33	48	27	59	26	46	20	38	36	28	71	40	68	49	78	72	87	66	23	104	13	41	69	185	44	159	122	81	293	207	69	207	522	151	482	534	239	746	312	346	732	567	696	839	732	723	1000	580	714	547	288	482	284	320	218	306	219	261	175	98	160	60	127	32	106	34	90	55	69	56	52	66	37	53	39
64	170	2	2	119	0	1953125	12	0.0	31	1.02	0	0	V0.2	0	0	40	37	46	62	44	70	32	61	35	50	39	30	55	39	52	31	56	51	36	53	71	53	70	65	108	45	133	36	79	60	112	19	19	202	123	249	119	166	215	317	53	226	630	178	552	585	379	698	290	453	863	748	729	859	750	875	999	619	742	541	280	524	276	342	267	346	259	272	220	125	197	84	163	76	119	93	88	88	60	94	46	83	56	72	52
64	170	2	2	119	0	1953125	12	0.0	0	1.02	0	0	V0.2	0	0	38	47	29	63	29	67	25	60	23	45	38	44	47	41	50	45	43	49	43	40	70	46	79	43	121	30	118	33	83	42	91	68	15	218	122	183	165	206	168	306	33	234	628	195	487	444	263	622	298	384	689	802	778	799	586	698	1000	515	580	328	179	428	196	296	234	344	229	254	191	138	184	83	155	76	119	92	87	86	62	92	51	82	59	72	57
64	170	2	2	119	0	1953125	12	0.0	6	1.02	0	0	V0.2	0	0	35	35	27	52	29	58	27	51	28	38	39	30	47	26	59	28	48	40	40	46	42	65	51	67	73	67	104	50	68	10	100	29	65	134	154	179	169	129	73	371	50	321	429	245	563	406	140	364	423	484	698	516	651	1000	549	489	689	626	572	264	181	285	297	157	298	234	219	234	113	183	73	140	70	109	70	82	83	39	75	40	75	34	71	47	57
64	170	2	2	119	0	1953125	12	0.0	2803	1.50	0	0	V0.2	0	0	53	44	38	57	76	66	50	40	43	57	71	77	81	73	60	65	74	89	94	100	120	129	105	89	127	157	165	144	153	159	201	224	208	240	233	237	164	99	232	303	317	527	522	244	561	380	275	330	40	809	1000	742	219	939	628	218	494	290	379	357	316	287	359	167	138	295	113	118	144	107	155	141	97	108	121	111	95	73	87	89	82	76	76	75	71
64	170	2	2	119	0	1953125	12	0.0	2809	1.50	0	0	V0.2	0	0	52	71	97	53	83	73	108	49	84	100	88	92	100	134	89	121	131	129	121	146	178	138	169	203	188	185	192	276	185	243	258	339	307	296	406	316	363	250	382	273	523	657	687	602	611	1000	969	642	182	578	832	637	327	198	381	249	188	149	272	291	435	468	311	292	187	271	142	96	179	221	211	122	209	123	132	96	158	111	103	127	107	98	95	128	83
64	170	2	2	119	0	1953125	12	0.0	2834	1.51	0	0	V0.2	0	0	34	53	62	60	60	59	76	49	49	70	60	73	61	101	65	89	86	96	91	106	149	111	149	139	171	132	168	214	198	221	198	270	237	279	339	346	370	233	248	138	401	550	672	595	478	596	539	418	343	804	1000	946	665	239	86	114	203	382	571	526	526	462	356	311	171	214	106	128	151	216	190	132	172	122	132	78	138	101	97	94	103	91	73	93	76
64	170	2	2	119	0	1953125	12	0.0	2836	1.51	0	0	V0.2	0	0	45	93	65	90	52	110	78	82	64	112	71	104	94	137	81	127	118	128	128	148	194	123	198	168	234	163	248	267	251	288	297	396	328	348	366	370	429	416	549	411	535	569	648	540	471	745	719	498	141	753	1000	998	711	398	546	369	119	270	559	550	619	596	468	430	245	307	210	149	170	232	250	133	206	157	176	103	155	142	99	112	121	133	86	114	102
64	170	2	2	119	0	1953125	12	0.0	2809	1.50	0	0	V0.2	0	0	31	76	51	72	37	90	58	63	49	89	54	82	72	105	56	101	93	99	103	127	163	104	157	142	182	131	187	226	195	223	218	306	270	256	294	254	315	273	421	348	470	515	537	425	202	497	569	492	264	714	1000	987	776	482	654	641	466	261	318	342	411	442	346	337	188	202	189	114	137	156	217	113	150	142	157	115	108	145	99	100	91	117	82	87	97
64	170	2	2	119	0	1953125	12	0.0	2809	1.50	0	0	V0.2	0	0	44	76	59	85	49	92	72	73	53	101	73	93	78	124	75	104	102	121	109	121	170	121	167	146	208	143	192	224	220	226	210	304	257	263	291	318	341	252	360	308	489	575	716	648	410	457	415	268	207	746	982	1000	711	532	778	700	455	107	251	273	300	298	258	269	124	220	183	144	106	175	211	107	143	125	163	82	125	124	104	92	102	123	78	100	97
64	170	2	2	119	0	1953125	12	0.0	2036	1.37	0	0	V0.2	0	0	40	9	40	13	76	76	19	36	19	71	37	43	29	47	75	36	59	35	37	66	119	67	59	73	64	169	112	23	58	18	108	217	196	149	218	119	272	173	56	132	294	402	625	594	310	459	465	537	819	1000	993	866	353	344	818	795	654	679	714	485	526	374	309	304	192	70	174	161	220	227	76	89	116	103	167	111	16	89	90	108	112	47	53	82	80
64	170	2	2	119	0	1953125	12	0.0	2013	1.37	0	0	V0.2	0	0	12	44	16	62	24	60	29	55	23	63	32	59	27	76	31	63	43	71	62	41	83	47	99	53	115	66	103	92	66	82	53	170	177	188	163	177	196	168	183	68	261	352	402	407	357	439	293	350	412	769	1000	729	222	353	831	738	469	315	380	551	361	347	218	225	162	83	200	191	184	48	147	108	94	85	106	116	39	95	71	80	48	88	83	53	54
64	170	2	2	119	0	1953125	12	0.0	2036	1.37	0	0	V0.2	0	0	36	3	40	5	63	21	50	3	46	14	45	31	38	40	51	33	36	52	64	52	44	77	51	85	56	108	37	106	34	82	56	146	222	157	199	127	228	95	195	126	260	391	374	466	347	426	282	373	462	730	1000	691	190	335	857	757	405	259	303	555	388	330	200	202	139	99	207	170	147	23	151	89	85	71	101	81	53	102	60	58	39	86	52	42	51
64	170	1	2	119	0	1953125	12	0.0	2038	1.37	0	0	V0.2	0	0	18	40	28	56	53	49	43	50	35	55	37	63	14	76	34	63	34	71	69	40	83	57	101	60	115	82	105	103	62	93	55	187	199	189	192	224	235	182	224	100	293	352	407	506	447	468	386	522	544	842	992	628	206	481	999	848	492	293	346	591	428	408	222	230	140	120	216	182	175	20	161	95	90	61	114	96	50	102	69	73	34	94	70	43	47
64	170	2	2	119	0	1953125	12	0.0	2041	1.37	0	0	V0.2	0	0	24	20	35	35	61	29	45	28	40	32	28	45	18	55	25	44	20	53	57	34	58	49	82	60	92	75	82	91	33	76	27	151	175	146	168	214	246	174	235	108	285	324	311	476	470	470	386	592	614	801	884	434	241	565	1000	815	531	396	384	538	344	384	218	188	107	136	214	150	144	24	155	84	95	70	100	83	54	99	64	73	37	86	56	40	50
64	170	2	2	119	0	1953125	12	0.0	2781	1.50	0	0	V0.2	0	0	42	70	37	75	57	68	73	44	79	65	71	89	68	96	79	83	98	92	109	110	113	127	147	110	182	117	186	137	193	168	182	207	261	196	247	285	245	202	101	241	375	530	457	663	669	625	477	517	270	420	725	484	406	737	999	797	506	233	84	185	237	109	230	148	118	170	188	85	137	161	97	136	86	123	94	119	83	118	72	93	82	67	91	83	79
64	170	1	2	119	0	1953125	12	0.0	2016	1.37	0	0	V0.2	0	0	8	36	12	61	78	16	51	10	67	64	29	42	29	82	48	59	46	20	51	84	74	30	76	24	148	122	35	90	44	123	156	120	48	143	148	334	397	229	279	167	87	313	436	394	560	685	710	704	592	420	386	286	536	919	1000	873	652	443	320	340	328	275	277	98	56	132	86	132	139	12	115	120	94	136	73	53	113	87	92	90	31	71	89	69	69
64	170	1	2	119	0	1953125	12	0.0	1968	1.36	0	0	V0.2	0	0	13	28	7	56	17	47	17	46	15	38	15	44	6	48	17	42	9	38	31	14	57	26	59	17	99	65	65	38	102	96	19	65	46	83	123	196	278	182	192	55	93	150	182	383	387	378	380	592	614	595	498	243	818	1000	983	533	92	205	370	505	263	229	176	133	140	80	186	129	111	52	87	105	49	79	32	90	39	66	47	46	45	41	65	38	36
64	170	1	2	119	0	1953125	12	0.0	2016	1.37	0	0	V0.2	0	0	22	30	9	28	26	41	17	31	19	26	24	19	34	15	40	23	26	12	24	32	14	55	45	41	17	85	62	40	38	56	79	30	67	83	112	126	231	183	96	76	20	169	157	330	383	328	400	447	593	522	243	268	894	1000	812	430	34	240	367	394	259	153	202	92	117	69	161	115	53	60	95	106	24	74	43	76	26	72	52	46	47	52	53	26	49
64	170	1	2	119	0	1953125	12	0.0	2011	1.36	0	0	V0.2	0	0	20	22	22	36	39	26	35	31	37	26	26	44	23	42	29	44	22	32	42	31	47	50	53	46	72	87	45	54	72	107	57	44	63	91	145	166	265	151	167	68	133	169	196	371	405	438	372	504	505	394	201	394	955	1000	822	360	126	243	305	390	172	170	116	101	77	87	131	49	69	43	108	69	56	50	60	74	33	58	33	58	39	49	43	34	36
64	170	1	2	119	0	1953125	12	0.0	2814	1.50	0	0	V0.2	0	0	40	63	27	81	44	61	66	31	76	55	55	93	58	85	89	62	99	86	95	113	119	116	160	85	183	130	151	202	165	186	234	228	204	305	262	369	245	175	172	268	412	553	584	648	685	520	353	191	281	680	760	64	762	999	767	324	456	275	248	568	418	288	211	251	138	205	102	140	144	128	150	157	151	93	139	83	110	89	102	82	94	90	87	90	79
64	170	1	2	119	0	1953125	12	0.0	2814	1.50	0	0	V0.2	0	0	90	102	38	103	76	119	30	117	88	95	83	135	114	98	118	151	109	116	161	166	155	155	245	146	204	185	314	197	232	298	329	322	264	451	412	375	304	282	304	419	726	744	800	773	926	944	511	168	330	506	145	575	912	1000	812	247	417	499	435	260	468	484	271	206	194	311	134	144	212	213	167	147	248	127	110	115	180	106	97	151	122	88	96	152	104
64	170	2	2	119	0	1953125	12	0.0	2839	1.51	0	0	V0.2	0	0	63	81	109	27	127	70	105	49	135	83	78	117	140	102	101	157	151	99	153	187	157	170	219	264	160	298	289	341	169	321	344	338	429	550	722	510	439	263	348	444	812	921	770	842	915	1000	695	508	737	631	349	508	951	835	625	407	777	844	475	367	432	514	220	336	376	351	202	226	354	199	184	177	258	123	173	214	167	110	138	191	95	121	152	159	88
64	170	2	2	119	0	1953125	12	0.0	1943	1.35	0	0	V0.2	0	0	33	22	27	64	38	34	53	16	43	28	57	56	10	31	16	65	63	38	18	26	34	55	98	55	46	71	57	134	116	56	20	17	4	127	201	75	88	30	162	119	34	30	202	351	493	597	442	188	181	224	379	816	1000	940	893	637	304	157	254	312	411	362	208	121	134	87	176	223	153	60	58	36	129	150	83	50	39	49	106	109	67	36	26	51	85
64	170	2	2	119	0	1953125	12	0.0	2814	1.50	0	0	V0.2	0	0	48	43	68	29	83	42	46	77	41	73	71	59	93	72	79	88	71	108	92	118	109	133	97	138	145	149	163	164	211	180	292	186	222	266	304	243	267	287	366	372	199	444	428	603	616	468	268	341	193	511	553	34	574	702	674	942	1000	676	659	891	743	492	360	323	139	120	95	168	190	177	178	193	152	93	146	65	111	93	98	108	90	99	89	81	84
64	170	2	2	119	0	1953125	12	0.0	2809	1.50	0	0	V0.2	0	0	62	83	72	67	102	64	76	82	107	74	70	126	104	97	90	145	111	105	151	156	139	137	197	199	155	224	200	236	187	326	282	199	239	353	464	297	410	378	413	212	351	582	788	1000	984	919	593	269	341	334	375	561	832	631	339	371	739	754	466	418	434	495	245	173	231	269	201	188	295	178	143	135	218	147	112	171	145	110	79	152	100	78	106	130	88
