34928	35048	35167	35286	35405	35524	35644	35763	35882	36001	36120	36240	36359	36478	36597	36716	36836	36955	37074	37193	37313	37432	37551	37670	37789	37909	38028	38147	38266	38385	38505	38624	38743	38862	38981	39101	39220	39339	39458	39577	39697	39816	39935	40054	40174	40293	40412	40531	40650	40770	40889	41008	41127	41246	41366	41485	41604	41723	41842	41962	42081	42200	42319	42439	42558	42677	42796	42915	43035	43154	43273	43392	43511	43631	43750	43869	43988	44107	44227	44346	44465	44584	44703	44823	44942
64	170	1	2	119	0	1953125	12	0.0	329	1.08	0	0	V0.2	0	0	80	40	82	45	84	49	85	57	85	65	87	75	85	84	86	96	86	105	86	114	86	121	86	129	85	133	85	136	84	141	84	144	86	148	103	177	141	224	206	291	284	369	359	450	459	556	553	655	672	788	797	898	913	1000	924	927	798	696	514	404	275	242	160	186	130	182	137	188	145	189	147	187	148	178	143	168	139	157	130	142	122	129	113	115	105
64	170	1	2	119	0	1953125	12	0.0	371	1.08	0	0	V0.2	0	0	77	86	78	92	78	99	80	104	85	109	93	114	102	117	114	120	127	122	142	125	155	129	169	135	181	141	195	149	206	158	217	169	228	181	251	213	286	256	342	321	412	391	478	469	569	569	656	664	769	793	890	900	997	1000	999	937	859	722	570	452	356	310	273	254	252	237	249	231	241	223	231	213	217	201	200	184	177	167	160	150	142	134	126	119	111
64	170	1	2	119	0	1953125	12	0.0	329	1.08	0	0	V0.2	0	0	78	40	81	45	81	51	82	58	82	68	82	76	81	85	81	94	80	103	82	112	83	118	82	125	82	130	81	133	80	137	79	140	80	145	100	173	142	218	205	285	284	362	360	443	459	549	554	649	674	782	802	894	915	1000	924	929	790	701	499	409	261	246	149	182	125	173	140	177	151	177	156	175	154	169	153	162	148	149	137	135	128	123	117	112	107
64	170	1	2	119	0	1953125	12	0.0	371	1.08	0	0	V0.2	0	0	94	65	93	74	93	83	93	93	93	102	96	110	100	117	107	125	117	130	128	136	143	141	157	146	170	151	185	157	199	163	212	173	224	185	245	218	279	263	336	325	405	395	472	469	561	566	648	656	761	781	881	879	991	974	1000	901	868	686	586	416	375	280	293	228	269	216	265	211	255	203	242	194	226	182	208	171	189	155	169	141	148	127	129	114	113
64	170	1	2	119	0	1953125	12	0.0	371	1.08	0	0	V0.2	0	0	74	83	81	83	87	84	94	86	101	89	108	95	114	101	119	112	125	121	130	135	136	148	143	162	147	173	155	187	163	198	171	209	182	220	205	249	243	289	300	348	370	415	436	486	524	582	611	673	721	796	838	900	942	1000	945	932	807	720	531	454	325	320	247	266	228	248	227	239	222	229	212	216	202	202	185	182	169	167	154	148	136	131	121	116	108
64	170	1	2	119	0	1953125	12	0.0	374	1.08	0	0	V0.2	0	0	63	75	70	76	78	76	85	78	92	80	99	86	105	93	111	103	117	115	122	129	130	144	136	159	143	173	151	189	162	201	172	216	186	231	211	263	250	304	306	364	376	431	441	501	528	594	612	682	718	801	834	903	933	1000	933	928	798	717	528	460	331	333	256	285	240	269	237	260	231	249	221	234	208	217	194	201	177	180	159	162	144	144	129	128	118
64	170	1	2	119	0	1953125	12	0.0	371	1.08	0	0	V0.2	0	0	56	101	64	102	71	102	80	103	91	104	101	105	112	108	123	111	134	117	145	124	155	133	167	144	175	153	187	164	198	174	209	185	221	195	247	226	285	266	343	330	415	401	480	473	571	574	660	667	771	793	892	897	998	1000	999	925	855	710	571	439	361	299	285	243	264	225	262	219	253	208	242	202	228	185	208	170	189	157	169	141	148	129	131	115	113
64	170	1	2	119	0	1953125	12	0.0	374	1.08	0	0	V0.2	0	0	74	71	74	77	75	85	76	92	77	98	82	104	90	109	100	115	113	118	126	124	143	129	158	136	173	143	189	150	204	160	220	174	234	190	258	224	295	270	354	334	421	404	485	478	572	574	656	661	764	783	884	885	994	978	1000	898	865	679	588	415	385	287	308	242	285	231	279	226	270	219	256	208	240	193	220	181	202	166	180	151	160	135	140	123	123
64	170	1	2	119	0	1953125	12	0.0	371	1.08	0	0	V0.2	0	0	72	86	78	88	85	87	92	90	100	91	107	96	114	102	121	112	127	121	133	133	140	146	146	159	154	172	160	185	171	196	179	208	191	220	215	249	253	287	310	347	381	414	446	488	536	582	622	674	732	797	849	901	951	1000	951	929	812	717	533	452	328	317	252	263	233	244	233	235	227	225	218	213	207	197	191	182	174	165	156	146	137	131	123	117	109
64	170	1	2	119	0	1953125	12	0.0	374	1.08	0	0	V0.2	0	0	61	80	67	79	74	79	82	80	91	82	98	87	105	93	111	102	119	112	126	127	134	140	142	157	148	171	158	186	167	199	178	215	193	230	220	262	259	304	318	364	387	432	451	502	539	598	628	685	731	802	843	902	942	999	936	920	795	714	526	453	326	328	260	282	243	263	242	256	237	245	226	231	211	214	197	198	180	179	164	161	145	142	131	127	119
64	170	1	2	119	0	1953125	12	0.0	371	1.08	0	0	V0.2	0	0	50	104	57	107	65	109	74	110	84	110	95	109	108	110	122	113	136	116	148	120	162	126	175	134	186	141	198	150	210	157	220	168	234	180	259	211	296	255	356	319	426	390	489	465	580	567	667	653	772	779	898	881	1000	978	997	893	859	684	578	412	371	279	296	226	273	213	269	207	258	199	245	190	232	180	210	165	190	152	170	138	151	125	130	114	114
64	170	1	2	119	0	1953125	12	0.0	371	1.08	0	0	V0.2	0	0	55	103	62	105	70	104	80	104	90	105	103	105	112	107	124	110	136	117	147	124	157	133	170	144	179	155	189	165	202	175	212	186	226	197	250	226	288	267	344	327	415	397	479	470	570	570	657	663	769	791	893	897	1000	998	998	925	856	713	574	443	367	305	290	247	269	228	266	218	258	210	246	200	231	186	211	170	192	157	170	140	149	128	132	116	114
64	170	1	2	119	0	1953125	12	0.0	374	1.08	0	0	V0.2	0	0	54	89	61	87	70	89	78	88	88	89	97	91	107	96	114	102	124	112	133	124	143	136	152	151	160	164	170	179	182	193	193	208	209	223	237	257	277	300	335	359	406	427	467	494	552	587	636	673	743	798	861	900	962	1000	957	926	817	716	543	458	348	331	278	279	260	262	257	252	252	241	239	227	225	210	207	194	188	175	168	158	150	140	132	126	120
64	170	1	2	119	0	1953125	12	0.0	371	1.08	0	0	V0.2	0	0	51	104	60	105	67	103	77	104	87	103	99	105	110	105	122	109	133	113	145	121	157	128	169	138	179	148	189	157	201	168	214	180	228	191	252	220	290	262	350	325	421	398	485	467	570	560	652	645	759	777	890	889	1000	990	994	906	848	692	564	424	361	293	289	238	269	221	266	213	257	205	246	196	230	183	211	168	191	153	170	140	150	126	132	115	116
64	170	1	2	119	0	1953125	12	0.0	374	1.08	0	0	V0.2	0	0	63	79	69	79	78	79	84	78	92	81	99	86	106	93	112	103	119	115	125	130	132	144	141	161	146	175	153	190	165	204	176	221	191	235	215	267	254	309	312	367	382	436	446	503	533	598	617	680	721	806	840	907	937	1000	927	924	796	719	525	460	328	337	259	287	243	271	239	262	235	250	223	234	211	218	195	200	177	181	161	162	143	144	129	127	118
64	170	1	2	119	0	1953125	12	0.0	329	1.08	0	0	V0.2	0	0	38	90	45	93	52	93	59	94	67	93	77	93	86	92	97	92	107	92	118	91	127	91	135	91	141	90	148	89	153	91	156	96	156	105	167	143	198	196	258	265	337	352	404	437	506	553	611	649	736	780	866	897	986	1000	994	908	866	670	574	366	328	207	216	157	177	163	174	177	173	181	168	182	164	177	155	170	147	158	138	146	127	130	115	118	106
64	170	1	2	119	0	1953125	12	0.0	329	1.08	0	0	V0.2	0	0	77	45	79	50	78	57	80	66	79	73	79	82	78	89	81	98	83	105	87	111	88	116	94	121	95	121	97	127	99	126	98	134	99	144	106	173	145	227	205	289	284	377	363	451	458	560	564	662	683	788	816	913	942	1000	949	916	840	681	537	381	299	219	182	162	146	169	148	180	153	185	155	183	153	178	149	166	143	157	133	143	124	131	115	116	106
64	170	1	2	119	0	1953125	12	0.0	329	1.08	0	0	V0.2	0	0	77	45	79	50	78	57	80	66	79	73	79	82	78	89	81	98	83	105	87	111	88	116	94	121	95	121	97	127	99	126	98	134	99	144	106	173	145	227	205	289	284	377	363	451	458	560	564	662	683	788	816	913	942	1000	949	916	840	681	537	381	299	219	182	162	146	169	148	180	153	185	155	183	153	178	149	166	143	157	133	143	124	131	115	116	106
64	170	1	2	119	0	1953125	12	0.0	351	1.08	0	0	V0.2	0	0	81	60	81	66	81	74	80	80	81	88	83	96	87	103	94	110	100	116	109	121	119	124	129	128	136	129	145	133	153	137	160	149	165	154	182	191	216	237	269	301	352	383	416	458	522	565	615	658	735	791	869	896	977	994	1000	906	872	680	576	393	341	233	244	184	217	182	219	188	217	187	212	185	203	176	191	168	177	154	161	142	145	129	129	118	115
64	170	1	2	119	0	1953125	12	0.0	351	1.08	0	0	V0.2	0	0	48	90	54	91	60	93	68	93	77	94	87	94	96	96	108	98	118	102	128	104	135	109	143	114	149	119	155	124	165	127	168	133	178	136	191	163	235	207	288	270	372	356	439	442	541	532	622	631	735	756	854	878	988	988	1000	948	885	719	560	419	315	250	221	186	208	176	213	179	216	179	212	176	204	170	190	159	176	148	160	136	143	124	127	114	111
64	170	1	2	119	0	1953125	12	0.0	351	1.08	0	0	V0.2	0	0	48	90	54	91	60	93	68	93	77	94	87	94	96	96	108	98	118	102	128	104	135	109	143	114	149	119	155	124	165	127	168	133	178	136	191	163	235	207	288	270	372	356	439	442	541	532	622	631	735	756	854	878	988	988	1000	948	885	719	560	419	315	250	221	186	208	176	213	179	216	179	212	176	204	170	190	159	176	148	160	136	143	124	127	114	111
64	170	1	2	119	0	1953125	12	0.0	329	1.08	0	0	V0.2	0	0	69	60	74	62	77	62	82	66	85	69	90	74	92	80	96	89	99	98	102	107	103	115	105	122	102	126	104	128	106	133	108	132	116	134	137	162	187	208	240	269	335	363	409	453	523	587	646	685	737	799	860	909	955	1000	962	963	830	732	534	444	287	265	166	184	149	170	164	175	171	175	175	175	174	167	168	160	159	149	148	139	138	127	126	118	113
64	170	1	2	119	0	1953125	12	0.0	351	1.08	0	0	V0.2	0	0	49	88	53	91	59	92	65	93	74	94	84	94	93	95	105	97	115	101	125	104	133	109	142	115	147	118	150	122	156	125	156	128	164	138	189	172	224	215	298	291	370	362	434	447	530	532	600	616	713	755	834	876	974	1000	987	961	848	720	549	439	306	280	217	211	198	200	202	195	201	194	196	188	189	183	178	171	167	158	153	145	137	130	124	117	110
64	170	1	2	119	0	1953125	12	0.0	349	1.08	0	0	V0.2	0	0	46	82	52	84	59	85	66	85	75	86	83	87	92	89	102	91	111	97	120	102	128	107	134	113	139	117	142	120	152	129	161	138	170	146	193	174	232	212	285	282	359	350	425	417	497	511	597	605	691	694	804	847	941	972	1000	937	844	733	561	420	313	251	230	198	201	178	211	182	210	182	209	180	201	171	189	161	173	150	158	138	141	125	126	114	111
64	170	1	2	119	0	1953125	12	0.0	351	1.08	0	0	V0.2	0	0	49	84	55	85	61	84	69	86	77	86	87	89	95	91	105	97	113	100	122	107	129	112	136	120	141	123	143	126	148	133	156	144	169	159	199	188	247	229	306	286	364	344	402	412	491	516	620	650	778	814	910	938	970	1000	944	887	813	680	543	417	312	264	215	206	206	198	214	196	218	192	212	187	203	177	191	168	175	154	159	142	142	129	127	118	113
64	170	1	2	119	0	1953125	12	0.0	349	1.08	0	0	V0.2	0	0	58	67	64	68	71	70	76	70	81	73	86	76	92	81	95	89	100	97	105	110	112	120	116	129	117	129	114	129	111	136	121	154	137	170	165	198	196	233	261	296	332	369	413	448	497	533	532	551	566	647	679	743	830	914	923	1000	896	818	601	502	384	326	247	234	186	206	171	183	169	190	180	199	179	192	172	175	158	159	143	144	131	129	117	115	107
64	170	1	2	119	0	1953125	12	0.0	349	1.08	0	0	V0.2	0	0	72	67	76	67	79	68	85	70	89	75	94	81	97	89	101	97	103	107	108	116	108	125	108	128	105	137	106	144	113	153	122	164	134	179	157	212	199	233	252	292	302	342	335	371	397	461	509	658	718	826	910	960	923	1000	881	816	666	520	380	340	180	214	155	172	139	185	165	206	165	190	162	178	150	168	145	159	137	147	127	130	113	115	102	100	93
64	170	1	2	119	0	1953125	12	0.0	349	1.08	0	0	V0.2	0	0	52	67	55	67	60	65	64	66	70	67	78	73	83	76	92	85	96	91	102	97	102	102	105	109	107	120	117	128	120	132	120	128	129	146	144	178	198	232	260	309	340	344	377	406	412	444	488	547	667	790	834	967	1000	925	830	721	498	368	258	262	189	210	170	214	174	196	178	187	166	168	159	173	159	163	156	155	139	138	129	125	113	113	105	99	94
64	170	2	2	119	0	1953125	12	0.0	351	1.08	0	0	V0.2	0	0	62	78	67	73	76	81	80	77	92	84	92	86	105	88	101	99	114	99	114	121	124	117	125	138	124	134	136	161	141	170	168	178	155	167	178	183	185	210	252	272	301	325	377	438	464	566	672	727	789	918	1000	902	787	906	891	698	645	811	574	434	366	334	209	202	180	203	176	205	200	214	198	199	189	185	168	171	166	159	146	147	141	128	118	120	113
64	170	2	2	119	0	1953125	12	0.0	349	1.08	0	0	V0.2	0	0	59	74	69	81	71	77	86	83	85	84	101	86	97	94	109	90	108	111	118	109	124	134	128	133	137	149	131	157	157	166	150	184	187	174	168	191	204	183	212	300	336	366	452	564	614	659	730	818	863	799	836	1000	949	846	949	998	811	788	703	615	392	338	272	308	224	215	221	242	197	198	204	210	183	200	195	186	161	175	165	150	137	149	137	119	117
64	170	2	2	119	0	1953125	12	0.0	349	1.08	0	0	V0.2	0	0	45	71	45	70	55	69	56	72	67	66	71	76	79	67	87	82	90	77	105	90	99	89	117	91	99	99	119	89	105	122	138	99	123	150	172	110	154	218	239	164	275	364	341	278	430	497	438	349	569	645	580	561	884	999	775	680	817	676	307	237	261	218	119	124	155	171	165	142	172	158	154	126	150	126	128	119	137	112	114	109	113	90	92	91	87
64	170	2	2	119	0	1953125	12	0.0	324	1.08	0	0	V0.2	0	0	41	53	43	52	48	53	48	50	56	53	57	54	66	57	67	62	76	62	72	66	80	67	77	71	82	75	82	65	74	71	71	45	54	75	76	45	97	122	193	201	260	267	391	351	313	311	459	387	363	548	771	727	681	829	999	900	570	434	451	290	117	32	99	68	83	41	102	91	120	89	129	106	131	104	128	103	120	102	115	94	102	90	92	79	82
64	170	2	2	119	0	1953125	12	0.0	371	1.08	0	0	V0.2	0	0	71	98	73	102	76	109	81	110	88	114	98	116	111	119	123	121	138	125	151	132	163	136	178	150	188	152	198	166	208	158	203	176	224	195	241	232	302	310	386	388	493	487	548	534	627	609	665	672	733	775	837	897	963	987	1000	979	874	741	570	519	415	365	271	296	283	300	264	280	265	266	235	237	218	220	191	196	175	182	161	162	143	144	128	126	115
64	170	2	2	119	0	1953125	12	0.0	374	1.08	0	0	V0.2	0	0	46	76	50	78	60	79	64	79	74	80	80	83	92	84	99	93	110	95	116	108	130	116	133	128	151	145	153	148	174	181	182	174	204	226	234	233	291	328	369	339	409	462	494	413	452	531	536	441	559	667	728	639	838	1000	917	758	764	773	602	389	256	306	312	238	202	218	252	215	207	205	225	199	198	182	190	174	174	156	156	141	139	123	121	113	108
64	170	2	2	119	0	1953125	12	0.0	306	1.07	0	0	V0.2	0	0	51	23	53	27	53	29	56	35	54	37	57	43	53	46	57	51	52	54	56	59	53	60	53	64	50	59	45	60	51	43	43	39	66	41	86	37	106	101	140	61	129	130	171	75	219	292	338	347	558	671	715	718	923	1000	898	768	793	642	423	221	205	196	147	51	77	81	136	86	114	91	135	99	121	98	123	98	113	98	108	93	99	90	90	85	84
64	170	1	2	119	0	1953125	12	0.0	329	1.08	0	0	V0.2	0	0	46	68	53	69	58	67	65	68	71	68	78	70	82	74	89	77	92	84	97	88	97	97	101	105	103	113	107	120	116	129	119	131	129	124	135	156	158	156	198	273	314	283	338	466	556	526	560	729	824	780	787	902	1000	921	736	806	772	631	414	370	245	222	123	152	120	164	134	151	140	163	143	151	136	149	135	142	129	136	124	127	114	117	108	106	99
64	170	1	2	119	0	1953125	12	0.0	351	1.08	0	0	V0.2	0	0	73	62	74	69	74	73	73	80	73	85	77	92	81	96	89	102	97	108	108	110	116	114	125	114	133	115	136	114	152	119	149	128	180	147	170	169	252	252	264	274	384	421	393	415	547	573	572	558	627	693	780	834	963	939	1000	966	909	676	549	370	303	201	219	165	197	161	191	161	191	158	190	157	183	157	178	150	164	139	153	130	134	119	121	106	104
64	170	1	2	119	0	1953125	12	0.0	374	1.08	0	0	V0.2	0	0	77	63	78	69	79	79	80	86	81	94	84	101	91	108	99	115	109	120	122	127	135	133	153	142	167	151	187	162	193	167	213	179	211	188	244	226	268	278	348	330	388	404	509	528	546	529	644	659	687	699	812	842	889	887	1000	914	836	665	624	460	429	327	323	249	315	255	279	237	279	231	252	216	241	199	218	185	199	165	174	151	155	132	135	123	120
64	170	1	2	119	0	1953125	12	0.0	326	1.08	0	0	V0.2	0	0	80	38	78	43	81	47	79	54	81	61	82	73	83	79	82	91	80	94	81	104	74	107	79	116	72	118	74	119	64	118	73	116	61	119	104	143	113	181	231	271	255	309	360	376	335	413	513	585	568	697	893	970	942	1000	953	895	737	682	469	335	173	196	121	125	108	127	139	138	146	150	159	148	158	147	154	138	147	133	137	119	125	112	114	101	103
64	170	1	2	119	0	1953125	12	0.0	329	1.08	0	0	V0.2	0	0	58	61	57	68	56	73	57	77	59	81	61	82	68	85	77	88	89	87	94	86	106	82	110	80	122	84	132	88	140	82	126	71	118	47	104	80	170	127	217	255	365	315	369	395	477	473	533	564	739	834	915	889	1000	969	962	778	790	758	585	425	296	248	208	148	161	118	167	131	163	128	174	148	179	145	174	141	158	127	141	119	130	111	116	104	107
64	170	1	2	119	0	1953125	12	0.0	371	1.08	0	0	V0.2	0	0	54	88	54	92	57	95	64	100	75	102	86	102	95	100	107	101	117	102	130	106	141	114	152	122	163	138	178	149	190	163	197	167	199	179	209	190	245	276	331	290	335	299	298	266	351	452	583	757	892	984	1000	981	828	542	478	684	836	920	806	827	640	488	333	305	218	214	183	240	221	258	221	235	192	198	162	178	153	166	141	150	128	131	115	113	103
64	170	2	2	119	0	1953125	12	0.0	0	0.93	0	0	V0.2	0	0	38	27	50	5	47	30	26	43	7	41	19	32	30	28	33	29	47	28	59	29	53	55	29	96	53	115	123	102	140	59	93	165	132	262	250	263	177	40	72	242	264	452	442	445	180	224	155	299	563	650	886	970	433	211	62	347	999	966	900	669	211	100	199	239	385	304	272	235	104	129	101	89	142	87	115	101	79	97	54	74	68	56	73	52	58
64	170	2	2	119	0	1953125	12	0.0	346	1.08	0	0	V0.2	0	0	46	65	58	53	66	47	75	52	77	65	73	71	65	80	72	84	85	85	96	73	98	77	112	99	110	102	91	125	95	140	102	132	42	90	168	247	241	247	147	128	125	188	436	552	651	445	306	418	570	528	548	812	1000	891	576	594	519	337	287	371	408	278	179	121	165	128	153	112	166	131	153	124	149	135	129	120	110	121	100	109	91	99	85	82	72
64	170	2	2	119	0	1953125	12	0.0	374	1.08	0	0	V0.2	0	0	55	48	59	47	66	48	65	47	70	53	73	62	76	68	75	79	77	89	81	104	86	110	81	119	94	140	95	126	87	144	120	193	153	187	109	155	164	244	226	258	238	330	280	381	465	628	605	491	348	579	729	812	899	1000	878	570	198	282	372	329	248	205	220	228	166	174	151	176	142	168	157	176	147	155	130	132	114	122	117	115	100	97	91	87	83
64	170	2	2	119	0	1953125	12	0.0	456	1.10	0	0	V0.2	0	0	42	69	44	79	47	83	54	82	59	83	73	84	88	86	93	82	105	94	120	110	125	114	134	151	153	159	150	185	179	256	244	266	182	213	199	320	356	469	381	305	209	460	569	638	559	516	379	444	609	902	1000	957	668	527	620	776	673	518	389	431	428	447	362	356	271	270	255	288	245	238	200	208	180	176	161	149	136	131	130	115	116	112	116	104	102
64	170	2	2	119	0	1953125	12	0.0	0	0.90	0	0	V0.2	0	0	40	23	22	40	11	31	35	13	36	24	24	33	23	35	29	35	33	24	41	25	43	60	39	82	57	46	75	50	88	154	126	189	139	40	113	188	237	379	300	271	99	276	479	605	530	509	317	208	364	809	1000	988	712	482	428	679	810	887	669	363	65	167	291	298	205	192	101	62	115	120	103	126	83	74	73	35	47	51	33	51	43	33	42	31	33
64	170	2	2	119	0	1953125	12	0.0	0	0.89	0	0	V0.2	0	0	29	13	23	25	11	29	4	24	14	20	22	17	24	17	23	15	28	17	36	28	38	37	22	44	22	56	58	66	74	37	58	44	72	144	107	155	119	94	90	169	373	370	339	153	179	289	423	633	709	629	296	327	741	1000	959	756	579	392	460	455	372	232	85	117	106	144	96	113	51	57	25	5	43	28	50	41	41	40	17	31	23	26	30	19	25
64	170	2	2	119	0	1953125	12	0.0	0	0.89	0	0	V0.2	0	0	32	6	31	17	23	25	9	27	6	26	15	19	19	18	18	19	24	18	38	21	50	22	37	39	14	69	42	99	65	64	51	32	87	113	175	184	172	85	159	266	368	330	355	243	95	222	489	805	704	501	178	362	738	965	1000	712	507	434	526	511	323	213	51	110	122	148	124	126	56	55	20	13	45	19	60	30	49	26	20	26	10	29	21	26	26
64	170	2	2	119	0	1953125	12	0.0	374	1.08	0	0	V0.2	0	0	71	42	79	41	78	52	69	65	60	79	62	83	71	76	82	73	97	83	101	95	91	111	87	129	92	142	103	120	111	127	179	139	145	88	152	113	207	259	375	289	186	94	221	420	507	649	604	506	286	385	632	789	817	893	1000	839	618	316	293	333	273	276	250	241	166	154	129	195	155	176	131	166	147	160	148	135	127	109	124	104	113	92	94	79	79
64	170	2	2	119	0	1953125	12	0.0	0	0.90	0	0	V0.2	0	0	117	83	113	108	88	121	84	105	102	75	111	68	91	90	57	99	54	89	80	65	107	51	106	104	72	167	21	179	145	53	204	162	141	274	70	242	167	34	388	342	289	231	150	68	299	371	688	536	460	153	276	581	824	967	1000	672	145	494	736	638	439	138	64	127	261	135	281	114	121	147	86	120	137	62	165	59	126	107	71	118	63	89	96	40	93
64	170	2	2	119	0	1953125	12	0.0	0	0.90	0	0	V0.2	0	0	125	87	138	90	127	104	108	121	82	130	65	120	69	102	88	81	106	55	120	38	127	63	123	108	115	151	93	180	53	183	176	172	245	149	256	35	244	380	394	554	197	245	158	260	645	677	854	458	105	433	720	1000	931	869	616	287	554	783	656	539	229	88	188	82	300	104	260	54	145	167	51	211	42	203	108	131	146	69	150	52	134	67	104	86	63
64	170	2	2	119	0	1953125	12	0.0	0	0.91	0	0	V0.2	0	0	37	11	42	8	38	22	28	34	17	37	18	36	24	37	28	38	27	39	36	41	60	41	80	38	77	38	46	83	61	147	106	149	84	67	67	110	261	321	404	298	124	127	315	515	619	671	620	292	86	503	769	1000	878	805	548	316	583	702	771	558	310	72	78	228	193	216	133	134	67	35	78	50	89	80	70	74	43	59	33	45	44	38	50	34	40
64	170	2	2	119	0	1953125	12	0.0	0	0.92	0	0	V0.2	0	0	20	28	30	17	36	11	37	15	35	24	31	30	32	34	35	33	36	38	35	51	36	67	44	81	51	72	52	43	94	72	156	132	166	98	104	52	86	237	313	416	307	235	106	105	297	445	647	667	536	251	181	404	703	911	1000	985	628	234	197	376	417	327	258	155	66	79	77	123	131	125	125	86	101	53	76	56	64	68	55	69	49	59	44	49	48
64	170	2	2	119	0	1953125	12	0.0	0	0.93	0	0	V0.2	0	0	98	54	102	58	98	71	85	84	67	94	46	100	26	100	17	100	29	100	46	99	63	94	88	74	128	48	177	46	211	47	201	74	146	201	160	372	218	380	180	280	93	236	466	520	667	515	485	194	99	504	745	1000	989	827	489	100	478	733	694	579	410	230	58	202	169	265	205	208	197	120	181	23	170	41	148	85	124	104	95	112	58	114	22	111	9
64	170	2	2	119	0	1953125	12	0.0	0	0.92	0	0	V0.2	0	0	14	36	10	37	16	36	27	32	35	31	39	33	42	36	45	39	51	40	61	47	72	56	73	69	64	82	63	114	97	151	131	138	115	87	120	145	254	296	319	255	149	107	122	317	479	579	581	433	196	111	326	659	935	1000	809	441	88	289	420	497	416	323	188	78	129	153	165	171	152	157	109	111	79	81	78	71	83	65	80	61	68	58	57	59	54
64	170	2	2	119	0	1953125	12	0.0	0	0.92	0	0	V0.2	0	0	20	35	31	25	41	16	44	18	42	25	40	33	40	37	44	41	48	48	50	58	44	68	37	82	58	104	94	105	100	56	81	62	142	171	231	235	166	130	19	100	286	415	514	456	310	82	76	348	631	915	908	786	429	161	442	749	1000	917	672	315	23	185	224	269	235	233	140	133	88	84	109	88	126	94	112	83	76	72	53	68	49	67	55	59	51
64	170	2	2	119	0	1953125	12	0.0	0	0.94	0	0	V0.2	0	0	12	30	14	24	19	15	21	9	19	4	17	2	13	2	10	3	14	3	22	0	29	1	37	4	41	13	21	34	14	65	53	121	57	120	70	108	39	88	290	292	347	240	304	173	122	356	525	697	613	589	505	488	533	767	1000	940	727	414	349	324	332	392	307	256	115	67	40	22	89	79	94	86	62	62	35	46	8	31	17	24	24	20	24	13	19
64	170	2	2	119	0	1953125	12	0.0	0	0.93	0	0	V0.2	0	0	92	111	92	114	89	114	90	104	93	92	95	78	96	64	94	56	93	53	94	56	97	67	110	86	114	98	111	118	79	172	64	227	104	246	107	186	176	88	386	298	446	241	386	47	94	413	545	697	596	696	551	402	467	747	1000	920	625	485	408	310	425	305	364	141	181	62	87	140	51	197	20	184	53	147	79	122	104	90	112	69	110	54	100	45	84
64	170	2	2	119	0	1953125	12	0.0	371	1.08	0	0	V0.2	0	0	61	51	72	47	78	49	73	59	68	73	66	80	71	81	81	79	93	81	101	90	103	106	101	121	92	130	91	134	109	145	141	141	137	109	139	96	179	208	331	304	316	237	279	237	227	399	531	605	538	587	540	555	632	845	999	891	702	498	420	235	163	181	212	215	215	196	190	180	135	156	127	177	141	164	133	142	124	116	117	102	108	92	96	86	83
64	170	2	2	119	0	1953125	12	0.0	0	0.94	0	0	V0.2	0	0	102	96	95	109	86	107	90	95	94	80	95	73	87	72	74	77	62	82	57	86	61	89	72	93	88	84	113	94	126	105	141	150	115	140	137	82	203	76	394	249	371	113	251	77	311	411	644	555	577	429	410	442	719	981	1000	850	536	317	336	300	416	348	359	121	186	75	62	155	70	164	141	94	156	63	135	83	99	106	72	101	65	89	63	67	67
64	170	2	2	119	0	1953125	12	0.0	371	1.08	0	0	V0.2	0	0	68	69	83	61	93	56	92	68	91	86	86	100	85	102	93	101	110	97	128	102	138	114	134	126	118	154	122	185	142	198	129	172	149	178	173	216	280	285	231	169	245	268	357	420	622	644	668	542	611	703	698	803	890	1000	862	803	716	652	549	412	391	312	318	234	238	164	203	170	222	197	228	193	191	170	158	170	148	166	133	148	118	126	109	107	96
64	170	2	2	119	0	1953125	12	0.0	0	0.93	0	0	V0.2	0	0	111	93	102	109	87	116	83	108	94	82	109	59	104	66	85	90	52	105	39	103	74	79	125	37	156	50	156	108	88	171	75	190	231	131	323	72	264	141	65	401	401	520	465	345	232	122	270	655	773	873	677	555	281	470	767	943	1000	698	394	132	55	317	251	389	185	214	163	56	169	129	104	202	8	193	93	123	139	52	139	67	97	107	46	108	26
64	170	2	2	119	0	1953125	12	0.0	0	0.91	0	0	V0.2	0	0	40	7	41	9	37	22	26	30	17	32	15	30	20	33	25	41	25	45	24	45	37	35	64	38	91	45	97	42	54	77	60	164	151	185	146	101	48	84	257	366	474	426	258	93	178	297	501	631	752	596	347	321	586	906	1000	909	605	260	289	367	412	330	290	153	91	53	52	136	101	138	76	92	61	36	63	23	59	39	51	42	35	41	22	39	28
64	170	2	2	119	0	1953125	12	0.0	0	0.92	0	0	V0.2	0	0	12	46	8	44	24	33	34	20	36	12	39	19	37	19	35	18	42	24	49	38	51	52	33	61	6	83	49	123	109	104	91	46	52	65	192	284	341	308	104	52	123	232	453	609	735	435	135	240	400	721	791	1000	852	628	376	639	891	845	772	504	240	64	163	278	217	218	143	129	75	40	97	72	96	85	72	82	46	65	26	52	38	43	48	35	49
64	170	2	2	119	0	1953125	12	0.0	0	0.91	0	0	V0.2	0	0	25	23	33	10	36	6	36	17	29	24	24	27	23	30	25	35	24	38	17	41	15	45	43	55	70	46	73	32	75	48	91	145	123	151	84	129	41	94	267	329	418	257	191	100	57	291	538	715	633	393	89	271	446	696	999	919	699	246	162	293	262	316	255	203	93	42	95	105	108	115	86	99	50	62	46	38	55	36	59	34	48	34	33	38	26
64	170	2	2	119	0	1953125	12	0.0	0	0.91	0	0	V0.2	0	0	112	75	118	82	111	91	98	102	79	108	60	107	54	100	56	90	69	74	87	58	106	52	122	44	132	65	119	120	112	168	119	238	39	187	155	98	291	212	371	242	262	184	221	467	372	532	459	408	90	462	828	962	1000	840	561	245	281	664	772	588	373	182	33	127	168	245	171	247	32	169	79	118	145	72	174	23	157	42	123	70	89	91	58	99	30
64	170	2	2	119	0	1953125	12	0.0	0	0.92	0	0	V0.2	0	0	21	33	12	37	6	32	14	26	21	21	25	16	24	17	25	22	35	24	44	15	40	11	34	29	40	60	54	88	40	68	51	72	58	134	220	206	227	154	181	88	107	437	455	508	289	286	227	156	509	841	1000	840	564	336	380	513	763	980	710	435	48	145	224	186	265	204	198	129	62	84	39	85	68	86	75	58	62	29	51	23	46	38	43	43	34
64	170	2	2	119	0	1953125	12	0.0	0	0.91	0	0	V0.2	0	0	37	10	34	27	22	36	11	35	12	32	21	28	28	29	30	30	30	30	38	24	56	33	67	49	61	53	43	74	56	126	131	132	117	81	101	37	199	327	345	349	147	38	94	172	467	602	634	363	92	285	397	634	831	1000	774	393	212	522	586	453	416	234	145	107	143	220	170	157	118	80	96	62	91	87	74	84	50	68	40	49	45	40	49	37	43
64	170	2	2	119	0	1953125	12	0.0	0	0.91	0	0	V0.2	0	0	43	27	29	38	14	42	16	41	30	32	36	28	38	30	41	35	50	36	58	39	50	48	37	76	51	106	85	93	79	37	78	72	172	213	216	204	32	45	156	227	435	420	430	187	76	343	382	535	686	756	523	105	554	857	1000	843	732	419	134	232	399	418	304	159	92	21	88	137	143	177	113	115	76	64	82	56	85	67	65	64	44	55	36	47	49
64	170	2	2	119	0	1953125	12	0.0	0	0.91	0	0	V0.2	0	0	48	7	41	22	36	38	26	45	19	43	24	40	34	42	37	45	40	44	53	47	68	44	82	46	77	83	73	119	80	148	82	111	147	124	235	175	246	178	178	187	349	526	494	465	264	230	107	327	787	946	895	544	272	237	356	764	1000	965	599	150	163	209	239	244	245	216	115	128	116	115	137	101	135	88	98	76	59	76	51	72	56	60	56	47	56
64	170	2	2	119	0	1953125	12	0.0	0	0.91	0	0	V0.2	0	0	123	73	125	82	118	99	97	117	69	121	54	119	51	109	67	88	87	67	109	50	127	30	144	38	142	108	119	163	110	213	51	218	129	156	282	171	325	201	328	126	314	511	414	536	313	387	105	240	669	837	914	624	462	410	170	595	971	1000	715	227	59	159	187	264	258	294	87	207	104	135	169	94	213	24	192	54	143	100	97	122	56	128	23	115	29
64	170	2	2	119	0	1953125	12	0.0	0	0.91	0	0	V0.2	0	0	90	107	113	93	121	83	125	74	121	79	104	88	85	95	63	107	40	115	34	117	46	117	73	108	131	71	188	35	192	35	196	126	135	300	101	325	58	296	16	186	449	395	653	303	282	92	75	348	687	1000	843	488	198	454	511	690	939	954	544	89	241	226	302	189	256	103	200	100	117	190	54	197	27	187	54	141	105	94	123	57	126	31	115	35	93
64	170	2	2	119	0	1953125	12	0.0	0	0.91	0	0	V0.2	0	0	93	94	78	109	68	109	68	103	73	90	86	67	93	48	95	33	99	36	95	58	81	88	63	120	44	157	11	160	88	105	159	62	227	76	298	88	147	243	124	318	173	424	264	221	301	335	524	393	538	482	371	115	565	1000	940	581	411	338	143	258	316	402	195	162	78	36	151	37	202	29	176	86	100	119	57	135	38	126	58	102	73	68	81	43	85
64	170	2	2	119	0	1953125	12	0.0	0	0.91	0	0	V0.2	0	0	33	15	28	28	15	36	10	32	16	27	22	25	29	27	29	26	30	25	40	26	56	40	62	52	48	60	27	79	67	121	133	106	118	49	88	97	199	348	330	281	78	27	90	184	423	570	612	335	22	304	346	558	827	1000	626	199	366	602	528	294	260	174	82	117	145	184	151	102	80	41	73	51	74	76	56	69	36	54	34	40	40	32	42	29	34
64	170	2	2	119	0	1953125	12	0.0	0	0.90	0	0	V0.2	0	0	95	101	115	82	131	70	127	83	106	97	83	111	52	118	37	111	51	100	79	87	114	65	143	28	152	75	139	134	133	208	77	229	94	153	227	135	330	237	349	137	263	490	366	434	271	427	146	201	718	789	876	630	499	365	182	561	1000	897	568	85	79	276	157	250	146	240	26	142	177	44	206	11	190	70	145	126	71	146	34	137	48	111	69	76	89
64	170	2	2	119	0	1953125	12	0.0	0	0.91	0	0	V0.2	0	0	2	45	21	35	33	25	42	16	44	22	37	28	36	32	38	40	41	49	38	60	32	67	40	77	81	76	118	62	116	57	110	130	144	245	194	218	128	127	134	230	473	558	505	269	60	114	274	593	835	882	635	94	400	673	729	973	1000	636	138	265	415	371	273	162	129	41	95	148	132	161	99	102	69	62	71	48	72	57	60	57	43	55	38	52	48
64	170	2	2	119	0	1953125	12	0.0	0	0.91	0	0	V0.2	0	0	31	8	27	20	16	27	6	25	5	24	15	22	18	20	18	22	22	25	30	17	38	16	49	30	60	54	52	64	33	80	90	105	121	110	127	41	103	251	247	253	161	223	100	99	364	496	620	392	271	238	258	463	807	1000	708	371	401	418	373	354	368	225	91	76	119	129	117	93	84	46	58	27	36	49	27	50	20	41	18	26	24	16	28	15	24
64	170	2	2	119	0	1953125	12	0.0	0	0.90	0	0	V0.2	0	0	102	82	112	74	118	76	107	91	83	103	65	106	47	105	48	92	65	76	84	61	116	38	137	30	133	82	108	151	94	224	42	225	93	117	246	104	356	201	350	105	145	428	408	553	325	463	227	25	536	763	950	714	538	408	291	638	1000	878	622	132	67	264	157	297	133	249	74	96	175	7	190	60	165	105	109	134	52	133	48	118	65	93	80	56	90
64	170	2	2	119	0	1953125	12	0.0	0	0.90	0	0	V0.2	0	0	21	44	6	42	18	36	34	26	41	21	37	25	37	32	41	35	45	40	47	56	46	68	36	75	62	80	114	88	122	63	101	85	120	239	236	269	159	102	76	133	371	482	608	360	76	162	352	505	724	881	801	261	447	928	1000	958	899	632	230	220	445	411	311	132	83	39	60	152	123	158	104	98	78	45	73	46	72	61	55	61	37	48	33	42	44
64	170	2	2	119	0	1953125	12	0.0	0	0.90	0	0	V0.2	0	0	44	6	37	20	29	32	17	39	15	38	20	32	25	32	30	37	37	33	49	33	61	29	65	43	61	93	72	128	63	104	52	65	155	169	280	211	179	44	36	170	306	487	551	356	74	194	318	500	724	864	727	287	417	856	1000	916	862	620	233	214	400	405	267	177	33	34	87	100	158	116	127	89	62	67	38	66	55	59	62	43	53	30	42	38	39
64	170	2	2	119	0	1953125	12	0.0	0	0.90	0	0	V0.2	0	0	95	109	83	123	73	121	83	102	100	80	107	57	111	45	104	60	87	78	70	107	49	134	25	141	66	117	143	82	204	59	236	43	157	233	79	344	131	387	99	195	339	333	607	373	398	202	226	237	604	1000	918	691	361	464	585	805	979	955	528	200	264	233	329	149	248	55	111	159	42	197	117	143	139	83	149	49	134	82	102	104	67	104	39	98	26
64	170	2	2	119	0	1953125	12	0.0	0	0.90	0	0	V0.2	0	0	82	124	82	126	93	110	112	85	121	66	118	60	110	72	90	86	73	100	54	112	31	138	53	151	100	123	127	73	196	49	259	178	216	180	109	166	161	418	403	448	310	46	238	363	431	530	727	610	189	360	759	1000	934	769	738	570	202	799	922	733	337	154	68	136	212	204	228	231	59	176	85	141	143	104	179	45	170	50	133	84	95	105	63	111	25
64	170	2	2	119	0	1953125	12	0.0	0	0.91	0	0	V0.2	0	0	87	86	98	78	104	75	100	77	91	78	77	84	60	87	50	83	47	80	52	76	70	75	84	81	97	75	118	64	132	118	149	139	146	156	83	160	201	228	252	232	218	224	88	214	378	555	404	286	333	211	311	664	956	1000	723	421	446	438	453	475	399	297	59	84	144	170	141	148	97	153	45	129	93	92	120	73	122	51	116	48	94	55	74	62	60
64	170	2	2	119	0	1953125	12	0.0	346	1.08	0	0	V0.2	0	0	45	52	57	46	64	37	66	47	67	59	62	67	58	70	64	75	78	70	87	68	95	72	91	82	89	100	73	103	82	139	83	119	89	142	94	68	107	177	227	155	118	178	292	238	325	468	627	453	217	416	635	677	630	906	1000	707	273	497	600	448	254	159	242	190	143	65	133	127	146	99	136	138	141	123	111	119	101	110	88	102	89	93	75	76	72
64	170	2	2	119	0	1953125	12	0.0	329	1.08	0	0	V0.2	0	0	34	73	37	73	44	74	48	71	58	70	63	70	74	70	83	72	91	69	96	75	106	71	108	77	113	76	122	89	128	76	131	87	132	48	101	51	119	114	219	210	305	288	406	393	450	451	483	399	497	692	907	848	890	875	1000	806	668	583	490	313	154	92	119	94	133	81	135	119	181	133	153	114	152	117	145	119	148	117	127	104	116	96	100	90	94
64	170	2	2	119	0	1953125	12	0.0	346	1.08	0	0	V0.2	0	0	68	43	70	49	69	57	71	59	67	69	68	73	69	83	71	84	77	93	78	93	89	102	92	104	98	99	92	98	116	120	137	133	98	91	104	121	126	161	166	202	197	273	396	475	386	288	284	434	541	583	627	631	540	599	879	1000	947	614	429	322	275	176	184	150	170	136	157	160	175	150	134	121	142	139	141	128	130	121	117	106	107	98	91	86	84
64	170	2	2	119	0	1953125	12	0.0	349	1.08	0	0	V0.2	0	0	39	70	42	76	48	72	53	77	60	74	72	78	75	76	88	80	92	83	107	87	110	91	116	91	123	102	128	105	144	114	135	113	154	128	165	152	196	151	223	297	403	321	267	268	441	469	505	584	672	553	448	643	1000	958	781	572	632	667	511	385	274	214	197	179	179	159	183	157	175	163	187	160	168	147	159	132	141	129	137	114	115	108	109	90	87
64	170	2	2	119	0	1953125	12	0.0	346	1.08	0	0	V0.2	0	0	43	83	53	83	52	86	62	84	68	88	76	85	88	89	91	88	108	90	108	97	127	91	122	108	143	95	135	117	158	98	141	122	167	107	171	162	231	179	232	241	374	354	363	319	445	533	551	482	656	704	775	640	833	1000	840	603	746	779	538	225	256	309	278	138	137	151	209	140	167	162	199	131	158	150	173	125	145	131	135	104	124	109	102	90	99
64	170	2	2	119	0	1953125	12	0.0	349	1.08	0	0	V0.2	0	0	65	49	66	52	74	51	73	59	80	58	80	72	83	73	87	91	85	94	91	109	88	116	94	123	92	140	102	132	96	154	107	136	106	178	118	150	149	265	234	250	286	399	337	385	478	600	482	482	642	843	654	581	808	1000	812	665	713	749	476	275	245	297	206	174	132	206	178	194	146	189	166	192	150	169	145	167	138	147	126	138	115	117	107	109	94
64	170	2	2	119	0	1953125	12	0.0	349	1.08	0	0	V0.2	0	0	50	71	46	79	55	76	56	84	61	80	71	87	74	85	89	88	89	90	108	87	107	99	127	86	122	106	138	80	134	122	162	84	128	134	199	131	152	178	266	222	242	283	416	408	416	432	618	672	707	715	872	905	845	766	1000	988	734	461	506	403	288	138	172	158	191	125	158	155	193	141	167	156	179	140	160	143	150	123	138	124	122	105	112	103	96
64	170	2	2	119	0	1953125	12	0.0	0	0.75	0	0	V0.2	0	0	9	9	21	18	1	15	21	12	8	19	18	11	16	21	18	20	20	19	25	29	15	15	42	43	12	18	63	66	38	39	82	105	106	67	124	200	199	60	229	346	319	84	376	485	427	176	534	671	536	306	717	871	677	491	966	1000	562	477	734	592	172	290	340	224	34	147	161	131	60	79	79	78	57	33	30	47	49	21	13	37	42	21	19	35	32
64	170	1	2	119	0	1953125	12	0.0	346	1.08	0	0	V0.2	0	0	62	72	75	65	85	65	89	68	88	81	87	92	86	99	94	102	103	99	117	101	125	104	127	119	124	125	109	146	116	141	103	174	135	140	124	214	214	159	198	328	385	252	312	466	538	407	532	648	689	770	890	867	794	962	1000	928	742	608	471	373	349	241	178	134	210	180	185	148	199	169	184	163	173	166	158	156	137	147	128	135	115	119	106	105	97
64	170	2	2	119	0	1953125	12	0.0	419	1.09	0	0	V0.2	0	0	54	62	50	65	51	68	38	78	48	69	49	84	59	71	84	81	76	71	124	83	110	87	149	82	139	124	178	104	166	177	225	144	157	186	265	268	245	181	317	367	343	290	456	449	319	465	794	763	461	361	820	1000	757	489	619	680	338	487	598	577	239	213	343	369	205	196	235	264	161	219	197	191	124	200	150	137	108	162	103	106	106	116	67	95	108
64	170	1	2	119	0	1953125	12	0.0	552	1.11	0	0	V0.2	0	0	18	85	44	49	3	78	20	56	31	53	33	54	45	11	62	46	47	43	80	37	21	116	82	74	34	174	57	119	89	199	36	180	163	282	154	280	171	201	228	418	322	308	322	455	405	483	630	714	414	199	594	1000	757	441	304	493	529	407	292	236	300	248	296	273	265	191	146	142	204	134	120	81	138	61	91	58	96	23	84	46	52	41	74	46	33
64	170	2	2	119	0	1953125	12	0.0	0	0.75	0	0	V0.2	0	0	196	156	153	202	198	140	160	206	177	112	165	196	133	94	173	171	79	122	191	138	72	185	218	95	142	275	237	58	227	360	256	23	308	409	318	86	373	505	461	221	422	652	507	337	587	795	716	657	789	884	887	949	1000	985	902	933	787	486	587	490	310	212	352	417	269	71	283	366	238	35	245	322	189	92	240	265	127	120	230	198	70	136	196	129	44
64	170	1	2	119	0	1953125	12	0.0	0	0.80	0	0	V0.2	0	0	19	39	51	11	41	45	4	40	36	16	35	26	31	31	22	36	23	39	41	29	64	48	38	90	57	43	113	72	56	112	59	52	114	34	107	74	9	181	68	105	185	153	171	236	153	112	421	282	193	637	640	643	968	1000	963	956	871	870	695	404	386	409	203	219	248	156	139	161	96	83	113	43	55	81	29	59	70	37	71	68	43	69	58	37	65
64	170	2	2	119	0	1953125	12	0.0	0	0.78	0	0	V0.2	0	0	50	7	41	45	10	42	42	17	44	40	23	43	38	35	38	40	48	35	46	64	39	62	82	43	81	99	48	103	125	65	120	162	105	176	213	151	233	313	191	269	369	258	300	400	279	349	374	290	404	339	426	575	651	761	861	1000	772	580	614	381	283	286	217	209	225	172	168	197	134	127	160	110	87	126	93	61	94	82	47	72	64	40	62	53	43
64	170	2	2	119	0	1953125	12	0.0	0	0.79	0	0	V0.2	0	0	144	116	121	149	108	136	140	102	140	121	96	133	87	100	119	62	119	98	76	136	71	115	140	57	154	139	81	198	145	113	242	150	147	324	97	244	371	122	388	355	167	329	295	191	173	248	155	302	477	520	741	796	867	1000	872	734	695	588	258	218	205	7	91	190	105	135	232	101	160	231	57	178	193	53	183	144	90	174	103	109	145	61	109	107	40
64	170	2	2	119	0	1953125	12	0.0	5791	2.01	0	0	V0.2	0	0	35	44	35	34	41	29	28	33	28	22	23	15	21	12	20	25	14	33	10	39	42	31	56	37	59	62	36	92	76	36	157	51	39	304	157	200	199	116	278	269	342	62	201	399	82	617	623	214	766	694	397	1000	339	506	504	157	514	535	492	511	412	196	172	228	185	136	139	79	67	106	37	64	64	28	66	38	4	35	15	12	22	8	4	18	7
64	170	2	2	119	0	1953125	12	0.0	0	0.84	0	0	V0.2	0	0	789	802	813	808	808	802	788	781	755	733	705	673	650	633	612	600	582	585	589	593	615	638	678	709	747	769	806	842	878	886	941	934	979	956	1000	949	951	961	934	901	882	813	815	769	629	601	572	528	595	463	260	256	41	247	193	149	274	184	419	526	417	581	505	612	709	706	789	786	827	822	826	836	850	838	860	832	798	761	723	695	652	624	578	544	493
64	170	2	2	119	0	1953125	12	0.0	20931	4.61	0	0	V0.2	0	0	35	42	36	30	34	33	26	24	18	20	19	8	17	12	19	14	17	25	18	27	38	29	48	32	42	47	22	57	71	54	71	13	73	154	58	66	233	50	248	206	244	462	390	39	302	256	117	439	147	462	530	636	212	856	813	604	1000	576	119	379	200	378	331	151	128	84	110	84	49	65	52	11	95	27	49	51	10	33	18	19	22	5	20	6	16
64	170	2	2	119	0	1953125	12	0.0	0	0.85	0	0	V0.2	0	0	583	539	488	470	459	420	405	359	303	259	190	188	113	122	101	150	193	236	278	337	404	408	486	546	564	626	673	727	730	768	825	857	844	888	923	912	900	927	948	899	980	958	848	1000	972	921	921	962	957	895	895	869	966	955	782	863	889	849	708	751	794	741	749	705	707	673	626	620	607	565	524	493	470	404	441	393	446	362	325	307	299	251	262	223	196
64	170	2	2	119	0	1953125	12	0.0	0	0.85	0	0	V0.2	0	0	257	191	281	209	246	262	190	277	185	234	224	164	247	133	228	173	168	225	103	253	135	230	241	145	324	131	321	296	181	439	160	387	441	135	547	284	446	571	138	677	472	546	726	391	840	777	738	1000	644	861	867	707	871	895	815	568	525	352	304	296	93	325	182	186	315	76	329	204	229	339	142	343	243	232	316	152	298	216	207	266	123	241	148	169	184
64	170	2	2	119	0	1953125	12	0.0	6357	2.11	0	0	V0.2	0	0	58	53	44	51	38	31	44	24	31	24	27	20	20	24	19	24	38	28	27	61	27	60	47	58	67	20	59	84	53	101	26	44	197	82	134	137	242	250	197	308	380	155	374	369	473	223	582	673	308	44	725	1000	952	26	835	750	704	565	762	293	99	72	11	53	31	24	92	58	66	60	28	14	58	38	24	78	12	42	46	17	39	16	26	32	35
64	170	2	2	119	0	1953125	12	0.0	0	0.86	0	0	V0.2	0	0	304	306	276	261	250	241	214	185	164	140	116	98	64	59	68	80	99	127	158	180	220	241	276	298	328	349	398	376	419	420	394	494	421	476	505	505	467	536	529	488	433	561	595	431	631	369	568	752	75	1000	391	620	572	746	595	475	872	262	633	381	643	349	423	371	374	379	377	307	309	300	273	250	260	227	205	214	207	194	175	151	145	135	132	134	96
64	170	2	2	119	0	1953125	12	0.0	0	0.84	0	0	V0.2	0	0	46	32	68	25	57	63	28	69	49	50	66	51	68	58	68	69	69	81	61	97	83	81	121	71	118	128	92	164	121	146	197	131	229	252	200	302	300	327	399	313	365	469	446	480	551	496	645	666	659	832	693	670	999	824	821	721	736	630	400	394	328	231	273	218	171	231	176	147	201	132	137	153	101	133	121	93	132	96	95	113	76	91	90	70	86
64	170	2	2	119	0	1953125	12	0.0	0	0.82	0	0	V0.2	0	0	142	188	177	153	201	147	174	179	128	185	134	145	167	95	163	112	115	158	81	172	124	135	186	92	203	155	150	245	117	241	229	138	318	138	273	327	17	385	303	158	400	225	237	494	267	476	576	390	638	648	644	744	802	1000	787	825	897	769	632	404	469	290	204	398	185	230	363	78	292	316	36	310	217	138	284	104	206	217	83	219	122	132	172	47	156
64	170	2	2	119	0	1953125	12	0.0	19170	4.31	0	0	V0.2	0	0	33	39	37	33	35	30	38	19	31	22	16	22	12	15	11	12	11	17	34	11	24	41	30	48	50	30	80	33	35	89	32	26	135	50	114	103	123	240	330	274	359	54	287	275	204	469	194	494	628	399	952	1000	326	446	642	225	518	607	573	435	363	465	58	161	245	45	92	150	17	55	110	26	68	53	7	44	22	7	15	16	8	5	15	14	18
64	170	2	2	119	0	1953125	12	0.0	0	0.81	0	0	V0.2	0	0	787	805	826	825	832	821	808	793	762	739	717	685	668	640	629	609	599	590	598	605	619	649	680	723	756	788	822	850	886	922	934	956	973	988	991	1000	987	976	949	931	893	874	789	780	723	655	565	539	435	364	305	208	183	62	60	85	177	236	284	394	424	518	584	647	685	723	761	796	809	831	859	864	873	862	850	831	805	770	726	702	661	629	589	550	505
64	170	2	2	119	0	1953125	12	0.0	0	0.81	0	0	V0.2	0	0	202	185	248	187	218	240	165	233	201	162	232	141	187	202	113	213	146	145	212	85	212	190	133	274	151	228	297	99	313	274	136	384	247	227	434	188	303	525	130	485	490	249	686	552	475	817	678	748	853	848	910	709	868	1000	673	673	759	602	423	319	416	263	180	395	197	204	421	138	280	368	68	315	284	114	319	199	189	285	127	218	212	100	215	118	142
64	170	2	2	119	0	1953125	12	0.0	0	0.81	0	0	V0.2	0	0	51	67	12	57	57	21	66	48	36	65	45	49	57	53	62	50	72	67	52	91	65	66	103	58	102	118	56	139	134	75	173	143	107	228	180	188	321	312	301	399	324	382	517	471	500	622	490	660	705	436	739	843	727	874	944	1000	938	778	655	582	363	297	353	190	189	257	171	169	201	135	152	166	99	121	134	70	97	106	63	86	85	59	82	69	57
64	170	2	2	119	0	1953125	12	0.0	7867	2.37	0	0	V0.2	0	0	34	26	27	32	23	24	23	14	19	16	12	15	6	14	13	16	15	2	23	24	18	31	22	23	46	33	25	23	73	17	62	54	92	60	197	153	133	271	168	233	294	325	683	427	450	828	277	1000	318	583	267	405	455	92	498	200	438	236	185	264	199	240	219	156	56	35	43	94	10	64	80	26	50	41	5	48	17	11	37	6	13	10	8	4	12
64	170	2	2	119	0	1953125	12	0.0	0	0.83	0	0	V0.2	0	0	369	369	353	323	312	299	253	214	205	164	126	118	71	56	65	69	122	135	204	208	252	306	311	353	384	453	443	457	531	514	540	571	665	677	489	545	774	577	853	608	640	718	467	826	832	664	399	722	709	636	795	973	681	467	999	760	831	359	682	638	702	511	446	446	488	378	470	467	418	370	361	329	332	291	306	298	263	249	231	213	189	184	188	170	159
64	170	2	2	119	0	1953125	12	0.0	0	0.79	0	0	V0.2	0	0	85	92	74	81	96	78	72	92	80	61	83	79	50	73	76	47	58	80	50	58	82	67	45	102	74	74	79	122	42	141	80	129	30	209	64	161	28	305	135	249	54	336	345	460	146	352	524	708	372	321	698	939	785	451	835	1000	748	310	340	598	399	219	81	270	132	156	92	153	30	161	116	68	64	140	84	68	103	91	44	91	84	41	62	77	34
64	170	2	2	119	0	1953125	12	0.0	349	1.08	0	0	V0.2	0	0	52	76	65	67	77	62	87	65	88	74	87	88	87	99	90	104	105	106	117	98	127	107	137	115	132	135	131	141	117	173	144	183	90	120	165	274	272	248	187	285	476	512	479	390	524	576	587	508	665	891	1000	962	875	947	914	830	641	612	563	401	238	127	177	188	241	183	200	161	214	186	209	175	185	173	168	172	156	164	140	147	127	130	116	116	108
64	170	2	2	119	0	1953125	12	0.0	0	0.77	0	0	V0.2	0	0	15	23	15	6	21	20	4	13	18	12	9	13	10	10	14	9	13	13	8	13	28	10	13	25	38	26	54	15	38	68	108	23	52	120	182	86	62	216	309	244	128	295	443	428	255	476	604	584	288	534	904	917	544	733	1000	992	526	565	684	478	184	210	310	212	48	61	143	117	52	22	59	61	45	41	23	21	27	36	15	4	23	26	6	15	22
64	170	2	2	119	0	1953125	12	0.0	349	1.08	0	0	V0.2	0	0	41	63	52	59	65	52	70	52	74	62	74	73	71	80	73	86	84	86	98	87	111	87	111	94	115	113	114	130	112	138	99	142	107	148	113	173	204	266	255	245	282	300	322	315	478	604	686	502	446	547	605	532	629	929	999	844	552	553	513	338	234	207	254	212	201	146	185	159	182	142	175	162	173	155	150	150	132	136	119	129	111	113	99	98	88
64	170	2	2	119	0	1953125	12	0.0	349	1.08	0	0	V0.2	0	0	41	78	45	78	51	81	58	83	64	81	72	85	84	85	91	85	99	87	109	90	117	92	128	102	133	90	125	104	152	115	161	124	177	116	142	66	142	190	300	280	357	385	485	368	296	327	590	625	646	659	886	978	999	768	644	715	818	661	436	330	343	268	213	153	188	157	194	159	197	165	196	158	181	148	172	145	161	132	143	121	127	107	111	98	98
64	170	2	2	119	0	1953125	12	0.0	344	1.08	0	0	V0.2	0	0	41	67	45	67	49	67	55	69	62	70	68	70	75	73	83	76	90	79	96	84	101	87	108	96	111	93	110	105	127	118	140	131	162	144	165	132	166	176	230	219	285	341	445	439	428	345	372	436	575	665	801	895	1000	920	763	624	570	496	344	231	156	150	134	131	143	122	141	130	151	135	153	135	148	128	136	120	130	115	119	104	106	95	95	85	84
64	170	2	2	119	0	1953125	12	0.0	0	0.94	0	0	V0.2	0	0	111	89	112	99	100	108	89	108	84	98	85	85	88	69	89	59	88	61	80	80	65	104	52	131	45	149	76	126	105	117	117	141	144	253	164	335	117	223	215	212	425	396	675	580	621	368	454	491	759	807	982	993	965	682	453	730	1000	874	667	371	321	162	267	117	233	113	232	36	188	46	137	100	91	132	90	108	118	79	119	59	106	61	79	72	52
64	170	2	2	119	0	1953125	12	0.0	346	1.08	0	0	V0.2	0	0	51	88	55	90	60	91	67	92	74	93	84	94	94	95	103	97	113	99	122	101	130	105	136	105	139	110	154	122	167	116	157	124	183	154	192	128	163	154	253	260	366	337	377	357	469	552	684	689	730	698	826	913	1000	900	921	882	846	650	464	319	271	223	225	182	191	146	181	151	198	165	194	160	187	155	178	146	163	136	147	125	134	116	118	103	102
64	170	2	2	119	0	1953125	12	0.0	349	1.08	0	0	V0.2	0	0	44	73	48	76	55	77	61	76	70	80	79	80	85	83	95	87	102	91	108	95	116	103	123	105	120	112	137	124	136	123	154	148	166	149	196	178	184	156	242	302	355	231	229	373	580	566	508	577	840	1000	968	869	953	978	838	654	587	573	414	273	180	213	218	197	168	171	206	205	196	168	182	178	181	160	162	151	153	139	141	128	124	116	114	108	103
64	170	2	2	119	0	1953125	12	0.0	346	1.08	0	0	V0.2	0	0	47	84	51	83	57	85	61	81	70	85	77	82	87	88	96	88	107	93	114	94	120	95	124	98	128	97	135	108	148	116	155	120	153	119	176	143	169	146	253	264	297	258	422	511	522	402	519	671	701	484	559	789	1000	950	929	848	689	482	398	364	294	136	117	164	224	163	168	151	204	164	172	139	174	144	153	122	148	125	134	110	119	103	106	91	91
64	170	2	2	119	0	1953125	12	0.0	369	1.08	0	0	V0.2	0	0	63	100	64	105	69	108	77	112	87	114	101	116	113	119	129	124	141	127	155	133	171	147	190	161	203	171	220	188	224	183	231	221	261	235	286	288	362	315	405	460	540	417	443	598	766	727	687	743	949	957	877	774	869	935	921	914	1000	996	790	648	551	500	404	330	290	291	283	265	271	279	279	260	255	250	234	211	203	201	189	179	170	164	152	144	135
64	170	2	2	119	0	1953125	12	0.0	349	1.08	0	0	V0.2	0	0	70	56	79	59	77	62	89	64	86	74	95	74	95	90	98	90	103	106	99	109	110	123	102	136	125	145	110	153	133	153	106	144	120	155	142	193	204	233	292	381	413	376	348	367	381	468	589	649	642	700	881	1000	954	802	724	731	694	720	580	461	305	337	277	257	171	143	171	186	175	164	191	186	176	161	180	163	153	138	147	125	122	117	118	99	99
64	170	2	2	119	0	1953125	12	0.0	349	1.08	0	0	V0.2	0	0	33	69	40	72	40	71	51	75	54	74	65	73	71	76	82	73	91	81	101	81	112	88	114	88	128	94	125	99	142	101	141	107	151	95	144	134	203	155	215	260	366	342	401	393	434	367	444	430	446	414	611	867	999	907	811	714	756	661	493	299	165	159	187	194	199	148	185	163	187	148	184	156	168	139	165	138	148	123	136	111	116	105	109	90	89
64	170	2	2	119	0	1953125	12	0.0	331	1.08	0	0	V0.2	0	0	50	69	52	68	59	68	64	69	72	68	76	71	83	71	89	77	93	80	101	86	102	93	110	94	106	106	117	96	106	92	116	94	117	85	122	128	209	221	260	219	305	318	399	353	403	432	534	535	659	779	982	1000	968	878	918	903	768	613	463	445	313	228	154	161	204	181	191	144	180	150	173	142	176	146	163	134	159	128	139	118	132	111	116	106	106
64	170	2	2	119	0	1953125	12	0.0	329	1.08	0	0	V0.2	0	0	42	84	45	85	51	88	54	88	65	90	70	90	83	88	90	90	104	86	110	89	121	89	132	89	131	86	142	83	127	78	153	106	157	109	199	152	238	206	267	184	233	270	400	341	395	494	728	779	863	876	1000	934	973	962	996	816	658	598	615	502	357	223	191	173	228	173	188	141	194	159	193	154	195	150	172	138	168	134	150	130	143	119	125	117	117
64	170	2	2	119	0	1953125	12	0.0	346	1.08	0	0	V0.2	0	0	69	72	71	75	67	81	71	85	70	90	76	94	82	100	90	98	102	106	109	102	119	106	123	99	135	107	147	118	164	122	165	132	163	93	123	111	169	136	219	251	392	384	417	483	582	487	429	459	637	647	728	813	1000	893	816	787	894	672	444	290	292	202	197	151	202	169	190	145	196	161	185	141	171	143	170	137	159	132	145	121	127	108	111	96	94
64	170	2	2	119	0	1953125	12	0.0	369	1.08	0	0	V0.2	0	0	65	80	70	78	78	80	89	81	96	87	105	92	112	102	114	106	119	120	118	131	133	159	139	168	145	185	152	193	151	211	183	237	191	254	226	277	245	325	298	312	296	443	452	476	544	806	871	784	615	815	971	1000	604	707	889	892	757	895	875	681	427	391	334	365	253	259	217	273	216	262	222	256	205	236	192	211	173	190	156	171	148	151	128	135	125
64	170	2	2	119	0	1953125	12	0.0	349	1.08	0	0	V0.2	0	0	74	40	75	46	77	49	76	57	78	62	78	73	78	80	81	91	80	99	86	110	84	114	85	120	91	137	97	136	99	151	101	138	86	128	84	143	133	202	188	305	322	370	335	443	461	462	312	380	514	598	445	530	749	1000	938	933	880	789	482	315	248	251	137	122	96	166	142	176	142	183	155	174	146	165	137	153	130	142	123	130	111	110	100	101	89
64	170	2	2	119	0	1953125	12	0.0	349	1.08	0	0	V0.2	0	0	42	65	47	67	52	68	62	69	65	68	73	70	77	72	86	76	91	85	100	92	105	98	109	108	117	109	112	123	139	132	124	125	136	133	143	108	140	182	258	247	262	332	425	451	447	454	539	525	449	386	596	790	772	666	750	1000	917	687	498	427	320	235	172	174	159	157	158	177	182	178	171	169	168	162	158	152	145	140	133	127	120	114	106	99	95
64	170	2	2	119	0	1953125	12	0.0	346	1.08	0	0	V0.2	0	0	53	67	57	69	63	67	67	69	75	69	78	70	83	75	91	81	94	88	102	97	102	98	102	108	110	117	110	122	123	137	112	107	111	136	137	91	109	215	266	266	253	263	419	526	475	350	308	476	652	585	458	539	806	999	934	770	668	692	569	445	251	183	115	152	156	167	152	152	150	162	162	159	153	144	139	132	130	129	124	114	106	101	101	92	85
64	170	2	2	119	0	1953125	12	0.0	349	1.08	0	0	V0.2	0	0	64	57	67	56	70	56	77	61	81	64	86	71	89	82	93	88	92	100	97	107	94	121	103	136	105	139	105	159	116	139	89	161	144	178	112	197	222	332	283	237	226	376	416	403	304	479	578	685	676	676	795	1000	911	799	721	854	774	612	429	404	303	259	199	228	183	207	154	206	176	203	158	190	161	187	153	171	139	152	126	136	117	123	107	105	97
64	170	2	2	119	0	1953125	12	0.0	349	1.08	0	0	V0.2	0	0	47	66	53	67	58	67	64	67	69	67	73	68	81	71	84	77	94	84	98	94	104	98	106	104	104	109	110	113	104	122	129	129	110	105	141	167	168	124	173	249	327	326	337	367	437	503	513	430	472	557	630	660	859	1000	913	780	793	813	555	299	144	198	197	172	125	142	169	178	163	162	166	161	155	150	146	137	135	130	126	119	115	106	102	96	92
64	170	2	2	119	0	1953125	12	0.0	349	1.08	0	0	V0.2	0	0	47	64	50	62	55	61	61	64	66	61	71	67	79	71	85	77	89	86	96	89	94	98	99	105	101	116	106	122	112	123	108	123	128	153	121	147	187	261	257	220	227	314	377	336	262	309	481	636	648	611	739	976	999	800	616	723	641	432	232	283	240	221	149	189	177	188	146	176	163	173	146	159	147	153	137	147	131	130	113	116	105	104	95	90	85
64	170	2	2	119	0	1953125	12	0.0	349	1.08	0	0	V0.2	0	0	71	69	79	69	83	72	89	74	94	80	99	83	103	93	104	98	106	110	110	121	113	133	122	145	112	148	127	161	108	154	148	211	143	154	172	273	249	185	167	307	355	311	254	479	663	776	677	743	879	986	794	746	912	1000	779	747	838	869	596	431	309	368	247	221	144	210	181	218	176	218	183	208	175	198	164	175	152	169	147	153	133	136	123	123	110
64	170	2	2	119	0	1953125	12	0.0	349	1.08	0	0	V0.2	0	0	47	69	51	70	59	69	64	70	70	69	77	74	85	75	90	83	98	88	102	97	108	103	107	110	112	116	114	135	139	136	121	136	150	146	102	94	173	262	262	191	283	449	538	407	369	515	611	531	483	753	846	789	715	906	999	773	489	500	474	378	208	249	210	235	173	183	173	197	171	172	169	174	160	165	158	159	145	142	132	129	120	115	105	103	98
64	170	2	2	119	0	1953125	12	0.0	371	1.08	0	0	V0.2	0	0	46	82	53	85	59	84	67	86	77	87	86	88	95	91	106	97	114	101	122	111	128	115	137	134	145	141	156	159	156	149	160	182	166	137	180	268	310	259	268	381	472	383	264	394	571	591	425	548	839	974	840	627	910	1000	747	668	833	867	541	420	373	386	258	220	203	250	215	205	198	225	199	203	189	199	170	167	151	157	140	141	123	123	116	114	101
64	170	2	2	119	0	1953125	12	0.0	349	1.08	0	0	V0.2	0	0	71	47	72	47	76	53	78	56	83	64	82	72	89	82	86	90	93	100	90	110	93	114	95	136	102	133	100	154	113	136	90	154	135	175	109	165	210	318	276	203	204	418	451	338	223	515	730	734	618	839	989	1000	767	793	775	675	550	652	527	357	215	313	268	251	155	184	182	205	158	178	171	189	161	168	155	162	142	144	131	130	121	119	107	105	103
64	170	2	2	119	0	1953125	12	0.0	346	1.08	0	0	V0.2	0	0	48	75	51	75	60	78	62	74	70	77	78	79	85	79	92	85	101	87	104	91	108	97	117	96	107	109	139	123	120	115	148	134	124	71	111	129	182	163	218	255	377	397	406	315	432	523	532	403	465	714	910	831	753	778	983	1000	743	461	384	428	288	202	135	136	130	152	172	148	163	152	162	138	154	146	153	131	135	119	123	112	112	97	94	89	89
64	170	2	2	119	0	1953125	12	0.0	349	1.08	0	0	V0.2	0	0	58	32	61	40	62	41	60	47	64	55	63	59	63	68	66	77	68	80	69	92	78	91	70	100	91	105	80	110	113	122	79	97	111	146	97	100	131	211	213	221	208	287	309	351	314	315	290	378	546	652	543	560	821	1000	826	489	500	567	463	207	130	122	162	147	142	142	150	146	136	138	140	140	128	125	119	117	113	109	100	97	93	90	84	81	73
64	170	2	2	119	0	1953125	12	0.0	329	1.08	0	0	V0.2	0	0	60	36	60	36	63	40	65	45	65	48	68	56	67	61	68	68	66	77	70	81	63	89	72	98	64	99	73	110	62	84	48	100	63	79	63	135	143	183	170	206	259	313	304	281	271	339	429	579	613	669	730	969	1000	757	609	793	726	516	323	316	225	199	84	127	119	164	108	118	110	141	115	127	116	131	114	122	112	116	104	108	98	95	91	90	83
64	170	2	2	119	0	1953125	12	0.0	349	1.08	0	0	V0.2	0	0	52	59	51	66	54	68	54	71	57	77	65	77	68	82	81	85	89	87	98	87	109	93	113	85	120	96	132	96	135	102	152	106	145	109	170	142	185	157	239	262	320	272	325	367	483	451	494	510	677	790	851	696	730	889	1000	704	363	433	545	435	252	116	184	206	219	137	163	154	187	144	168	149	174	141	155	131	145	127	134	113	116	105	105	96	94
64	170	2	2	119	0	1953125	12	0.0	349	1.08	0	0	V0.2	0	0	71	38	74	45	75	48	74	55	77	64	77	71	77	80	78	90	80	97	80	108	88	113	81	120	91	123	84	135	105	142	91	153	131	169	85	139	157	234	168	176	234	382	367	395	430	605	543	515	617	780	695	616	686	1000	928	707	455	552	542	408	242	225	165	171	118	169	141	180	140	174	148	177	146	167	135	150	129	143	120	126	108	112	99	101	92
64	170	2	2	119	0	1953125	12	0.0	349	1.08	0	0	V0.2	0	0	52	54	56	56	62	57	66	56	70	60	76	64	79	70	82	78	87	85	85	95	95	105	90	109	96	120	92	125	110	147	109	132	108	157	123	133	131	220	215	227	252	364	373	356	413	544	495	426	454	724	812	622	507	806	1000	891	501	466	467	423	262	200	105	138	135	181	145	172	152	183	154	169	146	164	139	143	126	136	119	123	109	108	96	97	91
64	170	2	2	119	0	1953125	12	0.0	346	1.08	0	0	V0.2	0	0	64	76	70	77	75	78	82	78	87	80	94	84	100	89	102	96	112	103	111	111	119	119	116	130	126	137	120	141	134	154	127	134	125	162	154	152	195	247	270	234	298	424	463	378	415	612	684	577	500	721	922	875	840	1000	972	887	778	741	513	366	249	289	211	191	146	197	200	194	164	180	181	178	163	170	165	161	147	145	134	130	123	117	107	103	101
64	170	2	2	119	0	1953125	12	0.0	349	1.08	0	0	V0.2	0	0	70	58	74	59	81	62	84	65	87	69	93	80	93	84	98	99	98	103	102	122	104	129	108	145	106	141	107	163	119	165	121	175	123	167	146	243	206	232	218	387	393	357	238	491	619	589	368	495	785	910	730	807	950	985	886	1000	854	619	390	411	371	311	168	195	198	246	168	202	186	233	175	199	167	198	161	180	146	165	142	150	124	131	118	117	103
64	170	2	2	119	0	1953125	12	0.0	346	1.08	0	0	V0.2	0	0	69	71	72	72	79	71	82	76	88	76	93	84	98	86	103	100	106	101	108	116	113	120	112	132	116	136	115	149	123	141	114	156	133	150	125	201	245	267	203	244	343	409	323	323	505	644	569	501	718	938	889	783	868	1000	868	783	739	634	358	321	294	307	167	177	158	210	164	180	159	187	159	177	160	170	148	162	144	143	126	134	117	113	106	107	95
64	170	2	2	119	0	1953125	12	0.0	349	1.08	0	0	V0.2	0	0	49	83	53	82	61	83	67	86	79	84	82	88	96	87	101	97	113	99	121	108	126	115	138	122	137	126	145	128	148	141	163	146	175	169	195	152	232	270	308	206	292	390	476	388	461	569	685	644	655	775	862	902	1000	971	891	912	925	766	518	428	376	306	234	212	212	211	204	186	216	215	211	192	205	188	186	177	181	161	154	150	148	133	126	123	115
64	170	2	2	119	0	1953125	12	0.0	331	1.08	0	0	V0.2	0	0	62	65	68	62	71	66	77	64	82	71	84	71	94	81	92	85	102	93	99	103	106	103	101	123	111	112	100	130	115	116	111	114	111	144	177	156	154	209	345	317	272	230	457	533	471	404	642	815	814	718	820	995	1000	935	914	841	758	746	547	377	223	279	230	204	125	144	172	171	162	158	184	164	166	157	174	148	153	145	151	126	130	125	125	109	110
64	170	2	2	119	0	1953125	12	0.0	349	1.08	0	0	V0.2	0	0	57	55	61	57	63	57	72	60	71	62	80	66	79	77	87	77	86	96	92	94	95	114	96	113	99	127	97	132	105	136	106	155	114	137	117	185	153	179	200	294	262	251	317	467	398	387	531	712	598	513	693	944	764	607	809	1000	705	500	436	408	241	211	154	192	143	179	151	191	143	178	159	179	136	165	148	157	124	143	126	125	108	118	104	95	91
64	170	2	2	119	0	1953125	12	0.0	346	1.08	0	0	V0.2	0	0	54	74	60	72	64	76	72	73	76	78	83	76	90	84	93	83	103	95	104	96	113	106	113	112	117	113	115	122	121	125	129	134	120	116	150	162	162	161	250	285	251	212	381	451	408	384	604	745	662	540	788	1000	858	670	782	971	812	610	412	379	284	254	173	163	154	168	164	157	156	172	170	150	145	155	155	140	132	131	127	114	112	111	103	90	91
64	170	2	2	119	0	1953125	12	0.0	349	1.08	0	0	V0.2	0	0	55	58	62	60	64	61	70	61	75	67	79	67	86	78	85	82	93	89	92	104	102	104	96	120	103	112	99	134	109	124	111	144	116	131	131	185	183	206	221	268	287	317	335	397	421	493	536	568	608	776	759	659	735	1000	938	642	515	715	586	344	138	242	235	206	109	168	178	196	137	163	159	178	145	164	145	150	133	143	122	120	112	115	100	98	97
64	170	2	2	119	0	1953125	12	0.0	349	1.08	0	0	V0.2	0	0	48	68	53	72	57	71	67	72	67	73	82	75	81	82	95	83	96	94	103	94	111	110	113	108	120	117	115	128	135	116	114	144	162	130	137	183	236	200	190	264	365	344	335	409	515	529	535	571	640	748	833	870	750	783	1000	992	632	417	509	492	289	156	151	218	198	171	164	203	191	169	168	182	170	165	162	161	143	146	142	132	117	120	114	103	98
64	170	2	2	119	0	1953125	12	0.0	346	1.08	0	0	V0.2	0	0	65	70	66	74	74	71	78	75	81	74	92	82	90	85	103	92	99	102	109	103	108	122	111	115	116	137	109	121	121	140	104	124	142	159	133	143	205	221	201	230	344	363	332	393	509	529	486	538	683	754	770	893	861	829	913	1000	762	459	417	476	322	188	96	195	189	167	128	182	186	174	151	171	162	155	145	154	136	133	130	131	111	108	107	101	86
64	170	2	2	119	0	1953125	12	0.0	349	1.08	0	0	V0.2	0	0	67	63	68	66	77	64	79	71	84	68	90	81	91	83	99	96	98	106	105	111	105	131	110	128	115	152	108	137	124	166	107	143	150	200	141	166	203	272	237	269	339	415	397	433	470	556	532	590	639	776	828	908	843	874	930	1000	724	498	470	481	322	200	125	224	195	197	144	217	197	206	158	203	173	182	152	180	145	154	136	148	119	123	114	114	97
64	170	2	2	119	0	1953125	12	0.0	346	1.08	0	0	V0.2	0	0	57	77	57	77	68	76	68	77	78	76	84	81	89	81	98	88	103	95	111	95	111	113	121	102	113	133	131	104	113	145	139	92	103	155	173	110	121	171	241	228	247	300	386	395	437	498	579	595	616	719	840	870	860	901	995	999	755	533	457	465	322	155	84	193	194	142	116	166	188	158	142	162	172	151	138	143	142	129	125	123	117	104	102	98	92
64	170	2	2	119	0	1953125	12	0.0	349	1.08	0	0	V0.2	0	0	60	61	67	59	71	66	76	60	82	74	84	70	93	85	89	87	100	101	96	108	103	120	105	130	102	138	122	149	96	147	141	162	93	161	182	227	156	192	279	366	253	288	431	536	409	473	662	791	583	640	857	953	717	812	1000	967	626	602	563	466	246	238	186	228	160	203	164	205	160	204	167	194	159	192	151	165	138	162	131	138	122	129	107	108	104
64	170	2	2	119	0	1953125	12	0.0	329	1.08	0	0	V0.2	0	0	64	31	69	35	64	39	71	44	67	53	72	55	67	68	71	70	70	85	70	84	70	95	66	100	73	102	61	109	76	95	51	110	88	87	69	138	174	148	146	231	324	275	242	385	503	474	370	534	750	745	542	738	1000	875	621	733	810	610	346	380	274	179	97	158	139	121	112	128	148	130	131	131	150	127	131	121	132	111	117	107	110	96	101	95	89
64	170	2	2	119	0	1953125	12	0.0	329	1.08	0	0	V0.2	0	0	60	60	61	66	61	68	61	76	63	76	66	83	70	83	78	90	83	89	93	93	97	91	108	95	113	93	114	90	117	89	106	86	123	116	113	105	154	215	223	210	270	369	409	375	452	570	588	543	692	884	868	793	973	1000	900	704	772	663	480	284	289	191	169	91	132	115	157	130	157	145	165	141	156	142	148	126	140	129	132	115	121	110	109	100	98
64	170	1	2	119	0	1953125	12	0.0	346	1.08	0	0	V0.2	0	0	60	64	61	69	58	72	63	80	64	80	68	86	74	87	83	91	88	90	102	93	106	90	118	96	124	91	126	95	135	91	135	110	153	109	131	137	212	195	177	187	319	320	300	316	492	510	444	473	751	829	667	607	989	1000	738	506	781	740	505	261	272	237	220	135	160	132	182	145	166	130	169	138	160	123	149	124	143	112	123	102	112	92	100	89	88
64	170	1	2	119	0	1953125	12	0.0	346	1.08	0	0	V0.2	0	0	66	52	77	51	81	52	77	66	75	77	72	87	74	87	86	87	98	83	106	91	112	102	104	118	100	132	91	133	101	145	104	131	137	155	152	126	180	211	260	174	237	296	379	296	361	461	528	486	569	810	838	721	715	1000	994	718	527	591	563	351	238	175	222	171	190	130	171	167	181	145	146	168	151	155	127	154	127	137	111	121	107	104	95	92	90
64	170	1	2	119	0	1953125	12	0.0	329	1.08	0	0	V0.2	0	0	55	65	60	68	63	65	69	69	73	65	81	73	84	71	93	80	94	83	103	92	102	93	107	108	110	103	108	119	119	92	95	126	144	95	99	160	252	222	204	198	353	393	384	301	472	578	523	488	745	839	771	769	1000	953	857	812	811	694	410	329	282	268	174	143	133	155	166	148	165	150	175	156	169	142	156	144	155	128	138	128	132	111	116	109	106
64	170	1	2	119	0	1953125	12	0.0	331	1.08	0	0	V0.2	0	0	47	78	48	82	51	83	55	86	60	87	69	90	77	89	89	89	95	89	109	89	114	87	124	88	127	83	132	85	135	72	136	98	152	85	142	150	238	175	225	270	384	329	361	436	591	552	543	608	887	864	786	820	1000	885	846	884	904	647	561	408	318	192	184	143	190	132	171	137	193	143	184	153	189	148	177	146	165	134	154	131	136	118	127	115	109
64	170	1	2	119	0	1953125	12	0.0	329	1.08	0	0	V0.2	0	0	51	65	50	72	54	72	53	78	58	79	63	83	67	82	79	88	84	84	98	88	103	86	112	83	115	86	124	81	122	79	124	87	130	88	129	124	190	164	181	208	330	327	326	324	505	603	581	476	700	888	859	695	839	999	993	709	730	700	575	345	282	217	203	130	167	124	170	135	167	134	172	145	172	140	158	134	152	131	141	122	127	113	115	106	105
64	170	1	2	119	0	1953125	12	0.0	329	1.08	0	0	V0.2	0	0	34	74	34	72	40	75	45	73	52	73	60	75	69	72	76	73	86	70	93	71	99	67	105	70	108	64	108	67	116	65	117	58	112	76	153	95	138	107	225	224	274	224	331	372	448	400	480	580	716	583	599	768	1000	815	604	638	850	723	406	250	293	261	188	86	121	104	163	115	144	111	163	124	151	113	147	118	138	105	124	103	116	95	102	90	91
64	170	1	2	119	0	1953125	12	0.0	349	1.08	0	0	V0.2	0	0	60	61	60	69	61	72	61	80	67	85	69	88	76	91	85	95	94	93	106	101	117	97	125	103	137	105	144	108	161	123	175	121	169	136	201	150	191	169	242	234	328	287	380	445	580	494	489	590	804	765	579	602	967	1000	774	543	827	850	581	309	258	269	272	193	203	154	211	182	209	161	202	172	194	148	174	149	169	137	147	125	135	115	120	103	101
64	170	1	2	119	0	1953125	12	0.0	371	1.08	0	0	V0.2	0	0	55	95	60	96	66	99	77	101	84	99	94	103	107	104	115	107	128	114	136	120	147	126	155	141	168	142	167	164	191	167	184	185	221	194	211	204	266	275	298	275	384	452	486	417	486	612	726	662	596	728	942	927	883	824	923	1000	933	785	507	396	310	329	284	249	217	223	237	239	228	215	219	209	202	192	185	179	171	162	151	146	137	129	117	113	108
64	170	1	2	119	0	1953125	12	0.0	329	1.08	0	0	V0.2	0	0	64	46	67	50	69	49	71	54	75	57	76	64	80	68	82	76	82	81	87	92	90	92	85	101	95	106	91	101	95	113	111	108	109	107	124	128	176	145	194	176	293	311	372	382	435	413	513	605	743	636	562	674	946	1000	856	651	673	748	624	395	200	145	156	154	178	132	150	111	170	137	174	130	167	128	156	118	145	118	136	108	120	103	111	97	94
64	170	1	2	119	0	1953125	12	0.0	346	1.08	0	0	V0.2	0	0	71	78	73	84	73	88	73	94	79	100	82	102	89	108	99	108	106	110	121	113	128	112	140	113	145	113	161	122	165	105	165	134	202	147	167	112	213	236	309	268	280	309	491	558	566	390	511	743	915	734	621	722	985	987	1000	867	854	715	607	453	361	207	219	157	213	174	228	165	199	162	210	171	199	154	182	150	170	138	150	127	135	117	121	107	103
64	170	1	2	119	0	1953125	12	0.0	329	1.08	0	0	V0.2	0	0	52	57	57	60	61	60	64	60	70	63	76	65	78	69	83	75	86	79	87	87	97	93	93	89	92	106	105	95	91	105	121	115	108	80	128	147	192	141	181	239	359	358	366	360	524	547	466	398	654	831	691	559	696	964	1000	862	595	539	519	465	286	159	103	116	150	147	162	131	160	140	161	133	156	140	152	123	136	121	133	116	117	102	104	98	97
64	170	1	2	119	0	1953125	12	0.0	349	1.08	0	0	V0.2	0	0	60	61	61	66	62	70	61	76	65	82	68	83	72	89	81	92	87	91	96	96	107	94	109	91	123	101	127	92	133	104	150	105	138	97	171	149	158	145	250	274	296	262	369	444	525	424	384	485	722	719	618	556	823	1000	940	648	567	566	563	354	240	125	159	140	187	124	169	140	180	134	167	138	169	134	150	120	140	118	128	105	111	97	100	90	87
64	170	1	2	119	0	1953125	12	0.0	329	1.08	0	0	V0.2	0	0	50	76	57	79	63	79	69	80	76	80	83	81	89	83	99	88	103	88	109	96	117	97	118	103	124	103	125	107	140	104	125	110	157	125	174	108	163	161	299	300	318	254	434	544	621	486	502	615	870	845	775	781	881	980	1000	879	891	757	538	408	321	267	179	119	149	145	187	152	183	147	188	160	185	150	172	144	162	136	149	129	136	120	122	111	108
64	170	1	2	119	0	1953125	12	0.0	331	1.08	0	0	V0.2	0	0	41	78	43	81	46	82	50	86	58	86	65	86	75	88	87	87	96	86	108	86	117	84	124	84	129	78	135	82	141	72	133	91	176	110	142	90	197	189	279	258	277	261	445	534	597	497	593	696	814	786	778	801	887	816	1000	942	829	560	460	430	367	231	156	69	147	140	194	141	178	140	188	148	177	140	173	141	159	131	148	128	136	117	122	110	109
64	170	1	2	119	0	1953125	12	0.0	329	1.08	0	0	V0.2	0	0	69	42	70	45	68	52	70	60	69	65	68	74	70	81	71	86	72	94	78	100	79	100	85	108	89	105	86	105	92	114	91	117	98	126	91	140	132	201	168	233	234	318	365	455	416	471	539	702	689	641	604	893	1000	856	691	726	831	719	532	303	244	208	186	144	122	128	125	161	139	160	138	166	140	153	128	149	130	141	117	126	111	118	104	105	93
64	170	1	2	119	0	1953125	12	0.0	329	1.08	0	0	V0.2	0	0	56	63	57	67	56	71	58	75	61	78	63	82	69	85	76	88	81	88	91	92	96	85	100	90	112	86	102	79	119	99	111	85	113	112	146	143	120	152	215	282	288	273	367	468	507	512	531	667	781	710	624	757	1000	910	736	642	772	691	588	321	245	202	203	125	141	110	144	137	154	139	151	146	152	141	141	134	137	130	125	116	113	111	107	102	93
64	170	1	2	119	0	1953125	12	0.0	349	1.08	0	0	V0.2	0	0	77	47	77	56	79	62	77	71	78	81	79	87	80	96	86	105	90	107	97	117	111	120	111	119	128	131	133	124	142	143	159	146	166	172	193	194	185	216	271	324	294	270	394	521	570	531	487	652	870	809	633	672	961	1000	917	730	670	638	622	429	335	203	207	180	216	183	207	186	206	184	203	184	196	174	177	158	168	150	151	132	136	123	123	111	105
64	170	1	2	119	0	1953125	12	0.0	346	1.08	0	0	V0.2	0	0	56	91	58	93	62	97	68	98	74	99	83	102	94	104	104	104	115	107	127	109	136	108	147	111	152	108	158	111	167	111	169	122	186	131	185	151	235	210	254	231	328	350	455	448	515	541	641	710	841	753	813	936	1000	830	881	948	998	759	546	369	376	264	229	147	191	161	214	168	204	171	213	174	192	160	184	156	170	143	152	133	138	123	122	110	107
64	170	1	2	119	0	1953125	12	0.0	349	1.08	0	0	V0.2	0	0	64	61	70	64	76	66	79	67	85	73	90	78	93	86	99	96	101	102	104	119	113	125	106	133	117	150	115	144	118	171	135	160	124	193	181	217	181	239	244	323	332	354	365	492	535	566	491	661	841	903	707	717	907	1000	926	818	686	771	607	482	278	227	175	239	194	211	158	207	183	219	177	206	176	200	162	177	153	169	143	148	128	134	121	120	108
64	170	1	2	119	0	1953125	12	0.0	351	1.08	0	0	V0.2	0	0	48	85	51	86	54	90	61	91	66	92	77	96	87	95	97	96	108	98	121	99	129	101	142	106	147	101	153	108	161	109	168	118	176	127	189	160	239	208	238	210	342	382	440	406	476	559	654	652	730	713	858	898	977	762	810	972	1000	731	518	362	365	260	241	168	222	177	213	174	218	184	216	176	200	168	194	162	176	147	160	136	143	123	126	111	111
64	170	2	2	119	0	1953125	12	0.0	349	1.08	0	0	V0.2	0	0	46	71	50	74	49	76	53	81	60	83	65	85	76	89	85	87	92	90	107	92	113	90	126	98	135	96	139	99	145	100	161	122	170	115	170	141	226	231	248	181	270	347	453	423	365	411	649	735	755	595	689	849	1000	849	704	684	807	667	516	312	287	212	229	162	197	154	195	162	195	167	198	164	179	152	174	153	162	135	142	124	131	116	115	101	100
64	170	2	2	119	0	1953125	12	0.0	371	1.08	0	0	V0.2	0	0	55	97	60	100	68	102	75	103	84	105	96	106	106	109	119	110	129	116	140	122	151	129	163	140	170	145	180	162	191	162	203	186	216	183	245	230	265	251	307	322	411	406	435	432	537	623	687	684	767	819	881	831	837	920	1000	957	790	660	547	481	380	302	239	259	244	235	228	225	233	221	216	206	207	197	187	178	172	166	155	146	137	131	123	115	109
64	170	2	2	119	0	1953125	12	0.0	329	1.08	0	0	V0.2	0	0	48	75	54	76	59	76	65	74	72	76	79	76	86	79	94	81	100	84	107	90	112	95	118	97	118	101	125	103	119	87	129	112	140	96	163	133	194	163	276	253	294	258	363	410	528	501	603	647	766	752	884	827	832	925	1000	911	721	581	546	465	370	244	209	171	182	137	173	146	192	150	182	150	187	151	175	140	162	137	150	127	134	118	122	110	108
64	170	2	2	119	0	1953125	12	0.0	329	1.08	0	0	V0.2	0	0	48	75	54	76	59	76	65	74	72	76	79	76	86	79	94	81	100	84	107	90	112	95	118	97	118	101	125	103	119	87	129	112	140	96	163	133	194	163	276	253	294	258	363	410	528	501	603	647	766	752	884	827	832	925	1000	911	721	581	546	465	370	244	209	171	182	137	173	146	192	150	182	150	187	151	175	140	162	137	150	127	134	118	122	110	108
64	170	2	2	119	0	1953125	12	0.0	351	1.08	0	0	V0.2	0	0	63	64	62	72	63	76	61	79	64	87	69	90	74	91	84	96	94	95	101	97	119	103	123	93	132	105	143	95	142	106	166	108	138	101	200	188	202	135	237	279	349	276	280	349	563	568	536	458	649	817	954	771	736	872	1000	823	647	446	471	435	368	197	175	148	204	162	190	145	193	153	186	146	180	154	175	137	154	128	145	121	128	106	111	99	100
64	170	2	2	119	0	1953125	12	0.0	329	1.08	0	0	V0.2	0	0	34	67	40	68	43	67	50	68	57	67	62	66	70	69	77	67	84	71	93	72	97	73	103	76	105	75	110	77	111	65	109	74	126	80	129	96	179	157	239	184	231	232	360	358	407	343	462	596	718	645	679	810	999	863	717	621	700	623	452	276	242	217	206	129	160	110	158	115	156	115	159	128	159	121	144	118	142	118	128	106	117	104	106	95	92
64	170	2	2	119	0	1953125	12	0.0	329	1.08	0	0	V0.2	0	0	37	67	39	68	40	69	43	72	48	71	53	72	62	73	70	71	77	72	89	72	93	68	103	71	105	62	109	68	110	49	95	53	117	80	128	80	142	158	255	242	212	171	333	393	422	305	374	564	723	642	621	756	1000	907	749	633	705	599	492	255	194	146	197	140	151	94	138	110	146	107	141	115	144	114	131	109	129	112	119	101	107	97	100	92	87
64	170	2	2	119	0	1953125	12	0.0	349	1.08	0	0	V0.2	0	0	52	57	52	63	53	65	52	71	57	76	60	77	65	80	74	84	82	84	94	88	104	86	112	88	123	90	127	89	136	95	139	89	141	112	170	120	172	184	270	245	277	232	352	382	423	367	375	490	709	706	620	620	928	999	845	629	688	614	525	266	177	165	214	191	190	128	179	164	192	141	169	149	176	137	150	129	149	125	130	109	117	103	106	93	91
64	170	2	2	119	0	1953125	12	0.0	371	1.08	0	0	V0.2	0	0	50	87	53	91	59	93	66	94	74	95	85	96	94	97	105	99	117	102	127	108	139	113	147	122	158	133	165	138	174	157	188	146	174	168	225	190	222	214	302	315	376	337	411	442	505	515	526	522	628	724	796	760	876	981	1000	916	788	634	523	417	268	250	217	233	230	208	212	219	221	201	200	191	194	179	175	161	159	148	142	131	127	117	114	104	99
64	170	1	2	119	0	1953125	12	0.0	349	1.08	0	0	V0.2	0	0	65	45	69	49	73	52	74	54	77	61	81	67	83	74	84	84	87	92	87	103	94	113	93	120	96	132	101	133	101	149	119	146	99	156	148	176	148	191	235	307	309	313	329	424	457	525	480	466	526	689	765	713	686	867	1000	968	678	553	452	422	258	204	128	178	169	183	161	185	174	178	163	170	164	167	155	149	142	140	132	125	117	112	108	103	97
64	170	1	2	119	0	1953125	12	0.0	351	1.08	0	0	V0.2	0	0	44	73	50	76	57	74	61	74	71	77	78	77	85	79	94	83	99	85	104	91	113	98	113	99	119	116	131	110	120	119	144	127	126	108	156	150	182	171	253	268	323	279	346	429	504	478	472	500	636	724	773	664	753	912	1000	956	746	583	463	403	294	220	127	132	166	172	175	161	179	163	172	157	170	151	156	136	144	129	134	118	119	106	107	99	96
64	170	1	2	119	0	1953125	12	0.0	349	1.08	0	0	V0.2	0	0	55	60	58	59	64	61	70	62	73	62	80	69	85	73	87	81	93	90	94	96	98	111	102	115	100	131	111	132	100	143	125	152	97	122	130	201	194	201	198	286	350	382	331	359	406	524	526	476	475	645	792	801	737	812	886	1000	840	639	406	369	256	255	154	174	142	196	166	197	166	191	160	181	155	173	148	159	139	145	127	132	117	115	105	104	98
64	170	1	2	119	0	1953125	12	0.0	329	1.08	0	0	V0.2	0	0	48	68	52	68	58	68	63	68	68	67	75	69	82	70	86	72	94	78	98	77	100	86	108	87	106	92	113	91	109	92	111	95	124	70	119	97	179	164	249	213	300	310	403	396	422	431	586	564	589	593	814	885	922	841	883	983	1000	726	448	320	226	205	165	118	139	115	160	134	173	134	168	132	162	126	152	126	149	121	135	113	125	107	113	99	100
64	170	1	2	119	0	1953125	12	0.0	349	1.08	0	0	V0.2	0	0	47	62	46	66	48	70	49	71	52	75	60	78	67	78	75	80	85	81	93	80	105	85	114	82	121	89	133	87	134	95	147	97	142	94	166	129	190	156	224	232	326	295	324	304	459	506	490	387	472	633	771	680	650	752	1000	920	683	442	409	383	289	167	148	131	177	158	186	150	176	156	176	143	162	143	157	131	138	121	131	114	115	100	102	93	92
64	170	1	2	119	0	1953125	12	0.0	351	1.08	0	0	V0.2	0	0	39	73	44	75	49	74	54	74	63	76	71	75	77	75	88	80	94	80	103	87	110	86	114	97	123	97	123	103	135	107	128	99	139	122	163	125	178	175	269	249	307	264	344	359	447	402	387	437	594	695	710	628	824	987	1000	744	563	574	522	356	234	174	166	157	185	164	185	149	178	152	173	144	165	141	155	127	139	122	130	112	114	100	102	92	91
64	170	1	2	119	0	1953125	12	0.0	349	1.08	0	0	V0.2	0	0	40	79	43	78	48	82	58	83	63	80	73	85	83	82	90	85	103	88	111	89	120	98	135	102	135	104	144	108	144	110	154	119	156	114	183	175	251	211	248	254	376	372	354	279	445	555	599	453	513	706	927	956	938	803	929	1000	906	612	385	336	314	271	229	154	185	185	222	181	204	173	202	166	182	159	180	153	162	135	146	130	135	116	117	106	107
64	170	1	2	119	0	1953125	12	0.0	371	1.08	0	0	V0.2	0	0	57	92	60	94	63	96	71	101	79	100	87	103	101	104	109	106	123	113	136	115	144	121	159	128	166	136	179	147	191	154	200	170	217	168	197	179	280	256	288	251	403	464	496	388	483	593	665	611	645	658	824	912	1000	924	885	910	931	814	597	376	269	280	289	225	214	203	246	228	235	203	222	199	207	181	192	171	174	151	152	137	137	123	118	108	105
64	170	1	2	119	0	1953125	12	0.0	329	1.08	0	0	V0.2	0	0	70	41	75	45	76	48	77	53	81	58	80	64	83	74	85	80	84	88	87	99	86	102	87	115	90	114	90	123	98	121	90	121	108	129	108	99	134	182	263	254	289	291	368	440	491	413	454	561	725	654	577	645	934	1000	887	818	817	871	629	369	195	204	172	151	159	117	160	151	183	139	173	149	180	135	155	128	156	126	142	111	127	110	118	100	100
64	170	2	2	119	0	1953125	12	0.0	371	1.08	0	0	V0.2	0	0	86	67	87	74	84	82	85	92	85	97	87	106	93	111	98	116	112	123	124	124	136	128	153	135	167	140	183	147	198	151	206	154	209	155	222	190	278	257	323	310	423	403	479	420	507	527	581	585	651	650	802	927	981	809	890	974	1000	701	475	358	371	299	269	185	235	223	264	205	236	199	236	188	206	171	197	167	174	142	154	134	138	118	119	105	107
