34928	35048	35167	35286	35405	35524	35644	35763	35882	36001	36120	36240	36359	36478	36597	36716	36836	36955	37074	37193	37313	37432	37551	37670	37789	37909	38028	38147	38266	38385	38505	38624	38743	38862	38981	39101	39220	39339	39458	39577	39697	39816	39935	40054	40174	40293	40412	40531	40650	40770	40889	41008	41127	41246	41366	41485	41604	41723	41842	41962	42081	42200	42319	42439	42558	42677	42796	42915	43035	43154	43273	43392	43511	43631	43750	43869	43988	44107	44227	44346	44465	44584	44703	44823	44942
64	170	2	2	119	0	1953125	12	0.0	0	0.42	0	0	V0.2	0	0	20	18	15	10	3	7	15	20	24	26	24	18	10	7	12	21	29	32	35	34	31	25	21	24	32	44	61	78	93	100	103	113	118	141	167	203	254	246	261	235	185	207	174	168	213	331	402	526	687	718	889	898	906	999	1000	983	845	679	444	317	218	114	79	67	65	88	103	108	110	104	92	73	55	42	36	39	45	50	47	43	33	21	13	15	23
64	170	2	2	119	0	1953125	12	0.0	0	0.42	0	0	V0.2	0	0	16	11	6	4	10	16	22	23	22	19	13	8	8	16	24	29	32	31	27	21	15	16	19	28	37	41	52	57	63	67	68	82	96	122	159	190	233	246	249	250	237	249	241	214	241	233	272	341	444	503	629	687	763	956	1000	985	871	656	475	318	211	140	121	104	92	95	94	88	84	72	58	44	37	37	41	45	47	45	38	30	20	13	15	21	24
64	170	2	2	119	0	1953125	12	0.0	0	0.42	0	0	V0.2	0	0	10	4	3	9	16	20	22	21	19	13	6	8	16	23	29	31	31	26	20	14	15	23	32	39	46	46	51	47	48	51	61	83	104	136	172	190	230	256	250	283	296	304	330	308	332	289	293	314	357	436	503	623	728	938	992	1000	871	661	535	370	286	239	199	158	131	108	93	82	69	51	40	39	45	54	56	57	52	42	31	22	17	21	28	32	31
64	170	2	2	119	0	1953125	12	0.0	0	0.42	0	0	V0.2	0	0	14	8	2	7	13	18	22	22	22	16	11	6	11	19	27	30	31	29	24	17	13	19	26	35	44	49	57	55	58	59	62	79	95	125	163	187	227	241	237	248	255	264	275	280	327	303	338	350	405	486	567	658	755	932	964	999	860	648	519	324	240	198	161	142	125	109	100	89	82	64	50	40	37	44	49	53	51	47	37	27	18	15	20	27	31
64	170	2	2	119	0	1953125	12	0.0	0	0.42	0	0	V0.2	0	0	13	10	6	6	10	16	19	22	22	19	14	10	11	17	23	28	31	31	28	25	21	21	25	33	40	47	56	58	64	68	69	81	96	118	153	185	231	250	270	276	277	309	319	317	353	355	375	411	462	491	587	644	676	883	937	1000	942	734	587	409	284	197	163	138	116	112	103	94	90	79	66	53	42	39	42	45	48	48	42	36	26	18	16	21	27
64	170	2	2	119	0	1953125	12	0.0	0	0.41	0	0	V0.2	0	0	19	20	19	15	10	7	8	13	18	22	24	24	22	18	14	14	18	22	29	32	33	33	30	27	23	23	24	38	49	63	74	88	105	126	144	152	173	189	222	237	262	262	250	288	309	369	405	496	593	696	862	918	999	932	871	850	770	695	582	461	336	248	177	118	89	65	51	55	55	59	63	64	62	58	53	43	37	31	27	29	30	31	28	23	18
64	170	2	2	119	0	1953125	12	0.0	0	0.42	0	0	V0.2	0	0	16	11	7	7	10	16	20	22	23	21	17	13	11	15	21	27	32	33	32	28	22	20	20	22	28	31	41	48	59	75	80	92	110	132	153	190	232	244	287	290	282	324	279	266	269	301	322	401	516	542	739	818	864	904	981	999	900	853	637	472	336	200	126	82	60	72	75	78	91	86	81	74	66	55	50	42	38	38	37	36	34	28	24	20	19
64	170	2	2	119	0	1953125	12	0.0	0	0.42	0	0	V0.2	0	0	9	7	12	18	23	26	27	25	20	15	11	16	22	28	34	37	36	34	28	25	25	32	40	48	55	56	57	51	52	47	47	67	79	105	150	182	216	255	276	324	380	423	448	522	572	528	553	518	471	535	560	631	793	891	945	1000	921	752	655	454	342	311	260	231	200	167	131	106	83	60	49	42	40	47	51	53	52	49	42	34	24	19	20	24	30
64	170	2	2	119	0	1953125	12	0.0	0	0.42	0	0	V0.2	0	0	14	11	7	7	12	17	21	22	23	20	15	12	12	16	23	28	32	33	30	26	21	18	21	27	36	43	52	52	63	61	56	68	76	99	144	177	216	252	289	291	319	336	306	354	376	336	392	404	474	551	683	757	869	970	955	999	914	770	634	422	299	217	159	154	136	121	107	96	87	76	62	46	33	28	32	41	47	50	49	44	34	22	12	16	24
64	170	1	2	119	0	1953125	12	0.0	0	0.42	0	0	V0.2	0	0	18	13	8	8	13	19	24	27	26	23	18	14	12	17	24	31	35	36	34	31	24	20	21	27	35	47	54	59	70	72	74	77	82	96	136	174	221	256	289	303	331	367	340	398	368	389	470	502	614	648	740	802	885	936	959	1000	883	816	680	496	344	230	164	125	114	97	82	78	76	71	67	56	47	36	29	32	35	40	44	43	38	30	21	15	16
64	170	1	2	119	0	1953125	12	0.0	0	0.43	0	0	V0.2	0	0	20	14	5	4	11	20	27	27	27	24	15	6	6	19	30	35	37	36	29	19	17	30	46	63	73	78	71	62	56	52	68	86	88	128	106	111	104	128	122	160	240	298	432	472	619	697	706	764	726	824	940	999	1000	882	739	445	380	362	322	320	328	280	285	263	237	208	170	139	103	79	64	61	66	73	72	68	59	46	32	22	23	32	36	38	33
64	170	2	2	119	0	1953125	12	0.0	0	0.49	0	0	V0.2	0	0	2	13	25	30	27	18	5	15	30	38	37	28	15	18	37	49	50	42	28	26	46	63	73	71	56	61	83	108	135	153	152	149	148	167	219	245	271	278	245	284	273	318	370	366	376	301	379	488	514	659	680	661	750	770	941	999	925	781	592	371	285	279	253	229	204	147	119	75	74	106	119	117	94	58	39	48	65	70	62	47	31	33	47	55	50
64	170	2	2	119	0	1953125	12	0.0	0	0.45	0	0	V0.2	0	0	11	6	2	6	12	16	18	17	13	6	2	9	15	19	18	18	11	5	5	15	19	23	23	17	9	8	18	34	39	36	38	23	20	32	25	65	73	63	52	40	38	50	84	88	118	214	272	382	434	495	579	644	794	884	1000	946	827	651	432	280	200	134	101	63	41	55	63	69	53	33	14	11	24	34	32	28	20	9	3	12	18	22	22	18	10
64	170	2	2	119	0	1953125	12	0.0	0	0.44	0	0	V0.2	0	0	31	30	21	11	7	16	26	33	36	33	24	14	7	17	30	36	41	37	27	13	6	24	42	50	47	42	26	13	1	9	33	55	91	127	156	185	175	213	222	269	385	445	500	559	554	603	699	707	893	970	995	1000	822	611	398	172	167	58	156	215	338	387	337	313	226	146	99	80	98	123	133	126	108	80	49	17	17	36	46	45	37	24	10	8	19
64	170	2	2	119	0	1953125	12	0.0	0	0.46	0	0	V0.2	0	0	10	15	25	28	25	19	11	9	21	30	34	32	23	12	6	21	33	38	39	29	16	6	25	49	56	62	52	30	34	55	92	129	146	155	135	128	168	206	264	232	235	216	175	231	258	363	480	553	651	648	777	719	733	752	861	1000	898	874	634	377	325	190	196	241	231	248	215	186	136	78	47	45	64	72	69	58	33	8	19	34	41	43	31	16	7
64	170	2	2	119	0	1953125	12	0.0	0	0.47	0	0	V0.2	0	0	3	12	23	28	30	24	13	3	15	26	33	35	28	14	3	20	36	45	46	41	25	9	18	35	49	63	68	69	62	51	78	123	169	191	204	172	176	212	268	309	359	341	309	329	346	422	483	419	539	506	556	614	653	789	912	999	927	711	509	296	219	234	220	209	193	161	111	78	45	50	79	94	93	83	53	28	19	36	47	48	40	25	9	15	30
64	170	2	2	119	0	1953125	12	0.0	0	0.46	0	0	V0.2	0	0	5	9	17	22	24	21	15	8	10	20	27	31	29	24	17	16	26	36	43	45	41	34	29	32	45	58	72	75	80	80	82	107	133	163	204	220	235	248	266	294	324	377	404	447	485	515	583	696	837	907	1000	977	960	920	905	862	765	639	491	328	237	184	164	162	159	144	120	98	67	45	39	49	63	70	67	53	39	23	22	33	42	43	37	27	15
64	170	2	2	119	0	1953125	12	0.0	6645	2.16	0	0	V0.2	0	0	54	59	98	92	55	51	68	77	50	20	55	53	33	22	39	46	19	32	70	76	22	52	88	105	81	71	130	128	106	86	80	102	167	62	130	255	279	134	276	276	253	295	117	518	186	102	378	242	230	443	574	659	136	1000	909	151	460	640	587	237	395	469	37	128	291	259	52	85	147	192	59	8	98	141	94	36	83	105	70	32	40	61	52	31	50
64	170	2	2	119	0	1953125	12	0.0	0	0.41	0	0	V0.2	0	0	13	14	15	16	4	8	26	9	30	29	21	26	19	24	7	30	17	10	10	25	14	11	3	30	35	39	58	27	23	44	23	35	21	80	50	146	201	80	145	140	218	133	120	551	533	278	606	406	414	680	501	650	314	948	416	458	1000	271	320	298	217	180	22	101	104	25	97	55	52	76	18	72	12	75	68	67	37	36	14	27	28	26	20	28	46
64	170	2	2	119	0	1953125	12	0.0	0	0.40	0	0	V0.2	0	0	2	8	14	19	23	26	24	20	16	9	8	14	24	31	36	39	38	36	30	22	19	21	30	40	48	59	65	65	70	68	72	81	86	109	127	181	203	207	260	258	272	328	363	418	452	545	644	732	829	807	947	910	888	959	1000	978	934	958	798	652	498	374	235	151	111	94	85	80	96	97	96	98	89	78	64	50	34	31	35	43	48	52	50	44	34
64	170	2	2	119	0	1953125	12	0.0	20309	4.50	0	0	V0.2	0	0	131	109	130	164	126	85	106	131	99	51	69	100	77	23	87	109	56	66	103	133	87	65	155	202	167	147	223	290	163	138	214	136	212	118	76	421	235	542	210	556	169	202	229	373	306	532	455	300	263	645	741	107	190	999	221	281	618	782	394	395	436	327	181	90	167	378	175	13	123	274	201	80	136	186	139	84	40	105	120	83	34	55	87	75	44
64	170	2	2	119	0	1953125	12	0.0	9715	2.69	0	0	V0.2	0	0	728	709	641	631	623	581	492	460	452	385	313	280	266	249	235	265	305	360	384	480	522	587	629	698	748	775	838	839	904	935	921	949	1000	973	941	969	960	975	946	925	907	885	843	922	858	851	768	824	856	771	839	867	798	822	788	812	847	866	885	851	898	875	794	835	854	826	729	752	750	722	676	607	585	598	541	470	442	432	349	268	228	219	146	115	57
64	170	2	2	119	0	1953125	12	0.0	0	0.38	0	0	V0.2	0	0	15	27	37	30	17	23	10	12	12	11	10	36	32	40	8	39	31	5	30	3	29	16	5	27	26	29	14	40	44	69	71	40	69	88	22	195	88	218	172	32	105	145	200	278	233	221	136	272	407	609	261	243	921	514	759	503	115	1000	170	351	76	169	71	27	96	55	60	48	41	8	5	65	40	138	68	17	18	46	76	14	50	17	6	40	40
64	170	2	2	119	0	1953125	12	0.0	0	0.39	0	0	V0.2	0	0	17	20	21	22	23	19	15	13	11	14	16	21	22	23	23	23	19	20	16	19	22	27	30	37	35	33	24	24	14	16	17	42	91	153	206	236	252	197	124	50	76	180	286	374	497	646	783	883	1000	923	772	632	441	441	549	792	764	822	794	673	570	449	325	217	149	119	120	122	108	84	54	32	13	21	31	32	30	27	24	21	19	11	4	1	9
64	170	2	2	119	0	1953125	12	0.0	0	0.49	0	0	V0.2	0	0	18	14	15	20	22	24	18	9	8	19	28	27	23	11	10	23	37	37	31	13	12	35	60	70	68	53	30	6	38	80	103	112	152	205	240	343	370	391	378	305	212	106	58	140	216	292	489	578	771	819	1000	983	773	695	618	648	507	584	635	473	450	343	255	166	138	153	151	123	100	74	66	77	77	64	38	13	15	37	47	47	32	11	14	32	43
64	170	2	2	119	0	1953125	12	0.0	0	0.48	0	0	V0.2	0	0	18	25	27	21	13	7	20	27	31	30	20	6	9	24	35	37	32	21	5	21	40	53	56	49	37	26	40	63	80	101	98	87	100	133	174	236	244	207	176	161	227	346	481	604	709	754	796	859	1000	981	943	847	593	372	121	158	346	475	459	431	341	216	165	152	138	156	160	142	111	67	28	35	61	74	72	56	35	6	17	34	40	37	27	12	13
64	170	2	2	119	0	1953125	12	0.0	0	0.40	0	0	V0.2	0	0	6	7	8	9	8	8	7	7	8	9	10	11	13	11	11	9	7	5	5	8	13	16	21	22	20	18	11	16	24	38	41	33	20	18	59	103	127	152	158	173	187	214	299	369	350	397	397	346	339	294	235	282	461	651	772	982	999	823	644	383	181	71	91	133	137	133	103	69	46	26	24	32	35	27	25	16	10	11	18	20	21	20	17	13	9
64	170	2	2	119	0	1953125	12	0.0	0	0.48	0	0	V0.2	0	0	29	26	18	10	14	23	33	30	26	14	11	22	32	33	32	20	7	19	33	43	42	27	4	31	63	89	97	98	90	52	47	98	146	195	235	271	337	367	383	452	414	375	302	243	285	340	449	612	682	684	756	692	467	490	632	903	1000	875	721	546	362	337	333	290	245	185	153	146	161	181	182	165	137	83	52	54	71	80	77	58	31	12	29	42	45
64	170	2	2	119	0	1953125	12	0.0	6713	2.17	0	0	V0.2	0	0	99	93	80	93	97	88	73	76	78	74	58	64	69	64	56	56	67	59	56	76	96	91	102	85	107	106	116	188	233	189	244	220	211	164	299	299	415	275	362	300	231	216	420	395	458	463	438	1000	514	999	917	455	452	504	613	531	346	540	686	226	460	177	126	21	127	109	71	62	97	17	41	55	68	31	37	56	48	27	10	40	52	46	37	52	57
64	170	2	2	119	0	1953125	12	0.0	9757	2.69	0	0	V0.2	0	0	81	64	34	13	28	36	66	57	49	39	30	19	23	10	26	5	30	34	19	32	58	31	81	58	63	58	132	31	168	234	111	157	65	39	112	203	417	170	189	301	272	590	717	178	293	344	275	85	216	611	803	428	169	393	623	706	1000	353	976	599	123	324	280	169	304	164	31	65	77	90	73	31	41	125	108	19	20	28	37	72	67	47	35	24	35
64	170	2	2	119	0	1953125	12	0.0	21068	4.63	0	0	V0.2	0	0	21	33	31	31	16	44	18	37	28	31	37	39	39	33	15	52	36	38	50	11	65	13	83	44	89	42	22	152	53	163	155	70	149	72	163	245	353	526	348	216	277	416	537	610	339	516	426	553	518	616	271	750	677	876	1000	224	759	192	556	735	314	462	227	210	244	262	104	81	128	111	60	57	205	64	7	31	65	31	32	35	51	22	10	56	40
64	170	2	2	119	0	1953125	12	0.0	13244	3.29	0	0	V0.2	0	0	718	680	682	620	635	567	528	454	453	389	337	288	244	219	237	261	308	359	422	484	509	584	653	709	724	809	841	848	894	944	938	989	961	998	940	1000	987	954	975	965	873	918	881	855	930	775	890	823	858	748	869	836	792	924	906	790	775	864	838	864	910	920	847	791	857	844	785	745	731	741	700	649	631	573	530	489	456	405	364	300	241	190	160	83	54
64	170	2	2	119	0	1953125	12	0.0	0	0.36	0	0	V0.2	0	0	42	17	44	40	13	45	11	73	16	31	59	5	36	28	60	22	28	57	47	10	44	46	17	54	29	44	47	106	46	86	44	109	123	10	293	57	195	76	333	84	631	523	331	446	121	668	358	639	326	495	1000	607	921	511	485	364	714	200	382	341	255	393	228	150	51	163	87	92	137	81	97	34	29	212	36	78	23	52	67	139	41	63	37	35	35
64	170	2	2	119	0	1953125	12	0.0	13415	3.32	0	0	V0.2	0	0	88	87	109	91	87	74	84	68	66	65	66	58	26	18	1	28	14	10	20	27	34	59	36	20	35	109	170	199	133	201	174	202	386	532	560	690	416	339	13	113	644	973	670	615	589	678	361	567	822	409	978	1000	144	521	427	842	879	445	285	255	407	501	358	392	537	304	220	213	300	273	211	193	207	207	117	108	109	104	77	65	65	48	14	20	58
64	170	2	2	119	0	1953125	12	0.0	9708	2.69	0	0	V0.2	0	0	610	602	575	554	528	483	461	410	367	318	276	263	192	202	206	233	243	315	367	395	447	506	575	584	643	693	724	769	759	817	807	836	824	911	768	925	783	846	789	898	675	875	666	924	781	757	711	781	555	857	426	1000	558	832	507	987	708	855	663	764	774	769	694	810	692	727	604	718	622	619	588	578	525	524	368	433	405	348	305	238	239	185	132	91	62
64	170	2	2	119	0	1953125	12	0.0	0	0.35	0	0	V0.2	0	0	22	43	40	8	32	17	35	12	31	28	24	43	14	35	5	16	67	18	25	15	38	13	13	31	66	49	6	26	92	84	51	121	55	147	93	154	249	47	180	258	298	482	251	370	218	402	300	435	263	238	927	230	999	589	227	528	699	590	43	329	112	160	96	80	33	57	82	53	62	22	11	58	120	111	50	25	27	54	78	21	7	22	19	33	31
64	170	2	2	119	0	1953125	12	0.0	13466	3.33	0	0	V0.2	0	0	69	76	99	96	79	71	74	46	31	31	50	48	32	52	62	44	51	61	68	67	72	117	152	115	95	90	89	43	96	56	127	15	107	144	203	349	323	212	97	95	368	525	595	716	765	483	473	319	128	256	461	939	902	1000	837	784	522	442	88	91	283	69	178	167	226	286	151	116	137	163	148	148	171	187	62	59	76	96	76	40	44	59	52	21	31
64	170	2	2	119	0	1953125	12	0.0	14421	3.49	0	0	V0.2	0	0	79	60	62	64	73	28	71	41	51	38	25	42	30	22	28	43	15	21	79	35	48	82	70	58	100	69	52	193	141	145	65	114	182	146	16	337	338	151	180	280	201	219	96	368	406	345	66	363	561	684	251	393	545	360	521	225	354	1000	834	504	190	302	59	174	134	178	98	152	102	126	56	69	143	26	69	105	54	39	72	6	15	42	10	46	24
64	170	2	2	119	0	1953125	12	0.0	0	0.35	0	0	V0.2	0	0	51	63	29	14	34	28	79	21	65	53	29	48	31	12	16	46	68	24	58	59	28	84	66	77	4	67	10	53	53	41	77	85	87	159	28	147	116	179	246	178	327	289	301	87	219	295	273	618	733	684	845	885	1000	891	544	749	28	427	488	161	169	302	149	302	170	107	123	41	82	28	82	30	76	121	114	45	61	92	63	50	35	52	30	54	57
64	170	2	2	119	0	1953125	12	0.0	0	0.35	0	0	V0.2	0	0	26	26	28	30	32	33	30	31	27	22	22	20	18	23	25	33	35	42	46	48	52	54	54	58	56	51	39	25	31	22	53	75	115	166	193	177	205	282	389	427	377	334	252	340	422	582	613	574	441	404	498	622	658	874	1000	864	953	714	684	536	449	373	314	208	154	117	106	93	78	56	36	14	14	27	26	27	37	40	44	41	42	35	31	24	20
64	170	2	2	119	0	1953125	12	0.0	0	0.36	0	0	V0.2	0	0	23	21	18	16	17	15	16	19	22	25	29	30	30	30	29	29	24	20	13	9	15	26	36	48	54	64	73	87	105	128	131	133	104	111	101	101	147	190	278	312	305	277	366	478	665	616	543	479	515	654	908	1000	926	671	472	391	334	287	232	278	333	318	290	216	192	158	151	138	136	125	103	86	76	56	47	42	25	11	7	13	21	24	28	31	31
64	170	2	2	119	0	1953125	12	0.0	0	0.35	0	0	V0.2	0	0	30	32	30	35	34	32	33	30	26	21	22	21	23	26	30	38	43	52	52	57	55	53	53	55	53	45	40	41	66	80	90	97	110	179	238	350	340	403	356	308	320	515	563	627	573	615	618	573	636	720	949	924	849	854	933	1000	988	986	879	732	530	412	352	319	258	240	189	135	95	63	41	19	10	13	33	44	44	49	48	48	46	45	39	29	20
64	170	2	2	119	0	1953125	12	0.0	0	0.35	0	0	V0.2	0	0	20	17	17	19	18	24	27	29	32	33	33	33	31	30	26	20	15	15	14	22	26	41	47	64	72	89	97	98	98	99	123	121	141	147	196	193	220	180	156	227	320	461	563	623	635	635	589	717	666	686	726	887	1000	813	648	525	397	448	397	354	345	273	255	192	187	181	161	155	135	129	115	104	97	85	70	51	40	33	25	14	8	15	22	26	33
64	170	2	2	119	0	1953125	12	0.0	0	0.35	0	0	V0.2	0	0	25	24	22	22	19	18	17	17	17	19	23	26	28	31	32	35	33	33	31	27	24	15	9	4	10	27	41	57	78	93	99	119	143	184	224	215	209	140	156	234	368	373	406	421	466	502	383	280	334	639	829	1000	997	910	669	558	602	663	567	507	373	296	209	130	100	66	40	21	14	12	15	32	33	52	50	42	39	38	35	33	31	23	19	13	4
64	170	2	2	119	0	1953125	12	0.0	0	0.35	0	0	V0.2	0	0	27	28	32	35	33	30	33	31	27	24	25	26	25	26	28	35	39	42	43	46	49	46	48	43	42	36	23	39	45	47	51	81	151	220	265	300	252	238	239	252	418	514	605	572	521	502	389	230	330	615	784	1000	972	898	815	866	880	821	732	641	470	400	406	343	261	191	150	118	100	78	61	42	17	3	17	29	30	33	37	38	39	36	33	27	20
64	170	2	2	119	0	1953125	12	0.0	0	0.35	0	0	V0.2	0	0	29	30	31	29	29	25	25	25	22	21	22	24	26	31	35	39	41	44	45	47	42	41	38	33	29	24	25	50	61	68	63	78	141	196	253	291	272	241	198	178	304	396	496	515	511	529	470	313	274	506	685	979	1000	893	731	658	835	860	813	644	453	359	332	279	207	168	134	99	77	55	42	26	6	15	26	27	32	30	37	37	39	38	32	27	23
64	170	2	2	119	0	1953125	12	0.0	0	0.35	0	0	V0.2	0	0	27	27	24	24	23	21	21	22	24	26	30	31	38	40	40	38	39	35	35	28	18	11	13	16	19	37	57	93	112	133	130	106	117	136	197	253	290	305	282	274	212	147	203	353	540	682	744	808	707	556	467	697	881	1000	870	718	677	764	697	555	290	155	124	156	140	111	61	30	33	31	37	38	51	45	60	62	60	54	47	40	31	24	23	16	9
64	170	2	2	119	0	1953125	12	0.0	0	0.35	0	0	V0.2	0	0	35	34	30	29	24	26	26	25	24	28	34	35	38	42	42	45	49	45	44	35	25	17	12	15	19	25	40	77	109	145	160	141	143	135	180	253	318	358	356	352	356	262	227	287	412	570	650	651	604	591	589	876	915	989	780	702	797	1000	884	711	420	280	156	137	105	97	62	33	22	26	36	42	45	40	55	57	64	58	52	43	36	32	26	17	12
64	170	2	2	119	0	1953125	12	0.0	0	0.35	0	0	V0.2	0	0	27	27	28	26	24	21	20	19	19	21	22	29	29	33	35	36	41	41	42	37	28	18	8	3	7	13	23	51	80	114	138	139	142	122	150	210	274	307	334	365	375	351	295	276	282	449	480	424	415	530	600	889	857	892	656	590	803	1000	907	760	488	366	230	159	122	120	100	64	38	12	4	17	33	30	37	41	47	51	48	44	38	36	33	23	19
64	170	2	2	119	0	1953125	12	0.0	0	0.35	0	0	V0.2	0	0	22	23	22	23	22	19	19	19	13	17	17	20	21	26	28	31	35	35	39	36	31	22	13	9	7	8	18	39	65	85	102	106	113	106	135	170	244	301	319	344	339	333	288	250	241	358	382	354	373	496	562	792	794	764	498	504	783	1000	896	741	481	337	230	163	139	125	106	80	57	31	17	4	10	16	19	25	34	38	38	38	36	31	29	24	17
64	170	2	2	119	0	1953125	12	0.0	0	0.35	0	0	V0.2	0	0	30	31	32	33	32	29	29	28	26	21	22	22	25	32	35	36	43	45	45	43	39	35	29	21	14	11	18	49	79	112	117	101	109	115	183	263	340	377	382	358	289	240	318	404	469	579	633	545	519	522	488	629	564	836	953	870	924	1000	879	792	501	359	272	239	222	201	143	83	49	24	15	6	14	24	39	44	49	52	51	47	40	35	30	25	18
64	170	2	2	119	0	1953125	12	0.0	0	0.35	0	0	V0.2	0	0	26	27	30	32	30	29	26	26	23	19	17	18	21	26	31	37	39	44	44	41	43	37	37	30	29	24	33	60	78	93	77	87	137	189	259	321	328	294	237	180	265	375	522	584	605	626	578	396	362	479	630	896	834	979	1000	888	922	896	759	694	467	401	354	312	262	227	165	109	75	58	44	19	4	19	26	35	37	45	43	44	40	41	35	29	23
64	170	2	2	119	0	1953125	12	0.0	0	0.35	0	0	V0.2	0	0	23	25	26	25	24	24	22	19	17	17	15	17	17	22	26	31	34	35	36	36	36	34	30	24	18	11	10	29	39	61	81	108	156	191	221	220	179	152	164	211	334	378	395	361	337	248	169	139	405	646	815	976	1000	862	699	420	615	695	744	616	400	287	252	230	178	136	99	70	60	43	34	14	8	18	22	23	30	31	36	34	32	31	26	19	14
64	170	2	2	119	0	1953125	12	0.0	0	0.35	0	0	V0.2	0	0	21	23	23	23	22	23	21	19	17	15	14	15	14	20	23	27	30	31	33	36	38	33	29	22	21	12	9	28	39	73	98	120	162	166	150	138	168	251	323	335	364	306	261	173	137	190	355	482	631	763	796	730	474	330	515	748	1000	983	840	589	358	261	260	238	208	154	115	66	52	30	29	15	11	6	13	20	25	30	33	34	32	27	25	20	17
64	170	2	2	119	0	1953125	12	0.0	0	0.35	0	0	V0.2	0	0	17	19	21	21	23	23	20	21	19	18	15	13	14	16	19	21	27	29	29	35	34	32	36	34	30	25	22	27	31	57	72	79	95	115	129	175	209	250	273	237	225	178	239	300	407	475	594	496	392	349	237	175	213	616	801	1000	934	784	571	436	284	305	323	284	225	139	97	76	81	70	65	47	25	11	4	10	15	25	27	31	28	30	30	24	20
64	170	2	2	119	0	1953125	12	0.0	9691	2.68	0	0	V0.2	0	0	83	79	90	83	77	79	69	57	54	56	56	54	38	36	38	22	27	35	55	58	74	108	87	79	67	107	99	172	145	164	171	137	31	150	151	288	182	216	109	174	107	356	149	383	83	351	657	304	474	518	686	1000	319	429	789	295	820	452	83	574	238	131	166	197	238	166	146	104	133	100	102	96	101	36	48	35	57	35	31	14	14	3	22	28	8
64	170	2	2	119	0	1953125	12	0.0	17693	4.06	0	0	V0.2	0	0	43	67	38	46	36	41	38	15	46	30	26	15	32	13	32	15	45	22	61	36	44	48	88	43	49	53	36	87	61	95	60	51	29	77	151	135	244	220	394	176	200	394	321	270	269	494	305	500	255	252	1000	566	531	398	514	721	990	814	379	152	165	137	86	244	113	63	91	72	46	24	36	38	59	141	78	33	38	51	4	40	33	37	3	19	35
64	170	2	2	119	0	1953125	12	0.0	9661	2.68	0	0	V0.2	0	0	694	692	644	626	594	560	516	459	413	380	325	272	233	211	251	250	317	340	403	443	494	572	639	662	750	763	823	834	855	931	905	877	951	1000	933	900	970	896	940	901	886	905	888	881	874	883	786	791	849	850	921	785	734	690	789	792	882	791	816	877	840	867	815	809	839	800	770	763	703	738	659	636	570	616	488	505	473	358	323	294	246	199	157	100	60
64	170	2	2	119	0	1953125	12	0.0	9661	2.68	0	0	V0.2	0	0	96	17	105	15	70	32	75	22	63	26	45	35	28	55	18	39	16	49	47	69	61	66	93	93	82	52	150	98	178	118	133	60	168	121	372	300	396	317	163	51	302	319	345	211	150	172	139	133	639	847	1000	839	374	197	322	387	352	418	403	464	266	355	179	218	54	204	101	138	89	172	112	147	22	65	39	11	101	68	76	55	84	50	42	56	82
64	170	2	2	119	0	1953125	12	0.0	9575	2.66	0	0	V0.2	0	0	99	27	91	52	91	20	82	34	74	22	50	49	49	30	20	90	26	77	41	123	21	116	55	150	44	123	105	216	14	145	68	92	222	331	287	418	180	296	67	142	195	437	281	137	203	279	89	260	649	1000	848	686	272	472	522	505	345	329	386	366	337	240	341	128	154	103	171	66	130	138	225	53	44	79	105	54	20	96	51	65	62	74	39	82	104
64	170	2	2	119	0	1953125	12	0.0	9683	2.68	0	0	V0.2	0	0	30	117	30	87	35	91	17	60	38	43	52	29	62	5	51	33	47	56	44	74	23	116	16	142	17	141	60	169	157	262	26	95	180	156	333	371	421	391	221	201	359	438	473	424	74	98	235	155	398	604	861	551	190	520	999	821	560	340	604	557	453	346	383	283	186	124	216	71	173	92	195	28	174	47	85	72	124	56	79	115	97	59	83	109	76
64	170	2	2	119	0	1953125	12	0.0	16973	3.93	0	0	V0.2	0	0	53	49	45	47	26	37	25	36	2	43	7	29	5	30	25	19	18	44	33	43	39	28	40	50	83	39	28	107	42	87	100	63	27	81	64	239	106	211	100	181	242	268	185	326	267	618	68	200	200	572	1000	477	685	703	738	657	451	752	300	347	134	196	111	84	115	155	21	68	54	113	86	27	60	78	32	36	56	13	46	12	34	10	25	10	26
64	170	2	2	119	0	1953125	12	0.0	9702	2.68	0	0	V0.2	0	0	683	686	669	630	574	524	545	450	414	358	327	287	240	227	248	261	286	351	407	496	492	572	645	648	719	761	799	825	872	872	932	934	955	1000	964	935	996	914	931	904	820	891	870	856	900	750	808	740	826	882	826	741	780	872	781	762	965	748	837	801	907	832	828	805	818	809	779	752	721	716	635	650	567	583	551	455	423	388	296	274	269	166	147	92	67
64	170	2	2	119	0	1953125	12	0.0	0	0.35	0	0	V0.2	0	0	24	25	29	43	11	47	27	35	57	55	32	66	44	18	18	35	36	11	46	46	15	22	28	28	35	52	88	42	56	77	39	45	70	11	177	193	190	221	328	263	171	102	477	83	176	470	168	362	592	749	1000	443	534	712	843	389	692	773	329	106	513	134	151	95	135	38	30	35	60	16	67	31	55	125	89	102	27	55	82	53	22	17	57	55	49
64	170	2	2	119	0	1953125	12	0.0	0	0.35	0	0	V0.2	0	0	28	25	24	21	21	24	24	27	31	34	37	39	37	40	37	36	32	29	25	23	18	22	28	43	49	63	71	79	91	99	113	124	130	139	144	140	168	165	191	274	354	364	497	556	618	537	356	375	503	688	869	988	1000	914	687	579	339	429	397	356	257	181	135	84	60	37	29	46	71	84	90	82	72	67	61	60	55	52	42	31	23	13	12	13	16
64	170	2	2	119	0	1953125	12	0.0	0	0.35	0	0	V0.2	0	0	18	16	16	16	16	21	23	25	26	29	30	30	30	26	24	22	18	16	16	17	20	31	37	48	50	60	65	72	80	94	102	101	101	114	128	126	152	121	171	240	308	337	444	518	589	562	418	354	319	524	767	974	1000	812	582	479	329	361	300	254	241	208	188	128	98	67	51	56	69	83	84	76	67	54	41	45	43	38	32	22	14	6	2	2	8
64	170	2	2	119	0	1953125	12	0.0	0	0.35	0	0	V0.2	0	0	19	17	18	18	19	22	24	27	28	32	30	34	31	27	25	24	20	17	16	17	22	32	40	50	52	62	70	78	91	101	111	108	106	123	142	133	161	138	196	262	337	386	487	571	601	543	405	411	417	604	815	989	1000	796	572	467	359	359	336	275	309	276	254	186	149	114	100	101	112	115	108	89	74	59	55	47	42	33	22	10	7	13	18	22	27
64	170	2	2	119	0	1953125	12	0.0	0	0.36	0	0	V0.2	0	0	25	23	20	20	18	17	19	21	22	26	28	32	31	32	30	28	25	23	19	19	21	30	38	51	50	62	67	76	89	98	99	94	97	112	131	138	168	170	245	301	381	435	518	608	593	529	411	416	401	580	823	1000	999	809	597	417	417	390	437	379	436	380	327	244	196	154	134	131	135	129	108	80	58	42	34	26	22	16	13	20	26	28	30	27	28
64	170	2	2	119	0	1953125	12	0.0	0	0.37	0	0	V0.2	0	0	28	27	26	26	22	20	20	17	19	22	24	27	30	33	31	34	29	28	24	22	23	32	39	47	45	51	53	65	82	84	80	72	78	103	130	145	173	199	288	356	447	508	572	645	577	488	366	384	385	572	831	1000	993	905	738	515	481	443	570	545	593	499	396	282	209	173	160	158	151	128	95	59	36	31	24	33	31	26	29	28	30	27	22	18	18
64	170	2	2	119	0	1953125	12	0.0	0	0.35	0	0	V0.2	0	0	16	15	17	16	18	22	25	28	30	31	31	33	28	26	24	20	18	16	20	26	35	47	53	63	55	61	63	70	85	87	86	72	79	97	118	133	163	188	282	340	433	493	555	620	527	437	330	415	407	585	845	1000	999	899	716	496	443	439	579	553	581	473	367	255	193	170	167	169	159	142	110	79	52	37	33	24	19	13	22	31	36	38	37	39	33
64	170	2	2	119	0	1953125	12	0.0	0	0.36	0	0	V0.2	0	0	14	19	19	22	28	28	31	33	34	31	30	28	25	22	16	20	20	25	28	38	45	56	58	61	55	54	48	53	64	66	65	63	74	107	140	176	202	231	333	390	497	554	595	651	505	432	342	400	367	559	829	989	1000	956	802	638	595	502	654	631	630	491	378	270	211	175	171	169	161	138	110	78	54	44	21	19	12	6	12	23	27	30	31	28	26
64	170	2	2	119	0	1953125	12	0.0	0	0.35	0	0	V0.2	0	0	23	19	22	22	27	31	33	37	40	42	40	38	35	32	24	26	23	24	29	38	43	58	67	72	70	69	65	73	82	85	81	66	72	99	133	166	191	223	331	395	515	582	647	704	549	463	373	435	404	572	846	998	1000	937	777	635	590	475	625	623	652	524	414	299	231	193	184	177	171	144	115	74	53	43	22	24	15	17	27	35	36	40	42	37	39
64	170	2	2	119	0	1953125	12	0.0	0	0.36	0	0	V0.2	0	0	23	18	19	21	21	22	24	28	35	33	34	36	35	34	28	27	23	21	21	27	34	47	56	64	68	70	68	78	91	103	105	88	88	106	142	160	188	202	313	384	505	583	672	744	597	500	392	475	413	567	841	991	1000	875	695	576	557	406	546	539	610	517	429	329	254	206	194	190	183	165	128	86	64	58	42	44	31	26	33	43	46	47	45	45	42
64	170	1	2	119	0	1953125	12	0.0	0	0.36	0	0	V0.2	0	0	32	27	26	22	25	22	27	27	30	37	38	40	41	40	37	34	31	27	28	25	28	41	52	63	67	74	75	87	104	116	117	103	101	116	154	166	191	183	272	330	433	514	623	710	615	543	424	487	421	538	784	951	999	866	680	553	497	327	408	411	511	458	397	315	242	188	164	157	154	148	120	97	65	44	39	31	28	21	25	28	36	38	39	37	34
64	170	1	2	119	0	1953125	12	0.0	0	0.36	0	0	V0.2	0	0	12	14	15	17	18	20	23	25	28	25	27	22	22	18	14	16	17	17	21	26	32	39	48	51	45	51	44	50	66	72	75	67	82	116	162	194	220	212	286	319	393	460	546	626	564	523	401	395	269	400	662	886	999	898	744	557	449	270	335	326	411	356	329	262	197	149	118	103	109	124	114	102	80	65	53	46	40	39	32	25	21	21	21	22	25
64	170	1	2	119	0	1953125	12	0.0	0	0.36	0	0	V0.2	0	0	26	23	22	20	18	17	17	17	18	24	26	29	32	32	33	29	28	25	22	18	17	24	30	45	50	64	66	76	97	109	119	112	112	121	152	153	175	163	224	240	283	370	464	572	558	582	469	460	296	383	607	870	1000	899	736	521	429	246	306	264	370	356	356	293	242	186	141	131	125	136	123	105	77	63	44	41	38	35	29	34	40	42	45	45	41
64	170	1	2	119	0	1953125	12	0.0	0	0.36	0	0	V0.2	0	0	22	21	21	20	17	17	16	18	22	25	26	33	29	34	31	29	24	22	18	15	19	28	38	52	55	66	66	79	98	109	115	108	111	123	160	170	190	190	247	261	298	391	482	604	588	614	513	507	335	394	618	857	1000	948	842	661	559	330	352	315	418	387	377	312	248	194	151	132	135	139	124	97	78	61	37	35	30	28	28	33	38	41	44	43	43
64	170	1	2	119	0	1953125	12	0.0	0	0.36	0	0	V0.2	0	0	22	21	19	14	11	14	10	14	16	25	25	28	30	32	28	26	23	20	16	15	14	26	34	49	52	66	63	78	96	105	112	104	107	119	156	167	189	200	254	267	301	391	455	575	568	633	550	525	333	331	540	810	1000	964	888	685	572	344	377	321	409	370	371	317	265	208	152	127	127	133	121	101	69	44	35	33	33	31	32	36	39	44	43	43	38
64	170	1	2	119	0	1953125	12	0.0	0	0.35	0	0	V0.2	0	0	20	18	20	19	22	26	30	32	35	35	37	36	34	30	27	24	21	22	25	31	35	47	53	65	67	76	70	78	88	91	97	85	92	104	149	173	203	229	286	293	329	426	481	604	583	639	549	500	300	287	527	791	998	1000	978	798	672	401	413	369	455	409	398	334	264	204	142	122	125	133	118	94	73	39	30	23	20	15	15	25	29	32	36	37	33
64	170	1	2	119	0	1953125	12	0.0	0	0.35	0	0	V0.2	0	0	19	19	20	23	29	27	32	32	32	34	32	30	25	23	16	17	23	26	29	37	43	48	56	66	64	66	59	63	71	73	78	67	78	104	159	195	220	241	296	305	345	433	486	600	582	631	528	464	257	241	501	753	966	1000	977	820	700	425	438	388	473	415	399	331	257	194	135	113	122	124	110	84	62	47	30	20	15	9	5	11	20	19	26	25	24
64	170	1	2	119	0	1953125	12	0.0	0	0.36	0	0	V0.2	0	0	15	18	21	22	26	29	30	31	30	31	31	29	22	21	18	15	20	23	29	36	38	49	53	63	61	64	55	62	71	73	76	70	86	113	167	207	231	247	313	325	383	463	521	625	576	606	508	459	282	311	569	789	974	1000	972	829	727	462	480	434	511	442	413	335	261	192	143	125	124	126	110	87	72	44	33	19	15	9	9	13	21	25	26	24	23
64	170	1	2	119	0	1953125	12	0.0	0	0.35	0	0	V0.2	0	0	19	16	13	14	17	19	21	24	28	30	31	29	31	30	25	22	18	18	19	22	29	40	47	59	66	71	71	78	91	93	103	93	98	114	157	182	207	235	300	316	379	467	527	634	570	592	506	478	329	384	635	827	991	1000	981	827	712	464	523	505	563	478	433	356	279	211	161	146	144	138	116	86	63	36	28	28	28	30	36	45	48	50	48	47	43
64	170	1	2	119	0	1953125	12	0.0	0	0.35	0	0	V0.2	0	0	17	16	16	17	19	23	24	27	30	30	31	30	29	25	24	19	18	17	21	26	33	43	49	61	64	68	66	74	87	86	90	83	92	111	150	183	205	234	301	323	383	467	513	603	529	554	479	458	320	384	643	825	974	1000	956	801	715	518	586	544	576	484	433	349	265	200	154	142	139	127	100	72	40	35	23	27	25	26	36	44	47	46	46	41	42
64	170	1	2	119	0	1953125	12	0.0	0	0.35	0	0	V0.2	0	0	17	20	22	23	26	27	27	27	26	26	21	18	17	16	14	19	23	28	30	37	41	46	50	57	52	50	45	49	59	55	63	63	86	112	151	195	211	245	290	294	343	401	445	512	446	475	410	368	270	330	566	744	901	999	983	829	703	511	575	548	536	440	379	294	211	154	122	114	112	99	82	62	31	20	4	7	6	16	23	28	34	33	29	28	23
64	170	1	2	119	0	1953125	12	0.0	0	0.35	0	0	V0.2	0	0	13	16	18	19	19	20	20	18	17	14	15	11	10	10	12	16	20	24	27	30	31	37	40	44	42	39	35	41	49	44	52	60	78	104	132	172	187	225	255	239	264	310	337	416	399	461	412	334	236	210	405	592	804	961	1000	846	691	476	496	476	449	378	328	257	183	134	94	88	91	86	69	46	23	12	2	8	13	18	26	30	31	33	32	27	24
64	170	1	2	119	0	1953125	12	0.0	0	0.35	0	0	V0.2	0	0	10	13	12	17	17	19	19	19	17	16	16	12	9	10	10	14	17	22	25	28	31	37	38	43	40	39	36	37	48	42	53	57	75	104	132	176	184	220	239	212	229	278	310	384	384	451	410	333	250	191	350	521	748	930	1000	869	730	497	491	460	415	350	302	232	164	115	78	76	75	67	51	32	10	0	15	20	22	28	34	36	36	37	30	26	22
64	170	1	2	119	0	1953125	12	0.0	0	0.35	0	0	V0.2	0	0	16	16	18	19	17	18	16	15	14	11	10	7	8	12	14	21	22	24	26	28	30	31	30	32	28	27	23	26	41	40	57	66	84	111	138	185	184	218	224	206	220	263	288	346	358	435	416	350	286	209	350	525	763	944	1000	834	696	486	486	447	388	315	272	211	147	109	72	65	63	60	50	32	17	8	9	10	16	19	23	26	26	25	22	19	14
64	170	1	2	119	0	1953125	12	0.0	0	0.35	0	0	V0.2	0	0	14	16	16	16	17	17	15	13	12	9	6	7	9	13	17	19	23	24	26	27	28	29	26	29	24	20	18	21	37	39	56	65	84	108	132	173	175	207	204	186	194	239	264	318	328	394	389	315	284	196	323	483	729	936	1000	834	651	437	438	401	350	289	241	178	120	82	52	48	49	45	35	23	11	14	14	18	17	22	25	24	24	21	18	16	10
64	170	1	2	119	0	1953125	12	0.0	0	0.35	0	0	V0.2	0	0	15	16	18	16	17	17	16	12	11	9	8	9	11	14	18	20	23	25	25	26	27	27	25	25	21	17	14	20	34	36	54	63	84	109	128	165	166	195	196	184	190	221	233	288	308	380	385	301	278	168	310	491	764	966	1000	813	596	400	417	391	329	271	218	161	105	71	44	43	42	39	29	18	11	18	21	20	22	24	27	26	26	22	19	15	11
64	170	1	2	119	0	1953125	12	0.0	0	0.35	0	0	V0.2	0	0	18	18	18	17	15	14	10	9	8	7	9	11	15	20	22	25	27	27	25	26	25	25	23	21	16	12	10	17	32	38	59	68	89	115	136	172	175	201	199	188	202	235	255	303	312	365	360	274	265	214	396	562	795	985	1000	790	572	411	464	430	355	280	215	150	94	64	45	47	43	39	27	13	16	15	15	17	21	26	27	27	25	24	20	19	14
64	170	1	2	119	0	1953125	12	0.0	0	0.35	0	0	V0.2	0	0	10	8	8	6	4	1	2	5	7	9	11	13	16	14	17	16	15	12	13	11	8	8	8	12	16	18	25	32	52	59	79	86	104	125	144	173	169	190	191	182	200	238	262	321	320	364	361	283	278	260	462	625	827	999	1000	787	561	393	468	451	385	314	245	181	120	92	71	70	67	61	53	35	23	6	3	7	6	10	17	23	27	27	27	29	26
64	170	1	2	119	0	1953125	12	0.0	0	0.35	0	0	V0.2	0	0	10	13	15	19	19	18	18	17	17	14	12	10	7	10	12	16	20	23	25	29	32	36	37	38	34	28	23	28	39	39	56	63	84	111	138	176	181	213	231	237	269	311	330	375	336	351	315	251	230	273	505	667	836	1000	989	788	602	467	557	533	455	353	272	190	121	90	74	70	62	48	32	9	12	21	22	26	29	35	37	37	37	34	28	23	18
64	170	1	2	119	0	1953125	12	0.0	0	0.35	0	0	V0.2	0	0	18	20	23	25	24	22	24	23	21	20	17	14	12	15	17	22	25	30	34	35	37	42	42	44	37	33	26	34	41	42	56	67	93	123	155	193	197	234	263	267	313	367	391	435	366	369	322	274	230	303	550	720	866	1000	984	780	653	515	616	578	516	398	324	240	163	119	98	94	87	72	52	28	15	2	6	10	19	23	30	35	34	31	28	24	21
64	170	1	2	119	0	1953125	12	0.0	0	0.35	0	0	V0.2	0	0	20	22	23	23	23	20	18	17	15	11	12	14	16	21	22	26	30	32	33	34	30	34	32	33	25	20	13	20	36	45	72	86	110	146	189	227	227	247	266	267	321	383	422	481	417	418	368	324	266	305	545	714	855	1000	996	855	740	512	556	539	520	421	367	284	193	141	108	108	105	96	81	65	41	29	19	9	3	1	6	13	18	20	20	23	23
64	170	1	2	119	0	1953125	12	0.0	0	0.35	0	0	V0.2	0	0	16	17	17	20	22	24	26	26	26	27	26	24	22	19	18	17	19	24	27	31	37	42	47	55	54	56	51	55	66	64	69	63	83	115	163	204	215	244	285	277	311	388	445	541	514	552	493	420	291	245	433	623	816	939	1000	878	783	530	539	492	511	430	401	324	245	177	118	102	109	101	85	65	38	20	3	14	16	19	24	31	33	35	30	28	24
64	170	1	2	119	0	1953125	12	0.0	0	0.35	0	0	V0.2	0	0	18	15	17	18	20	24	26	28	28	31	29	29	27	26	21	21	19	22	21	29	33	42	46	60	61	68	66	69	83	81	86	75	86	108	161	189	213	232	276	269	288	377	430	547	563	634	575	535	352	263	401	659	890	940	1000	841	751	521	491	404	451	400	390	332	268	203	135	109	108	116	104	81	61	34	20	14	13	15	17	24	30	31	33	32	26
64	170	1	2	119	0	1953125	12	0.0	0	0.35	0	0	V0.2	0	0	17	14	14	15	16	19	21	24	27	26	30	30	27	25	23	18	16	16	15	22	26	35	41	57	63	73	72	78	95	96	102	94	102	116	166	180	210	222	250	250	251	355	406	534	589	687	620	622	407	310	400	730	982	981	1000	818	710	509	423	280	355	339	351	307	259	204	138	106	101	121	121	102	82	60	47	32	21	17	11	11	17	25	29	31	31
64	170	1	2	119	0	1953125	12	0.0	0	0.35	0	0	V0.2	0	0	19	17	16	18	20	22	27	29	29	33	33	33	30	29	25	20	18	17	17	25	29	36	42	54	63	76	75	82	97	102	111	101	106	116	159	157	189	194	215	238	230	308	345	487	566	696	650	663	476	330	309	658	960	1000	986	758	627	444	378	222	279	253	282	257	232	195	135	96	85	106	108	106	85	75	50	41	30	23	15	9	9	15	23	28	31
64	170	1	2	119	0	1953125	12	0.0	0	0.35	0	0	V0.2	0	0	18	17	18	19	21	25	25	29	29	32	32	32	30	27	27	20	17	16	15	20	26	35	39	54	61	76	81	87	97	101	115	109	111	113	159	154	188	192	216	240	206	293	351	489	556	672	617	703	554	479	348	510	797	962	1000	892	761	520	371	195	238	229	269	236	215	182	132	100	83	99	106	99	92	69	58	47	31	28	18	13	7	15	21	27	31
64	170	1	2	119	0	1953125	12	0.0	0	0.35	0	0	V0.2	0	0	19	18	18	20	22	23	28	31	34	33	36	35	31	33	28	23	21	18	23	24	30	36	47	58	66	82	91	97	109	107	116	109	120	134	175	189	221	229	261	265	237	319	439	595	679	743	615	630	559	589	555	540	718	884	962	1000	938	671	419	218	284	324	335	288	248	187	142	115	110	122	116	104	97	79	58	44	33	27	18	13	14	20	29	32	35
64	170	1	2	119	0	1953125	12	0.0	0	0.35	0	0	V0.2	0	0	21	20	20	18	20	21	28	30	33	34	37	38	36	30	31	25	20	17	18	18	26	36	46	60	64	75	82	88	103	108	125	126	161	174	214	206	217	197	206	250	294	391	522	654	692	682	534	506	531	627	758	767	937	996	1000	908	708	495	274	180	298	359	350	290	210	147	125	115	112	126	129	107	100	85	73	59	51	38	29	18	8	17	20	30	35
64	170	1	2	119	0	1953125	12	0.0	0	0.35	0	0	V0.2	0	0	24	24	20	21	16	15	17	18	23	24	30	33	34	37	38	33	32	30	24	20	16	6	12	30	41	50	61	65	89	98	125	134	173	192	232	212	221	173	174	271	327	388	461	525	545	547	443	462	544	688	817	828	990	997	1000	890	639	409	301	299	282	261	210	154	107	76	64	82	85	100	108	101	102	91	80	75	68	58	48	37	27	24	25	28	31
64	170	1	2	119	0	1953125	12	0.0	0	0.35	0	0	V0.2	0	0	27	25	24	20	18	19	19	23	23	32	32	33	37	38	37	36	35	30	26	24	13	10	13	29	36	49	59	63	84	90	115	130	168	196	237	223	232	185	195	294	377	429	487	494	505	493	422	417	526	699	833	824	910	943	1000	949	769	568	429	436	353	308	200	85	18	27	19	17	28	48	54	65	70	56	61	62	63	61	54	46	41	30	21	13	13
64	170	1	2	119	0	1953125	12	0.0	0	0.35	0	0	V0.2	0	0	28	28	26	26	22	19	16	19	16	20	24	27	32	35	36	37	39	37	32	31	26	19	11	7	12	21	29	40	61	74	91	107	148	178	217	230	224	176	164	220	314	355	407	371	408	433	352	288	239	307	459	679	920	1000	988	823	597	564	530	551	415	370	255	137	72	47	50	43	36	19	14	20	29	33	38	36	41	40	43	43	38	30	23	19	13
64	170	1	2	119	0	1953125	12	0.0	0	0.35	0	0	V0.2	0	0	25	29	29	26	29	26	23	21	22	17	18	19	23	27	30	33	36	36	38	37	35	30	28	18	13	3	11	26	42	62	93	113	141	181	215	238	235	193	166	197	280	350	382	358	385	416	361	233	174	330	426	598	796	956	999	943	725	648	529	592	463	421	313	183	95	57	71	70	58	45	29	13	27	32	35	37	34	36	40	38	35	31	25	17	15
64	170	1	2	119	0	1953125	12	0.0	0	0.35	0	0	V0.2	0	0	21	24	23	23	22	20	18	16	13	17	15	19	21	25	28	29	32	32	31	33	32	28	26	15	13	3	3	26	39	61	81	89	117	153	200	224	218	204	174	177	242	298	346	341	397	411	367	246	159	256	324	553	763	963	1000	985	730	647	562	563	406	353	283	202	127	76	68	69	70	57	46	20	9	27	25	28	25	31	33	38	36	34	28	25	17
64	170	1	2	119	0	1953125	12	0.0	0	0.35	0	0	V0.2	0	0	21	22	22	21	19	18	16	13	13	15	14	17	20	23	25	27	30	30	30	32	28	24	21	14	11	7	9	31	44	61	78	85	111	147	187	211	206	188	161	161	225	281	315	308	348	370	360	276	202	281	324	518	739	947	1000	986	733	599	491	507	377	336	269	186	116	67	60	62	60	49	34	20	19	25	25	30	23	31	35	36	34	33	28	21	18
64	170	1	2	119	0	1953125	12	0.0	0	0.35	0	0	V0.2	0	0	19	18	18	15	15	12	12	14	14	16	16	21	22	25	26	26	26	24	23	20	18	12	5	5	9	24	32	51	65	83	99	100	114	129	160	171	181	172	166	177	195	177	194	210	304	424	468	481	436	423	343	395	608	910	1000	939	761	617	442	334	214	188	170	120	84	33	9	8	8	4	14	31	38	51	42	42	38	37	37	32	27	21	15	12	7
64	170	1	2	119	0	1953125	12	0.0	0	0.35	0	0	V0.2	0	0	19	17	16	14	13	16	16	18	19	22	24	26	27	28	29	27	24	20	18	14	9	7	11	21	26	43	51	67	88	103	118	115	112	111	135	146	179	180	203	243	233	199	173	176	288	448	546	667	639	629	476	305	523	902	1000	938	825	620	378	196	116	125	110	83	88	64	62	60	40	37	40	56	58	60	57	56	49	45	39	32	25	20	12	9	11
64	170	1	2	119	0	1953125	12	0.0	0	0.35	0	0	V0.2	0	0	23	20	19	17	18	19	17	19	21	22	26	28	30	33	32	31	28	28	23	19	14	9	9	18	27	43	54	75	94	111	130	119	133	117	135	143	189	202	238	287	285	216	139	133	256	464	606	735	710	633	463	310	625	952	1000	934	941	757	516	217	114	130	146	117	106	72	61	56	31	31	39	52	48	62	58	58	52	46	39	33	25	16	12	7	9
64	170	1	2	119	0	1953125	12	0.0	0	0.35	0	0	V0.2	0	0	18	16	15	13	11	12	10	12	14	16	18	21	23	24	24	23	22	22	19	15	13	6	1	9	15	31	40	57	73	89	102	97	109	101	125	143	178	184	192	210	200	155	149	180	273	418	491	564	516	462	311	326	643	1000	997	879	775	621	431	231	148	156	152	111	86	42	31	32	17	13	22	40	45	52	49	45	45	42	37	33	27	20	16	11	9
64	170	1	2	119	0	1953125	12	0.0	0	0.35	0	0	V0.2	0	0	17	17	17	16	15	14	13	11	11	12	13	15	19	23	25	25	25	26	24	23	21	16	11	5	8	20	29	45	60	74	88	89	114	114	135	146	170	180	190	201	194	143	143	201	300	446	493	484	401	294	211	462	752	1000	980	852	786	621	435	241	191	187	173	117	72	23	12	22	13	5	23	37	48	52	49	50	46	43	41	38	31	26	20	16	15
64	170	1	2	119	0	1953125	12	0.0	0	0.35	0	0	V0.2	0	0	16	15	14	14	12	11	12	12	12	15	18	19	20	22	24	24	22	20	18	16	14	8	3	7	14	27	39	50	62	76	88	88	113	114	136	143	159	149	135	141	141	151	182	239	285	417	431	419	342	251	220	510	793	1000	941	753	675	532	394	241	200	174	151	96	54	16	18	20	14	9	23	35	42	44	44	42	39	38	36	31	29	23	17	12	10
64	170	1	2	119	0	1953125	12	0.0	0	0.35	0	0	V0.2	0	0	15	16	14	14	13	11	10	10	12	12	14	16	19	21	22	22	21	20	19	18	14	10	3	4	11	25	37	48	59	69	82	91	125	124	135	130	135	137	140	168	138	118	152	253	338	471	446	376	289	188	262	554	836	1000	992	762	688	454	333	223	215	172	120	68	30	22	28	25	11	20	28	45	49	54	50	48	42	40	39	33	27	21	15	15	15
64	170	1	2	119	0	1953125	12	0.0	0	0.35	0	0	V0.2	0	0	17	17	15	15	13	14	16	18	19	22	23	26	27	26	26	23	22	21	16	14	10	9	10	19	28	44	53	61	71	80	94	94	123	115	130	121	121	114	108	147	126	127	161	264	346	492	457	397	309	218	294	562	859	999	968	707	632	388	292	181	184	136	104	72	50	46	37	29	8	30	46	51	54	53	47	43	37	35	31	27	21	13	7	6	8
64	170	1	2	119	0	1953125	12	0.0	0	0.35	0	0	V0.2	0	0	20	18	16	15	13	13	14	18	20	21	24	26	27	28	26	23	21	18	16	13	11	12	16	26	36	53	65	74	83	85	95	100	129	120	127	111	111	124	136	204	177	152	155	261	373	543	549	526	442	282	316	512	869	994	999	780	745	438	242	119	167	146	123	107	74	65	59	54	38	49	56	68	63	59	53	44	37	32	29	23	16	7	7	11	16
64	170	1	2	119	0	1953125	12	0.0	0	0.35	0	0	V0.2	0	0	16	15	14	14	14	16	17	18	22	23	24	26	25	26	24	18	19	15	12	9	10	13	19	29	38	56	68	76	83	84	93	98	121	115	119	103	105	134	151	225	197	173	164	267	392	543	568	547	471	315	349	508	865	970	1000	825	771	458	216	93	155	159	141	127	95	83	71	62	48	59	67	73	72	64	54	45	37	32	28	20	14	6	6	11	16
64	170	1	2	119	0	1953125	12	0.0	0	0.35	0	0	V0.2	0	0	15	14	14	12	15	16	19	21	23	23	24	25	25	24	23	19	16	12	11	12	13	21	27	36	45	61	72	78	86	85	91	94	113	108	112	96	101	134	167	245	216	191	177	264	398	552	608	616	536	367	348	471	829	941	1000	884	847	536	247	82	114	148	159	151	120	103	89	77	61	71	72	79	73	65	57	48	37	30	26	18	11	8	10	14	19
64	170	1	2	119	0	1953125	12	0.0	0	0.35	0	0	V0.2	0	0	11	12	14	17	20	19	23	25	24	25	23	22	20	18	14	10	10	9	11	18	22	30	37	47	52	65	74	79	87	84	86	83	97	100	102	89	98	153	201	304	281	244	197	275	419	573	661	697	647	494	414	377	724	840	1000	955	959	666	353	181	113	169	188	179	154	137	118	100	82	77	77	76	77	67	58	46	36	30	22	16	11	7	10	13	20
64	170	1	2	119	0	1953125	12	0.0	0	0.35	0	0	V0.2	0	0	11	13	15	18	22	23	24	25	25	22	20	18	15	13	9	8	11	14	18	25	30	39	45	50	54	66	74	77	81	77	74	73	84	95	97	91	101	176	246	338	328	294	241	272	407	556	674	734	672	569	488	367	566	676	906	996	1000	753	444	285	200	235	240	218	188	166	143	120	93	88	84	81	79	66	51	40	30	21	14	6	6	10	16	19	22
64	170	1	2	119	0	1953125	12	0.0	0	0.35	0	0	V0.2	0	0	12	12	11	10	13	15	18	20	22	23	22	23	23	19	17	13	11	9	14	21	25	34	41	48	53	64	71	76	77	74	71	69	81	92	94	100	109	196	271	354	356	323	266	272	378	517	660	726	695	616	524	376	477	580	838	984	1000	800	523	382	263	268	260	234	205	180	155	131	104	91	79	75	65	51	33	20	10	1	6	13	21	21	24	25	25
64	170	1	2	119	0	1953125	12	0.0	0	0.35	0	0	V0.2	0	0	14	15	20	20	23	24	24	23	22	21	18	15	11	10	9	12	16	21	25	32	36	41	48	51	56	61	66	69	70	61	57	59	69	85	86	84	89	176	265	358	374	343	269	229	329	475	636	718	693	645	554	388	390	485	761	970	1000	826	570	424	290	264	246	210	185	167	146	122	96	85	78	69	70	55	41	28	21	12	6	4	12	14	19	23	26
64	170	1	2	119	0	1953125	12	0.0	0	0.35	0	0	V0.2	0	0	13	15	19	21	22	24	25	23	23	21	17	17	15	11	9	11	14	21	24	33	37	42	47	51	55	60	66	67	69	61	54	52	62	79	87	86	85	159	251	351	390	370	285	204	275	451	630	723	690	613	522	366	373	418	697	917	1000	872	622	460	288	259	240	207	179	160	143	125	102	84	76	67	65	53	40	27	18	9	4	6	10	17	20	23	26
64	170	1	2	119	0	1953125	12	0.0	0	0.35	0	0	V0.2	0	0	12	14	16	20	21	21	20	20	19	15	14	10	9	7	7	13	18	23	26	32	37	40	46	47	47	53	56	58	57	49	46	52	64	83	89	83	84	162	263	359	394	368	276	195	266	430	597	691	660	604	528	388	336	383	676	921	1000	878	643	488	315	262	232	191	168	158	142	127	104	85	71	66	56	49	35	26	19	12	4	4	10	13	17	19	23
64	170	1	2	119	0	1953125	12	0.0	0	0.35	0	0	V0.2	0	0	12	11	15	17	19	21	22	21	20	19	17	14	14	11	8	9	11	18	23	29	33	39	44	48	51	56	61	65	67	60	54	57	66	86	90	83	81	150	253	355	405	396	307	204	246	428	609	708	684	640	544	392	280	346	659	936	1000	925	718	574	374	286	245	209	190	180	159	138	112	92	78	73	57	46	30	23	15	11	13	21	26	29	30	33	36
64	170	1	2	119	0	1953125	12	0.0	0	0.35	0	0	V0.2	0	0	14	17	20	21	22	24	24	24	20	18	16	13	10	11	12	16	22	25	29	34	39	44	46	48	51	53	56	55	52	44	41	48	60	84	86	82	86	165	270	359	392	365	270	179	263	433	585	664	639	587	498	363	268	348	650	932	1000	905	693	545	351	270	232	191	172	159	141	123	99	78	65	54	47	35	26	16	7	2	8	15	18	20	23	25	26
64	170	1	2	119	0	1953125	12	0.0	0	0.35	0	0	V0.2	0	0	12	16	18	20	20	22	21	19	19	16	13	10	9	8	10	17	21	26	29	34	36	38	42	42	42	41	40	40	40	37	38	48	65	92	100	111	109	182	272	345	381	350	263	162	241	403	544	607	591	544	459	372	284	367	634	947	999	929	704	553	348	266	228	200	169	149	128	105	86	64	52	42	32	23	10	1	6	12	19	24	25	24	25	24	23
64	170	1	2	119	0	1953125	12	0.0	0	0.35	0	0	V0.2	0	0	18	19	19	20	20	19	16	14	12	11	8	9	11	16	20	24	29	32	34	33	35	34	35	32	30	25	24	27	32	38	48	60	78	104	114	135	129	187	261	320	358	313	245	139	210	351	487	523	557	539	473	414	325	475	701	992	1000	911	672	509	321	241	199	171	139	119	95	73	56	38	31	24	17	5	8	12	15	20	24	25	24	24	24	22	20
64	170	1	2	119	0	1953125	12	0.0	0	0.35	0	0	V0.2	0	0	17	16	16	14	13	12	9	7	7	10	11	14	17	19	22	24	27	27	25	25	24	23	20	16	15	13	18	27	35	49	57	72	86	104	105	133	134	186	232	275	294	217	179	111	208	314	451	466	540	511	421	344	415	660	840	1000	924	798	498	346	240	202	159	126	92	70	50	33	20	12	11	7	15	17	23	24	25	27	27	26	24	22	19	15	12
64	170	1	2	119	0	1953125	12	0.0	0	0.35	0	0	V0.2	0	0	15	15	14	12	9	8	7	7	9	12	14	16	19	22	22	24	24	22	19	16	12	10	7	7	14	21	30	38	48	61	69	81	86	102	102	136	141	175	196	223	234	170	154	109	205	307	450	477	557	522	418	348	482	788	941	1000	831	622	303	188	166	173	122	77	47	30	33	28	27	24	25	30	40	35	39	35	32	29	26	21	18	13	9	4	2
64	170	1	2	119	0	1953125	12	0.0	0	0.35	0	0	V0.2	0	0	13	11	9	8	7	7	11	13	16	17	19	20	21	22	20	21	17	16	10	8	4	1	8	15	23	31	39	47	53	67	72	83	85	102	98	130	128	159	178	199	199	132	131	149	274	372	487	490	533	467	370	374	588	894	1000	973	717	443	155	124	143	160	115	79	58	50	53	46	45	41	45	44	50	45	42	40	33	29	24	20	15	11	5	2	5
64	170	1	2	119	0	1953125	12	0.0	0	0.35	0	0	V0.2	0	0	10	9	6	6	6	7	9	10	13	14	17	18	18	19	18	17	15	12	7	6	1	2	10	18	26	32	42	48	54	66	71	82	83	101	95	125	121	142	157	181	181	124	133	166	300	392	500	488	490	402	334	443	691	954	1000	934	630	356	93	139	164	175	126	87	65	50	53	46	45	42	46	49	50	48	39	37	31	27	23	18	14	8	4	2	5
64	170	1	2	119	0	1953125	12	0.0	0	0.36	0	0	V0.2	0	0	14	15	15	15	16	15	14	14	12	11	9	11	12	14	15	18	18	18	18	19	16	12	5	4	12	19	30	39	49	63	75	86	95	112	108	132	125	149	159	181	179	124	138	190	316	402	489	457	451	359	354	492	741	974	1000	887	554	277	100	185	194	189	135	89	68	55	60	56	56	53	54	54	55	47	39	30	22	17	12	7	7	9	14	14	16
64	170	1	2	119	0	1953125	12	0.0	0	0.35	0	0	V0.2	0	0	12	12	10	9	6	5	4	6	8	10	12	14	17	19	19	20	18	17	12	11	10	9	9	10	16	20	30	36	46	58	65	80	87	105	100	125	122	146	156	182	178	124	127	175	295	384	477	443	430	326	324	485	750	981	1000	879	548	280	107	205	205	189	121	69	44	31	36	35	37	37	42	47	52	46	44	39	36	32	30	25	19	13	10	7	8
64	170	1	2	119	0	1953125	12	0.0	0	0.35	0	0	V0.2	0	0	12	12	11	8	7	6	5	6	9	11	12	15	17	19	18	20	18	18	14	13	11	10	8	8	13	19	26	32	43	51	58	72	84	104	100	125	119	145	157	180	176	122	119	166	273	364	451	406	398	289	270	419	687	942	1000	903	600	330	125	219	226	215	142	80	40	21	17	12	13	13	22	29	36	35	33	32	27	27	25	22	18	14	11	8	2
64	170	1	2	119	0	1953125	12	0.0	0	0.35	0	0	V0.2	0	0	14	14	14	16	15	14	13	11	9	7	6	7	8	13	14	18	19	21	20	23	23	25	24	22	21	13	16	19	27	33	41	58	75	99	99	130	124	164	183	207	196	153	135	204	303	378	433	348	324	214	242	354	640	886	1000	961	685	438	196	263	289	279	210	142	85	64	41	37	28	22	16	11	15	22	21	23	21	22	23	21	20	18	13	10	6
64	170	1	2	119	0	1953125	12	0.0	0	0.35	0	0	V0.2	0	0	12	14	15	16	17	17	18	16	15	13	11	11	8	9	10	15	19	21	24	27	29	34	38	40	38	34	33	29	29	25	26	34	52	78	90	118	108	170	210	260	245	204	174	239	354	462	509	435	330	181	227	330	628	784	923	1000	820	584	259	246	299	316	267	214	153	119	89	77	64	59	52	39	30	13	6	4	9	12	16	20	21	22	21	19	18
64	170	1	2	119	0	1953125	12	0.0	0	0.35	0	0	V0.2	0	0	8	9	9	11	14	16	17	18	18	19	19	19	16	12	11	10	11	14	16	21	25	34	40	45	49	49	49	48	47	41	34	36	53	74	90	107	104	185	239	300	275	226	180	270	408	550	617	570	447	263	214	317	642	738	910	1000	892	657	327	222	242	289	272	241	191	157	122	100	82	77	71	60	52	34	23	10	5	8	11	15	18	20	20	21	19
64	170	1	2	119	0	1953125	12	0.0	0	0.35	0	0	V0.2	0	0	13	13	13	11	14	15	19	20	21	23	23	22	21	20	16	13	13	13	16	21	25	33	41	48	53	60	64	62	61	56	46	47	57	69	82	82	90	174	250	344	336	278	179	201	380	569	672	669	548	410	296	194	449	610	870	1000	963	765	449	307	210	241	242	229	200	174	145	118	95	85	78	70	61	45	32	20	10	8	12	17	21	24	25	26	25
64	170	1	2	119	0	1953125	12	0.0	0	0.35	0	0	V0.2	0	0	14	13	14	16	19	21	23	26	27	26	25	26	24	22	17	15	13	13	18	21	29	37	49	56	59	69	79	79	85	75	73	61	73	77	98	94	100	176	239	347	343	302	209	236	388	588	733	800	709	527	364	232	567	666	939	981	1000	748	427	249	184	244	244	233	200	176	150	126	99	91	86	83	73	64	46	33	22	11	9	9	12	17	22	25	27
64	170	1	2	119	0	1953125	12	0.0	0	0.35	0	0	V0.2	0	0	12	9	9	12	12	13	16	17	19	21	21	22	21	20	19	15	13	8	8	8	9	19	25	36	40	55	65	71	82	79	79	73	87	89	99	92	101	138	173	260	259	219	137	150	308	507	628	642	592	471	387	278	512	738	1000	957	947	589	261	50	100	122	117	104	90	85	80	71	52	48	47	54	63	58	55	46	36	31	24	18	10	6	3	3	9
64	170	1	2	119	0	1953125	12	0.0	0	0.35	0	0	V0.2	0	0	13	14	11	11	11	9	11	13	12	17	17	20	19	22	22	20	19	17	14	12	8	4	6	15	21	37	46	57	73	76	79	77	96	99	111	125	139	153	168	206	194	150	88	156	274	438	531	527	503	396	322	294	539	794	1000	886	925	551	260	109	199	191	147	90	57	31	25	28	18	16	19	32	41	42	43	42	33	31	28	25	21	15	12	7	2
64	170	1	2	119	0	1953125	12	0.0	0	0.35	0	0	V0.2	0	0	15	18	17	17	15	14	12	12	11	11	12	14	17	17	22	23	25	25	25	26	23	20	18	14	9	15	19	34	50	62	69	70	94	104	118	139	156	176	195	223	217	166	89	153	257	406	518	476	459	350	296	256	427	706	992	926	1000	633	334	204	257	249	203	124	81	40	15	12	22	16	6	13	31	43	41	45	44	42	39	38	34	27	24	20	16
64	170	1	2	119	0	1953125	12	0.0	0	0.35	0	0	V0.2	0	0	5	8	9	12	13	13	16	14	12	11	12	7	6	6	7	10	14	17	20	24	27	28	31	28	28	28	22	29	35	45	54	53	79	92	108	135	163	187	209	225	215	170	136	227	334	461	531	459	388	249	146	221	436	762	1000	922	989	649	376	257	303	317	283	196	138	79	52	35	46	43	33	11	21	36	46	53	52	49	50	50	48	41	38	32	29
64	170	1	2	119	0	1953125	12	0.0	0	0.35	0	0	V0.2	0	0	11	15	16	18	19	21	21	20	19	18	15	14	11	14	14	16	20	24	27	31	37	34	38	35	32	29	20	23	26	41	50	48	74	91	114	144	163	185	224	229	227	179	149	250	360	477	566	455	365	196	101	190	403	742	994	940	1000	667	387	264	294	321	309	230	177	105	73	46	55	48	44	29	6	15	32	39	43	41	39	39	39	37	33	26	24
64	170	2	2	119	0	1953125	12	0.0	0	0.35	0	0	V0.2	0	0	9	8	7	6	4	4	1	1	4	7	9	10	11	13	15	14	13	12	10	10	8	6	12	14	24	33	31	55	61	81	86	78	89	105	119	154	177	189	218	207	214	166	144	232	362	496	631	554	427	288	120	207	402	816	1000	943	968	665	433	279	254	297	324	276	234	156	122	84	83	79	85	76	62	42	27	21	24	30	29	30	33	39	41	39	40
64	170	2	2	119	0	1953125	12	0.0	0	0.35	0	0	V0.2	0	0	16	16	18	19	17	17	18	18	19	20	20	22	19	21	22	21	22	32	28	24	22	25	19	23	26	25	46	36	32	34	28	23	4	21	12	74	74	55	79	128	139	163	220	318	365	311	491	422	461	385	693	580	672	1000	890	727	830	565	465	257	259	197	80	52	25	46	44	54	63	60	75	71	71	70	66	64	56	49	43	37	39	34	38	31	30
64	170	2	2	119	0	1953125	12	0.0	0	0.35	0	0	V0.2	0	0	12	11	10	6	2	6	6	8	8	12	14	16	18	21	20	20	16	17	14	13	11	8	10	15	25	34	33	57	68	96	105	93	98	115	140	189	201	201	224	210	258	210	165	213	381	531	685	614	493	374	170	216	399	819	986	1000	936	681	510	394	280	279	310	290	257	182	140	90	88	84	93	81	64	46	26	20	18	22	22	26	28	35	34	35	36
64	170	2	2	119	0	1953125	12	0.0	0	0.35	0	0	V0.2	0	0	13	24	28	17	22	35	22	23	32	22	28	35	34	28	25	28	36	36	27	48	46	33	45	45	59	57	10	46	65	33	52	104	86	62	97	41	60	40	74	219	182	143	88	210	200	341	448	73	418	578	118	543	482	1000	395	235	965	340	175	579	239	225	141	129	145	66	79	107	90	52	77	57	71	72	63	63	35	54	48	50	53	50	38	34	51
64	170	2	2	119	0	1953125	12	0.0	0	0.35	0	0	V0.2	0	0	20	21	24	22	22	23	23	21	19	18	16	16	16	18	23	26	30	32	34	34	36	33	32	23	20	9	3	21	39	71	97	89	91	103	144	208	227	220	205	200	267	240	214	189	332	428	565	514	436	395	262	284	366	729	915	1000	859	683	491	423	286	281	271	239	184	120	79	49	49	40	40	22	2	16	25	34	33	36	37	35	33	33	27	20	18
64	170	2	2	119	0	1953125	12	0.0	0	0.35	0	0	V0.2	0	0	16	19	21	21	19	20	20	19	15	15	13	14	14	17	20	22	25	27	30	32	33	32	32	26	21	13	11	25	40	64	83	81	81	106	145	199	211	219	211	208	255	256	246	228	347	419	510	431	374	387	303	311	391	710	913	1000	818	667	443	420	294	299	279	235	178	117	83	59	51	49	42	23	5	18	32	34	38	39	40	41	40	35	31	25	24
64	170	2	2	119	0	1953125	12	0.0	0	0.35	0	0	V0.2	0	0	10	12	14	16	18	17	19	19	17	16	15	12	8	10	12	14	20	23	25	30	33	33	38	33	33	27	27	35	35	49	59	62	66	111	140	188	182	191	202	191	237	277	320	321	401	424	451	312	197	205	207	344	573	823	957	1000	745	553	344	407	333	337	316	261	189	118	82	75	72	66	55	36	16	14	24	33	35	40	43	46	44	41	38	32	28
64	170	2	2	119	0	1953125	12	0.0	0	0.35	0	0	V0.2	0	0	19	20	23	24	24	24	24	24	21	18	19	16	17	18	18	22	27	28	32	38	37	36	35	32	31	26	21	23	30	45	61	72	90	130	156	198	192	195	193	194	250	338	380	358	386	356	365	234	113	171	288	473	744	949	1000	967	688	523	385	443	365	347	304	242	175	116	92	80	70	64	52	31	12	6	14	18	19	24	27	31	30	30	27	24	19
64	170	2	2	119	0	1953125	12	0.0	0	0.35	0	0	V0.2	0	0	22	24	27	29	29	28	27	28	24	24	20	20	19	20	23	27	33	36	40	42	44	40	42	38	38	26	22	26	34	49	71	91	117	162	188	222	214	220	233	263	345	424	439	396	372	277	289	241	230	333	451	616	829	991	1000	955	721	655	586	636	493	411	314	226	173	134	122	109	85	69	51	23	6	13	16	21	20	30	36	36	35	33	29	25	19
64	170	1	2	119	0	1953125	12	0.0	0	0.35	0	0	V0.2	0	0	19	23	25	27	25	27	25	23	19	18	15	14	19	21	23	28	30	35	39	41	41	35	35	29	32	24	17	28	41	60	78	103	141	181	201	229	238	250	274	316	409	453	446	379	336	225	264	344	398	541	648	722	859	1000	978	925	756	787	783	783	578	423	278	187	164	138	131	104	74	45	25	4	20	28	28	35	35	44	47	49	49	43	37	30	26
64	170	1	2	119	0	1953125	12	0.0	0	0.35	0	0	V0.2	0	0	29	27	26	24	20	20	18	18	21	22	25	29	34	34	37	36	36	35	34	30	26	15	6	7	9	18	29	57	80	100	119	140	166	193	209	225	247	256	262	306	385	392	405	372	354	273	282	381	516	694	825	836	911	1000	927	863	726	798	770	733	523	360	209	118	116	105	98	76	50	27	16	11	17	22	19	24	31	34	38	37	33	29	25	20	14
64	170	1	2	119	0	1953125	12	0.0	0	0.35	0	0	V0.2	0	0	25	27	22	22	19	20	21	20	24	28	29	34	36	35	37	35	33	30	27	25	20	12	9	18	21	32	45	62	88	109	132	145	165	179	194	198	224	218	236	294	345	343	375	405	409	369	326	409	555	719	837	846	953	1000	913	819	658	664	583	528	386	252	128	36	26	27	23	30	31	44	46	52	56	51	52	48	50	49	43	39	33	23	18	9	6
64	170	1	2	119	0	1953125	12	0.0	0	0.35	0	0	V0.2	0	0	22	22	19	17	19	18	19	22	26	32	32	34	38	36	34	32	27	26	19	20	10	14	18	35	38	50	67	81	105	123	135	149	163	175	190	170	186	166	195	272	319	325	398	463	505	491	377	455	574	680	801	849	972	1000	907	820	595	478	390	349	292	228	157	99	58	42	55	71	70	82	81	75	74	63	58	54	49	42	37	29	24	13	8	10	17
64	170	1	2	119	0	1953125	12	0.0	0	0.35	0	0	V0.2	0	0	22	19	19	18	21	23	23	26	29	33	35	36	34	33	30	26	21	19	19	17	17	25	30	42	49	62	75	89	105	123	134	141	154	163	178	163	179	155	189	266	319	350	436	526	562	553	436	524	609	695	810	883	1000	972	867	783	586	442	337	274	281	257	220	168	125	97	97	100	98	109	102	94	86	75	62	57	51	46	37	23	14	7	12	18	24
64	170	1	2	119	0	1953125	12	0.0	0	0.35	0	0	V0.2	0	0	19	17	16	15	16	20	22	27	28	33	33	35	31	30	27	25	18	16	12	16	17	30	38	50	58	71	81	92	110	126	130	139	148	157	178	164	175	162	198	278	323	373	466	560	602	584	458	570	636	702	828	897	999	937	846	778	621	455	363	294	343	333	290	227	167	132	122	120	118	126	114	101	86	70	59	53	46	37	25	16	10	14	19	23	30
64	170	1	2	119	0	1953125	12	0.0	0	0.36	0	0	V0.2	0	0	26	25	22	19	17	18	19	21	23	30	30	34	32	34	32	29	27	23	21	18	20	28	38	51	60	72	81	90	105	119	122	126	128	138	167	162	175	169	212	280	338	426	516	603	621	618	475	540	514	591	788	921	1000	892	793	748	672	502	429	352	430	429	393	306	232	177	156	151	145	144	124	103	79	54	43	29	25	26	19	21	32	37	40	39	36
64	170	1	2	119	0	1953125	12	0.0	0	0.35	0	0	V0.2	0	0	19	18	16	17	15	20	22	25	31	32	34	34	32	29	28	23	20	17	17	23	29	39	49	68	77	82	78	88	102	111	106	102	112	133	157	181	179	202	247	280	335	466	545	644	625	604	447	440	374	525	764	907	1000	982	972	896	882	655	562	518	558	525	479	367	255	185	165	169	168	148	120	88	56	33	29	30	32	37	40	48	57	56	57	51	45
64	170	1	2	119	0	1953125	12	0.0	0	0.35	0	0	V0.2	0	0	10	12	14	15	18	20	22	21	23	22	20	19	16	14	12	14	15	20	23	26	29	36	44	52	52	48	41	40	46	51	61	76	89	111	116	155	166	209	221	219	243	323	352	434	407	461	391	323	235	240	366	523	706	874	1000	975	916	647	493	417	404	354	326	243	160	111	91	91	79	65	44	24	7	12	26	33	38	38	40	43	42	39	34	27	20
64	170	1	2	119	0	1953125	12	0.0	0	0.35	0	0	V0.2	0	0	16	17	19	21	20	20	19	18	18	14	14	13	12	15	17	22	25	26	29	31	30	32	37	38	35	28	22	18	26	30	57	78	95	108	108	150	164	206	208	203	218	258	251	312	312	415	404	349	322	232	277	381	598	806	1000	978	881	583	393	324	324	280	248	182	119	86	61	55	43	37	25	15	9	13	24	25	27	28	28	28	28	25	20	15	11
64	170	1	2	119	0	1953125	12	0.0	0	0.35	0	0	V0.2	0	0	11	13	14	16	17	17	15	14	12	12	10	8	6	9	11	15	18	21	21	25	26	30	34	37	37	31	26	23	31	33	54	68	80	88	91	135	143	188	191	199	210	258	229	280	293	399	420	393	353	244	248	326	558	760	998	1000	871	567	338	312	322	286	243	184	133	105	72	59	50	42	30	19	9	9	20	25	28	28	30	30	28	29	24	19	14
64	170	1	2	119	0	1953125	12	0.0	0	0.35	0	0	V0.2	0	0	15	17	17	17	16	17	15	13	10	8	8	8	9	12	15	20	20	23	23	25	26	27	28	31	27	23	18	19	28	34	56	73	82	89	93	137	145	188	190	201	198	239	203	248	278	380	429	419	384	280	262	283	501	706	961	999	891	600	316	268	290	275	239	186	139	109	72	63	50	43	33	27	21	13	11	15	15	15	16	18	19	17	14	14	11
64	170	1	2	119	0	1953125	12	0.0	0	0.35	0	0	V0.2	0	0	14	16	17	19	19	19	18	16	15	13	11	10	7	10	13	17	21	24	25	28	29	31	36	38	36	33	28	23	28	28	40	48	59	69	82	125	129	181	183	216	222	246	203	224	272	396	471	454	406	292	258	214	443	641	923	1000	886	618	327	271	272	263	235	198	150	118	77	66	49	46	37	30	21	13	10	13	16	17	19	20	22	23	21	17	15
64	170	1	2	119	0	1953125	12	0.0	0	0.35	0	0	V0.2	0	0	12	13	14	17	18	19	19	18	16	14	13	12	9	8	11	15	19	22	25	29	31	33	38	40	41	37	33	29	33	31	36	41	54	71	93	139	133	190	199	248	261	269	217	196	261	398	508	511	468	370	300	170	421	608	885	1000	922	717	432	309	247	253	243	216	168	132	93	75	56	49	40	29	25	14	8	11	17	18	20	22	22	23	20	19	15
64	170	1	2	119	0	1953125	12	0.0	0	0.35	0	0	V0.2	0	0	14	16	18	19	21	19	20	21	18	15	13	11	10	11	13	17	22	26	29	31	33	36	39	41	42	37	34	29	30	25	29	34	53	75	100	143	122	186	215	271	277	254	198	209	301	423	525	515	491	401	351	175	399	589	893	1000	956	757	468	333	251	256	237	213	169	139	98	76	56	51	42	31	22	12	6	12	15	19	21	24	23	23	22	20	19
64	170	1	2	119	0	1953125	12	0.0	0	0.35	0	0	V0.2	0	0	13	15	18	20	20	20	22	19	18	16	12	11	10	11	14	18	23	27	29	32	34	38	41	41	40	34	33	29	30	24	27	30	51	87	114	154	128	188	228	297	324	295	233	147	241	396	550	560	536	460	383	300	384	498	720	948	1000	884	593	415	252	250	235	214	169	135	103	83	62	46	36	25	17	8	3	12	16	20	23	24	24	24	24	21	20
64	170	1	2	119	0	1953125	12	0.0	0	0.35	0	0	V0.2	0	0	17	19	19	22	23	22	21	20	16	14	11	11	11	12	14	20	26	30	33	35	35	39	39	38	35	31	30	27	28	25	28	36	58	100	119	155	134	185	242	308	345	311	250	136	213	363	514	535	542	498	444	387	429	518	696	929	1000	917	647	472	282	246	221	196	152	123	101	83	58	40	31	22	17	10	10	14	18	20	21	25	27	24	22	22	18
64	170	1	2	119	0	1953125	12	0.0	0	0.35	0	0	V0.2	0	0	10	11	14	16	19	19	19	18	17	15	11	10	7	7	10	17	20	25	28	31	34	36	38	35	34	31	30	28	30	26	29	41	67	109	119	140	124	170	243	316	359	329	255	135	186	339	460	472	508	530	515	488	413	479	652	931	1000	926	689	510	310	235	192	168	142	122	103	78	52	32	24	17	8	6	16	22	23	28	31	32	30	29	26	23	19
64	170	1	2	119	0	1953125	12	0.0	0	0.35	0	0	V0.2	0	0	17	19	20	21	20	19	19	18	13	12	11	11	12	15	18	23	26	28	30	32	32	32	31	26	22	17	17	18	24	27	36	52	82	121	125	137	119	172	239	302	339	289	221	114	156	298	417	423	499	542	517	489	377	459	625	917	1000	939	683	498	289	197	150	133	111	98	84	62	40	20	17	8	8	15	16	22	21	25	29	29	25	21	17	15	12
64	170	1	2	119	0	1953125	12	0.0	0	0.35	0	0	V0.2	0	0	17	17	17	17	16	14	11	10	8	7	8	11	14	19	21	25	27	28	30	29	29	27	24	18	15	8	12	22	29	38	44	63	90	125	133	147	123	152	207	277	338	287	247	126	86	222	380	425	539	606	596	581	448	527	608	898	999	972	678	463	253	152	103	89	68	64	50	36	16	8	9	15	24	29	31	35	34	37	37	35	32	27	22	21	14
64	170	1	2	119	0	1953125	12	0.0	0	0.35	0	0	V0.2	0	0	13	13	14	15	12	11	10	6	4	3	6	9	12	16	19	23	25	27	27	27	24	24	23	17	14	12	17	26	31	47	53	74	99	126	138	158	136	147	199	278	352	298	269	145	73	218	399	476	625	707	684	663	496	605	663	937	1000	971	651	433	247	117	49	35	27	24	12	13	29	37	41	46	51	52	53	52	52	52	49	46	39	33	29	24	20
64	170	1	2	119	0	1953125	12	0.0	0	0.35	0	0	V0.2	0	0	15	13	10	9	9	11	14	16	19	21	24	24	26	26	23	20	17	15	8	5	3	9	17	24	32	42	49	57	66	80	82	102	112	132	136	152	125	132	176	261	334	299	310	193	121	238	461	597	760	803	716	664	542	685	729	968	1000	959	609	382	249	113	66	35	29	24	43	45	48	46	44	39	38	41	39	34	33	32	29	26	18	12	9	7	7
64	170	1	2	119	0	1953125	12	0.0	0	0.35	0	0	V0.2	0	0	16	15	13	10	9	11	13	17	20	21	24	26	27	27	26	24	21	18	12	7	2	7	16	25	34	44	53	60	67	83	85	103	108	129	135	153	132	133	179	264	334	302	311	195	144	275	501	643	780	792	687	632	540	751	815	1000	944	854	526	320	243	110	85	59	61	60	78	77	75	69	65	64	64	56	51	44	40	34	26	20	10	8	5	9	14
64	170	1	2	119	0	1953125	12	0.0	0	0.35	0	0	V0.2	0	0	13	11	9	7	9	11	15	18	20	22	24	25	24	24	21	19	14	12	3	3	7	16	23	33	40	51	59	64	70	81	80	95	96	118	123	136	124	128	187	267	323	305	302	197	188	320	537	688	772	754	615	552	492	734	812	1000	923	810	514	310	257	127	113	85	88	88	100	91	84	76	72	67	62	60	46	42	38	31	23	16	9	5	8	14	17
64	170	1	2	119	0	1953125	12	0.0	0	0.35	0	0	V0.2	0	0	13	13	10	10	13	14	19	20	22	24	25	25	23	23	20	17	13	7	6	7	12	19	26	37	43	53	60	66	70	80	78	90	89	113	118	131	125	124	181	254	313	299	303	200	192	331	551	699	759	730	567	519	475	736	806	999	921	798	516	307	259	129	119	97	103	99	109	99	88	79	76	67	67	62	49	42	37	30	20	16	7	6	9	14	21
64	170	1	2	119	0	1953125	12	0.0	0	0.35	0	0	V0.2	0	0	14	11	11	11	12	14	17	20	22	23	26	26	25	22	21	18	13	11	6	9	12	20	27	38	45	56	64	68	71	79	78	88	82	104	113	135	139	134	178	238	291	281	288	199	235	375	577	711	720	656	469	478	520	799	850	999	877	728	461	258	215	127	138	122	127	118	119	101	85	76	76	70	68	59	50	38	31	24	17	9	6	8	11	19	21
64	170	1	2	119	0	1953125	12	0.0	0	0.35	0	0	V0.2	0	0	11	11	11	11	13	16	19	21	22	24	25	24	24	22	20	16	12	9	7	9	13	18	26	38	45	56	62	68	69	73	71	81	79	108	108	128	131	133	176	236	269	245	243	189	296	436	610	706	665	568	398	518	630	900	921	1000	810	635	365	172	153	132	148	134	136	122	114	94	78	72	75	74	69	58	47	38	32	26	16	12	9	7	10	15	21
64	170	1	2	119	0	1953125	12	0.0	0	0.35	0	0	V0.2	0	0	12	9	8	9	12	14	18	19	24	24	26	25	24	20	19	15	10	5	7	12	16	21	31	42	50	61	69	71	70	74	73	83	81	108	102	125	138	139	182	237	286	274	276	211	303	437	650	768	734	640	401	471	586	881	928	1000	832	650	399	205	185	173	190	170	164	143	130	105	89	81	81	75	68	61	47	36	28	21	14	8	9	11	16	20	24
64	170	1	2	119	0	1953125	12	0.0	0	0.35	0	0	V0.2	0	0	11	9	8	7	10	11	15	17	21	22	23	23	20	20	18	16	10	3	4	10	13	20	30	38	47	59	64	68	69	74	71	82	77	103	101	121	141	140	187	241	294	292	290	209	279	424	650	791	759	662	404	443	538	843	905	1000	861	680	446	250	217	172	195	179	176	155	140	114	98	88	87	78	73	65	50	36	28	20	16	12	13	16	21	26	30
64	170	1	2	119	0	1953125	12	0.0	0	0.35	0	0	V0.2	0	0	10	8	8	10	13	16	20	21	23	23	23	24	21	19	15	12	7	3	9	15	19	27	34	44	51	63	67	67	67	73	72	79	77	102	100	122	138	139	187	247	303	302	308	213	257	401	641	800	805	733	463	419	467	789	879	1000	890	708	465	263	228	163	180	160	158	140	132	109	94	85	82	75	71	57	46	35	28	20	12	10	6	9	13	19	23
64	170	1	2	119	0	1953125	12	0.0	0	0.35	0	0	V0.2	0	0	11	11	10	10	13	17	19	21	23	25	26	25	22	23	17	14	10	3	7	11	18	25	31	41	50	62	67	68	71	76	78	86	83	104	106	126	143	140	191	260	322	339	344	239	210	357	608	805	855	807	550	468	466	755	843	999	921	750	521	323	278	166	165	139	142	134	132	115	99	88	83	75	68	61	49	38	31	23	14	7	5	8	15	20	23
64	170	1	2	119	0	1953125	12	0.0	0	0.35	0	0	V0.2	0	0	10	10	9	7	7	10	13	18	20	21	22	24	22	21	20	17	13	7	3	4	9	16	24	35	44	54	61	65	69	78	86	94	93	107	111	128	140	142	195	271	328	344	339	225	180	335	569	785	863	836	590	486	469	752	838	1000	915	750	528	333	281	153	148	121	121	121	125	113	101	89	84	74	70	62	53	40	36	30	18	12	9	12	14	20	26
64	170	1	2	119	0	1953125	12	0.0	0	0.35	0	0	V0.2	0	0	13	9	8	8	9	11	13	17	19	21	23	23	24	23	23	20	15	11	6	1	5	13	20	30	38	50	54	59	65	75	84	93	98	108	111	130	135	141	193	260	320	325	318	214	138	319	522	716	827	805	610	534	487	741	822	1000	909	735	511	308	244	126	109	89	84	88	99	94	88	81	73	70	61	61	49	44	39	34	23	17	11	5	8	13	19
64	170	1	2	119	0	1953125	12	0.0	0	0.35	0	0	V0.2	0	0	13	13	10	8	5	4	8	9	12	16	17	20	21	22	22	22	19	15	13	7	4	6	12	22	29	38	41	51	60	70	79	89	97	114	115	139	139	152	192	253	304	283	261	155	138	334	509	654	749	718	552	529	537	799	856	1000	880	713	457	257	181	89	75	62	59	65	76	74	71	70	66	59	60	55	51	46	40	36	25	21	12	8	9	9	15
64	170	1	2	119	0	1953125	12	0.0	0	0.35	0	0	V0.2	0	0	8	7	6	4	7	7	11	14	15	17	19	20	20	20	19	18	14	10	5	2	6	12	20	27	35	43	47	52	58	69	76	88	91	106	103	129	133	146	181	238	292	276	262	161	156	337	507	634	736	707	545	513	530	801	867	999	875	727	472	275	185	94	66	50	50	54	63	60	55	51	49	49	49	44	40	39	37	32	28	23	16	11	6	4	6
64	170	1	2	119	0	1953125	12	0.0	0	0.35	0	0	V0.2	0	0	12	10	9	9	8	10	13	15	18	19	22	23	22	22	20	19	15	9	5	1	6	12	21	28	37	45	47	55	63	72	80	90	97	111	102	118	123	143	183	237	282	259	242	147	174	359	513	628	720	694	537	502	519	781	847	1000	887	761	508	299	191	93	64	49	49	48	58	52	51	46	44	42	43	40	35	33	30	27	25	19	12	9	8	8	9
64	170	1	2	119	0	1953125	12	0.0	0	0.35	0	0	V0.2	0	0	12	10	8	7	6	7	10	13	16	18	20	22	21	22	21	19	16	11	9	4	4	9	16	24	31	40	43	50	58	73	81	96	100	112	101	126	139	162	189	229	266	236	234	138	180	352	518	619	720	697	542	492	515	815	871	1000	851	743	499	318	209	102	59	42	39	37	45	36	37	35	34	33	37	35	30	34	33	33	27	23	18	15	11	9	7
64	170	1	2	119	0	1953125	12	0.0	0	0.35	0	0	V0.2	0	0	16	15	12	10	10	7	7	10	12	14	19	21	22	25	25	26	24	21	18	15	10	7	9	13	21	28	34	48	56	71	83	98	109	131	114	129	147	199	235	264	265	198	171	130	242	399	553	596	660	624	525	532	603	859	883	999	861	767	509	345	210	158	116	93	67	57	48	34	28	17	17	19	21	26	22	25	27	27	24	22	19	15	13	10	9
64	170	1	2	119	0	1953125	12	0.0	0	0.35	0	0	V0.2	0	0	9	7	7	6	3	2	6	8	9	12	14	17	18	19	20	20	18	17	14	14	10	8	11	11	18	24	29	36	45	57	71	83	83	101	94	126	133	183	204	234	230	180	157	161	267	415	550	542	548	434	345	365	528	775	900	999	841	670	401	321	226	213	168	143	104	80	57	44	35	27	27	22	19	9	7	6	10	13	14	15	17	18	18	19	19
64	170	1	2	119	0	1953125	12	0.0	0	0.34	0	0	V0.2	0	0	18	19	18	17	16	15	13	11	8	8	9	11	14	18	20	24	26	30	32	35	33	35	34	30	29	27	23	22	23	26	43	58	57	73	79	122	134	196	234	263	252	231	203	224	345	485	593	556	528	398	304	284	519	716	893	1000	872	692	428	379	297	271	222	199	157	120	85	66	55	50	43	32	26	16	10	6	5	10	15	17	20	21	23	24	25
64	170	1	2	119	0	1953125	12	0.0	0	0.35	0	0	V0.2	0	0	13	11	10	9	9	10	13	15	17	18	21	23	21	21	18	14	10	6	5	11	17	25	30	39	42	52	62	69	72	74	80	79	93	76	84	89	127	173	217	246	203	168	193	351	475	600	598	582	540	468	508	571	754	865	1000	859	733	458	263	169	209	220	187	157	125	106	90	79	64	61	59	58	55	45	37	33	26	20	12	6	2	2	4	7	10
64	170	1	2	119	0	1953125	12	0.0	0	0.34	0	0	V0.2	0	0	10	8	7	5	4	5	6	8	11	14	15	17	18	20	21	21	23	21	21	21	19	16	15	13	13	18	21	30	33	39	57	75	92	96	94	104	154	191	239	217	169	145	218	315	428	456	448	379	307	366	378	490	657	836	1000	967	860	536	345	328	330	297	254	190	147	98	72	56	52	46	40	33	27	17	9	8	4	6	9	12	15	15	19	18	20
64	170	1	2	119	0	1953125	12	0.0	0	0.34	0	0	V0.2	0	0	12	14	15	17	18	20	20	20	20	19	18	16	14	10	7	5	5	9	12	16	22	28	35	37	46	50	54	55	62	78	83	87	78	65	72	103	130	161	169	171	141	118	210	296	398	448	476	487	457	427	439	614	821	1000	939	867	612	419	262	218	179	162	129	117	86	65	55	36	35	36	43	42	44	37	36	35	33	31	28	26	24	18	15	9	5
64	170	1	2	119	0	1953125	12	0.0	0	0.34	0	0	V0.2	0	0	18	16	14	12	11	9	9	11	13	17	20	21	24	25	30	29	30	27	29	27	25	23	18	18	12	10	15	21	39	53	70	81	94	103	118	158	202	227	247	221	185	257	306	375	402	456	472	422	334	232	370	519	800	902	1000	977	845	575	419	334	345	341	305	267	188	143	101	101	92	89	71	60	50	40	28	21	12	9	4	3	6	10	11	14	15
64	170	1	2	119	0	1953125	12	0.0	0	0.34	0	0	V0.2	0	0	12	13	15	16	19	20	21	21	22	22	21	19	18	15	15	13	14	14	16	19	24	30	35	44	48	54	48	53	58	67	73	63	48	47	71	103	156	149	180	168	139	156	228	333	395	440	473	502	475	320	209	446	755	994	1000	792	612	327	209	148	209	176	162	116	81	56	35	37	31	40	39	45	39	41	37	37	32	26	19	17	17	12	7	3	1
64	170	1	2	119	0	1953125	12	0.0	0	0.35	0	0	V0.2	0	0	19	17	15	15	14	13	12	11	13	13	16	17	18	21	20	23	21	22	17	18	15	13	10	16	21	36	42	52	55	69	81	86	88	80	79	129	157	157	136	76	75	77	164	205	247	292	297	342	373	369	264	34	368	825	999	976	668	383	216	290	305	316	268	183	134	83	76	59	55	41	34	22	9	5	9	13	17	19	20	20	19	18	16	14	9
