34928	35048	35167	35286	35405	35524	35644	35763	35882	36001	36120	36240	36359	36478	36597	36716	36836	36955	37074	37193	37313	37432	37551	37670	37789	37909	38028	38147	38266	38385	38505	38624	38743	38862	38981	39101	39220	39339	39458	39577	39697	39816	39935	40054	40174	40293	40412	40531	40650	40770	40889	41008	41127	41246	41366	41485	41604	41723	41842	41962	42081	42200	42319	42439	42558	42677	42796	42915	43035	43154	43273	43392	43511	43631	43750	43869	43988	44107	44227	44346	44465	44584	44703	44823	44942
64	170	2	2	119	0	1953125	12	0.0	6617	2.16	0	0	V0.2	0	0	41	114	58	105	63	113	80	104	97	116	104	105	133	119	136	122	161	129	169	162	201	169	214	220	241	218	269	288	304	302	332	317	321	355	399	344	284	327	411	454	497	585	631	514	379	342	439	335	346	474	622	684	803	871	1000	822	704	549	525	329	324	339	464	355	398	379	466	354	373	303	352	280	338	294	307	222	256	221	226	191	218	194	193	189	202
64	170	2	2	119	0	1953125	12	0.0	6575	2.15	0	0	V0.2	0	0	102	48	114	60	107	73	111	72	97	100	108	97	95	124	105	127	111	151	117	163	144	178	131	183	165	194	173	223	213	231	204	228	211	230	256	272	276	348	456	504	464	512	513	508	269	204	207	229	84	325	599	718	813	1000	986	884	451	332	504	671	472	403	293	374	219	290	269	342	203	270	245	300	179	220	182	225	174	220	171	173	139	168	136	131	125
64	170	2	2	119	0	1953125	12	0.0	124	1.04	0	0	V0.2	0	0	345	338	331	300	293	275	256	238	207	190	160	145	109	121	123	127	144	180	196	220	263	289	321	319	366	389	428	378	421	405	528	398	548	436	614	370	587	426	681	301	603	167	529	133	844	328	816	66	1000	347	959	676	960	772	674	560	882	541	579	693	436	601	426	498	432	446	294	446	359	385	296	310	304	272	227	235	219	192	166	129	122	95	75	56	40
64	170	2	2	119	0	1953125	12	0.0	152	1.05	0	0	V0.2	0	0	74	76	73	64	76	48	77	33	74	16	68	10	60	25	50	44	33	62	18	83	14	88	45	87	87	118	126	148	140	153	201	214	244	233	252	161	298	325	518	550	594	574	548	531	651	731	739	833	675	554	241	385	652	782	858	1000	853	811	654	692	526	668	491	563	304	383	173	279	123	226	121	184	78	131	82	99	76	68	75	47	78	53	68	46	56
64	170	2	2	119	0	1953125	12	0.0	6630	2.16	0	0	V0.2	0	0	51	59	51	52	46	51	45	48	36	36	39	35	27	34	24	50	26	58	36	57	45	73	57	84	50	94	30	111	45	118	64	185	112	211	69	47	192	208	110	335	253	297	124	314	434	405	529	747	725	457	695	798	662	360	1000	671	505	448	454	279	291	382	195	222	164	161	84	60	85	14	63	37	7	47	29	28	14	22	13	33	16	34	22	20	12
64	170	2	2	119	0	1953125	12	0.0	151	1.05	0	0	V0.2	0	0	293	278	273	267	261	233	203	208	189	129	137	125	103	83	109	118	123	140	173	202	219	227	268	295	308	316	323	361	389	385	435	416	394	358	345	376	443	481	475	330	486	273	408	517	425	640	648	417	568	421	496	540	718	437	1000	361	575	229	494	212	722	223	583	167	432	334	393	279	355	265	300	249	265	244	243	203	167	165	148	123	95	82	67	54	20
64	170	2	2	119	0	1953125	12	0.0	126	1.04	0	0	V0.2	0	0	128	40	123	32	112	21	107	10	95	18	79	35	62	53	45	69	18	91	18	124	29	145	42	161	76	185	112	220	126	254	208	345	283	444	274	465	224	394	259	547	426	598	400	584	427	661	626	958	821	1000	920	879	669	828	726	912	872	950	747	539	359	314	263	353	336	335	327	270	273	208	235	169	204	138	162	99	118	87	102	78	81	72	74	62	67
64	170	2	2	119	0	1953125	12	0.0	6632	2.16	0	0	V0.2	0	0	56	45	43	37	44	40	35	30	29	26	18	22	14	8	11	2	14	13	24	23	42	27	46	48	71	56	84	79	81	75	143	110	184	163	182	249	190	105	56	362	234	341	211	513	409	357	387	685	450	848	999	570	836	984	796	890	727	928	643	372	89	297	100	238	92	152	67	148	59	111	52	93	74	81	81	58	46	33	35	16	36	21	31	12	21
64	170	2	2	119	0	1953125	12	0.0	0	0.23	0	0	V0.2	0	0	13	11	12	11	13	-6	-8	-7	-3	-1	1	4	3	5	4	7	4	7	9	13	13	13	14	13	11	17	17	15	12	13	14	14	16	10	3	6	4	6	2	2	-4	-5	-4	-3	0	1	-2	-3	-8	-11	-13	-9	-7	-8	-6	-7	-6	-2	4	6	11	12	14	10	6	7	10	18	21	21	26	22	22	19	20	17	17	15	13	16	16	10	4	1	6
64	170	2	2	119	0	1953125	12	0.0	6648	2.16	0	0	V0.2	0	0	49	51	50	50	45	46	38	36	32	33	23	23	23	23	19	28	19	33	21	44	29	57	51	56	33	66	39	91	67	76	43	147	23	189	32	240	52	204	38	178	117	246	218	94	345	336	234	516	415	634	353	999	604	587	508	366	277	424	368	336	164	157	88	137	135	129	117	96	34	84	31	71	32	45	29	33	21	26	21	22	8	14	7	3	14
64	170	2	2	119	0	1953125	12	0.0	0	0.22	0	0	V0.2	0	0	-52	-48	-49	-45	-43	11	11	8	7	10	7	6	4	5	0	2	3	5	2	4	-2	-5	-4	-7	-12	-10	-13	-10	-14	-17	-16	-14	-14	-12	-7	-4	-3	-5	-8	-10	-10	-10	-8	-3	-1	2	5	8	9	4	6	7	13	12	12	9	12	11	9	4	1	-3	-1	1	-4	-5	-5	-10	-14	-15	-12	-15	-12	-13	-14	-14	-12	-11	-10	-12	-10	-9	-7	-4	-2
64	170	2	2	119	0	1953125	12	0.0	0	0.24	0	0	V0.2	0	0	3	3	4	-3	0	1	166	5	-149	-304	-441	-566	-680	-787	-875	-947	-993	-1021	-1032	-1017	-989	-947	-888	-818	-735	-637	-528	-415	-300	-184	-73	42	158	270	374	464	546	619	681	729	764	788	798	803	788	761	722	678	621	563	495	417	331	239	148	64	-19	-111	-199	-283	-361	-430	-501	-565	-615	-659	-692	-714	-733	-740	-735	-720	-687	-648	-594	-536	-467	-389	-303	-207	-107	-9	92	194	292
64	170	2	2	119	0	1953125	12	0.0	6636	2.16	0	0	V0.2	0	0	82	87	79	76	73	74	69	56	41	52	46	51	28	34	21	42	28	49	25	63	50	86	74	79	81	85	50	147	59	201	121	170	64	371	45	399	80	275	164	161	324	254	129	540	784	307	556	827	555	1000	680	883	236	367	599	834	396	670	847	113	271	107	204	84	254	133	217	101	104	74	75	12	73	36	51	55	32	35	18	33	17	28	6	18	16
64	170	2	2	119	0	1953125	12	0.0	6687	2.17	0	0	V0.2	0	0	45	83	41	89	38	87	38	81	42	76	54	71	74	70	84	72	100	67	104	92	115	110	138	156	145	173	174	243	211	297	266	331	275	381	325	372	287	408	375	441	409	618	630	726	604	592	453	333	170	317	346	552	721	1000	934	825	573	691	747	783	578	488	422	489	399	431	353	399	316	361	281	310	226	262	199	240	190	215	163	183	154	167	146	153	148
64	170	2	2	119	0	1953125	12	0.0	6586	2.15	0	0	V0.2	0	0	101	64	96	67	94	77	91	83	85	94	91	107	90	113	85	115	93	133	108	148	134	173	152	190	174	210	210	264	229	266	227	297	291	333	248	308	301	362	317	406	411	538	511	695	617	640	367	169	16	150	151	468	718	1000	818	666	384	604	685	761	579	472	389	414	356	332	284	312	283	292	264	274	246	234	217	214	196	184	169	158	151	148	137	125	121
64	170	2	2	119	0	1953125	12	0.0	0	0.24	0	0	V0.2	0	0	-3	-1	-3	-2	7	1	6	10	8	11	8	9	7	3	4	1	-7	-8	-10	-15	-11	-9	-9	-16	-14	-16	-19	-18	-22	-21	-15	-18	-18	-16	-17	-16	-13	-12	-11	-3	1	2	6	5	7	8	8	11	13	13	9	7	4	7	7	10	9	5	0	3	8	0	-1	-9	-12	-10	-9	-12	-12	-14	-15	-12	-13	-16	-15	-18	-21	-18	-19	-19	-16	-19	-18	-14	-11
64	170	2	2	119	0	1953125	12	0.0	0	0.23	0	0	V0.2	0	0	4	5	5	641	427	212	-4	-216	-424	-619	-805	-967	-1111	-1281	-1365	-1416	-1449	-1455	-1438	-1397	-1337	-1247	-1142	-1017	-877	-725	-560	-387	-213	7	175	322	471	609	738	855	956	1039	1105	1146	1172	1177	1165	1129	1081	1012	928	827	719	604	477	345	205	71	-61	-196	-328	-449	-562	-659	-752	-832	-895	-949	-991	-1015	-1023	-1010	-982	-946	-897	-828	-748	-660	-558	-452	-334	-209	-84	45	175	302	423	541	649
64	170	2	2	119	0	1953125	12	0.0	0	0.25	0	0	V0.2	0	0	5	5	1	929	1150	1350	1526	1668	1786	1872	1916	1920	1890	1816	1719	1584	1416	1228	1014	783	535	277	19	-240	-489	-732	-957	-1170	-1408	-1544	-1655	-1739	-1794	-1816	-1806	-1759	-1682	-1578	-1443	-1278	-1087	-885	-666	-437	-202	89	304	508	714	901	1074	1224	1352	1452	1533	1577	1596	1583	1537	1461	1371	1257	1117	962	787	602	408	213	21	-170	-356	-532	-700	-847	-973	-1096	-1242	-1291	-1321	-1334	-1333	-1311	-1265	-1203	-1127
64	170	2	2	119	0	1953125	12	0.0	0	0.27	0	0	V0.2	0	0	2	5	6	-1337	-1262	-1169	-1052	-924	-765	-601	-422	-228	24	223	408	589	765	937	1094	1234	1354	1445	1513	1554	1559	1535	1490	1416	1316	1180	1024	847	655	445	224	3	-223	-436	-644	-841	-1027	-1241	-1380	-1478	-1545	-1593	-1614	-1610	-1576	-1508	-1409	-1283	-1131	-959	-769	-576	-363	-140	144	346	551	736	921	1082	1222	1346	1443	1516	1559	1568	1545	1489	1409	1306	1178	1026	862	677	480	272	70	-130	-328	-518	-695
64	170	2	2	119	0	1953125	12	0.0	6665	2.16	0	0	V0.2	0	0	74	77	70	74	65	67	58	49	51	45	40	36	25	41	15	36	31	33	39	53	52	68	59	93	85	81	67	131	123	129	56	154	22	256	228	126	146	366	369	120	423	497	334	642	995	325	1000	593	818	439	752	832	434	485	533	313	664	314	627	417	560	329	233	140	191	62	186	48	135	67	61	62	71	71	100	71	49	14	24	18	26	18	14	18	12
64	170	2	2	119	0	1953125	12	0.0	0	0.25	0	0	V0.2	0	0	-3	4	4	5	-7	-7	-5	-1	3	1	-3	-2	-3	-6	-6	-2	3	2	2	2	6	5	6	3	1	0	-3	1	4	3	0	-2	-4	-4	-7	-7	-7	-4	-6	-11	-10	-7	-7	-7	-7	-3	-6	-10	-7	-5	-5	-3	0	1	0	-2	2	1	4	5	5	6	5	3	4	6	11	12	13	10	7	5	4	6	2	2	-2	-4	-5	-13	-9	-9	-6	-5	-5
64	170	2	2	119	0	1953125	12	0.0	0	0.25	0	0	V0.2	0	0	-11	-10	-11	-1366	-1448	-1510	-1548	-1559	-1532	-1483	-1403	-1304	-1176	-1026	-856	-676	-483	-281	-49	175	353	534	705	863	1008	1132	1231	1303	1352	1378	1377	1349	1293	1217	1123	998	858	706	548	379	212	36	-134	-299	-457	-604	-731	-842	-939	-1015	-1089	-1176	-1169	-1150	-1117	-1064	-1004	-927	-833	-728	-612	-492	-369	-235	-104	75	188	296	400	508	609	700	774	829	872	904	921	925	912	888	843	792	720	651	579
64	170	2	2	119	0	1953125	12	0.0	6670	2.16	0	0	V0.2	0	0	46	43	39	39	30	30	29	28	26	24	22	17	14	12	20	12	21	25	33	26	43	17	37	53	63	52	62	35	51	83	120	18	87	29	82	39	127	155	183	126	321	81	132	83	166	250	250	379	453	221	512	320	293	807	1000	195	641	408	189	265	76	32	59	66	43	66	40	54	45	7	81	38	71	33	18	11	43	32	32	24	23	13	18	8	14
64	170	2	2	119	0	1953125	12	0.0	6632	2.16	0	0	V0.2	0	0	94	40	96	40	98	42	93	44	95	51	88	56	83	75	87	97	86	114	93	146	102	157	100	182	112	200	123	229	140	266	184	291	186	298	202	309	211	310	238	338	243	359	264	302	133	327	413	495	328	431	624	985	1000	795	604	337	327	454	411	389	320	197	225	292	340	275	264	232	269	211	219	185	216	169	176	148	160	131	138	123	128	114	117	114	119
64	170	2	2	119	0	1953125	12	0.0	6648	2.16	0	0	V0.2	0	0	111	66	96	75	105	92	93	109	107	109	96	136	108	119	112	147	121	131	159	161	178	170	224	181	234	199	286	218	310	241	313	238	392	313	355	286	472	397	461	349	479	366	444	440	511	296	291	468	720	552	361	531	965	937	999	709	640	541	541	442	429	282	301	283	377	289	345	278	324	238	315	242	249	178	264	208	220	169	213	164	178	166	181	139	147
64	170	2	2	119	0	1953125	12	0.0	6605	2.15	0	0	V0.2	0	0	32	91	52	113	51	99	71	104	60	91	96	90	83	90	122	84	121	108	154	105	173	137	184	116	200	150	212	167	251	156	213	223	338	241	273	273	424	294	331	218	324	164	255	338	440	196	252	429	665	487	308	480	933	902	1000	689	591	491	479	428	393	292	191	192	301	258	250	225	258	210	232	222	215	158	182	191	194	152	165	160	146	126	147	138	113
64	170	2	2	119	0	1953125	12	0.0	6605	2.15	0	0	V0.2	0	0	127	43	118	79	130	67	113	91	105	98	110	119	92	126	113	140	106	162	148	181	162	202	174	193	211	230	228	238	255	231	269	291	383	343	378	417	475	392	287	271	272	242	423	511	489	318	458	620	674	514	391	752	1000	952	798	692	414	299	257	467	375	334	189	327	314	319	259	336	277	292	251	298	214	222	218	243	192	204	191	184	151	172	171	153	141
64	170	2	2	119	0	1953125	12	0.0	6648	2.16	0	0	V0.2	0	0	133	53	124	68	123	95	128	100	108	117	110	136	113	145	124	164	150	169	175	191	226	203	251	219	299	238	343	270	364	255	402	338	505	399	560	478	626	456	546	397	482	415	609	556	628	434	694	764	932	677	646	688	1000	906	884	563	471	409	612	599	629	328	429	410	562	413	493	383	458	323	395	316	371	285	339	264	288	240	269	234	248	238	238	208	211
64	170	2	2	119	0	1953125	12	0.0	6648	2.16	0	0	V0.2	0	0	53	148	50	144	66	158	82	150	92	143	114	149	141	139	166	154	189	144	218	187	267	196	286	233	325	251	348	291	373	320	412	411	510	478	562	510	595	479	545	481	543	512	591	542	614	532	751	869	1000	733	641	612	969	982	955	570	530	530	713	624	643	350	496	450	597	436	504	381	465	328	411	336	398	285	343	270	310	241	282	243	265	238	251	218	218
64	170	2	2	119	0	1953125	12	0.0	6653	2.16	0	0	V0.2	0	0	87	131	67	139	77	148	81	146	82	142	105	148	122	145	156	155	183	153	212	174	266	195	285	210	323	219	335	269	402	305	434	392	546	429	536	412	517	359	503	466	558	443	574	544	687	619	892	949	1000	595	436	558	974	963	884	485	470	479	717	596	584	316	519	476	577	421	486	356	417	305	405	296	348	265	344	253	271	209	264	208	229	200	217	180	193
64	170	2	2	119	0	1953125	12	0.0	6653	2.16	0	0	V0.2	0	0	66	116	51	120	48	134	65	131	67	135	94	135	113	136	140	135	169	136	198	162	256	183	274	194	305	195	326	268	403	287	418	357	520	389	501	352	473	336	499	439	533	437	597	564	733	655	924	948	999	595	380	481	928	947	854	422	417	482	740	620	611	360	561	501	601	455	497	349	402	310	416	318	353	248	327	247	289	226	272	216	242	208	222	186	199
64	170	2	2	119	0	1953125	12	0.0	6653	2.16	0	0	V0.2	0	0	109	92	103	93	94	111	95	112	83	117	82	128	97	139	119	150	143	149	175	175	227	194	253	205	289	210	312	237	361	266	406	320	492	396	513	370	462	312	472	380	490	422	594	522	612	497	792	873	999	777	623	615	857	905	753	472	252	449	689	680	580	422	462	463	494	467	448	400	345	320	331	307	289	267	285	250	238	216	239	213	219	207	211	185	182
64	170	1	2	119	0	1953125	12	0.0	6653	2.16	0	0	V0.2	0	0	115	94	101	111	106	125	99	120	85	134	97	153	112	156	135	170	165	171	199	200	256	216	280	222	328	254	386	298	412	293	440	343	545	451	592	447	561	395	536	398	541	545	793	712	722	540	798	834	1000	830	735	721	899	895	802	532	153	421	749	758	691	535	556	553	535	504	514	479	395	360	375	370	330	297	316	298	280	251	258	234	241	231	234	204	199
64	170	1	2	119	0	1953125	12	0.0	6653	2.16	0	0	V0.2	0	0	133	96	117	109	119	120	103	133	104	147	111	161	116	157	142	178	165	183	224	220	266	238	302	238	344	287	415	314	440	350	479	348	546	471	609	441	576	448	577	438	634	658	831	682	751	666	907	879	999	850	707	633	709	690	571	353	306	537	752	725	704	566	629	627	595	524	472	459	403	360	342	350	314	267	273	265	258	221	238	223	215	198	209	187	171
64	170	1	2	119	0	1953125	12	0.0	6653	2.16	0	0	V0.2	0	0	90	120	67	128	80	133	62	139	85	130	87	145	120	141	156	158	161	136	221	182	251	186	290	200	314	240	374	267	407	317	427	279	456	383	500	374	543	435	537	476	693	617	649	437	697	747	947	709	545	93	445	763	1000	682	502	446	771	733	787	652	776	537	603	519	593	398	378	327	452	310	349	279	345	232	289	226	250	174	244	203	208	169	206	176	171
64	170	1	2	119	0	1953125	12	0.0	6648	2.16	0	0	V0.2	0	0	87	103	59	125	85	122	68	135	84	124	98	148	114	134	143	144	140	135	207	166	216	171	260	178	279	217	331	232	362	276	371	247	409	341	459	369	496	387	516	479	654	505	576	486	690	643	733	529	390	332	740	948	1000	634	452	509	792	668	594	521	622	440	487	474	509	345	336	332	421	287	293	249	296	200	247	200	216	164	228	183	172	140	181	158	155
64	170	1	2	119	0	1953125	12	0.0	6653	2.16	0	0	V0.2	0	0	51	159	38	142	64	149	71	138	101	138	131	146	157	143	188	155	196	162	241	203	266	232	299	255	316	321	378	351	393	385	403	377	433	475	485	478	513	513	490	551	628	770	793	634	601	640	880	867	780	304	360	802	999	817	646	429	575	643	777	786	834	511	604	620	728	480	443	349	464	338	387	318	371	258	308	260	275	213	248	222	221	203	211	187	188
64	170	1	2	119	0	1953125	12	0.0	6605	2.15	0	0	V0.2	0	0	51	123	53	145	61	130	69	134	60	128	93	132	95	136	126	121	142	146	185	140	209	165	228	143	258	174	286	200	348	227	305	215	432	348	465	364	514	385	414	279	288	214	432	468	663	524	528	577	749	724	746	882	1000	970	793	771	606	614	314	320	114	265	217	322	234	305	207	333	256	319	220	324	212	252	173	255	171	194	144	197	140	153	144	162	127
64	170	1	2	119	0	1953125	12	0.0	6580	2.15	0	0	V0.2	0	0	102	96	95	118	98	102	89	119	76	116	100	135	91	140	124	137	119	157	166	157	181	184	195	154	223	188	237	182	295	224	257	194	368	308	376	320	469	375	380	307	310	230	204	260	514	401	422	459	642	620	681	784	1000	983	991	927	708	730	592	695	408	359	223	381	271	274	183	315	244	274	235	319	223	243	203	254	174	202	185	202	137	156	157	154	129
64	170	1	2	119	0	1953125	12	0.0	6605	2.15	0	0	V0.2	0	0	54	142	58	123	92	135	87	109	115	103	120	109	142	98	153	139	159	148	186	197	177	213	200	238	171	292	229	333	235	377	229	350	290	509	360	495	413	544	361	392	209	350	320	628	660	685	455	723	761	812	605	916	994	1000	753	758	678	663	383	381	217	306	232	387	257	317	230	396	266	325	236	345	201	252	195	267	168	222	178	191	137	184	163	153	140
64	170	2	2	119	0	1953125	12	0.0	6653	2.16	0	0	V0.2	0	0	123	106	115	77	149	92	140	84	166	101	158	135	174	141	161	186	158	209	193	282	199	300	235	345	254	400	337	461	359	497	372	468	431	565	500	625	599	689	543	583	496	694	833	1000	866	724	616	901	868	670	475	952	984	838	239	392	547	562	370	656	681	598	411	573	561	581	410	470	391	411	343	381	295	305	302	296	242	245	262	227	209	220	227	190	196
64	170	2	2	119	0	1953125	12	0.0	6653	2.16	0	0	V0.2	0	0	151	52	133	66	150	84	138	107	143	114	136	155	150	161	148	189	150	201	191	260	219	269	247	312	288	343	355	421	395	446	407	443	435	471	486	563	570	620	576	600	551	701	866	1000	841	685	494	692	672	562	411	798	834	805	430	437	519	684	544	708	572	546	366	555	491	552	340	442	368	435	295	366	270	317	249	309	223	247	203	242	195	216	193	194	179
64	170	2	2	119	0	1953125	12	0.0	6605	2.15	0	0	V0.2	0	0	98	101	83	114	90	108	82	122	85	122	101	144	103	135	123	147	126	153	170	175	183	189	209	192	233	229	277	262	300	285	281	246	307	286	321	325	442	454	417	397	333	374	495	662	716	657	353	444	569	556	206	537	832	1000	634	358	207	515	353	366	224	373	274	309	236	373	233	261	185	305	210	256	177	230	152	211	160	186	124	161	130	138	110	136	128
64	170	2	2	119	0	1953125	12	0.0	6648	2.16	0	0	V0.2	0	0	77	27	89	22	82	40	86	46	87	69	76	82	89	97	80	120	99	123	119	160	143	160	177	188	195	197	257	236	279	262	314	251	324	289	358	289	451	432	511	409	437	355	445	515	706	566	488	526	782	625	396	562	1000	979	702	286	406	531	472	294	351	335	386	281	369	306	321	230	305	240	273	194	226	160	224	177	188	129	163	132	136	114	132	115	120
64	170	2	2	119	0	1953125	12	0.0	6605	2.15	0	0	V0.2	0	0	80	95	68	87	87	86	90	86	91	76	113	96	109	90	133	110	125	118	154	134	155	170	182	165	186	224	228	216	228	260	247	221	244	256	224	274	357	409	392	346	358	298	293	447	586	477	420	516	793	599	250	407	941	999	912	354	153	405	481	300	264	211	340	190	311	258	318	165	249	194	264	165	218	142	192	146	198	129	150	120	154	115	127	114	121
64	170	2	2	119	0	1953125	12	0.0	6585	2.15	0	0	V0.2	0	0	119	58	104	81	126	75	106	98	109	87	99	121	97	108	105	140	101	149	140	173	125	180	153	180	161	220	203	219	191	234	196	213	246	291	220	225	312	348	298	330	334	359	213	271	293	257	228	559	884	938	575	559	786	1000	858	613	352	444	339	424	309	411	287	303	187	303	218	307	211	257	170	259	181	210	132	204	147	170	124	166	115	126	122	136	104
64	170	2	2	119	0	1953125	12	0.0	6648	2.16	0	0	V0.2	0	0	31	87	57	87	67	95	90	76	93	93	101	71	117	95	100	107	131	119	108	176	152	177	144	235	154	230	198	291	161	273	254	318	207	344	306	360	302	449	420	437	397	523	381	331	321	415	274	296	556	704	542	598	865	1000	832	543	449	711	585	466	216	315	353	397	310	312	265	302	281	261	241	255	233	203	207	191	171	141	174	147	141	131	148	120	121
64	170	2	2	119	0	1953125	12	0.0	6658	2.16	0	0	V0.2	0	0	55	98	59	85	51	114	48	101	68	111	63	119	98	97	100	124	133	96	172	151	194	127	236	161	230	177	330	225	279	189	342	217	342	275	393	278	428	364	441	277	461	480	540	350	429	316	240	147	435	519	545	612	994	876	729	213	580	903	1000	744	632	456	524	429	494	379	358	256	357	285	318	242	301	213	247	201	243	160	184	159	179	134	162	152	145
64	170	2	2	119	0	1953125	12	0.0	6658	2.16	0	0	V0.2	0	0	132	43	109	22	137	57	107	62	127	73	97	121	126	105	102	166	111	140	137	225	148	221	195	263	170	276	286	357	231	320	275	333	324	428	339	384	393	508	386	386	396	596	490	568	504	604	276	127	233	370	193	583	948	1000	588	84	502	998	828	759	543	631	472	544	454	561	341	339	254	367	214	278	212	284	192	271	203	222	149	211	169	178	155	176	144
64	170	2	2	119	0	1953125	12	0.0	6658	2.16	0	0	V0.2	0	0	105	38	120	16	100	44	90	58	94	62	58	100	91	90	64	133	94	118	114	166	137	169	195	206	178	210	301	298	254	256	297	262	347	350	349	289	412	444	437	325	394	513	529	525	502	516	219	50	314	366	302	565	1000	988	636	159	520	927	865	744	587	625	516	537	479	545	337	329	293	376	260	291	254	284	208	245	202	187	140	181	163	148	153	173	156
64	170	2	2	119	0	1953125	12	0.0	6658	2.16	0	0	V0.2	0	0	119	27	93	31	121	45	91	57	109	62	82	106	99	92	89	142	87	125	130	198	131	192	171	216	150	235	247	292	199	271	263	297	296	355	278	310	358	435	338	319	340	508	474	530	397	383	107	234	374	420	443	779	999	1000	571	314	552	959	816	797	593	615	443	524	431	501	279	311	246	357	226	287	192	237	158	244	169	191	140	196	147	153	138	158	133
64	170	2	2	119	0	1953125	12	0.0	6658	2.16	0	0	V0.2	0	0	141	48	112	29	142	45	117	55	124	63	119	114	118	107	118	159	99	154	141	226	143	242	174	254	176	314	264	353	236	371	303	407	351	468	304	387	367	522	399	452	382	608	577	723	522	490	273	471	446	523	517	903	891	868	458	593	733	1000	766	850	681	628	403	525	473	511	278	357	310	404	266	355	262	298	210	287	197	215	164	224	156	181	168	185	146
64	170	2	2	119	0	1953125	12	0.0	6672	2.16	0	0	V0.2	0	0	110	96	88	58	108	51	100	28	115	33	97	70	104	63	89	134	85	118	88	195	102	230	161	280	164	329	255	386	247	435	338	472	331	469	324	483	441	630	483	556	432	699	651	815	536	513	401	645	422	287	396	900	864	885	475	732	816	1000	685	766	537	501	315	582	456	500	240	447	346	425	223	351	213	270	163	272	163	211	164	222	141	173	152	161	143
64	170	2	2	119	0	1953125	12	0.0	6648	2.16	0	0	V0.2	0	0	38	103	22	122	53	107	65	125	70	97	104	116	93	97	143	103	123	121	196	129	186	165	235	154	244	226	289	198	296	254	308	218	337	316	359	339	447	336	360	325	497	462	476	314	376	224	348	468	622	653	877	951	1000	674	736	790	989	742	622	567	721	513	418	330	431	299	317	314	413	256	268	251	329	211	251	218	232	151	217	189	178	140	199	179	147
64	170	2	2	119	0	1953125	12	0.0	6582	2.15	0	0	V0.2	0	0	83	119	93	138	89	128	100	137	84	137	101	127	93	157	135	142	136	171	169	162	195	192	191	165	246	215	223	180	283	220	256	228	351	293	347	350	445	344	285	300	382	335	175	211	372	346	504	661	685	632	569	783	971	1000	969	886	607	651	540	754	566	470	151	353	287	336	145	325	256	306	183	300	200	242	172	269	190	210	160	203	135	156	154	164	116
64	170	2	2	119	0	1953125	12	0.0	6633	2.16	0	0	V0.2	0	0	122	66	122	53	133	61	122	74	132	81	120	121	131	128	129	163	123	170	155	217	165	231	198	247	212	270	255	285	289	314	299	302	357	364	411	420	464	370	363	362	445	404	490	550	604	513	632	679	564	334	516	786	1000	825	763	681	481	341	355	418	284	157	328	353	361	252	359	321	336	251	313	233	226	187	273	196	223	184	218	149	181	166	171	146	175
64	170	2	2	119	0	1953125	12	0.0	6633	2.16	0	0	V0.2	0	0	159	119	166	126	150	142	149	153	145	183	155	190	160	208	168	211	195	229	217	254	277	270	296	283	339	283	370	330	421	334	443	365	502	428	593	475	459	290	549	515	626	593	777	749	768	673	842	786	508	258	598	796	1000	949	928	819	551	467	476	535	539	508	645	640	560	508	475	481	406	381	357	369	332	318	289	267	281	276	277	239	226	214	221	211	214
64	170	2	2	119	0	1953125	12	0.0	6628	2.16	0	0	V0.2	0	0	158	58	160	66	151	90	162	109	153	129	150	146	145	175	148	185	153	214	168	238	203	271	225	291	251	302	282	355	332	368	318	362	373	420	420	440	388	367	459	524	537	621	682	811	746	751	635	672	382	298	312	599	852	1000	877	826	481	454	299	455	360	491	499	573	405	481	384	470	324	393	311	405	288	329	236	274	217	262	214	230	196	219	193	198	187
64	170	2	2	119	0	1953125	12	0.0	6627	2.16	0	0	V0.2	0	0	40	120	45	111	47	121	64	122	77	115	93	122	118	114	125	116	154	116	164	128	194	151	220	166	229	184	270	243	303	232	274	225	300	285	309	258	333	368	431	411	442	517	580	604	665	526	465	270	346	240	237	396	815	984	1000	657	454	305	458	419	426	359	462	328	378	302	373	250	305	249	312	216	238	191	240	206	231	188	202	173	188	170	170	160	169
64	170	2	2	119	0	1953125	12	0.0	6617	2.16	0	0	V0.2	0	0	31	101	33	90	37	99	46	94	60	93	74	97	91	84	99	91	119	86	134	104	156	117	174	121	172	147	220	184	231	175	225	177	233	183	174	193	292	316	339	308	385	389	381	341	433	360	254	132	330	272	148	428	884	999	990	535	262	296	456	381	331	225	317	214	283	205	251	135	213	175	223	134	166	132	174	140	164	124	138	117	131	115	120	105	113
64	170	2	2	119	0	1953125	12	0.0	0	0.26	0	0	V0.2	0	0	6	5	3	8	11	9	-8	-7	-7	-7	-4	-2	1	1	-5	-5	-5	-7	-6	-3	-3	-3	3	0	4	5	4	6	2	-1	2	3	1	2	0	-3	-4	-1	2	1	-6	-9	-7	-5	-3	-5	-7	-9	-6	-7	-8	-10	-12	-12	-8	-5	-7	-8	-13	-9	-3	-4	-8	-8	-10	-9	-6	0	0	-3	-9	-7	0	0	0	2	-1	-3	-3	1	0	-4	-6	-1	1
64	170	2	2	119	0	1953125	12	0.0	6670	2.16	0	0	V0.2	0	0	49	41	43	38	42	32	37	28	31	21	19	24	17	18	19	11	23	20	33	24	36	37	52	55	87	33	61	85	85	92	73	51	100	80	238	113	111	192	110	152	165	239	233	184	430	130	196	395	467	153	646	544	828	664	1000	545	381	702	539	249	290	225	240	90	201	28	79	24	104	34	84	23	73	37	63	40	40	27	43	25	32	17	17	15	22
64	170	2	2	119	0	1953125	12	0.0	0	0.27	0	0	V0.2	0	0	11	8	5	7	-6	-4	-6	-5	-2	-3	-2	0	3	3	3	5	5	5	2	4	2	-1	0	2	1	-2	-6	-8	-11	-11	-11	-8	-5	-8	-5	-2	-2	-4	-4	-4	-5	-5	-9	-12	-12	-13	-5	-4	-7	-7	-10	-12	-7	-5	-4	-5	-4	-4	-5	-1	-3	-8	-9	-8	-4	-3	-1	3	2	2	-2	-2	-5	-1	-5	-4	1	1	2	-3	-6	-5	-1	-4	-3
64	170	2	2	119	0	1953125	12	0.0	6620	2.16	0	0	V0.2	0	0	51	43	39	40	43	31	33	29	24	19	14	16	12	9	17	5	26	16	37	9	43	31	56	39	75	27	63	69	69	49	83	10	161	25	174	172	144	52	219	159	182	315	422	147	292	285	148	364	795	248	726	575	1000	567	730	535	32	396	490	212	133	120	138	52	106	84	62	59	100	50	59	19	79	60	67	46	46	31	48	30	33	16	19	11	23
64	170	2	2	119	0	1953125	12	0.0	6627	2.16	0	0	V0.2	0	0	53	64	55	51	61	51	73	54	82	57	81	65	91	68	83	83	91	95	91	121	102	142	111	155	103	174	135	212	142	211	136	206	132	212	108	219	223	312	232	299	289	413	304	354	292	343	159	170	239	266	41	372	764	1000	895	645	310	321	346	416	255	277	224	253	190	245	174	194	143	214	161	198	132	153	101	149	117	142	100	125	108	119	98	108	103
64	170	1	2	119	0	1953125	12	0.0	6633	2.16	0	0	V0.2	0	0	51	83	47	79	40	88	50	93	51	88	67	97	78	92	95	92	107	91	128	98	153	118	176	118	186	132	218	157	234	157	231	154	239	157	206	178	310	267	342	249	351	337	407	279	284	216	303	210	234	162	276	443	789	853	1000	748	531	344	500	488	456	279	303	247	291	194	252	183	238	173	248	186	208	138	177	123	156	120	149	107	125	109	119	101	114
64	170	1	2	119	0	1953125	12	0.0	6633	2.16	0	0	V0.2	0	0	124	25	107	37	108	38	100	77	96	72	101	114	92	117	109	141	103	167	131	160	148	221	187	206	217	271	260	286	306	323	264	296	377	391	237	229	370	355	420	455	540	532	531	565	501	406	327	496	565	527	237	358	613	728	1000	998	681	515	510	764	662	551	357	504	380	395	296	402	275	304	287	347	199	223	251	289	205	222	213	206	166	207	203	171	158
64	170	1	2	119	0	1953125	12	0.0	6648	2.16	0	0	V0.2	0	0	110	23	88	32	112	34	90	78	110	65	90	113	93	99	98	134	84	141	138	163	128	190	190	193	199	238	252	238	296	299	280	243	382	386	327	251	341	302	399	407	530	456	487	495	560	431	365	456	642	637	490	465	502	569	968	1000	781	505	427	646	678	549	409	453	382	354	345	385	298	249	288	306	262	234	242	208	170	179	212	163	162	178	183	139	146
64	170	1	2	119	0	1953125	12	0.0	6653	2.16	0	0	V0.2	0	0	24	117	19	116	42	99	44	103	65	73	80	93	95	70	125	92	116	115	180	119	142	161	209	179	205	235	246	246	271	310	288	271	314	407	355	295	278	302	306	440	440	418	366	491	542	481	393	399	498	639	604	593	448	314	784	1000	985	588	333	462	676	514	519	426	472	287	352	334	377	194	257	229	249	128	198	192	185	153	195	157	128	139	167	131	114
64	170	1	2	119	0	1953125	12	0.0	6667	2.16	0	0	V0.2	0	0	66	57	63	71	57	68	37	85	47	74	20	84	41	63	81	93	92	79	162	112	148	87	212	118	230	144	280	145	297	222	364	180	363	297	449	288	397	225	369	297	460	303	380	304	507	364	474	326	475	431	593	629	572	159	556	821	1000	689	315	223	575	409	502	416	514	306	343	287	370	177	223	182	282	152	223	140	162	103	187	120	121	121	168	116	102
64	170	2	2	119	0	1953125	12	0.0	6647	2.16	0	0	V0.2	0	0	62	80	51	62	72	65	62	52	73	39	79	58	80	48	90	77	80	98	110	130	103	149	121	170	125	221	165	233	160	280	191	274	218	348	266	354	288	342	233	351	325	424	322	351	306	282	165	310	381	664	785	998	1000	673	368	329	602	702	582	388	377	214	214	188	288	216	216	222	294	201	184	163	225	185	199	168	174	117	139	138	133	110	131	134	117
64	170	1	2	119	0	1953125	12	0.0	6653	2.16	0	0	V0.2	0	0	15	104	19	97	35	102	45	93	61	85	68	79	97	83	103	76	108	74	129	118	159	131	167	158	182	193	223	235	234	253	256	263	253	310	308	363	356	389	387	417	450	488	507	427	424	361	368	116	185	588	816	998	1000	710	716	530	524	477	497	491	519	349	371	309	363	221	251	227	296	204	230	212	246	198	217	159	163	137	157	136	127	130	145	141	133
64	170	1	2	119	0	1953125	12	0.0	6598	2.15	0	0	V0.2	0	0	113	54	97	69	90	84	87	87	74	104	77	104	75	124	83	109	91	117	130	144	182	150	185	163	241	172	270	211	319	222	320	218	303	208	417	359	464	354	568	546	648	572	581	514	380	330	349	269	181	453	937	1000	996	735	798	678	486	444	511	577	442	412	377	459	324	304	197	265	199	206	195	213	202	215	206	187	142	150	149	128	125	130	140	126	135
64	170	1	2	119	0	1953125	12	0.0	0	0.25	0	0	V0.2	0	0	5	10	4	4	-16	-14	-8	-7	-9	-5	-7	-5	-4	-3	-4	-1	-6	-2	2	3	6	6	6	5	8	5	5	9	7	10	8	11	10	6	4	1	3	-2	-6	-6	-6	-7	-7	-7	-5	-7	-8	-10	-10	-12	-12	-14	-11	-10	-9	-6	-4	-1	-1	0	0	-2	1	-1	1	2	4	10	14	15	16	14	12	12	10	7	10	9	4	2	-1	-2	-3	1	0
64	170	1	2	119	0	1953125	12	0.0	0	0.27	0	0	V0.2	0	0	-7	-5	-3	1023	927	812	677	528	367	200	29	-146	-320	-491	-655	-810	-958	-1075	-1220	-1306	-1347	-1364	-1366	-1341	-1292	-1218	-1119	-1002	-863	-706	-540	-359	-173	67	254	431	608	775	923	1053	1163	1258	1329	1376	1394	1381	1340	1273	1179	1063	927	779	621	442	255	63	-124	-308	-488	-663	-812	-952	-1080	-1222	-1278	-1309	-1323	-1311	-1274	-1213	-1141	-1044	-935	-798	-647	-489	-327	-166	19	213	352	490	629	754	861
64	170	1	2	119	0	1953125	12	0.0	6678	2.17	0	0	V0.2	0	0	43	44	41	40	38	37	34	28	26	22	23	19	16	16	20	24	27	28	41	20	42	39	50	49	59	53	70	53	69	49	86	101	108	64	93	29	134	82	199	263	146	134	180	92	128	435	538	255	521	459	105	648	1000	501	743	958	728	408	723	376	113	234	148	41	133	26	72	30	66	33	64	33	72	25	57	16	32	22	34	25	28	26	26	18	15
64	170	2	2	119	0	1953125	12	0.0	6678	2.17	0	0	V0.2	0	0	63	146	78	115	21	140	20	122	38	120	47	108	85	82	112	87	131	51	164	108	209	136	235	167	242	222	279	320	410	438	463	386	477	374	368	347	422	457	365	335	432	563	491	449	550	871	1000	957	798	371	405	850	982	595	471	653	999	896	794	642	686	479	557	633	725	468	448	368	449	295	354	321	339	246	266	242	211	195	207	191	153	176	173	151	144
64	170	2	2	119	0	1953125	12	0.0	133	1.04	0	0	V0.2	0	0	320	311	307	278	284	257	230	219	201	168	143	133	113	110	106	127	141	165	180	216	241	269	287	313	329	343	349	428	422	382	451	388	526	428	429	454	427	316	426	367	622	423	566	390	612	137	703	331	481	433	272	444	420	233	1000	346	821	560	396	411	588	248	421	394	428	310	369	314	361	316	318	254	257	248	265	199	208	177	169	120	101	85	82	45	39
64	170	2	2	119	0	1953125	12	0.0	99	1.04	0	0	V0.2	0	0	80	56	83	53	78	43	76	30	70	14	66	12	60	31	59	45	51	67	43	92	39	125	43	147	46	177	62	224	85	230	90	263	132	340	214	406	261	416	270	353	237	416	384	495	465	506	411	348	408	581	631	893	1000	949	990	670	543	309	388	308	423	312	407	245	334	170	258	144	264	134	230	105	190	74	151	65	129	60	106	53	89	52	77	51	63
64	170	2	2	119	0	1953125	12	0.0	77	1.03	0	0	V0.2	0	0	89	22	88	15	86	5	80	7	69	20	58	32	45	52	37	62	25	78	22	91	42	112	63	130	89	146	122	188	152	200	157	220	212	265	290	355	335	418	312	375	278	396	394	517	426	579	372	408	301	564	523	837	845	1000	864	850	561	532	390	430	302	459	311	406	234	314	163	262	150	253	135	208	97	177	79	148	67	127	59	104	56	92	54	75	56
64	170	2	2	119	0	1953125	12	0.0	0	0.25	0	0	V0.2	0	0	-1	-1	2	6	6	601	497	382	263	132	-2	-139	-269	-398	-524	-640	-747	-831	-903	-1023	-1050	-1058	-1053	-1022	-979	-916	-842	-749	-647	-528	-396	-259	-111	38	227	371	491	606	712	809	893	962	1011	1037	1054	1040	1007	956	882	792	691	570	442	304	162	12	-130	-270	-404	-529	-646	-746	-829	-936	-993	-1002	-1002	-990	-960	-915	-850	-768	-678	-576	-466	-342	-215	-87	40	193	343	435	529	612	682
64	170	2	2	119	0	1953125	12	0.0	55	1.03	0	0	V0.2	0	0	38	116	54	102	65	88	75	66	85	46	87	34	85	42	77	72	64	103	53	129	36	160	58	191	91	215	133	233	180	263	249	296	300	326	330	327	401	418	517	507	585	496	541	511	531	519	644	745	751	669	753	688	694	674	978	829	999	917	932	638	620	381	441	326	434	300	401	240	324	171	274	130	246	127	212	94	171	78	138	77	119	77	98	79	85
64	170	2	2	119	0	1953125	12	0.0	97	1.04	0	0	V0.2	0	0	48	109	58	99	64	87	71	68	77	46	78	29	77	29	70	54	58	81	43	106	20	137	26	174	51	192	94	240	146	277	205	327	256	358	309	393	343	471	412	484	405	475	438	581	592	791	751	848	743	696	587	871	945	999	998	972	695	734	515	485	336	445	363	421	327	376	255	305	217	265	189	220	161	165	128	116	116	93	106	66	92	53	84	60	70
64	170	2	2	119	0	1953125	12	0.0	97	1.04	0	0	V0.2	0	0	115	34	111	21	111	18	97	20	86	34	70	47	47	63	32	74	22	88	34	94	69	97	106	110	137	112	173	135	227	164	280	202	321	236	360	277	420	385	486	403	469	372	457	484	601	652	712	759	715	586	605	811	855	888	1000	900	743	783	539	482	303	375	274	385	273	355	217	298	168	251	149	217	115	178	91	128	78	102	79	77	73	63	71	57	63
64	170	2	2	119	0	1953125	12	0.0	144	1.04	0	0	V0.2	0	0	102	52	105	40	100	23	96	7	86	15	75	33	58	50	36	63	10	82	18	91	44	92	90	97	122	114	173	126	217	143	270	171	323	221	356	234	409	310	470	434	559	463	570	519	581	497	648	701	681	736	757	616	572	703	807	750	1000	891	766	640	505	418	359	372	338	347	274	278	197	214	159	171	150	141	114	95	97	62	91	49	81	37	75	44	63
64	170	2	2	119	0	1953125	12	0.0	174	1.05	0	0	V0.2	0	0	73	99	63	100	48	99	29	91	10	84	10	73	28	64	48	46	67	22	83	20	95	43	100	79	111	121	123	167	143	216	163	272	257	338	287	355	291	370	384	530	515	590	626	568	569	505	706	699	804	789	886	552	731	561	628	710	999	838	875	633	636	361	480	268	406	223	373	156	275	90	216	66	180	50	142	30	96	50	82	58	68	65	60	59	57
64	170	2	2	119	0	1953125	12	0.0	171	1.05	0	0	V0.2	0	0	109	45	103	36	98	28	91	20	83	22	68	34	53	47	34	59	16	70	10	81	37	81	70	75	104	94	148	105	182	131	223	185	298	249	313	262	353	313	413	503	537	566	541	540	495	552	628	817	719	869	702	679	573	874	693	991	963	1000	686	754	422	479	278	448	242	393	210	319	143	246	97	204	75	160	38	114	12	99	24	97	34	80	48	68	51
64	170	2	2	119	0	1953125	12	0.0	6678	2.17	0	0	V0.2	0	0	41	42	34	37	28	30	23	23	21	13	9	15	9	19	11	25	24	39	26	38	24	44	44	41	29	15	60	40	38	39	92	17	124	99	138	99	168	129	126	324	398	112	315	168	232	258	379	500	566	372	602	473	222	967	903	443	1000	482	337	226	140	252	29	255	95	121	24	128	41	89	14	81	27	56	57	52	47	47	42	40	28	22	22	9	17
64	170	2	2	119	0	1953125	12	0.0	6653	2.16	0	0	V0.2	0	0	82	99	41	128	66	105	44	137	61	108	75	130	80	115	133	130	130	128	201	144	208	150	240	148	291	204	312	184	369	254	347	177	368	223	342	290	497	303	304	353	672	560	557	358	551	419	474	452	579	534	645	753	767	482	188	556	1000	918	584	450	614	650	492	425	385	436	274	305	285	297	140	189	206	215	144	167	156	152	162	176	145	134	148	156	129
64	170	2	2	119	0	1953125	12	0.0	6642	2.16	0	0	V0.2	0	0	95	146	78	162	84	156	90	190	120	185	135	186	146	175	184	185	209	187	256	198	284	217	332	240	365	255	413	328	489	352	489	362	498	350	520	487	616	440	680	724	935	767	899	800	858	570	612	587	727	600	779	690	711	445	830	891	1000	678	756	750	850	630	715	618	650	402	469	398	482	312	427	345	400	268	365	279	322	254	318	233	259	245	280	220	226
64	170	2	2	119	0	1953125	12	0.0	6615	2.15	0	0	V0.2	0	0	97	81	91	62	112	67	108	74	130	76	124	97	125	97	120	126	113	147	129	180	130	222	166	245	162	269	188	310	241	369	245	354	279	393	286	399	305	376	410	621	592	650	508	729	597	540	220	353	350	404	330	500	453	545	675	1000	856	704	374	655	600	587	392	505	402	367	257	434	334	316	214	336	246	266	205	262	173	218	199	218	149	184	174	161	133
64	170	2	2	119	0	1953125	12	0.0	6615	2.15	0	0	V0.2	0	0	50	128	57	116	90	127	87	106	121	108	114	104	144	107	146	135	156	138	167	191	167	202	182	255	195	306	244	361	273	415	291	413	328	503	353	470	336	400	282	521	559	737	623	873	815	893	643	641	522	651	693	1000	929	669	183	534	737	833	442	495	471	636	480	567	440	444	303	449	370	407	275	354	255	319	237	272	178	242	218	232	164	199	187	186	169
64	170	2	2	119	0	1953125	12	0.0	6626	2.16	0	0	V0.2	0	0	72	108	71	80	104	99	100	75	119	79	107	89	134	96	122	143	140	144	137	200	146	220	173	259	161	291	230	336	225	364	271	366	322	465	367	446	363	531	386	421	292	374	347	526	571	592	594	866	928	892	539	781	921	1000	577	518	548	688	434	456	446	507	307	401	395	478	321	386	307	361	269	331	251	287	235	256	185	213	202	203	164	186	188	170	161
64	170	2	2	119	0	1953125	12	0.0	6653	2.16	0	0	V0.2	0	0	61	112	61	115	55	131	59	129	84	136	87	129	116	121	132	129	160	118	197	162	226	168	273	215	280	221	335	287	352	317	386	317	380	420	479	380	361	358	485	568	648	629	597	457	515	406	356	134	326	544	565	606	799	839	870	731	768	919	1000	835	667	475	537	479	461	372	425	389	390	314	328	314	308	276	263	249	228	235	220	211	192	208	193	184	179
64	170	2	2	119	0	1953125	12	0.0	0	0.32	0	0	V0.2	0	0	4	8	9	4	15	5	8	14	10	9	8	5	9	14	23	3	33	7	17	8	11	17	28	21	34	34	63	73	69	76	131	102	110	102	56	207	32	341	328	327	193	78	231	499	569	481	344	395	433	182	145	622	614	369	1000	578	147	384	489	500	195	389	12	174	81	53	78	36	29	63	44	30	43	46	11	34	14	13	31	22	22	24	12	21	17
64	170	2	2	119	0	1953125	12	0.0	0	0.30	0	0	V0.2	0	0	-20	-21	-24	-26	-26	368	435	505	563	618	654	687	707	720	722	716	687	648	602	534	458	377	285	184	80	-31	-153	-271	-386	-498	-595	-684	-769	-837	-895	-939	-967	-973	-962	-932	-876	-810	-723	-624	-507	-379	-249	-104	43	184	332	469	608	729	842	936	1009	1062	1098	1107	1099	1069	1018	942	848	729	599	460	309	150	-10	-176	-340	-490	-630	-768	-882	-983	-1112	-1176	-1191	-1191	-1173	-1132	-1070
64	170	2	2	119	0	1953125	12	0.0	0	0.28	0	0	V0.2	0	0	7	5	6	36	173	305	435	564	677	778	874	961	1030	1081	1105	1109	1099	1066	1008	934	840	733	607	470	318	152	-19	-185	-354	-518	-673	-818	-950	-1064	-1216	-1278	-1309	-1324	-1324	-1295	-1246	-1166	-1069	-947	-805	-651	-480	-299	-113	123	291	466	636	793	936	1062	1169	1255	1318	1353	1362	1344	1298	1226	1128	1010	874	714	544	360	164	-29	-216	-399	-575	-736	-882	-1014	-1189	-1258	-1307	-1331	-1338	-1321	-1277
64	170	2	2	119	0	1953125	12	0.0	0	0.31	0	0	V0.2	0	0	70	70	75	73	75	77	78	80	83	87	85	89	90	91	94	97	97	99	101	103	102	102	102	106	102	111	109	119	118	137	123	156	154	188	184	241	220	238	252	271	290	295	356	292	404	401	491	391	577	428	672	513	866	624	987	811	1000	846	781	657	617	555	521	460	405	379	328	312	271	252	226	210	192	176	158	145	134	127	118	111	106	104	100	101	100
64	170	2	2	119	0	1953125	12	0.0	0	0.28	0	0	V0.2	0	0	-3	0	4	7	3	-169	-302	-430	-553	-664	-770	-866	-945	-1006	-1048	-1100	-1137	-1099	-1052	-985	-905	-810	-697	-569	-433	-285	-127	78	231	373	519	663	791	910	1014	1092	1151	1194	1207	1198	1165	1106	1023	926	803	667	518	359	193	19	-150	-321	-487	-646	-784	-909	-1015	-1171	-1216	-1251	-1258	-1246	-1208	-1148	-1070	-974	-859	-728	-579	-422	-257	-92	112	280	420	558	686	805	912	999	1058	1101	1128	1126	1104
64	170	2	2	119	0	1953125	12	0.0	6633	2.16	0	0	V0.2	0	0	63	50	58	51	57	40	44	35	34	31	25	24	22	21	28	28	38	31	38	39	57	49	57	41	84	56	104	58	95	22	136	45	112	55	152	98	364	164	155	189	266	223	339	160	337	71	517	501	394	610	632	528	1000	656	973	657	264	837	446	302	381	222	39	133	77	82	57	90	56	65	89	86	52	56	17	46	46	49	47	38	32	22	32	23	20
64	170	2	2	119	0	1953125	12	0.0	6628	2.16	0	0	V0.2	0	0	73	58	55	69	66	73	44	84	61	81	56	100	70	85	93	106	91	93	150	127	148	122	196	137	209	169	259	173	282	231	297	182	319	271	346	263	403	306	365	330	521	403	307	223	448	360	258	226	467	394	582	763	1000	771	364	225	634	649	523	328	404	353	329	269	371	287	276	244	345	251	246	199	242	160	205	172	200	140	182	146	150	129	162	139	133
64	170	2	2	119	0	1953125	12	0.0	6647	2.16	0	0	V0.2	0	0	60	70	59	67	55	83	43	83	62	89	50	94	72	80	88	104	101	80	138	113	148	109	191	125	197	160	252	159	259	222	296	180	287	259	314	262	407	348	346	259	446	405	374	242	407	315	242	248	411	298	442	732	999	820	539	230	565	567	500	295	393	308	320	264	366	255	248	208	315	209	230	174	212	130	186	161	171	118	162	136	129	119	146	127	123
64	170	2	2	119	0	1953125	12	0.0	6617	2.16	0	0	V0.2	0	0	121	95	104	84	130	78	130	102	136	80	148	126	142	118	165	152	137	171	181	197	157	253	206	254	197	335	252	327	263	404	264	335	276	435	268	453	470	634	423	424	376	561	468	556	499	394	169	381	348	278	300	844	971	1000	738	658	733	711	520	533	592	550	421	385	420	404	296	316	337	331	270	295	273	261	238	267	221	195	188	211	173	167	173	180	162
64	170	2	2	119	0	1953125	12	0.0	6617	2.16	0	0	V0.2	0	0	48	119	42	88	71	106	63	84	96	86	85	92	119	80	120	118	133	102	149	161	151	171	184	205	164	258	249	282	224	320	255	268	219	364	247	359	408	607	469	405	329	507	447	550	554	468	246	362	435	410	134	652	892	1000	674	438	620	717	523	399	455	508	399	372	389	398	279	311	310	316	234	286	246	245	195	253	186	186	169	212	156	167	164	167	145
64	170	2	2	119	0	1953125	12	0.0	6567	2.15	0	0	V0.2	0	0	82	44	74	33	102	50	77	47	100	50	79	76	93	63	81	107	79	94	99	153	88	135	107	174	100	194	151	210	117	216	136	197	150	270	178	276	298	424	270	245	227	401	324	375	327	324	99	232	324	331	57	510	834	1000	703	307	268	541	470	398	299	370	264	261	243	320	207	218	194	244	161	202	152	164	108	187	144	136	93	144	109	105	102	118	84
64	170	2	2	119	0	1953125	12	0.0	0	0.26	0	0	V0.2	0	0	-17	-16	-18	-17	2	-3	-4	-1	1	0	1	1	0	3	1	2	-3	-2	-1	1	2	3	0	-1	0	2	2	3	7	9	4	7	9	9	6	5	6	7	7	14	8	8	8	4	3	3	0	0	4	6	5	2	1	0	-6	-7	-7	-5	-4	-5	-3	-2	-3	-1	-1	-2	-2	-2	-2	-5	-3	-4	0	3	3	6	8	8	10	8	10	11	9	9	8
64	170	2	2	119	0	1953125	12	0.0	6567	2.15	0	0	V0.2	0	0	50	52	47	38	40	35	39	34	26	22	21	17	15	12	10	17	23	33	42	30	36	28	54	39	60	26	53	48	121	21	105	66	64	130	174	69	200	74	328	65	398	275	235	279	382	303	390	509	613	233	202	513	678	405	1000	829	345	334	349	422	184	274	186	131	117	117	42	72	27	63	69	72	52	63	25	37	21	26	27	29	28	16	16	5	11
64	170	2	2	119	0	1953125	12	0.0	6658	2.16	0	0	V0.2	0	0	114	82	114	89	89	117	100	117	80	135	94	135	118	149	130	136	167	138	189	163	245	174	267	196	280	219	331	282	353	316	396	327	413	442	462	299	329	543	585	498	434	583	560	460	512	635	597	408	514	821	696	371	316	875	1000	828	404	474	678	805	651	595	529	552	438	477	376	396	280	368	293	351	238	308	225	264	190	244	181	201	174	205	171	167	162
64	170	2	2	119	0	1953125	12	0.0	6658	2.16	0	0	V0.2	0	0	125	117	137	107	114	140	107	143	117	156	93	176	151	183	147	203	188	188	236	239	274	237	357	281	330	271	484	362	465	385	567	364	583	573	758	416	435	525	853	585	578	724	1000	795	809	750	807	426	574	829	990	736	303	600	934	696	254	324	755	735	835	760	793	640	590	593	563	474	407	398	409	381	396	340	305	263	298	261	259	230	251	219	229	214	206
64	170	2	2	119	0	1953125	12	0.0	6642	2.16	0	0	V0.2	0	0	76	131	88	127	65	138	67	129	69	138	77	132	118	143	131	138	185	147	208	165	260	182	315	224	321	208	399	314	444	334	517	359	499	423	631	393	391	321	650	522	568	603	869	767	815	719	939	666	497	328	744	730	817	799	1000	683	485	308	602	559	657	531	732	550	545	410	550	415	434	312	405	281	307	210	295	209	267	191	235	180	220	176	202	183	194
64	170	2	2	119	0	1953125	12	0.0	0	0.26	0	0	V0.2	0	0	-2	-5	-1	4	5	1	-6	-7	-3	-1	1	-3	-1	0	2	5	6	3	3	3	3	5	5	8	5	8	4	5	7	10	12	9	7	4	2	-2	-2	-2	1	3	0	0	-2	-1	2	0	-5	-2	-3	1	-3	-8	-11	-10	-13	-11	-6	-2	1	3	3	5	7	9	3	2	7	10	8	12	13	14	15	12	5	7	6	5	3	4	4	2	-1	-4	0
64	170	2	2	119	0	1953125	12	0.0	6577	2.15	0	0	V0.2	0	0	47	45	37	50	41	39	33	33	31	27	26	19	21	15	11	14	12	24	12	33	34	38	34	49	41	60	23	67	29	122	101	79	49	136	39	338	242	135	246	117	276	365	490	65	247	363	199	395	618	426	416	565	914	590	268	1000	779	453	797	267	351	29	248	100	185	87	146	42	99	21	57	6	74	20	70	21	22	9	9	12	7	4	3	10	10
64	170	2	2	119	0	1953125	12	0.0	6626	2.16	0	0	V0.2	0	0	25	101	35	99	45	108	45	86	80	108	80	88	108	91	114	109	143	101	145	150	164	138	170	207	192	219	213	250	200	302	263	292	207	377	358	434	325	344	234	333	303	456	309	389	418	584	553	773	797	824	606	675	722	670	318	467	773	1000	722	491	259	396	344	388	307	399	308	370	284	331	235	283	200	261	214	243	164	196	175	188	151	175	165	158	149
64	170	2	2	119	0	1953125	12	0.0	6615	2.15	0	0	V0.2	0	0	64	110	60	110	63	127	58	115	78	130	79	120	105	112	122	127	150	106	187	160	212	134	236	180	262	203	306	209	283	267	359	257	307	344	460	422	484	338	330	296	410	456	422	352	491	588	636	762	940	909	860	721	886	663	473	417	863	1000	895	513	395	353	468	336	406	355	419	330	394	301	321	230	260	221	256	213	214	184	205	189	180	181	188	177	163
64	170	2	2	119	0	1953125	12	0.0	6636	2.16	0	0	V0.2	0	0	131	42	131	59	124	89	119	89	110	124	98	127	115	151	120	170	149	149	172	200	224	182	266	230	307	234	376	280	368	280	441	289	395	337	562	463	614	457	531	287	449	418	514	329	521	479	523	433	729	770	884	770	958	696	613	468	925	1000	914	567	521	447	576	370	428	320	440	331	433	313	378	271	340	247	300	220	247	188	222	183	194	186	196	175	172
64	170	2	2	119	0	1953125	12	0.0	6626	2.16	0	0	V0.2	0	0	118	62	129	53	138	79	144	74	148	106	142	116	154	149	146	173	155	182	144	238	183	251	204	321	232	319	285	405	297	393	347	438	346	490	497	607	515	617	584	623	447	568	558	621	527	672	584	647	493	640	625	758	719	797	652	607	711	1000	828	780	466	614	548	587	370	495	409	475	356	445	336	381	281	339	251	290	234	268	214	240	215	227	210	222	212
64	170	2	2	119	0	1953125	12	0.0	0	0.28	0	0	V0.2	0	0	-8	-8	-8	-9	-4	11	11	9	6	0	3	10	10	8	7	6	7	9	8	11	5	6	1	0	4	6	1	2	9	13	13	11	5	4	8	7	5	4	1	3	7	8	8	9	11	10	9	10	12	8	6	5	8	6	5	7	5	4	6	5	2	1	6	8	10	11	11	12	5	5	8	4	2	-3	0	3	4	6	9	5	2	0	-2	0	0
64	170	2	2	119	0	1953125	12	0.0	0	0.25	0	0	V0.2	0	0	5	9	10	-655	-811	-957	-1080	-1222	-1324	-1368	-1387	-1393	-1371	-1326	-1260	-1169	-1054	-917	-769	-610	-431	-241	-13	180	347	518	683	836	972	1085	1176	1246	1291	1312	1300	1265	1199	1104	990	860	714	549	374	192	1	-191	-377	-554	-720	-871	-1004	-1153	-1267	-1316	-1348	-1359	-1351	-1317	-1257	-1182	-1084	-962	-826	-682	-520	-353	-186	15	199	340	481	613	731	834	918	986	1033	1057	1065	1049	1013	957	883	788	687
64	170	2	2	119	0	1953125	12	0.0	0	0.26	0	0	V0.2	0	0	-2	3	-3	-1	1343	1375	1376	1368	1332	1257	1160	1040	899	739	562	372	175	-21	-221	-418	-610	-791	-953	-1093	-1270	-1352	-1413	-1440	-1445	-1421	-1378	-1307	-1215	-1106	-966	-806	-631	-444	-247	-18	201	372	543	704	863	999	1118	1216	1289	1328	1346	1340	1302	1247	1161	1057	931	786	631	460	284	109	-66	-233	-402	-561	-712	-842	-956	-1046	-1172	-1197	-1200	-1186	-1163	-1118	-1051	-970	-869	-759	-638	-510	-371	-223	-81
64	170	2	2	119	0	1953125	12	0.0	6640	2.16	0	0	V0.2	0	0	78	75	75	64	68	58	59	52	49	45	38	36	34	30	37	30	38	42	65	41	72	47	81	68	113	70	90	58	135	76	227	125	130	43	271	89	378	267	174	62	306	229	434	318	474	131	706	741	166	818	678	637	986	844	999	395	529	883	408	724	400	328	102	265	23	198	20	161	38	114	59	100	79	88	40	30	12	31	26	21	25	17	23	12	14
64	170	2	2	119	0	1953125	12	0.0	6640	2.16	0	0	V0.2	0	0	58	101	53	71	86	100	86	80	111	91	102	96	131	89	113	123	133	108	124	171	147	179	156	204	137	241	195	270	188	322	248	337	288	420	281	351	340	502	373	404	355	527	409	488	458	527	481	600	589	648	636	974	999	900	563	465	506	709	544	626	505	468	355	490	421	399	274	391	314	316	232	317	218	221	182	236	147	179	177	195	140	173	169	151	131
64	170	2	2	119	0	1953125	12	0.0	0	0.25	0	0	V0.2	0	0	11	10	12	6	5	0	-6	-6	-3	-2	-5	-1	-2	1	2	2	-1	3	2	-1	0	2	4	6	5	9	8	6	4	5	6	4	2	2	3	1	5	8	6	3	3	-1	0	-1	0	2	-2	-5	-4	-6	-5	-6	-2	-3	-3	-7	-10	-10	-5	-8	-6	-2	4	0	-1	0	-1	2	4	0	-1	-1	4	8	5	2	6	5	7	3	4	8	7	9	10
64	170	2	2	119	0	1953125	12	0.0	0	0.25	0	0	V0.2	0	0	9	12	16	15	-200	-398	-587	-770	-931	-1078	-1259	-1347	-1400	-1432	-1437	-1420	-1384	-1322	-1229	-1118	-990	-835	-667	-497	-316	-140	100	258	411	560	694	815	916	1003	1077	1127	1156	1163	1145	1101	1039	962	871	764	647	519	387	248	110	-27	-156	-283	-397	-505	-604	-695	-767	-817	-858	-882	-888	-880	-866	-832	-792	-732	-670	-593	-505	-411	-316	-224	-128	-29	65	158	250	330	406	476	530	586	630	667	690
64	170	2	2	119	0	1953125	12	0.0	0	0.25	0	0	V0.2	0	0	4	0	-1127	-1017	-886	-740	-583	-422	-251	-56	155	299	443	575	704	815	908	983	1041	1081	1100	1093	1068	1024	960	879	789	690	574	451	320	193	63	-62	-183	-296	-406	-502	-590	-665	-728	-776	-805	-817	-823	-817	-799	-766	-721	-660	-598	-529	-448	-370	-286	-194	-104	-14	75	163	241	318	385	446	505	553	593	626	647	662	665	649	632	608	573	530	484	425	358	288	211	128	45	-43	-124
64	170	2	2	119	0	1953125	12	0.0	0	0.25	0	0	V0.2	0	0	15	18	17	-586	-413	-228	22	200	373	547	723	890	1036	1174	1284	1369	1432	1472	1482	1466	1423	1350	1248	1113	959	791	611	414	208	-8	-215	-418	-617	-805	-973	-1133	-1308	-1382	-1446	-1491	-1507	-1493	-1454	-1388	-1292	-1168	-1025	-870	-691	-506	-306	-97	153	329	505	677	832	977	1101	1209	1292	1342	1363	1362	1333	1278	1205	1109	985	844	688	527	357	184	7	-168	-331	-494	-644	-776	-895	-992	-1094	-1165	-1175
64	170	2	2	119	0	1953125	12	0.0	0	0.27	0	0	V0.2	0	0	-4	-5	2	2	-1	0	-327	-431	-520	-595	-655	-704	-736	-757	-766	-761	-739	-701	-649	-591	-536	-463	-388	-299	-215	-127	-32	46	121	195	262	329	386	435	475	504	525	538	535	525	502	476	450	418	380	333	280	228	175	121	65	12	-41	-95	-145	-194	-235	-276	-313	-344	-377	-404	-420	-432	-436	-429	-425	-414	-398	-382	-355	-323	-284	-240	-196	-146	-90	-32	24	80	139	199	262	316	363
64	170	2	2	119	0	1953125	12	0.0	6642	2.16	0	0	V0.2	0	0	49	42	47	47	48	40	40	38	38	34	34	27	31	21	22	13	27	22	42	31	57	31	66	51	86	62	104	60	126	28	82	90	134	143	219	136	201	216	339	139	358	257	251	289	408	240	242	434	800	376	664	599	95	440	657	1000	528	636	249	326	174	197	186	110	129	125	50	140	44	99	36	92	43	73	28	37	24	9	26	1	15	16	9	21	16
64	170	2	2	119	0	1953125	12	0.0	0	0.27	0	0	V0.2	0	0	-9	-9	-5	-8	-11	-9	-10	3	4	6	6	5	3	7	10	12	9	7	3	1	1	1	1	0	-1	-2	-4	-4	-8	-6	-9	-10	-10	-13	-15	-16	-15	-8	-11	-10	-12	-11	-10	-10	-3	-4	-4	-3	-3	-6	-1	-3	3	8	6	5	6	6	8	11	8	8	3	0	-1	1	1	3	5	3	1	0	0	-6	-9	-12	-14	-12	-13	-14	-11	-13	-16	-9	-7
64	170	2	2	119	0	1953125	12	0.0	0	0.26	0	0	V0.2	0	0	11	8	12	14	17	18	-198	-290	-380	-462	-536	-596	-646	-681	-701	-701	-688	-660	-620	-571	-505	-431	-349	-259	-161	-64	36	128	215	300	380	453	511	555	589	609	619	618	599	571	533	478	416	345	271	191	110	27	-55	-138	-215	-285	-347	-400	-446	-482	-503	-523	-533	-529	-512	-488	-449	-402	-354	-301	-238	-177	-111	-42	26	84	139	192	238	282	323	351	373	388	393	389	376	362	341
64	170	2	2	119	0	1953125	12	0.0	6564	2.15	0	0	V0.2	0	0	77	78	70	57	55	50	45	36	40	24	19	14	17	15	27	28	41	36	70	37	70	44	87	58	103	49	120	44	116	20	152	46	198	164	167	215	294	239	508	186	293	234	232	407	736	247	766	202	633	626	824	857	999	561	994	856	306	540	482	454	357	205	254	26	241	137	177	119	163	120	166	106	113	99	81	108	85	75	71	57	58	33	56	34	30
64	170	2	2	119	0	1953125	12	0.0	6580	2.15	0	0	V0.2	0	0	107	81	124	84	115	103	105	103	106	121	89	128	112	135	110	148	130	137	176	189	187	148	211	175	227	182	299	201	252	186	326	183	262	210	345	191	310	265	385	199	375	406	559	344	382	280	475	408	475	318	475	687	1000	874	879	675	703	571	565	487	516	317	304	249	406	252	284	213	330	208	288	229	296	195	266	207	234	169	220	165	165	143	170	130	119
64	170	2	2	119	0	1953125	12	0.0	0	0.25	0	0	V0.2	0	0	-17	-13	-12	-9	-1	7	11	15	15	14	12	10	8	9	13	9	5	8	12	8	8	9	2	2	1	-1	-5	-7	-5	-2	-5	-4	-8	-8	-10	-7	-6	-8	-7	-5	-10	-4	1	4	2	-2	-1	-1	0	-2	1	2	3	9	10	12	15	14	12	18	14	16	16	10	10	12	9	9	7	4	8	8	3	1	0	-5	3	4	3	-1	-5	-7	-5	-5	-7
64	170	2	2	119	0	1953125	12	0.0	0	0.25	0	0	V0.2	0	0	13	9	8	8	-375	-522	-658	-777	-874	-954	-1016	-1071	-1130	-1110	-1069	-1016	-942	-860	-771	-668	-559	-443	-323	-199	-71	111	211	306	398	482	560	630	683	726	756	767	770	757	734	704	660	606	540	462	391	316	238	156	73	-8	-83	-158	-226	-296	-352	-406	-451	-488	-522	-550	-563	-572	-582	-575	-558	-534	-502	-467	-431	-388	-336	-277	-216	-152	-88	-19	51	120	189	255	320	379	430	481	522
64	170	2	2	119	0	1953125	12	0.0	0	0.25	0	0	V0.2	0	0	1	-3	-1	-1414	-1502	-1564	-1601	-1603	-1589	-1548	-1468	-1362	-1238	-1088	-922	-741	-554	-359	-158	88	293	460	621	773	910	1036	1135	1223	1280	1309	1321	1304	1270	1212	1133	1037	926	804	668	521	366	213	57	-93	-241	-374	-505	-623	-728	-819	-894	-954	-1025	-1074	-1066	-1043	-1017	-968	-911	-839	-761	-673	-575	-471	-363	-248	-131	-15	153	258	342	430	517	601	686	757	810	851	884	901	903	897	873	840	795
64	170	2	2	119	0	1953125	12	0.0	0	0.26	0	0	V0.2	0	0	-4	-7	-2	-532	-386	-236	-66	129	250	386	511	621	726	815	889	941	969	985	985	964	927	872	803	722	632	530	423	309	199	89	-16	-116	-220	-314	-399	-471	-532	-578	-617	-642	-659	-671	-664	-648	-623	-592	-550	-498	-441	-383	-327	-257	-191	-122	-48	19	84	142	196	257	314	358	401	441	470	495	512	524	533	534	532	526	508	480	443	400	356	301	254	193	127	57	-10	-78	-151
64	170	2	2	119	0	1953125	12	0.0	0	0.26	0	0	V0.2	0	0	-11	-5	-2	-3	-904	-786	-657	-522	-369	-218	-34	130	263	385	503	616	715	802	871	918	959	973	967	939	902	846	779	695	605	504	397	290	181	70	-28	-125	-216	-306	-392	-462	-528	-579	-622	-644	-656	-664	-661	-641	-617	-581	-545	-504	-448	-393	-333	-272	-206	-135	-68	0	63	125	180	235	296	348	390	429	465	490	507	523	532	536	535	523	506	481	453	419	370	314	256	198	125
64	170	2	2	119	0	1953125	12	0.0	0	0.26	0	0	V0.2	0	0	6	5	8	-754	-589	-422	-252	-58	141	295	444	588	724	839	934	1015	1074	1112	1128	1117	1090	1049	981	895	795	683	563	430	296	157	18	-111	-232	-349	-458	-556	-646	-718	-779	-823	-843	-851	-845	-822	-790	-746	-687	-622	-552	-469	-380	-287	-200	-109	-19	67	153	230	301	364	422	474	513	548	574	593	604	601	591	567	539	512	474	429	383	333	276	212	147	85	25	-43	-114	-183	-243
64	170	2	2	119	0	1953125	12	0.0	0	0.25	0	0	V0.2	0	0	13	12	7	309	513	715	900	1072	1229	1359	1465	1541	1590	1604	1583	1536	1458	1358	1232	1080	904	711	512	307	91	-120	-320	-516	-707	-872	-1028	-1212	-1313	-1376	-1415	-1430	-1426	-1395	-1339	-1255	-1152	-1029	-889	-739	-576	-409	-237	-52	174	324	470	610	737	851	946	1029	1091	1129	1141	1137	1112	1063	1002	929	840	740	622	500	367	231	101	-25	-146	-269	-384	-491	-588	-669	-730	-784	-816	-848	-863	-863	-848
64	170	2	2	119	0	1953125	12	0.0	0	0.25	0	0	V0.2	0	0	11	11	12	1156	1290	1400	1478	1533	1566	1562	1544	1487	1394	1276	1131	966	783	591	385	170	-58	-272	-480	-679	-864	-1028	-1228	-1341	-1421	-1476	-1511	-1516	-1498	-1451	-1383	-1281	-1153	-1011	-852	-673	-486	-287	-83	171	340	509	676	825	957	1077	1173	1250	1299	1321	1320	1295	1240	1166	1073	953	821	676	529	373	211	54	-101	-258	-410	-543	-663	-769	-861	-939	-1006	-1105	-1095	-1075	-1042	-999	-931	-864	-782	-690	-586
64	170	2	2	119	0	1953125	12	0.0	0	0.25	0	0	V0.2	0	0	-53	-52	-54	916	1058	1180	1281	1353	1399	1427	1430	1400	1349	1268	1163	1032	873	707	528	339	142	-59	-264	-462	-652	-832	-998	-1174	-1309	-1381	-1432	-1466	-1476	-1460	-1417	-1344	-1242	-1113	-967	-808	-644	-457	-266	-54	195	366	536	706	857	1002	1123	1223	1296	1341	1359	1353	1319	1262	1183	1084	963	820	659	492	319	145	-24	-198	-364	-524	-672	-795	-907	-1000	-1131	-1157	-1168	-1163	-1140	-1098	-1037	-960	-867	-761	-639
64	170	2	2	119	0	1953125	12	0.0	6640	2.16	0	0	V0.2	0	0	90	87	75	69	75	75	60	63	52	54	48	43	38	40	41	42	47	56	48	57	71	82	79	99	100	129	140	118	126	169	131	216	149	186	147	237	61	176	83	91	279	152	259	386	88	280	161	472	500	715	369	460	355	335	391	999	525	695	454	349	236	94	159	137	187	91	117	76	31	23	11	60	46	68	45	53	40	41	29	35	37	30	20	24	23
64	170	2	2	119	0	1953125	12	0.0	6583	2.15	0	0	V0.2	0	0	84	184	71	151	115	172	109	154	154	152	147	160	187	140	191	171	215	154	237	213	248	219	295	250	268	299	362	320	313	357	394	312	299	478	461	342	326	575	659	583	563	721	825	631	577	560	719	599	493	204	413	751	1000	785	747	499	644	670	772	781	927	737	733	516	694	567	567	362	503	399	457	323	418	297	354	271	331	227	263	227	250	182	207	193	195
64	170	2	2	119	0	1953125	12	0.0	0	0.27	0	0	V0.2	0	0	-60	-60	-59	-62	-62	7	2	5	6	9	6	0	3	3	4	5	3	4	0	-4	2	1	0	-2	-1	3	5	3	1	1	1	1	2	2	1	7	6	9	11	8	5	7	6	5	4	0	3	5	6	7	6	6	5	5	8	9	10	3	1	1	8	10	9	8	10	9	10	9	7	3	1	4	2	4	4	3	2	1	-5	-3	-2	-1	-1	1	-3
64	170	2	2	119	0	1953125	12	0.0	0	0.25	0	0	V0.2	0	0	20	22	23	25	25	27	-1084	-1262	-1337	-1397	-1437	-1447	-1429	-1384	-1318	-1227	-1111	-978	-825	-659	-484	-291	-99	147	305	460	618	763	902	1010	1100	1171	1214	1235	1241	1221	1173	1100	1005	892	768	629	485	335	180	31	-124	-272	-413	-541	-656	-753	-836	-907	-958	-985	-1034	-1043	-998	-939	-877	-797	-709	-613	-506	-398	-284	-171	-58	91	204	286	363	442	517	575	625	660	686	702	711	710	698	673	633
64	170	2	2	119	0	1953125	12	0.0	0	0.25	0	0	V0.2	0	0	11	15	18	18	-1407	-1444	-1451	-1433	-1393	-1329	-1239	-1125	-992	-835	-673	-503	-318	-136	90	270	424	578	717	842	953	1042	1108	1158	1191	1193	1171	1131	1066	991	897	782	664	539	399	257	113	-34	-172	-300	-422	-529	-628	-709	-780	-838	-878	-901	-903	-899	-878	-843	-794	-735	-663	-581	-495	-401	-302	-205	-105	-7	91	183	278	359	433	496	553	599	640	673	692	702	695	679	658	630	594	553	502
64	170	2	2	119	0	1953125	12	0.0	0	0.25	0	0	V0.2	0	0	4	5	2	322	517	702	881	1046	1189	1309	1403	1471	1511	1521	1494	1447	1373	1269	1140	993	828	650	464	269	69	-123	-314	-493	-661	-822	-963	-1101	-1234	-1285	-1312	-1324	-1312	-1281	-1225	-1154	-1056	-942	-814	-673	-526	-370	-212	-47	163	296	425	543	650	750	833	907	962	1000	1014	1010	986	952	897	830	751	669	570	467	351	235	125	12	-93	-195	-298	-390	-469	-544	-606	-652	-689	-721	-739	-750	-745
64	170	2	2	119	0	1953125	12	0.0	0	0.25	0	0	V0.2	0	0	9	4	0	5	4	682	848	997	1128	1238	1322	1377	1402	1408	1390	1346	1276	1176	1050	909	755	592	417	239	64	-115	-292	-461	-611	-749	-871	-976	-1066	-1176	-1190	-1190	-1176	-1142	-1085	-1017	-932	-832	-718	-600	-468	-332	-192	-46	141	251	357	456	555	637	711	777	826	859	873	877	863	836	791	741	676	608	536	450	360	269	175	88	-1	-94	-180	-262	-334	-400	-456	-509	-549	-587	-619	-638	-644
64	170	2	2	119	0	1953125	12	0.0	0	0.25	0	0	V0.2	0	0	-15	-19	-19	-969	-816	-647	-463	-272	-47	153	315	478	643	793	927	1037	1125	1198	1245	1269	1259	1237	1192	1122	1024	910	780	639	490	337	179	22	-136	-291	-430	-557	-671	-772	-860	-926	-973	-1002	-1008	-993	-962	-915	-853	-789	-713	-614	-506	-395	-280	-166	-54	52	158	258	351	436	514	580	626	658	683	698	702	692	676	645	608	562	505	446	390	329	270	198	126	52	-20	-92	-158	-216	-270
64	170	2	2	119	0	1953125	12	0.0	0	0.26	0	0	V0.2	0	0	-15	-20	-19	-13	139	334	532	719	895	1059	1198	1327	1431	1491	1527	1530	1511	1461	1387	1282	1154	1002	835	650	451	251	50	-146	-337	-522	-700	-862	-1006	-1148	-1275	-1323	-1355	-1367	-1357	-1326	-1275	-1199	-1094	-970	-836	-692	-534	-376	-207	-7	175	313	453	579	699	806	896	970	1020	1061	1076	1065	1038	993	930	861	782	686	587	469	355	228	105	-7	-123	-234	-338	-432	-520	-596	-656	-707	-743	-770	-787
64	170	2	2	119	0	1953125	12	0.0	0	0.25	0	0	V0.2	0	0	-13	-12	-7	-10	122	342	564	782	992	1184	1359	1503	1623	1716	1774	1801	1802	1760	1681	1576	1437	1269	1082	872	646	404	166	-80	-324	-566	-799	-1016	-1246	-1422	-1542	-1637	-1708	-1749	-1766	-1749	-1698	-1609	-1493	-1356	-1191	-1008	-800	-583	-354	-119	170	374	574	767	949	1112	1258	1375	1465	1534	1569	1573	1556	1506	1420	1311	1183	1038	874	697	512	324	128	-66	-254	-437	-609	-766	-900	-1020	-1183	-1250	-1291	-1311	-1310
64	170	2	2	119	0	1953125	12	0.0	0	0.25	0	0	V0.2	0	0	-6	-1	7	5	1017	832	634	431	223	22	-174	-373	-564	-747	-911	-1059	-1189	-1327	-1455	-1508	-1543	-1558	-1558	-1529	-1471	-1402	-1312	-1207	-1087	-944	-791	-630	-458	-263	-16	153	328	505	678	843	1012	1156	1277	1380	1468	1532	1578	1593	1589	1558	1493	1401	1284	1139	987	819	633	435	221	3	-224	-449	-668	-873	-1063	-1273	-1460	-1578	-1670	-1737	-1776	-1791	-1779	-1732	-1654	-1546	-1413	-1246	-1059	-844	-620	-382	-118	163	397
64	170	2	2	119	0	1953125	12	0.0	0	0.25	0	0	V0.2	0	0	-12	-8	-11	1972	2006	2005	1961	1885	1770	1619	1446	1242	1021	777	514	238	-38	-312	-577	-828	-1062	-1335	-1508	-1656	-1785	-1878	-1931	-1954	-1939	-1894	-1811	-1696	-1549	-1372	-1178	-958	-718	-464	-211	89	338	565	786	986	1172	1334	1474	1583	1660	1711	1734	1722	1678	1603	1499	1367	1222	1057	873	675	464	249	31	-179	-383	-575	-751	-914	-1081	-1245	-1331	-1387	-1434	-1450	-1444	-1422	-1378	-1316	-1224	-1116	-996	-856	-710	-549	-380
64	170	2	2	119	0	1953125	12	0.0	0	0.26	0	0	V0.2	0	0	-9	-6	-9	1842	1910	1933	1919	1869	1790	1681	1540	1364	1166	949	713	471	221	-34	-282	-524	-756	-970	-1180	-1400	-1522	-1620	-1688	-1733	-1753	-1741	-1698	-1625	-1514	-1379	-1225	-1055	-865	-664	-450	-231	32	241	428	612	784	940	1085	1210	1317	1396	1443	1469	1466	1437	1393	1320	1227	1114	986	833	680	526	356	187	16	-152	-318	-477	-621	-758	-878	-986	-1075	-1199	-1223	-1238	-1244	-1229	-1201	-1155	-1095	-1018	-932	-832	-710
64	170	2	2	119	0	1953125	12	0.0	6577	2.15	0	0	V0.2	0	0	65	53	57	51	56	45	48	42	39	37	29	27	27	17	28	18	39	25	46	27	56	44	71	54	95	58	120	63	132	72	163	77	192	124	198	165	195	257	265	229	417	201	461	320	450	415	382	512	711	679	1000	725	909	932	590	828	651	509	525	608	264	301	74	151	20	113	37	129	26	104	18	52	52	61	18	57	12	26	29	24	26	13	23	11	22
64	170	2	2	119	0	1953125	12	0.0	0	0.25	0	0	V0.2	0	0	-1	-7	-10	-7	-5	2	6	5	3	7	5	3	2	8	7	7	10	8	8	8	9	8	11	11	9	9	13	9	8	8	4	0	-2	-3	-4	-5	0	2	2	4	7	2	0	-3	1	4	6	3	5	11	9	9	6	7	10	10	11	11	7	5	9	11	13	12	12	11	15	8	8	9	7	8	11	7	6	8	7	7	6	4	4	6	2	2	2
64	170	2	2	119	0	1953125	12	0.0	0	0.25	0	0	V0.2	0	0	-1	3	9	1852	1918	1943	1941	1903	1829	1716	1573	1407	1211	990	754	505	255	7	-249	-491	-721	-942	-1144	-1383	-1504	-1603	-1681	-1735	-1758	-1742	-1698	-1626	-1529	-1407	-1259	-1099	-913	-717	-506	-293	-42	191	387	563	734	896	1042	1172	1277	1361	1422	1447	1455	1436	1395	1334	1253	1149	1024	888	736	578	415	247	80	-89	-258	-415	-566	-702	-829	-934	-1026	-1139	-1218	-1238	-1245	-1245	-1228	-1188	-1130	-1056	-973	-877	-767
64	170	2	2	119	0	1953125	12	0.0	0	0.27	0	0	V0.2	0	0	-5	-10	-8	-8	-381	-215	12	152	287	429	563	689	797	895	972	1030	1075	1104	1114	1107	1084	1043	983	909	831	748	652	537	413	292	166	42	-78	-202	-320	-434	-547	-641	-726	-805	-871	-916	-960	-986	-1000	-996	-985	-955	-910	-844	-772	-700	-609	-506	-392	-272	-136	-4	127	256	379	502	624	736	839	932	1009	1065	1105	1132	1135	1120	1090	1042	976	888	785	659	524	378	228	71	-97	-266	-432
64	170	2	2	119	0	1953125	12	0.0	0	0.29	0	0	V0.2	0	0	-8	-16	-17	-220	-345	-466	-577	-683	-775	-862	-929	-984	-1022	-1043	-1046	-1039	-1020	-981	-928	-861	-781	-694	-599	-487	-380	-267	-142	-9	122	256	390	515	626	732	834	921	1004	1059	1105	1136	1143	1132	1108	1070	1007	927	838	728	602	463	325	171	15	-144	-309	-467	-620	-762	-894	-1007	-1121	-1256	-1297	-1318	-1328	-1316	-1280	-1220	-1136	-1034	-915	-780	-623	-461	-276	-74	162	332	503	677	845	996	1132	1251	1352
64	170	2	2	119	0	1953125	12	0.0	0	0.29	0	0	V0.2	0	0	13	9	10	9	354	215	77	-70	-214	-346	-472	-580	-676	-758	-832	-893	-941	-976	-992	-991	-977	-947	-907	-856	-792	-718	-635	-535	-436	-335	-227	-116	-9	100	216	326	425	526	621	700	773	833	877	920	948	963	965	949	916	867	813	744	655	556	447	333	216	94	-40	-176	-310	-443	-572	-688	-799	-900	-987	-1053	-1161	-1180	-1180	-1162	-1128	-1077	-1004	-918	-812	-698	-565	-419	-267	-100	129	283	432
64	170	2	2	119	0	1953125	12	0.0	0	0.27	0	0	V0.2	0	0	6	1	-1	-1	237	102	-25	-151	-282	-410	-527	-638	-742	-832	-914	-985	-1045	-1084	-1113	-1174	-1141	-1101	-1044	-975	-896	-791	-684	-568	-438	-291	-148	56	193	332	472	606	741	867	990	1088	1167	1232	1278	1304	1301	1278	1231	1165	1070	965	832	683	522	346	161	-29	-217	-401	-583	-753	-913	-1071	-1246	-1333	-1403	-1446	-1467	-1461	-1436	-1380	-1304	-1202	-1071	-921	-751	-564	-375	-175	71	285	469	653	825	983	1126
64	170	2	2	119	0	1953125	12	0.0	0	0.27	0	0	V0.2	0	0	9	11	9	2	-49	-207	-361	-508	-649	-774	-891	-995	-1097	-1221	-1258	-1283	-1285	-1274	-1246	-1206	-1143	-1057	-963	-849	-717	-569	-413	-245	-64	160	314	472	635	795	947	1089	1210	1311	1393	1457	1489	1504	1486	1441	1367	1270	1150	1010	853	678	490	286	72	-141	-357	-562	-757	-948	-1164	-1317	-1422	-1509	-1577	-1615	-1626	-1608	-1562	-1485	-1385	-1250	-1092	-911	-715	-504	-280	-54	228	437	638	831	1013	1189	1341	1464	1567
64	170	2	2	119	0	1953125	12	0.0	0	0.27	0	0	V0.2	0	0	5	0	-3	-402	-545	-681	-801	-913	-1018	-1131	-1223	-1256	-1278	-1290	-1286	-1252	-1215	-1156	-1076	-982	-876	-754	-610	-454	-291	-131	80	251	410	563	720	866	1002	1124	1228	1315	1372	1412	1422	1410	1375	1314	1234	1124	991	835	668	492	299	97	-114	-326	-528	-725	-908	-1107	-1281	-1387	-1483	-1558	-1604	-1624	-1614	-1579	-1514	-1424	-1304	-1159	-991	-802	-595	-385	-163	92	339	541	738	930	1102	1258	1386	1494	1569	1622	1647
64	170	2	2	119	0	1953125	12	0.0	0	0.27	0	0	V0.2	0	0	-2	2	0	1169	1111	1043	960	858	739	608	465	313	160	-3	-161	-317	-472	-625	-761	-891	-1008	-1138	-1258	-1305	-1340	-1363	-1364	-1345	-1307	-1247	-1164	-1054	-932	-789	-638	-468	-287	-94	152	329	503	681	853	1013	1162	1281	1388	1464	1524	1554	1559	1529	1473	1386	1273	1135	979	799	610	404	186	-35	-258	-477	-685	-883	-1087	-1282	-1397	-1503	-1582	-1630	-1649	-1648	-1614	-1547	-1456	-1332	-1183	-1008	-821	-614	-399	-176	85
64	170	2	2	119	0	1953125	12	0.0	0	0.29	0	0	V0.2	0	0	7	2	2	0	164	277	391	503	604	692	774	843	901	950	985	999	1005	994	970	923	866	795	710	616	513	393	269	138	-4	-146	-287	-424	-566	-691	-809	-912	-999	-1118	-1179	-1208	-1211	-1209	-1177	-1130	-1065	-975	-865	-748	-612	-469	-312	-139	64	256	407	557	701	843	975	1090	1184	1257	1313	1338	1332	1311	1265	1193	1100	989	856	698	528	346	157	-34	-225	-413	-591	-763	-920	-1096	-1213	-1289	-1347
64	170	2	2	119	0	1953125	12	0.0	0	0.26	0	0	V0.2	0	0	20	22	19	-1335	-1177	-1000	-808	-608	-403	-184	88	291	483	664	832	990	1126	1241	1334	1399	1439	1453	1439	1405	1342	1256	1148	1025	879	728	569	405	237	69	-100	-265	-416	-563	-696	-815	-914	-1000	-1104	-1173	-1181	-1178	-1163	-1135	-1099	-1039	-972	-887	-790	-685	-568	-440	-312	-177	-47	145	253	359	461	570	671	766	843	904	955	995	1021	1036	1039	1015	987	932	866	786	693	595	486	370	239	108	-25
64	170	2	2	119	0	1953125	12	0.0	0	0.25	0	0	V0.2	0	0	-63	-61	-67	248	490	725	952	1158	1344	1501	1635	1735	1801	1836	1835	1797	1734	1626	1498	1338	1166	969	766	546	318	87	-142	-370	-579	-779	-965	-1169	-1315	-1414	-1495	-1548	-1574	-1577	-1549	-1497	-1422	-1329	-1210	-1076	-924	-758	-585	-406	-222	-29	195	352	511	658	799	923	1033	1127	1199	1253	1289	1303	1293	1262	1217	1149	1063	966	854	732	602	462	313	161	5	-144	-292	-436	-574	-704	-827	-934	-1057	-1145	-1182
64	170	2	2	119	0	1953125	12	0.0	0	0.26	0	0	V0.2	0	0	-7	-5	-6	-2	-2	-4	824	1010	1182	1333	1456	1554	1616	1657	1663	1640	1584	1501	1394	1268	1119	952	768	580	385	181	-23	-220	-410	-590	-754	-904	-1039	-1218	-1282	-1332	-1363	-1378	-1376	-1357	-1309	-1241	-1157	-1053	-930	-799	-663	-515	-363	-203	-34	174	306	438	570	696	808	905	998	1075	1132	1169	1186	1185	1173	1143	1095	1034	957	856	748	626	495	360	220	71	-76	-228	-374	-520	-646	-769	-883	-988	-1131
64	170	2	2	119	0	1953125	12	0.0	0	0.27	0	0	V0.2	0	0	9	7	5	8	1	982	891	786	665	539	406	265	125	-14	-158	-306	-451	-583	-706	-816	-920	-1008	-1082	-1202	-1229	-1232	-1225	-1202	-1164	-1113	-1045	-962	-861	-746	-613	-464	-307	-150	60	229	377	525	669	812	952	1072	1173	1258	1324	1372	1392	1395	1368	1315	1227	1126	1004	864	709	534	345	148	-54	-252	-456	-642	-825	-1000	-1211	-1332	-1426	-1493	-1543	-1564	-1559	-1533	-1477	-1393	-1281	-1147	-981	-801	-600	-391	-176
64	170	2	2	119	0	1953125	12	0.0	0	0.25	0	0	V0.2	0	0	5	2	1	2013	2078	2108	2097	2051	1968	1849	1690	1496	1276	1035	768	489	199	-96	-384	-672	-951	-1273	-1511	-1707	-1878	-2015	-2120	-2190	-2219	-2206	-2153	-2066	-1935	-1768	-1564	-1331	-1073	-800	-510	-213	130	439	713	981	1234	1456	1658	1830	1976	2080	2143	2163	2141	2084	1988	1856	1690	1491	1268	1014	754	475	201	-86	-364	-631	-890	-1183	-1389	-1554	-1702	-1817	-1903	-1958	-1977	-1960	-1908	-1821	-1707	-1556	-1379	-1190	-977	-746	-503
64	170	2	2	119	0	1953125	12	0.0	0	0.25	0	0	V0.2	0	0	-13	-9	-6	-246	102	414	690	957	1206	1445	1659	1837	1982	2092	2160	2190	2178	2125	2024	1890	1729	1533	1305	1051	783	495	207	-91	-383	-660	-926	-1222	-1446	-1627	-1777	-1895	-1985	-2035	-2049	-2033	-1985	-1894	-1773	-1614	-1423	-1209	-978	-731	-472	-213	76	355	588	811	1020	1213	1383	1526	1647	1734	1789	1809	1794	1748	1672	1571	1446	1302	1134	947	743	531	309	90	-130	-346	-548	-739	-917	-1134	-1259	-1357	-1439	-1499	-1539
64	170	2	2	119	0	1953125	12	0.0	0	0.26	0	0	V0.2	0	0	6	1	-3	-1934	-1940	-1910	-1855	-1759	-1632	-1474	-1290	-1072	-844	-607	-365	-109	199	431	649	867	1070	1247	1407	1536	1637	1710	1747	1751	1723	1665	1578	1461	1320	1154	973	779	572	361	139	-72	-286	-486	-676	-856	-1025	-1213	-1304	-1386	-1442	-1479	-1491	-1475	-1444	-1386	-1307	-1209	-1090	-958	-809	-650	-485	-318	-141	64	260	406	550	686	816	931	1030	1115	1184	1236	1267	1279	1266	1234	1188	1127	1047	949	845	718	579
64	170	2	2	119	0	1953125	12	0.0	0	0.25	0	0	V0.2	0	0	-13	-14	-10	1814	1628	1413	1166	896	605	312	19	-275	-563	-835	-1106	-1384	-1577	-1740	-1879	-1986	-2055	-2089	-2083	-2040	-1955	-1832	-1684	-1502	-1293	-1067	-819	-566	-305	-14	282	522	757	979	1179	1357	1513	1640	1741	1805	1839	1834	1793	1727	1633	1514	1370	1202	1015	813	596	370	149	-72	-297	-510	-712	-900	-1102	-1269	-1372	-1456	-1520	-1565	-1587	-1583	-1551	-1497	-1421	-1323	-1200	-1058	-902	-738	-559	-380	-189	10	246	408	567
64	170	2	2	119	0	1953125	12	0.0	0	0.26	0	0	V0.2	0	0	1	2	3	0	822	572	307	35	-236	-513	-773	-1019	-1300	-1480	-1639	-1771	-1877	-1948	-1982	-1984	-1942	-1861	-1746	-1598	-1428	-1233	-1011	-771	-509	-247	54	335	573	805	1030	1235	1418	1575	1699	1792	1846	1866	1851	1803	1721	1612	1472	1303	1106	902	679	448	214	-18	-257	-489	-707	-908	-1132	-1300	-1413	-1504	-1569	-1618	-1646	-1635	-1595	-1529	-1442	-1327	-1187	-1036	-862	-675	-485	-283	-83	165	357	522	688	846	990	1114	1218
64	170	2	2	119	0	1953125	12	0.0	0	0.26	0	0	V0.2	0	0	9	11	9	4	-1607	-1708	-1779	-1818	-1824	-1797	-1738	-1651	-1521	-1364	-1187	-996	-782	-555	-324	-86	205	416	631	831	1019	1186	1326	1445	1533	1594	1627	1628	1598	1547	1464	1355	1225	1071	903	717	527	323	116	-82	-278	-465	-639	-798	-945	-1117	-1232	-1298	-1347	-1377	-1392	-1384	-1350	-1297	-1226	-1132	-1019	-892	-754	-604	-449	-293	-132	59	259	403	535	664	787	896	991	1067	1130	1175	1204	1213	1210	1181	1134	1072	992
64	170	2	2	119	0	1953125	12	0.0	0	0.26	0	0	V0.2	0	0	10	6	7	-1718	-1656	-1560	-1436	-1285	-1108	-916	-701	-473	-235	50	294	513	720	923	1111	1278	1420	1539	1630	1681	1703	1689	1646	1570	1470	1342	1179	998	802	599	383	162	-65	-288	-501	-696	-882	-1057	-1260	-1359	-1435	-1490	-1520	-1531	-1507	-1460	-1392	-1294	-1178	-1047	-901	-732	-547	-360	-173	51	253	408	555	700	839	960	1063	1147	1209	1249	1268	1265	1236	1192	1131	1051	954	846	714	581	443	302	154	2	-142
64	170	2	2	119	0	1953125	12	0.0	0	0.28	0	0	V0.2	0	0	2	1	0	-1756	-1700	-1622	-1507	-1363	-1198	-1002	-785	-558	-318	-60	209	423	635	836	1028	1196	1348	1465	1556	1618	1652	1653	1625	1561	1468	1347	1205	1046	867	675	474	265	49	-163	-369	-565	-746	-916	-1071	-1247	-1321	-1385	-1425	-1445	-1444	-1418	-1364	-1287	-1190	-1077	-940	-795	-637	-468	-302	-132	83	258	395	536	671	791	897	992	1069	1117	1150	1176	1181	1167	1134	1082	1009	924	824	717	595	465	329	187	52
64	170	2	2	119	0	1953125	12	0.0	0	0.26	0	0	V0.2	0	0	1	-2	3	3	-1529	-1387	-1227	-1039	-832	-617	-396	-171	104	336	539	731	916	1078	1219	1341	1435	1505	1545	1551	1538	1494	1420	1321	1203	1070	915	754	576	385	194	0	-188	-369	-536	-694	-839	-973	-1131	-1217	-1266	-1304	-1327	-1327	-1307	-1268	-1215	-1138	-1040	-925	-804	-672	-535	-386	-232	-75	127	281	408	536	658	765	866	957	1029	1091	1132	1156	1166	1156	1126	1081	1016	935	842	732	602	470	335	193	46
64	170	2	2	119	0	1953125	12	0.0	0	0.26	0	0	V0.2	0	0	0	1	1	1	-777	-558	-324	-54	216	445	672	890	1097	1284	1449	1590	1694	1772	1823	1833	1801	1732	1636	1512	1358	1177	975	753	511	258	2	-251	-497	-731	-951	-1181	-1380	-1514	-1618	-1703	-1756	-1778	-1765	-1721	-1647	-1542	-1410	-1248	-1057	-850	-635	-410	-176	98	333	539	736	927	1102	1248	1372	1472	1544	1590	1606	1589	1545	1469	1364	1246	1100	934	762	575	379	177	-21	-218	-403	-585	-747	-903	-1055	-1196	-1267
64	170	2	2	119	0	1953125	12	0.0	0	0.29	0	0	V0.2	0	0	11	13	12	-743	-585	-408	-235	-24	187	347	513	669	809	938	1044	1126	1192	1233	1247	1238	1213	1161	1084	991	874	754	620	475	322	159	-4	-152	-293	-427	-548	-658	-754	-844	-914	-969	-998	-1003	-998	-974	-936	-883	-816	-733	-641	-540	-434	-319	-205	-87	34	141	245	347	449	534	610	668	720	762	795	816	819	814	794	761	722	669	610	551	478	393	304	212	116	27	-65	-161	-253	-341	-424
64	170	2	2	119	0	1953125	12	0.0	0	0.32	0	0	V0.2	0	0	37	38	40	40	41	40	42	43	43	46	46	50	49	54	55	60	63	69	67	68	68	74	65	73	62	69	59	67	50	63	49	62	74	67	111	65	170	74	222	119	310	157	339	210	353	295	440	362	567	486	640	584	695	777	720	1000	669	925	643	748	511	538	394	415	312	335	249	261	206	198	167	153	134	129	104	105	88	92	82	80	79	82	82	82	85
64	170	2	2	119	0	1953125	12	0.0	0	0.32	0	0	V0.2	0	0	44	45	47	47	44	45	48	47	50	52	54	55	58	62	66	65	66	68	71	72	71	73	70	72	63	69	54	61	39	52	14	51	22	60	59	70	125	72	199	127	274	155	317	167	378	229	511	239	686	325	748	488	827	696	1000	883	920	843	842	700	648	552	486	461	396	371	323	291	269	237	220	193	180	161	148	131	122	108	98	93	86	87	82	85	86
64	170	2	2	119	0	1953125	12	0.0	0	0.31	0	0	V0.2	0	0	50	50	52	53	55	57	56	59	62	63	66	68	71	73	75	75	77	77	79	78	80	75	77	71	69	66	67	55	54	51	41	58	38	84	33	114	84	140	141	196	178	242	241	259	316	326	430	351	597	364	717	536	854	679	1000	712	950	722	858	593	671	487	500	404	387	329	316	270	265	226	219	190	176	156	147	129	120	108	98	91	86	80	76	75	73
64	170	2	2	119	0	1953125	12	0.0	0	0.30	0	0	V0.2	0	0	17	17	19	17	20	252	68	-118	-303	-478	-638	-782	-916	-1029	-1174	-1242	-1262	-1266	-1250	-1217	-1159	-1088	-987	-867	-735	-588	-428	-263	-98	122	272	417	553	677	792	893	977	1038	1075	1095	1093	1074	1031	968	885	788	681	563	436	306	175	38	-99	-229	-352	-464	-564	-659	-737	-795	-841	-870	-881	-875	-854	-819	-771	-712	-644	-569	-482	-388	-286	-183	-81	18	110	202	293	373	450	517	571	619	652
64	170	2	2	119	0	1953125	12	0.0	0	0.32	0	0	V0.2	0	0	58	60	60	60	62	62	65	63	64	63	60	60	60	59	60	60	61	59	63	58	67	60	64	59	66	52	63	39	52	36	56	47	70	96	71	163	113	202	149	286	146	374	211	450	225	565	226	620	461	698	623	923	676	973	830	999	816	958	830	702	710	530	500	406	386	332	305	271	246	212	192	163	158	131	121	113	98	92	83	81	81	77	78	74	71
64	170	2	2	119	0	1953125	12	0.0	138	1.04	0	0	V0.2	0	0	51	105	62	95	67	74	82	52	86	24	86	17	73	36	54	59	28	85	3	98	39	102	85	99	132	81	194	74	235	81	295	99	336	157	403	243	458	287	482	339	524	426	566	569	799	724	933	703	756	556	683	732	869	810	964	830	1000	736	566	434	325	347	330	352	296	320	256	267	174	221	134	204	94	170	44	122	18	102	38	89	55	75	60	63	58
64	170	2	2	119	0	1953125	12	0.0	0	0.32	0	0	V0.2	0	0	47	49	51	54	52	55	55	57	58	58	60	61	62	61	63	62	64	67	66	73	71	80	80	89	86	104	100	119	120	133	132	165	150	218	158	256	177	284	193	330	178	405	192	449	181	551	200	630	366	685	422	848	319	939	428	1000	531	992	562	731	481	557	333	448	298	355	273	288	241	244	208	219	191	185	170	168	152	145	133	126	120	116	104	103	98
64	170	2	2	119	0	1953125	12	0.0	6647	2.16	0	0	V0.2	0	0	43	41	45	45	44	39	33	30	26	23	22	19	13	16	8	17	15	18	24	27	41	44	49	56	58	60	55	59	61	71	60	107	83	177	116	199	141	242	265	175	344	275	302	280	432	314	431	435	296	454	629	554	1000	627	779	576	376	617	599	299	412	122	289	105	155	8	118	44	120	38	109	31	57	13	48	38	39	28	30	21	26	15	20	8	10
64	170	2	2	119	0	1953125	12	0.0	6658	2.16	0	0	V0.2	0	0	133	58	125	55	120	66	104	97	107	93	95	142	115	137	125	166	130	163	170	186	197	215	260	237	287	280	350	290	334	273	368	309	437	339	417	380	555	456	470	391	517	481	617	617	707	534	405	398	558	279	274	506	940	1000	877	534	421	522	714	665	535	378	479	492	457	344	382	352	343	260	326	293	271	191	222	171	182	143	188	138	158	143	162	136	158
64	170	2	2	119	0	1953125	12	0.0	6628	2.16	0	0	V0.2	0	0	27	123	16	131	39	122	44	134	71	117	100	139	123	124	157	138	175	150	238	165	237	174	294	188	303	242	389	279	395	263	382	311	537	476	543	280	450	395	528	300	470	472	618	552	812	748	737	474	681	733	827	493	532	604	1000	893	692	259	364	467	663	478	473	351	418	305	341	296	376	257	297	258	350	254	281	220	255	188	218	175	190	157	184	152	152
64	170	2	2	119	0	1953125	12	0.0	6633	2.16	0	0	V0.2	0	0	39	169	40	151	62	166	76	159	112	157	132	163	176	158	194	169	223	171	264	220	296	234	333	268	341	287	385	352	416	384	453	437	521	567	610	514	535	490	544	549	652	647	681	595	733	718	788	649	705	675	818	923	1000	824	731	583	844	784	811	549	619	463	580	416	565	394	464	324	463	334	386	282	378	273	313	235	278	218	248	221	231	203	221	212	208
64	170	2	2	119	0	1953125	12	0.0	6627	2.16	0	0	V0.2	0	0	142	102	144	97	130	115	113	124	116	143	107	159	126	165	134	187	161	182	196	220	233	220	275	250	291	234	351	277	372	300	446	328	483	435	576	446	467	366	514	402	558	486	630	516	708	639	695	556	570	544	664	772	929	1000	642	354	640	834	765	581	299	398	508	462	419	438	386	352	352	377	321	294	260	263	239	229	232	210	211	206	213	185	187	193	192
64	170	2	2	119	0	1953125	12	0.0	0	0.32	0	0	V0.2	0	0	5	24	22	11	1	6	4	2	28	7	44	9	19	35	22	8	24	25	26	9	25	9	31	28	56	43	56	58	37	122	93	117	126	151	103	246	105	201	299	191	91	167	267	424	437	332	109	405	285	746	211	781	148	660	819	673	1000	391	222	454	27	385	365	215	20	127	55	51	70	66	11	5	74	23	64	36	20	44	14	24	1	15	16	17	4
64	170	2	2	119	0	1953125	12	0.0	154	1.05	0	0	V0.2	0	0	99	77	89	88	63	96	37	97	12	90	14	77	41	52	66	26	83	17	96	48	90	92	79	133	52	187	33	235	52	276	87	316	149	367	243	457	317	483	367	486	482	609	604	773	773	900	793	794	602	692	638	818	935	924	1000	953	864	713	485	385	395	352	460	323	425	291	342	213	292	142	253	106	220	57	147	27	117	52	103	72	87	76	71	75	66
64	170	2	2	119	0	1953125	12	0.0	0	0.31	0	0	V0.2	0	0	63	67	69	69	73	74	73	79	81	82	88	92	94	98	102	106	109	117	120	129	132	143	141	153	152	170	163	189	183	204	190	237	195	280	225	310	246	307	258	347	319	385	339	408	323	385	410	428	675	509	762	697	752	839	903	862	999	891	925	680	719	564	499	451	405	366	362	320	313	287	270	260	249	240	227	214	206	203	192	188	182	175	168	164	157
64	170	2	2	119	0	1953125	12	0.0	6633	2.16	0	0	V0.2	0	0	52	43	49	42	43	33	39	30	27	27	20	21	18	17	20	19	34	27	37	29	40	39	58	46	61	28	79	32	95	37	124	25	147	43	107	92	201	111	273	100	248	218	327	284	552	272	597	354	461	789	539	664	1000	426	912	688	560	525	179	371	216	219	196	180	51	85	57	37	82	77	62	46	74	41	38	34	33	28	27	24	19	10	22	14	15
64	170	2	2	119	0	1953125	12	0.0	6636	2.16	0	0	V0.2	0	0	83	99	79	104	76	119	71	122	85	126	87	136	120	129	127	136	158	134	198	168	227	180	271	216	296	250	354	295	393	333	392	290	409	458	529	490	588	623	709	668	755	748	739	510	490	403	503	534	715	771	759	648	688	729	931	913	932	911	1000	903	836	565	616	526	559	433	523	480	500	373	413	349	354	307	356	312	283	244	262	236	223	222	222	205	202
64	170	2	2	119	0	1953125	12	0.0	6569	2.15	0	0	V0.2	0	0	115	36	110	52	115	65	122	74	109	77	107	88	96	107	106	121	98	148	117	164	115	190	127	198	129	225	149	241	141	228	109	229	184	323	214	346	288	423	302	334	189	306	235	212	71	203	163	263	183	447	500	695	660	783	893	1000	940	755	605	439	423	275	299	237	292	197	227	217	270	196	216	182	215	161	195	171	192	131	151	132	139	97	111	110	111
64	170	2	2	119	0	1953125	12	0.0	6563	2.15	0	0	V0.2	0	0	79	65	74	51	88	57	91	58	91	52	84	60	84	66	84	91	85	113	102	136	87	144	103	166	91	178	118	193	92	184	99	173	122	249	187	269	187	308	243	271	95	244	277	305	90	103	210	221	114	412	645	777	577	579	741	1000	902	730	394	339	248	255	137	245	175	215	115	223	157	207	133	199	146	202	144	164	93	141	117	128	89	104	81	82	84
64	170	2	2	119	0	1953125	12	0.0	6542	2.14	0	0	V0.2	0	0	94	54	92	65	97	72	85	87	89	87	71	99	75	97	84	113	92	109	130	136	132	121	165	136	176	134	206	133	192	128	218	99	208	177	320	232	327	258	376	241	233	192	405	309	215	85	287	249	178	255	630	793	839	600	724	838	1000	775	627	440	375	222	241	215	317	197	225	159	245	165	234	166	223	154	205	133	168	136	170	111	129	111	116	92	112
64	170	2	2	119	0	1953125	12	0.0	0	0.28	0	0	V0.2	0	0	6	2	1	-2	-7	-12	-9	-8	-10	-9	-8	-9	-7	-4	-2	-4	-4	-5	-2	-5	2	4	1	-1	3	-2	1	5	9	9	12	11	10	8	2	1	-1	-1	-1	-2	-2	-3	-2	-10	-9	-9	-11	-11	-13	-13	-17	-14	-10	-6	-6	-6	-7	-3	-8	-7	-8	-8	-7	-6	-1	0	4	6	4	1	4	8	10	11	12	12	13	10	6	8	6	6	6	5	4
