34928	35048	35167	35286	35405	35524	35644	35763	35882	36001	36120	36240	36359	36478	36597	36716	36836	36955	37074	37193	37313	37432	37551	37670	37789	37909	38028	38147	38266	38385	38505	38624	38743	38862	38981	39101	39220	39339	39458	39577	39697	39816	39935	40054	40174	40293	40412	40531	40650	40770	40889	41008	41127	41246	41366	41485	41604	41723	41842	41962	42081	42200	42319	42439	42558	42677	42796	42915	43035	43154	43273	43392	43511	43631	43750	43869	43988	44107	44227	44346	44465	44584	44703	44823	44942
64	170	2	2	119	0	1953125	12	0.0	12000	3.08	0	0	V0.2	0	0	17	28	44	40	18	18	43	43	12	15	36	35	12	7	40	37	16	20	52	37	17	35	75	36	34	12	83	97	24	49	112	119	19	8	159	128	77	144	188	308	52	177	161	63	109	235	470	329	334	506	898	681	544	304	492	999	585	633	220	325	182	70	200	170	6	65	86	115	29	23	44	40	53	25	38	36	24	12	31	38	14	8	34	51	17
64	170	2	2	119	0	1953125	12	0.0	9893	2.72	0	0	V0.2	0	0	285	194	10	205	281	189	43	177	233	155	63	144	159	86	57	124	122	64	27	127	209	191	42	189	349	335	128	253	495	508	244	346	611	672	358	419	778	687	559	500	690	1000	545	554	939	854	728	675	841	929	700	736	900	907	618	580	666	857	846	377	433	756	594	347	397	539	483	241	198	380	347	120	124	229	161	28	111	135	34	96	175	168	142	186	214
64	170	2	2	119	0	1953125	12	0.0	11578	3.01	0	0	V0.2	0	0	22	48	59	13	43	52	37	17	47	43	31	17	45	30	41	22	52	31	36	30	54	45	35	58	68	73	34	89	128	60	51	198	181	183	99	0	76	95	50	167	279	285	123	185	295	597	318	518	553	258	260	627	1000	631	543	535	127	527	167	324	452	181	139	68	98	73	126	43	34	44	58	101	107	81	53	44	35	27	65	36	53	46	68	46	55
64	170	2	2	119	0	1953125	12	0.0	11632	3.02	0	0	V0.2	0	0	49	25	59	29	69	4	34	57	65	50	47	65	65	28	15	65	27	42	46	83	10	11	94	56	63	27	63	54	135	20	79	191	366	272	266	58	251	122	198	275	538	374	367	183	225	106	232	346	381	281	425	777	918	708	770	843	1000	684	337	41	337	211	94	58	156	35	163	106	146	74	118	104	140	62	15	79	44	95	66	40	41	73	33	52	73
64	170	2	2	119	0	1953125	12	0.0	1282	1.24	0	0	V0.2	0	0	416	403	401	398	349	327	309	289	255	211	179	168	135	130	142	167	179	186	240	298	290	332	388	416	411	456	481	517	503	538	549	573	637	493	671	544	494	662	628	477	876	686	447	839	653	200	746	356	206	826	684	170	984	236	998	87	1000	412	131	635	661	422	558	584	454	535	461	438	497	433	438	388	405	317	368	273	222	226	219	178	116	129	89	69	38
64	170	2	2	119	0	1953125	12	0.0	1335	1.25	0	0	V0.2	0	0	3	37	19	53	6	20	28	40	13	19	37	21	24	32	42	5	39	47	42	30	38	45	14	84	58	60	6	109	41	50	103	201	94	128	162	282	165	146	135	200	45	237	309	314	77	296	401	344	159	528	909	1000	807	649	532	416	194	180	268	279	168	194	246	276	114	120	96	110	18	142	96	79	17	98	44	51	45	74	11	37	54	49	9	45	48
64	170	2	2	119	0	1953125	12	0.0	11227	2.95	0	0	V0.2	0	0	31	55	59	41	21	46	65	42	20	36	63	40	8	38	70	35	17	50	72	35	29	70	76	68	27	93	80	82	72	84	132	219	79	158	127	332	163	284	366	109	461	226	617	199	188	180	642	408	265	324	490	726	462	506	545	999	50	204	443	582	339	221	258	209	47	64	177	75	27	25	54	64	34	18	72	41	25	44	44	36	7	34	47	52	1
64	170	2	2	119	0	1953125	12	0.0	4	1.02	0	0	V0.2	0	0	288	277	274	255	240	228	210	186	168	154	123	107	103	88	95	102	122	144	171	185	211	237	259	276	292	307	340	343	334	384	350	364	326	490	357	372	374	480	343	312	568	600	190	478	590	444	65	414	565	442	395	999	258	602	231	579	547	239	209	479	463	242	332	432	299	318	327	283	276	302	258	254	226	254	168	193	192	157	133	122	98	93	66	42	28
64	170	2	2	119	0	1953125	12	0.0	10859	2.88	0	0	V0.2	0	0	24	23	17	25	14	13	18	10	14	8	10	3	12	2	9	6	11	12	5	20	8	9	32	11	29	16	22	13	46	52	45	41	51	89	117	131	161	120	236	190	220	208	218	331	416	410	484	259	406	198	391	531	1000	596	89	333	641	549	221	209	146	84	59	55	62	44	6	68	20	16	33	13	19	30	11	21	15	16	20	15	11	5	2	9	9
64	170	2	2	119	0	1953125	12	0.0	318	1.07	0	0	V0.2	0	0	389	384	348	333	324	312	274	242	230	202	176	139	156	122	125	145	174	197	211	253	284	319	340	360	412	433	438	485	508	510	507	495	554	395	525	597	488	472	472	530	850	214	344	771	588	338	344	450	694	669	205	932	736	527	1000	302	761	439	572	432	288	530	469	367	417	427	429	358	397	400	349	364	315	316	307	245	237	220	177	146	133	103	99	63	24
64	170	2	2	119	0	1953125	12	0.0	412	1.09	0	0	V0.2	0	0	20	51	17	49	17	50	11	46	12	36	22	27	37	30	36	10	43	14	48	32	68	35	70	35	67	38	44	86	81	86	74	81	43	157	134	213	149	174	146	203	249	422	484	444	517	362	305	224	437	745	890	924	1000	847	589	165	235	479	661	653	653	462	440	276	253	145	166	76	83	26	120	51	122	62	115	45	89	55	86	49	81	62	72	54	66
64	170	2	2	119	0	1953125	12	0.0	412	1.09	0	0	V0.2	0	0	20	51	17	49	17	50	11	46	12	36	22	27	37	30	36	10	43	14	48	32	68	35	70	35	67	38	44	86	81	86	74	81	43	157	134	213	149	174	146	203	249	422	484	444	517	362	305	224	437	745	890	924	1000	847	589	165	235	479	661	653	653	462	440	276	253	145	166	76	83	26	120	51	122	62	115	45	89	55	86	49	81	62	72	54	66
64	170	2	2	119	0	1953125	12	0.0	0	1.01	0	0	V0.2	0	0	42	57	36	55	33	50	29	45	18	40	7	33	10	31	24	29	37	27	44	17	64	8	84	5	109	15	118	15	143	32	151	63	204	105	174	58	162	93	281	227	358	230	372	328	449	514	551	439	335	259	360	389	443	563	687	1000	900	761	509	563	374	352	139	170	59	121	44	169	73	153	51	133	49	118	47	110	46	86	30	65	27	58	35	49	34
64	170	2	2	119	0	1953125	12	0.0	9262	2.61	0	0	V0.2	0	0	26	26	27	24	18	24	18	16	16	15	12	12	9	7	11	6	17	19	15	24	13	22	30	9	32	23	28	10	52	12	43	78	13	66	67	113	47	158	164	108	189	170	198	158	53	363	278	298	730	741	230	512	357	115	574	1000	674	210	201	201	171	78	76	59	63	8	28	61	23	18	16	19	26	35	9	15	20	9	12	14	12	9	5	5	9
64	170	2	2	119	0	1953125	12	0.0	0	1.01	0	0	V0.2	0	0	407	386	373	350	338	310	285	251	227	196	154	151	119	122	119	144	180	209	220	253	316	329	368	385	441	427	460	469	498	466	513	498	443	407	483	488	458	546	371	432	684	737	537	613	773	655	279	600	751	1000	775	311	525	602	638	391	230	407	334	391	396	531	476	519	529	489	483	496	479	444	386	405	366	368	290	299	247	249	207	185	168	149	83	81	59
64	170	2	2	119	0	1953125	12	0.0	10260	2.78	0	0	V0.2	0	0	37	33	36	28	30	25	23	22	20	20	18	12	14	9	17	8	23	24	25	23	36	11	44	10	51	14	66	39	108	3	44	30	72	67	131	101	153	2	151	112	266	375	625	710	318	403	400	616	1000	936	535	736	255	503	140	769	845	534	287	104	245	97	120	38	54	27	38	95	7	54	20	37	36	61	19	40	22	16	20	19	21	14	14	11	12
64	170	2	2	119	0	1953125	12	0.0	9973	2.73	0	0	V0.2	0	0	72	110	18	77	54	107	5	66	25	105	28	48	41	100	40	43	68	115	44	62	95	152	76	142	137	303	126	200	41	303	171	247	136	371	317	156	133	390	597	385	387	268	617	649	595	276	404	536	555	264	296	648	936	999	621	219	48	404	428	171	111	192	207	47	127	120	236	50	148	35	157	58	124	89	132	113	59	62	102	84	30	70	76	71	27
64	170	2	2	119	0	1953125	12	0.0	9888	2.72	0	0	V0.2	0	0	73	73	90	41	85	46	77	32	71	7	79	5	51	38	63	46	51	89	57	119	77	147	68	205	162	219	148	150	113	189	107	246	207	271	197	162	181	136	192	463	460	216	172	653	812	508	330	309	800	500	464	420	998	981	1000	721	189	16	315	239	261	256	98	129	124	109	71	2	198	138	112	76	178	173	57	68	63	54	42	24	54	25	44	40	56
64	170	2	2	119	0	1953125	12	0.0	9868	2.71	0	0	V0.2	0	0	117	51	107	36	112	42	83	10	113	20	59	45	81	20	38	100	60	64	29	139	7	132	74	216	53	218	40	173	64	188	78	221	136	380	127	239	168	101	290	367	270	407	250	707	748	877	482	176	297	476	386	190	633	1000	901	749	402	189	137	415	293	208	111	204	168	189	152	111	10	136	12	151	61	56	114	228	86	104	75	162	77	97	83	110	60
64	170	2	2	119	0	1953125	12	0.0	136	1.04	0	0	V0.2	0	0	395	372	363	352	327	317	293	247	230	202	182	154	142	130	138	138	167	194	226	255	284	336	359	373	420	437	453	438	477	526	529	514	568	594	491	409	547	375	520	514	793	689	710	613	144	201	405	327	645	704	1000	596	238	499	803	159	444	622	496	476	507	485	404	412	444	428	455	420	438	348	374	347	322	313	261	263	247	194	188	166	144	101	105	61	62
64	170	2	2	119	0	1953125	12	0.0	39	1.03	0	0	V0.2	0	0	62	63	63	59	63	53	50	53	39	55	39	62	36	60	28	61	13	63	22	66	41	91	48	89	67	118	55	126	63	131	63	47	133	130	152	223	218	342	179	261	213	407	326	481	518	666	566	517	652	846	779	543	404	733	974	1000	862	776	880	790	768	424	453	258	333	149	241	113	190	74	163	64	131	51	134	60	97	47	90	42	71	52	77	58	64
64	170	2	2	119	0	1953125	12	0.0	36	1.03	0	0	V0.2	0	0	33	71	30	67	20	66	8	66	8	66	19	61	26	47	30	33	43	21	63	16	76	6	85	9	95	20	111	22	114	25	76	80	96	94	163	100	234	123	233	121	259	327	401	360	578	467	559	353	529	593	537	378	451	625	1000	811	790	590	724	692	548	391	282	268	195	194	147	163	105	123	90	99	79	86	85	82	66	65	56	48	52	45	51	46	50
64	170	2	2	119	0	1953125	12	0.0	64	1.03	0	0	V0.2	0	0	35	72	26	72	20	68	13	60	9	54	21	53	38	45	46	33	54	17	61	4	70	20	86	33	81	56	98	63	91	63	83	80	26	170	106	200	214	260	242	212	178	407	322	453	532	578	613	466	682	670	634	426	433	681	999	865	752	618	815	692	643	322	358	180	255	87	188	60	153	43	133	36	107	53	113	42	85	37	63	44	61	52	60	49	53
64	170	2	2	119	0	1953125	12	0.0	89	1.03	0	0	V0.2	0	0	38	64	33	60	27	58	17	52	6	50	12	49	29	44	33	34	42	23	52	9	66	8	74	21	72	34	94	39	97	34	95	57	44	124	100	146	189	181	195	141	145	316	266	332	458	429	488	336	511	492	469	303	491	681	1000	858	804	629	798	676	609	339	316	185	199	96	152	64	122	37	119	35	108	39	100	29	71	18	61	22	60	36	57	41	51
64	170	2	2	119	0	1953125	12	0.0	10047	2.74	0	0	V0.2	0	0	31	27	33	27	28	26	23	23	20	13	22	12	18	15	16	17	15	23	19	24	28	23	33	33	27	38	52	31	43	23	46	39	33	74	43	77	119	70	107	155	73	230	208	74	196	149	154	143	538	662	441	541	651	653	1000	920	797	295	262	370	386	124	144	23	36	32	32	38	11	24	15	8	19	9	16	17	7	19	2	7	4	11	12	8	13
64	170	2	2	119	0	1953125	12	0.0	402	1.09	0	0	V0.2	0	0	22	51	21	48	24	47	23	35	35	40	38	36	44	29	42	24	57	28	64	34	71	37	76	55	90	59	100	80	110	75	97	99	119	173	238	210	258	152	206	150	239	196	287	138	125	69	165	148	354	421	449	352	499	597	889	918	999	818	744	590	428	318	160	140	60	57	111	92	89	71	90	58	67	49	90	58	74	55	64	41	58	52	55	44	52
64	170	2	2	119	0	1953125	12	0.0	402	1.09	0	0	V0.2	0	0	22	51	21	48	24	47	23	35	35	40	38	36	44	29	42	24	57	28	64	34	71	37	76	55	90	59	100	80	110	75	97	99	119	173	238	210	258	152	206	150	239	196	287	138	125	69	165	148	354	421	449	352	499	597	889	918	999	818	744	590	428	318	160	140	60	57	111	92	89	71	90	58	67	49	90	58	74	55	64	41	58	52	55	44	52
64	170	2	2	119	0	1953125	12	0.0	424	1.09	0	0	V0.2	0	0	46	55	33	61	27	60	17	56	6	61	21	56	30	53	37	38	63	44	75	33	91	25	100	33	134	40	140	58	164	54	145	70	162	174	308	276	387	245	327	200	302	233	388	266	296	191	225	102	338	477	626	527	489	429	757	796	1000	883	879	656	493	343	218	170	92	57	152	99	118	67	124	52	91	51	117	60	106	64	84	41	73	53	64	48	59
64	170	2	2	119	0	1953125	12	0.0	9888	2.72	0	0	V0.2	0	0	30	18	27	18	26	21	23	17	23	14	15	7	14	10	10	4	17	5	14	5	15	18	16	29	37	31	61	44	80	28	78	18	41	126	52	92	217	126	228	75	126	43	273	312	207	413	233	62	269	547	574	999	789	470	550	351	662	645	703	187	192	186	106	157	32	104	82	48	38	63	58	47	37	44	21	32	18	16	21	11	11	8	10	14	2
64	170	2	2	119	0	1953125	12	0.0	10084	2.75	0	0	V0.2	0	0	38	94	63	40	54	63	81	4	29	71	85	26	30	112	63	23	65	100	22	40	92	85	63	25	30	174	206	83	51	204	112	262	279	458	186	240	351	489	196	440	469	697	517	999	888	569	161	771	961	749	512	448	462	386	308	444	437	258	83	227	135	207	89	182	170	97	157	66	167	71	97	98	133	51	45	117	98	74	53	59	21	45	16	12	37
64	170	2	2	119	0	1953125	12	0.0	9963	2.73	0	0	V0.2	0	0	41	115	52	65	14	110	68	26	22	76	47	24	41	63	55	46	90	49	69	63	133	18	155	110	232	71	176	66	175	59	362	282	304	162	287	268	305	161	337	397	342	553	672	1000	699	423	239	719	875	790	625	347	365	514	118	222	431	348	348	163	178	331	345	88	170	8	102	72	119	42	32	110	128	27	4	101	88	42	60	85	81	30	83	97	77
64	170	2	2	119	0	1953125	12	0.0	10110	2.75	0	0	V0.2	0	0	97	32	109	21	72	54	107	25	32	82	69	39	50	106	27	47	86	82	44	57	110	73	83	38	74	183	131	62	23	197	46	237	237	401	95	325	375	447	153	464	491	703	586	991	845	483	188	869	1000	766	355	442	479	457	201	438	458	280	188	275	148	180	10	81	186	129	178	42	206	141	147	48	229	134	129	71	167	64	75	96	104	29	75	93	54
64	170	2	2	119	0	1953125	12	0.0	9968	2.73	0	0	V0.2	0	0	112	126	38	52	91	105	44	39	84	80	35	36	79	44	47	61	99	38	87	110	149	60	160	174	258	61	210	91	207	139	404	285	362	82	394	316	438	147	384	383	421	518	768	1000	741	454	292	792	966	994	602	160	208	475	38	209	387	377	381	214	189	379	326	49	126	64	113	106	84	68	35	154	127	54	55	120	136	9	33	104	106	14	62	105	100
64	170	2	2	119	0	1953125	12	0.0	11548	3.00	0	0	V0.2	0	0	5	70	73	24	38	64	53	32	33	63	24	53	16	71	17	55	52	108	34	63	76	78	63	110	52	112	166	101	78	73	109	221	285	285	28	138	293	350	79	150	337	640	631	839	591	420	221	823	1000	646	420	365	815	855	818	863	234	257	291	316	250	177	315	244	224	32	91	97	150	85	112	54	195	51	80	78	112	45	81	73	63	74	59	67	28
64	170	2	2	119	0	1953125	12	0.0	479	1.10	0	0	V0.2	0	0	292	269	271	256	236	225	209	189	158	150	123	101	98	93	89	102	120	142	169	191	201	228	253	284	274	323	320	321	347	375	343	383	426	287	430	412	303	336	602	241	445	686	349	287	663	536	193	310	485	171	395	398	411	296	1000	591	193	491	454	259	348	374	299	355	370	347	317	308	291	295	258	263	254	265	217	214	175	152	152	114	107	86	62	61	28
64	170	2	2	119	0	1953125	12	0.0	602	1.12	0	0	V0.2	0	0	47	54	51	36	56	32	49	15	50	8	49	21	37	33	26	50	18	64	8	55	39	75	57	78	73	74	83	50	108	26	150	49	109	72	96	105	252	153	256	48	22	242	311	466	535	466	458	398	594	753	887	724	793	746	962	886	1000	844	786	378	184	85	164	191	260	169	188	50	112	69	82	82	89	63	44	67	36	73	42	73	29	54	41	56	37
64	170	2	2	119	0	1953125	12	0.0	429	1.09	0	0	V0.2	0	0	33	76	27	73	18	74	11	60	14	62	17	60	32	56	33	48	60	66	61	68	59	64	70	67	86	93	79	114	68	118	61	92	129	204	143	236	65	100	164	169	260	430	346	542	466	424	370	456	574	684	814	618	734	688	951	843	1000	902	809	567	268	184	74	46	152	194	148	201	66	149	53	137	33	128	63	132	49	94	46	84	48	82	65	68	54
64	170	2	2	119	0	1953125	12	0.0	527	1.11	0	0	V0.2	0	0	75	21	70	19	67	26	61	35	56	38	43	44	26	57	27	61	23	57	42	56	71	67	69	48	88	36	102	4	132	13	137	18	77	111	154	132	218	70	140	92	138	344	369	480	512	423	429	428	581	701	805	643	775	844	999	927	987	835	778	360	206	70	131	195	255	204	215	92	143	95	107	91	106	91	81	75	57	70	49	83	51	59	45	60	38
64	170	2	2	119	0	1953125	12	0.0	622	1.13	0	0	V0.2	0	0	27	60	24	55	14	57	14	44	11	38	14	35	28	26	32	14	51	12	52	11	58	34	77	41	85	48	85	51	72	93	111	86	116	41	40	146	153	221	230	83	96	167	167	402	359	392	317	404	516	679	723	610	724	801	964	930	1000	796	688	317	120	91	210	179	256	144	178	46	120	36	101	31	96	25	60	41	72	46	63	42	50	37	45	44	41
64	170	2	2	119	0	1953125	12	0.0	622	1.13	0	0	V0.2	0	0	27	60	24	55	14	57	14	44	11	38	14	35	28	26	32	14	51	12	52	11	58	34	77	41	85	48	85	51	72	93	111	86	116	41	40	146	153	221	230	83	96	167	167	402	359	392	317	404	516	679	723	610	724	801	964	930	1000	796	688	317	120	91	210	179	256	144	178	46	120	36	101	31	96	25	60	41	72	46	63	42	50	37	45	44	41
64	170	2	2	119	0	1953125	12	0.0	622	1.13	0	0	V0.2	0	0	28	53	28	45	30	45	25	29	32	22	36	17	38	9	36	22	47	26	46	34	41	57	54	67	54	71	49	76	32	115	72	120	98	51	45	133	101	211	172	80	113	149	167	364	291	329	242	400	484	686	714	646	713	809	931	935	999	789	663	283	110	111	220	188	255	144	180	54	122	45	108	28	98	28	65	26	70	40	62	32	50	30	45	43	48
64	170	2	2	119	0	1953125	12	0.0	407	1.09	0	0	V0.2	0	0	66	29	63	24	65	15	51	16	52	12	49	20	47	22	36	41	44	48	51	47	54	57	60	78	86	68	94	57	104	41	79	98	176	135	248	97	153	45	130	89	313	240	345	362	335	270	297	443	516	711	658	688	692	874	877	977	1000	873	775	402	323	101	37	67	168	99	202	99	153	74	137	85	109	86	120	104	80	79	63	74	59	74	62	69	53
64	170	2	2	119	0	1953125	12	0.0	416	1.09	0	0	V0.2	0	0	22	68	18	65	21	65	20	55	35	58	44	50	55	43	55	31	75	36	85	33	92	28	92	53	108	59	115	69	118	60	82	110	105	209	222	203	224	116	132	95	165	239	296	342	380	287	373	464	645	761	907	765	904	814	960	882	1000	821	743	471	281	160	20	24	143	93	175	77	136	68	134	52	124	68	122	57	103	52	86	52	95	65	78	59	75
64	170	2	2	119	0	1953125	12	0.0	416	1.09	0	0	V0.2	0	0	22	68	18	65	21	65	20	55	35	58	44	50	55	43	55	31	75	36	85	33	92	28	92	53	108	59	115	69	118	60	82	110	105	209	222	203	224	116	132	95	165	239	296	342	380	287	373	464	645	761	907	765	904	814	960	882	1000	821	743	471	281	160	20	24	143	93	175	77	136	68	134	52	124	68	122	57	103	52	86	52	95	65	78	59	75
64	170	1	2	119	0	1953125	12	0.0	397	1.09	0	0	V0.2	0	0	49	68	50	63	42	68	37	68	32	73	32	69	36	66	40	66	66	72	74	68	84	54	109	62	125	61	141	76	139	44	155	64	248	184	354	243	293	209	180	127	232	209	358	390	417	315	397	431	668	805	873	820	881	890	957	1000	966	979	738	620	334	232	108	89	53	173	93	169	62	151	67	131	75	144	88	123	73	109	54	85	74	93	72	84	76
64	170	1	2	119	0	1953125	12	0.0	402	1.09	0	0	V0.2	0	0	68	24	80	20	71	7	68	9	66	30	64	34	52	51	37	61	38	84	24	89	27	95	48	127	61	131	68	156	62	122	113	150	218	288	324	389	275	346	154	256	157	292	300	472	316	334	274	424	540	801	737	786	690	834	839	995	926	1000	791	627	427	208	177	81	13	186	93	158	34	147	46	121	41	143	57	121	53	104	32	77	55	84	52	69	57
64	170	2	2	119	0	1953125	12	0.0	9963	2.73	0	0	V0.2	0	0	121	143	67	84	114	119	59	53	97	72	59	29	94	39	35	68	70	76	52	112	71	121	10	158	70	330	152	268	45	259	62	367	289	600	287	282	159	541	378	244	87	684	522	1000	916	878	478	246	782	989	919	304	480	775	807	407	189	517	835	532	417	202	226	88	182	99	126	103	170	19	101	134	147	47	50	133	107	50	21	109	82	40	53	95	75
64	170	2	2	119	0	1953125	12	0.0	9963	2.73	0	0	V0.2	0	0	121	143	67	84	114	119	59	53	97	72	59	29	94	39	35	68	70	76	52	112	71	121	10	158	70	330	152	268	45	259	62	367	289	600	287	282	159	541	378	244	87	684	522	1000	916	878	478	246	782	989	919	304	480	775	807	407	189	517	835	532	417	202	226	88	182	99	126	103	170	19	101	134	147	47	50	133	107	50	21	109	82	40	53	95	75
64	170	2	2	119	0	1953125	12	0.0	11570	3.01	0	0	V0.2	0	0	11	83	56	23	26	62	44	7	18	61	30	28	29	87	51	64	85	87	33	61	89	54	41	58	61	76	118	20	154	76	189	143	109	97	335	300	287	252	412	271	340	368	307	440	764	763	361	333	15	559	1000	640	903	681	248	577	529	568	269	627	717	494	414	169	65	126	103	31	85	110	157	104	142	31	60	81	140	68	69	67	64	57	73	82	68
64	170	2	2	119	0	1953125	12	0.0	11236	2.95	0	0	V0.2	0	0	62	137	23	115	16	122	34	92	48	120	67	51	39	86	51	21	26	101	30	60	26	136	36	114	13	151	54	188	145	296	286	53	124	306	536	410	578	506	440	479	536	576	878	1000	702	570	184	321	532	639	660	748	635	255	353	545	711	444	336	180	659	727	760	713	247	231	138	319	143	188	139	121	142	148	110	180	123	40	65	100	98	42	91	90	84
64	170	2	2	119	0	1953125	12	0.0	11194	2.94	0	0	V0.2	0	0	28	97	33	95	62	69	45	100	31	29	44	10	75	53	57	71	53	67	69	96	127	51	67	132	143	83	58	260	279	180	189	178	227	260	433	483	648	408	296	205	143	475	672	914	1000	729	410	704	922	453	443	374	730	566	557	463	678	619	301	65	523	598	530	485	184	243	132	248	182	269	44	95	73	117	93	149	96	106	71	134	93	75	51	106	94
64	170	2	2	119	0	1953125	12	0.0	11194	2.94	0	0	V0.2	0	0	28	97	33	95	62	69	45	100	31	29	44	10	75	53	57	71	53	67	69	96	127	51	67	132	143	83	58	260	279	180	189	178	227	260	433	483	648	408	296	205	143	475	672	914	1000	729	410	704	922	453	443	374	730	566	557	463	678	619	301	65	523	598	530	485	184	243	132	248	182	269	44	95	73	117	93	149	96	106	71	134	93	75	51	106	94
64	170	1	2	119	0	1953125	12	0.0	11286	2.96	0	0	V0.2	0	0	75	52	81	55	60	53	50	70	51	55	24	63	34	58	10	62	12	36	54	54	29	42	81	55	91	32	98	143	140	179	188	99	141	238	291	493	657	565	527	185	174	269	390	850	1000	821	590	585	711	560	580	344	590	495	622	405	594	423	333	157	430	451	558	345	279	97	121	75	220	76	99	19	61	67	99	70	82	58	98	43	38	33	33	72	95
64	170	1	2	119	0	1953125	12	0.0	11450	2.98	0	0	V0.2	0	0	81	41	39	87	74	51	24	76	22	74	46	75	8	50	45	29	49	25	51	37	86	24	46	106	125	33	20	176	147	75	65	91	65	84	161	210	491	570	529	492	325	323	190	527	867	1000	612	162	490	687	779	680	583	687	636	579	496	510	200	234	440	552	336	272	35	108	98	115	78	44	126	75	135	54	149	71	103	60	115	38	68	67	83	54	58
64	170	1	2	119	0	1953125	12	0.0	9910	2.72	0	0	V0.2	0	0	68	140	150	110	112	75	96	137	92	28	102	84	26	31	52	112	81	79	195	169	35	188	189	50	200	171	75	335	333	106	351	462	261	221	351	230	151	293	226	298	648	707	470	894	939	919	781	1000	957	457	814	668	402	213	348	317	252	303	272	108	495	417	190	305	323	213	58	117	120	208	205	45	175	237	133	37	108	69	87	113	74	119	173	145	126
64	170	1	2	119	0	1953125	12	0.0	9963	2.73	0	0	V0.2	0	0	30	79	59	93	52	53	60	65	48	37	40	50	49	18	44	64	16	50	39	109	14	79	93	160	81	171	142	236	38	123	217	254	208	313	273	348	167	319	298	267	150	405	521	794	806	999	696	643	648	823	865	456	278	527	197	445	111	360	356	319	165	181	74	220	65	108	42	95	38	87	92	124	65	102	99	87	93	88	42	45	41	15	65	58	37
64	170	1	2	119	0	1953125	12	0.0	9888	2.72	0	0	V0.2	0	0	90	76	65	44	85	56	57	21	71	37	30	23	31	25	6	55	13	74	8	97	30	145	36	155	43	202	33	134	86	280	162	329	159	389	204	324	143	321	262	238	81	464	499	887	786	686	504	586	983	857	1000	345	41	425	482	443	141	66	443	310	301	196	145	112	206	89	89	51	119	20	95	46	105	28	97	30	72	41	80	26	60	43	63	44	62
64	170	1	2	119	0	1953125	12	0.0	9888	2.72	0	0	V0.2	0	0	72	40	16	67	57	28	56	54	18	53	51	27	38	71	43	27	75	41	19	55	48	12	40	74	33	9	120	44	96	37	123	146	185	217	85	81	333	390	614	506	327	269	227	659	999	998	790	718	727	662	719	264	614	763	363	678	620	397	551	332	220	21	167	178	205	54	29	44	129	91	54	148	51	17	123	44	43	59	46	28	68	36	31	45	44
64	170	2	2	119	0	1953125	12	0.0	11262	2.95	0	0	V0.2	0	0	72	40	16	67	57	28	56	54	18	53	51	27	38	71	43	27	75	41	19	55	48	12	40	74	33	9	120	44	96	37	123	146	185	217	85	81	333	390	614	506	327	269	227	659	999	998	790	718	727	662	719	264	614	763	363	678	620	397	551	332	220	21	167	178	205	54	29	44	129	91	54	148	51	17	123	44	43	59	46	28	68	36	31	45	44
64	170	2	2	119	0	1953125	12	0.0	9676	2.68	0	0	V0.2	0	0	112	141	121	110	117	83	96	124	58	57	95	41	52	59	24	104	82	55	164	126	31	172	146	77	219	157	102	334	313	80	341	426	182	151	329	226	164	130	35	447	417	561	540	792	886	735	911	1000	856	433	884	629	355	160	597	173	114	381	35	205	374	225	124	251	270	63	148	136	99	227	188	45	228	274	130	116	201	129	18	52	46	54	74	44	50
64	170	1	2	119	0	1953125	12	0.0	311	1.07	0	0	V0.2	0	0	396	395	374	369	335	323	291	273	224	200	192	155	148	129	145	145	174	195	230	265	292	328	366	403	414	444	498	493	475	518	522	548	473	622	591	647	565	737	577	571	354	145	461	589	656	655	903	481	1000	658	588	239	636	662	167	493	403	536	666	511	713	613	527	455	443	431	446	468	450	425	380	374	355	344	266	264	253	226	193	155	132	133	93	57	35
64	170	2	2	119	0	1953125	12	0.0	289	1.07	0	0	V0.2	0	0	87	33	76	20	83	18	70	2	71	4	52	35	60	44	50	70	45	70	30	104	24	101	16	117	10	130	42	146	54	193	95	243	100	239	60	127	103	235	232	430	415	625	511	461	274	144	369	754	822	981	936	948	862	999	798	858	859	848	860	616	588	315	324	63	85	131	168	73	108	78	107	72	95	89	91	89	109	80	85	54	71	42	45	49	57
64	170	2	2	119	0	1953125	12	0.0	314	1.07	0	0	V0.2	0	0	29	86	26	77	10	80	7	65	15	58	22	49	52	46	58	39	74	14	82	39	101	28	105	37	99	75	126	91	119	139	190	158	208	161	200	79	90	240	287	382	537	557	649	403	356	155	418	674	873	857	1000	818	898	800	763	641	814	692	758	528	435	301	194	110	117	62	167	27	124	23	119	20	123	21	99	46	111	34	74	27	61	18	48	40	44
64	170	2	2	119	0	1953125	12	0.0	412	1.09	0	0	V0.2	0	0	57	59	45	61	38	66	24	63	4	72	21	56	34	53	48	36	79	33	74	25	105	28	105	56	115	62	101	89	97	133	123	202	153	229	165	162	53	278	274	505	545	699	623	467	320	408	558	903	963	1000	942	842	753	768	574	535	645	543	586	287	258	101	86	184	134	181	79	126	55	121	27	116	33	78	14	77	8	59	48	70	42	67	46	48	37
64	170	2	2	119	0	1953125	12	0.0	10185	2.77	0	0	V0.2	0	0	18	30	20	26	16	20	19	26	11	15	6	9	2	7	8	14	5	4	15	2	12	9	15	34	18	30	39	57	30	30	70	30	98	17	39	64	63	41	151	187	439	413	499	336	504	533	701	820	999	578	943	750	501	480	232	394	468	341	502	210	257	45	189	85	104	129	72	30	72	34	35	61	19	51	2	36	9	32	20	8	27	0	18	12	7
64	170	2	2	119	0	1953125	12	0.0	11185	2.94	0	0	V0.2	0	0	44	37	49	43	25	36	54	5	35	41	4	50	23	1	34	35	24	45	64	23	62	71	36	86	56	65	136	48	44	75	101	214	277	276	238	99	104	324	388	492	261	489	457	810	1000	900	744	869	653	360	666	263	309	485	431	805	736	576	586	572	90	108	139	212	198	165	102	160	67	55	117	101	73	119	33	95	178	61	82	85	38	92	62	73	79
64	170	2	2	119	0	1953125	12	0.0	9767	2.70	0	0	V0.2	0	0	41	83	54	83	71	50	71	35	60	30	71	27	65	11	56	41	88	5	59	35	123	28	89	30	128	66	102	8	220	208	165	244	58	269	90	181	66	178	148	162	158	600	825	784	792	425	351	589	968	1000	839	555	171	300	363	329	285	76	348	250	368	294	137	94	216	152	67	69	113	151	38	138	92	208	121	130	110	62	68	54	101	78	88	39	70
64	170	2	2	119	0	1953125	12	0.0	9792	2.70	0	0	V0.2	0	0	53	121	101	65	134	67	67	118	45	52	68	19	67	25	51	55	24	67	16	102	122	5	133	129	74	134	33	208	271	103	302	394	168	285	358	118	198	156	81	405	315	468	723	713	707	932	1000	755	984	725	626	643	614	189	204	354	196	318	427	147	258	278	151	99	71	209	257	91	202	278	114	104	149	48	123	86	71	159	106	86	134	92	104	131	121
64	170	2	2	119	0	1953125	12	0.0	9792	2.70	0	0	V0.2	0	0	53	121	101	65	134	67	67	118	45	52	68	19	67	25	51	55	24	67	16	102	122	5	133	129	74	134	33	208	271	103	302	394	168	285	358	118	198	156	81	405	315	468	723	713	707	932	1000	755	984	725	626	643	614	189	204	354	196	318	427	147	258	278	151	99	71	209	257	91	202	278	114	104	149	48	123	86	71	159	106	86	134	92	104	131	121
64	170	2	2	119	0	1953125	12	0.0	9712	2.69	0	0	V0.2	0	0	119	140	117	70	146	111	50	122	71	64	128	55	85	111	19	85	54	73	112	16	136	144	56	162	72	181	305	127	270	446	270	226	393	309	74	205	117	296	258	246	426	683	494	679	939	736	931	1000	959	544	933	771	402	306	538	75	253	202	219	334	277	86	311	236	78	113	147	147	130	68	123	101	106	145	56	91	179	104	49	99	59	39	65	44	87
64	170	2	2	119	0	1953125	12	0.0	11192	2.94	0	0	V0.2	0	0	24	65	57	32	10	90	50	31	71	40	33	49	85	31	28	26	52	22	40	50	69	3	62	110	57	130	75	57	12	138	107	153	306	268	154	32	262	292	587	416	148	476	323	687	895	1000	848	962	737	521	665	253	434	532	442	683	604	417	518	467	52	151	195	192	163	95	195	63	77	79	88	67	137	51	59	143	28	71	69	102	48	52	48	47	66
64	170	2	2	119	0	1953125	12	0.0	9760	2.69	0	0	V0.2	0	0	47	152	107	48	147	86	62	136	64	89	125	62	104	100	69	121	71	117	161	68	164	178	33	156	134	63	206	103	184	343	238	252	415	347	201	330	240	39	231	95	269	600	464	612	920	817	870	982	1000	613	751	802	465	306	385	237	108	235	52	156	225	14	169	185	41	219	179	58	210	171	25	149	86	77	168	97	124	205	137	116	158	105	78	96	79
64	170	2	2	119	0	1953125	12	0.0	9782	2.70	0	0	V0.2	0	0	89	52	100	63	106	81	95	65	76	52	46	15	59	19	30	65	54	77	33	142	66	126	36	189	71	101	63	147	69	192	133	283	93	257	66	178	134	244	112	54	317	576	697	819	481	353	394	784	982	1000	818	515	114	353	381	484	375	122	227	378	302	173	278	264	107	158	114	104	102	129	101	159	99	147	11	40	92	106	63	49	56	63	66	56	97
64	170	2	2	119	0	1953125	12	0.0	9832	2.71	0	0	V0.2	0	0	50	68	54	69	64	68	69	67	61	49	68	34	75	33	44	34	57	51	27	102	60	121	24	161	70	134	57	131	62	170	113	266	135	275	95	216	96	206	142	142	201	455	685	801	469	324	560	884	999	920	688	529	186	280	225	381	266	111	270	348	194	96	267	281	127	114	134	154	162	162	74	77	169	159	92	49	98	81	98	48	95	76	93	81	104
64	170	2	2	119	0	1953125	12	0.0	9805	2.70	0	0	V0.2	0	0	71	38	97	39	102	49	111	64	68	39	64	42	20	33	22	63	36	85	24	145	71	139	12	178	69	151	52	128	53	158	125	275	90	262	141	280	69	237	176	206	213	492	640	796	346	287	621	984	1000	871	761	580	325	147	159	321	264	127	225	340	302	101	135	314	129	107	17	184	55	180	44	141	68	193	83	46	55	156	58	52	61	118	66	91	104
64	170	2	2	119	0	1953125	12	0.0	9883	2.72	0	0	V0.2	0	0	22	103	21	94	21	69	45	74	37	50	39	20	43	19	53	31	49	79	48	96	56	136	36	131	51	179	9	139	70	173	150	261	148	271	213	314	119	210	266	286	88	328	653	720	446	329	674	884	1000	945	789	701	203	144	165	435	192	110	381	350	101	32	294	294	172	116	131	93	141	78	124	42	117	55	147	40	83	46	113	43	78	69	104	74	78
64	170	2	2	119	0	1953125	12	0.0	719	1.14	0	0	V0.2	0	0	343	331	312	306	282	268	255	230	207	161	147	135	115	108	112	121	140	164	204	233	245	277	307	324	364	374	419	391	424	424	445	455	490	527	503	432	503	327	401	347	590	716	636	683	331	417	178	377	394	581	891	582	285	1000	633	251	294	255	355	424	516	462	423	392	365	387	370	382	353	339	327	316	278	300	289	242	209	191	161	138	128	100	82	51	24
64	170	2	2	119	0	1953125	12	0.0	742	1.15	0	0	V0.2	0	0	30	38	28	36	21	36	13	36	2	37	4	30	10	23	24	20	33	16	37	7	45	13	42	27	64	39	91	41	95	8	55	63	90	105	169	76	111	27	75	94	82	68	84	255	305	390	442	268	103	190	370	420	615	697	958	971	1000	743	625	369	223	106	154	135	152	90	62	17	94	49	83	31	52	5	59	29	70	33	48	17	46	29	42	28	35
64	170	2	2	119	0	1953125	12	0.0	11181	2.94	0	0	V0.2	0	0	27	23	24	17	26	15	28	14	21	20	13	21	18	16	15	14	10	20	12	20	10	30	7	43	28	55	58	71	55	25	53	50	19	39	128	65	140	29	83	97	80	76	160	161	79	403	332	420	185	306	450	165	644	439	981	928	1000	367	463	112	158	78	130	48	120	13	30	60	16	25	40	20	49	11	27	5	10	10	5	11	14	11	10	16	7
64	170	2	2	119	0	1953125	12	0.0	9952	2.73	0	0	V0.2	0	0	116	91	51	98	46	84	99	3	95	76	29	78	25	81	77	63	109	34	96	93	52	164	92	108	196	51	157	185	22	215	158	102	263	121	245	360	216	289	394	137	214	263	217	547	619	636	999	929	904	813	868	612	491	356	67	288	228	188	431	254	186	288	116	123	212	69	193	208	41	123	102	65	135	41	111	138	45	118	108	65	122	105	67	81	56
64	170	2	2	119	0	1953125	12	0.0	11197	2.94	0	0	V0.2	0	0	57	80	18	82	33	18	51	55	31	57	35	12	15	50	26	31	38	24	20	49	70	16	68	67	32	89	93	58	91	158	65	181	178	105	192	324	361	509	501	497	200	71	82	482	600	787	724	610	611	822	1000	908	620	957	772	245	428	298	257	324	107	43	101	208	189	176	89	104	70	74	116	101	28	70	74	67	66	74	31	27	66	41	75	58	43
64	170	2	2	119	0	1953125	12	0.0	402	1.09	0	0	V0.2	0	0	435	402	416	386	358	342	309	293	257	226	200	178	138	144	149	166	174	229	238	279	308	361	391	408	439	483	504	522	528	578	562	559	659	649	538	715	660	694	478	455	878	265	500	996	626	332	801	457	902	138	734	787	668	488	839	1000	713	258	657	652	577	533	624	567	465	477	503	441	428	422	425	362	394	336	293	274	255	224	195	145	138	113	87	59	51
64	170	2	2	119	0	1953125	12	0.0	399	1.09	0	0	V0.2	0	0	42	51	36	51	28	55	19	53	14	62	25	53	27	50	28	37	53	42	57	27	79	26	94	36	121	40	123	48	124	17	100	50	151	113	252	165	243	117	226	171	311	307	453	370	318	130	55	169	298	370	593	462	657	727	989	1000	961	765	650	485	319	221	161	162	176	176	169	161	76	78	95	70	96	71	103	66	83	60	63	32	65	47	59	43	58
64	170	2	2	119	0	1953125	12	0.0	284	1.07	0	0	V0.2	0	0	60	48	54	38	60	40	51	30	53	25	49	26	61	32	61	45	62	44	58	69	71	68	75	74	68	73	65	82	62	115	104	152	145	170	187	133	122	149	190	249	278	318	386	265	207	120	176	311	392	467	688	549	701	761	1000	962	935	709	663	474	397	267	189	133	132	128	188	176	125	109	101	93	78	71	88	72	87	87	85	70	60	62	54	45	51
64	170	2	2	119	0	1953125	12	0.0	284	1.07	0	0	V0.2	0	0	60	48	54	38	60	40	51	30	53	25	49	26	61	32	61	45	62	44	58	69	71	68	75	74	68	73	65	82	62	115	104	152	145	170	187	133	122	149	190	249	278	318	386	265	207	120	176	311	392	467	688	549	701	761	1000	962	935	709	663	474	397	267	189	133	132	128	188	176	125	109	101	93	78	71	88	72	87	87	85	70	60	62	54	45	51
64	170	2	2	119	0	1953125	12	0.0	229	1.06	0	0	V0.2	0	0	59	46	57	37	61	37	54	24	60	22	58	31	65	32	58	43	59	46	58	69	66	63	59	75	53	88	56	99	55	132	105	151	132	148	144	102	72	178	198	289	280	332	358	229	165	172	216	337	370	455	666	541	691	787	1000	958	925	697	666	442	423	253	235	114	131	88	198	134	150	86	128	68	101	64	107	54	104	75	102	64	86	67	70	50	64
64	170	2	2	119	0	1953125	12	0.0	239	1.06	0	0	V0.2	0	0	55	36	59	32	61	26	58	12	62	20	58	28	63	37	47	48	49	57	37	82	42	75	18	95	13	92	25	120	19	133	56	172	57	156	48	137	29	198	181	323	229	387	284	300	91	204	232	312	275	447	476	493	513	811	873	1000	798	755	573	468	365	261	201	131	80	154	137	148	108	122	86	96	60	93	54	83	60	96	60	80	64	71	50	62	60
64	170	2	2	119	0	1953125	12	0.0	264	1.06	0	0	V0.2	0	0	34	70	25	70	17	70	9	61	11	62	23	52	47	52	50	37	70	29	78	35	99	18	95	33	102	42	106	65	115	85	157	110	173	90	162	64	90	172	251	297	351	387	460	302	257	286	338	413	443	481	621	497	629	783	1000	972	945	734	721	466	444	243	271	100	171	118	213	93	155	65	134	51	120	69	110	66	117	75	94	61	84	52	64	60	63
64	170	2	2	119	0	1953125	12	0.0	261	1.06	0	0	V0.2	0	0	14	84	10	75	8	76	6	62	26	60	33	56	56	50	57	40	74	27	88	41	99	20	102	37	103	54	126	63	126	86	176	83	169	62	151	33	102	171	282	271	394	384	487	265	246	262	377	409	531	484	642	464	670	762	1000	928	930	730	728	539	449	310	263	157	155	131	188	136	119	75	118	58	114	66	106	46	113	69	93	50	85	50	60	45	62
64	170	1	2	119	0	1953125	12	0.0	289	1.07	0	0	V0.2	0	0	78	53	73	44	79	43	65	23	70	16	61	27	73	34	57	53	60	64	52	97	56	99	43	118	35	139	51	165	49	194	106	217	108	194	110	131	26	290	270	521	480	670	561	425	247	344	334	530	528	614	663	523	583	784	932	969	1000	825	815	516	516	265	317	95	174	82	205	57	121	47	141	55	139	67	132	55	126	70	109	44	90	50	67	49	73
64	170	1	2	119	0	1953125	12	0.0	264	1.06	0	0	V0.2	0	0	87	64	86	49	90	50	80	31	84	22	73	34	84	39	76	67	70	76	70	114	69	117	64	142	53	171	83	184	69	211	121	214	109	213	90	155	84	393	366	644	618	803	678	486	314	437	435	661	680	747	814	669	743	907	1000	960	994	839	850	542	553	300	360	98	183	78	219	54	130	46	149	70	161	87	149	74	151	83	120	60	109	61	77	61	86
64	170	1	2	119	0	1953125	12	0.0	266	1.07	0	0	V0.2	0	0	26	106	23	91	29	91	29	73	44	67	51	59	70	45	77	44	85	31	104	55	109	61	119	80	120	120	171	119	162	134	206	108	177	129	152	118	139	334	391	509	627	648	657	347	346	430	509	568	662	600	800	587	785	849	1000	827	937	738	765	461	473	297	329	126	184	94	190	84	116	26	151	45	170	66	145	50	141	64	113	55	104	48	71	60	77
64	170	1	2	119	0	1953125	12	0.0	339	1.08	0	0	V0.2	0	0	71	73	55	73	48	74	24	68	14	69	4	45	28	39	41	13	66	10	57	32	90	36	79	77	92	103	99	148	126	170	162	216	165	196	137	114	46	338	290	593	537	754	558	432	219	576	574	797	707	826	834	720	670	912	936	999	994	996	833	613	524	371	335	153	148	184	146	77	42	164	78	186	105	142	60	134	59	92	23	92	29	68	49	71	38
64	170	1	2	119	0	1953125	12	0.0	11104	2.93	0	0	V0.2	0	0	33	36	29	23	21	30	21	27	4	17	10	10	9	8	6	8	6	17	2	2	4	25	12	38	27	35	84	36	102	5	166	49	176	45	118	44	31	75	220	324	443	381	426	136	415	568	577	466	292	326	760	449	578	780	823	913	999	709	521	321	195	202	78	89	122	58	104	76	114	17	114	29	106	38	27	30	35	26	18	21	13	14	14	5	20
64	170	2	2	119	0	1953125	12	0.0	11136	2.93	0	0	V0.2	0	0	87	15	73	23	87	13	67	32	59	38	51	53	29	57	43	76	35	79	47	70	73	92	66	56	152	140	76	52	133	43	194	173	384	334	275	135	167	243	487	369	350	311	103	377	641	766	1000	831	595	354	440	623	759	567	345	242	517	582	683	553	304	185	149	163	97	71	185	154	86	29	117	61	103	40	77	10	95	64	95	55	112	76	79	67	89
64	170	2	2	119	0	1953125	12	0.0	9840	2.71	0	0	V0.2	0	0	156	124	89	154	63	108	162	49	83	94	23	91	33	85	95	21	90	37	104	136	33	204	205	3	159	145	167	190	40	353	412	207	427	567	290	453	582	234	475	462	191	473	354	157	642	538	568	811	1000	697	731	929	712	928	644	575	791	791	665	599	715	417	242	362	216	127	81	173	270	139	105	177	56	164	152	53	192	169	44	137	83	92	158	140	147
64	170	2	2	119	0	1953125	12	0.0	289	1.07	0	0	V0.2	0	0	339	330	318	298	289	265	241	219	198	172	148	128	114	98	116	116	147	175	204	226	255	265	309	336	334	359	376	412	436	454	450	442	456	312	439	442	490	449	611	515	617	196	271	219	560	398	568	458	1000	727	408	364	617	432	350	516	501	428	539	283	341	331	389	354	422	397	378	370	330	352	334	282	293	281	235	228	215	201	160	139	133	95	88	48	41
64	170	2	2	119	0	1953125	12	0.0	266	1.07	0	0	V0.2	0	0	27	93	28	88	13	84	20	76	19	61	36	68	49	47	63	43	69	17	98	26	97	14	124	17	128	52	182	41	173	53	208	33	189	52	167	82	200	255	418	399	607	484	516	191	221	288	606	587	778	606	799	641	778	883	1000	941	956	864	759	624	405	409	212	237	69	198	102	184	40	120	88	123	106	142	77	113	86	118	70	88	66	77	47	61	63
64	170	2	2	119	0	1953125	12	0.0	264	1.06	0	0	V0.2	0	0	28	97	24	90	15	94	12	79	23	72	30	57	54	45	63	39	76	15	96	32	106	35	127	49	131	78	179	77	166	97	204	74	184	113	169	127	165	329	403	493	626	592	595	254	293	361	587	642	813	694	942	713	889	871	1000	794	924	728	765	472	455	318	296	167	155	119	175	114	116	42	153	51	177	83	145	63	142	72	108	56	101	51	75	59	74
64	170	2	2	119	0	1953125	12	0.0	266	1.07	0	0	V0.2	0	0	23	103	20	92	22	94	24	78	39	69	47	64	67	48	74	46	85	28	106	50	114	54	127	67	130	105	185	110	172	123	200	97	176	148	166	156	180	347	412	520	643	632	629	315	343	362	553	624	794	725	967	764	931	900	1000	764	866	652	679	379	394	254	270	129	157	97	179	94	122	32	148	51	183	83	154	63	148	73	115	58	104	52	74	59	76
64	170	2	2	119	0	1953125	12	0.0	264	1.06	0	0	V0.2	0	0	25	103	25	95	5	96	0	84	20	77	30	73	55	63	72	57	83	33	114	49	123	31	150	39	154	64	206	70	194	84	227	72	218	127	238	126	260	306	489	494	724	639	715	398	423	290	510	490	733	681	938	772	924	925	999	786	843	624	600	352	321	270	219	151	146	142	157	126	114	74	149	80	179	111	143	83	142	88	109	67	104	65	77	66	79
64	170	2	2	119	0	1953125	12	0.0	311	1.07	0	0	V0.2	0	0	94	28	102	22	87	36	85	37	67	51	51	57	42	74	31	80	48	84	59	95	87	91	111	98	127	80	189	117	194	100	239	133	246	148	299	144	313	268	546	484	739	674	760	563	468	300	462	397	659	678	872	755	852	959	1000	874	855	710	589	408	306	302	212	169	194	187	158	115	144	106	176	115	184	111	131	77	139	75	111	71	100	55	89	71	76
64	170	2	2	119	0	1953125	12	0.0	339	1.08	0	0	V0.2	0	0	49	67	48	57	29	68	29	59	12	63	10	50	27	47	35	40	60	29	68	30	96	15	109	25	114	25	150	48	154	71	197	91	200	133	226	125	217	253	404	402	560	516	616	404	379	109	238	261	499	487	702	569	789	858	1000	811	812	573	529	305	273	196	208	107	177	122	147	69	115	52	153	61	153	62	115	49	121	49	81	37	80	37	64	50	61
64	170	2	2	119	0	1953125	12	0.0	409	1.09	0	0	V0.2	0	0	58	35	60	27	48	37	51	29	36	41	40	29	14	43	7	37	32	51	33	40	66	49	82	55	96	44	109	29	123	15	177	66	203	95	236	91	201	167	358	320	486	409	516	355	268	46	219	262	477	452	648	564	786	862	1000	860	853	626	520	313	195	143	147	73	170	84	115	6	150	72	164	68	155	55	111	43	109	33	75	48	77	42	65	52	51
64	170	1	2	119	0	1953125	12	0.0	9907	2.72	0	0	V0.2	0	0	48	38	37	29	37	22	30	13	25	14	15	8	18	20	17	27	29	35	30	45	38	58	39	76	37	63	12	42	10	39	50	74	87	115	111	110	82	170	190	319	297	212	209	330	321	317	352	258	230	278	880	729	705	1000	886	920	918	500	285	68	132	44	51	41	110	13	76	82	85	11	95	12	94	23	42	38	32	38	17	34	31	22	18	15	26
64	170	2	2	119	0	1953125	12	0.0	11159	2.93	0	0	V0.2	0	0	52	44	109	17	66	60	35	22	77	62	56	69	18	14	37	63	33	24	59	51	66	130	88	104	79	88	86	79	139	137	232	143	215	250	167	197	404	415	542	676	603	232	72	511	1000	989	703	931	894	655	406	372	415	933	988	616	236	518	685	620	562	148	56	40	250	54	64	198	48	135	138	63	128	163	78	30	99	34	84	75	88	104	85	70	40
64	170	2	2	119	0	1953125	12	0.0	0	1.02	0	0	V0.2	0	0	617	593	589	581	585	592	602	620	638	655	672	688	705	709	716	719	724	712	700	686	673	646	613	583	564	517	476	454	408	358	330	310	325	269	279	335	376	408	367	444	636	525	500	674	729	787	611	750	876	795	658	931	818	1000	759	809	800	842	713	776	753	704	688	637	633	590	552	540	504	457	452	410	413	367	371	378	373	369	376	393	394	395	406	420	419
64	170	2	2	119	0	1953125	12	0.0	9825	2.71	0	0	V0.2	0	0	28	36	24	36	20	29	13	22	17	13	10	13	8	16	4	17	4	18	10	25	14	38	24	50	24	48	25	50	60	41	61	105	102	78	139	142	130	139	114	262	214	163	109	154	246	694	1000	653	605	352	941	666	609	826	528	735	664	234	304	183	330	156	126	138	74	79	83	30	100	13	86	29	74	13	51	16	17	29	16	32	8	19	10	15	5
64	170	2	2	119	0	1953125	12	0.0	9908	2.72	0	0	V0.2	0	0	148	82	132	69	110	46	131	41	110	1	116	46	97	82	112	46	34	139	86	78	22	198	42	147	78	294	75	232	14	189	73	236	79	268	129	348	67	114	288	501	326	354	389	888	773	781	193	505	803	1000	900	705	564	512	614	811	521	439	449	667	584	320	226	342	396	112	128	205	97	114	15	159	63	206	156	249	78	157	92	124	28	138	95	78	65
64	170	2	2	119	0	1953125	12	0.0	9900	2.72	0	0	V0.2	0	0	141	1	130	35	112	6	94	38	99	36	67	52	85	66	42	76	53	97	9	136	52	133	13	204	82	222	56	223	58	198	74	316	131	291	153	333	164	212	242	501	382	336	408	754	856	485	283	462	999	880	906	601	220	269	420	323	603	419	566	428	304	264	236	314	215	254	57	100	111	120	114	131	125	119	84	126	107	114	53	98	101	95	49	88	87
64	170	2	2	119	0	1953125	12	0.0	9900	2.72	0	0	V0.2	0	0	141	1	130	35	112	6	94	38	99	36	67	52	85	66	42	76	53	97	9	136	52	133	13	204	82	222	56	223	58	198	74	316	131	291	153	333	164	212	242	501	382	336	408	754	856	485	283	462	999	880	906	601	220	269	420	323	603	419	566	428	304	264	236	314	215	254	57	100	111	120	114	131	125	119	84	126	107	114	53	98	101	95	49	88	87
64	170	2	2	119	0	1953125	12	0.0	9888	2.72	0	0	V0.2	0	0	91	82	83	67	87	58	86	50	71	27	68	25	71	22	50	53	57	86	64	83	33	135	42	146	62	216	85	131	11	191	50	259	98	297	91	274	79	201	182	459	278	342	304	757	723	573	157	520	875	999	883	479	294	252	144	347	374	461	501	351	351	144	221	211	310	85	103	105	158	13	51	126	161	40	85	89	21	78	29	72	46	77	38	39	53
64	170	2	2	119	0	1953125	12	0.0	9987	2.73	0	0	V0.2	0	0	92	50	88	31	87	18	89	9	73	25	63	38	47	58	33	69	25	63	44	74	68	63	111	62	154	102	223	121	169	54	228	98	276	183	312	164	297	154	377	301	444	323	496	646	829	528	307	444	1000	908	782	434	54	179	221	218	511	443	552	278	178	18	225	121	156	127	91	93	99	85	59	91	40	130	96	53	43	90	36	64	51	94	51	60	67
64	170	2	2	119	0	1953125	12	0.0	314	1.07	0	0	V0.2	0	0	364	349	325	328	303	279	253	245	216	173	170	134	119	101	124	132	152	180	202	225	265	286	310	338	382	400	432	413	443	438	462	488	573	555	435	450	447	322	552	534	817	615	396	349	410	119	635	434	1000	753	359	404	675	538	280	546	482	509	568	433	341	386	460	451	477	437	399	386	391	393	338	328	332	255	255	258	218	218	176	140	143	105	80	56	44
64	170	2	2	119	0	1953125	12	0.0	364	1.08	0	0	V0.2	0	0	41	86	38	74	20	82	19	66	1	64	11	43	43	42	51	35	74	12	80	35	100	28	107	45	104	84	134	113	141	160	193	171	192	201	194	201	212	409	472	581	623	597	542	225	221	522	688	830	925	861	966	847	940	946	1000	799	799	538	533	287	189	122	34	115	161	74	111	88	125	106	141	90	134	62	99	65	93	34	46	57	47	51	47	51	36
64	170	2	2	119	0	1953125	12	0.0	382	1.09	0	0	V0.2	0	0	32	84	27	69	22	76	19	64	30	62	28	47	47	34	59	34	76	16	77	39	93	52	105	61	98	92	126	119	127	174	182	195	193	231	185	241	239	454	502	645	676	655	599	311	318	509	682	792	921	822	949	824	932	919	1000	791	772	496	425	230	64	103	130	121	231	89	161	93	211	113	195	74	162	45	108	54	104	39	78	65	89	55	73	62	62
64	170	2	2	119	0	1953125	12	0.0	412	1.09	0	0	V0.2	0	0	82	41	77	37	84	20	74	12	81	8	61	26	57	39	36	73	38	75	12	102	6	109	29	129	48	127	98	159	128	195	156	207	189	244	207	236	361	456	593	719	753	809	573	476	280	570	694	911	879	1000	875	990	775	957	742	753	533	495	266	127	107	119	108	253	144	238	82	233	140	243	97	172	57	127	26	128	40	94	44	103	53	83	54	74	44
64	170	2	2	119	0	1953125	12	0.0	417	1.09	0	0	V0.2	0	0	51	85	51	78	49	68	57	63	55	50	57	40	54	22	76	37	73	44	82	61	79	87	98	88	78	145	110	178	133	227	166	235	182	278	158	347	312	572	597	798	811	728	628	347	431	689	888	907	1000	761	843	700	797	692	803	575	644	363	284	59	145	102	255	144	301	114	263	150	311	153	216	75	164	51	131	32	116	27	102	57	101	47	78	55	65
64	170	2	2	119	0	1953125	12	0.0	417	1.09	0	0	V0.2	0	0	51	85	51	78	49	68	57	63	55	50	57	40	54	22	76	37	73	44	82	61	79	87	98	88	78	145	110	178	133	227	166	235	182	278	158	347	312	572	597	798	811	728	628	347	431	689	888	907	1000	761	843	700	797	692	803	575	644	363	284	59	145	102	255	144	301	114	263	150	311	153	216	75	164	51	131	32	116	27	102	57	101	47	78	55	65
64	170	2	2	119	0	1953125	12	0.0	392	1.09	0	0	V0.2	0	0	71	71	68	58	70	49	76	43	74	36	74	32	62	29	79	49	69	65	80	88	76	115	93	118	80	167	113	189	127	245	168	260	193	285	153	361	357	638	679	856	850	727	605	285	412	753	959	958	991	714	761	658	848	833	1000	804	865	555	399	165	106	66	266	134	300	111	250	141	321	190	248	122	179	87	133	52	129	51	111	71	115	62	82	68	75
64	170	1	2	119	0	1953125	12	0.0	437	1.09	0	0	V0.2	0	0	47	73	48	68	29	69	25	67	9	67	11	52	29	34	51	37	66	12	78	17	90	32	115	35	103	86	138	111	150	162	194	182	214	227	185	285	327	555	645	776	823	685	607	291	422	704	915	925	1000	766	802	703	825	783	946	786	859	536	384	99	144	107	278	183	314	137	261	169	300	141	214	63	153	35	118	46	96	44	93	67	84	51	70	49	48
64	170	2	2	119	0	1953125	12	0.0	437	1.09	0	0	V0.2	0	0	50	76	42	63	34	66	32	57	26	59	22	40	39	23	51	25	65	8	68	36	77	52	93	60	74	113	99	141	103	194	142	197	134	234	98	297	283	582	581	793	735	715	555	340	397	765	878	977	1000	841	863	773	805	781	858	686	722	405	304	40	119	197	262	231	289	164	221	196	273	150	201	79	142	59	95	85	91	66	73	85	73	62	60	61	45
64	170	2	2	119	0	1953125	12	0.0	417	1.09	0	0	V0.2	0	0	92	52	84	38	81	31	78	9	72	15	69	26	53	49	49	68	30	88	22	107	19	139	19	143	38	189	58	209	89	263	92	266	112	298	143	393	388	681	644	913	753	789	497	437	419	886	872	1000	879	761	736	861	859	836	865	661	689	366	288	71	171	232	295	219	295	166	265	203	323	164	240	63	171	48	124	46	120	52	105	63	100	49	73	56	64
64	170	2	2	119	0	1953125	12	0.0	9822	2.71	0	0	V0.2	0	0	30	34	40	21	24	18	24	18	12	13	13	12	1	9	4	10	8	9	21	32	6	20	26	19	25	9	82	46	93	63	135	56	175	153	91	209	218	360	530	563	590	251	415	172	450	749	577	483	458	254	622	1000	420	646	467	517	455	173	85	106	311	128	189	52	164	81	171	102	150	29	100	45	83	39	42	45	41	34	33	21	32	15	14	13	14
64	170	2	2	119	0	1953125	12	0.0	9788	2.70	0	0	V0.2	0	0	116	65	95	83	104	60	61	93	79	57	27	81	27	67	51	106	54	83	88	99	104	105	131	120	120	118	104	57	217	103	235	105	222	138	298	150	296	137	267	214	266	291	384	524	663	711	310	410	873	999	756	761	428	219	406	216	385	407	373	430	173	218	79	207	103	242	76	65	80	116	86	108	65	54	131	148	101	95	61	86	92	79	71	92	80
64	170	2	2	119	0	1953125	12	0.0	9963	2.73	0	0	V0.2	0	0	17	136	11	116	38	101	51	81	57	45	69	20	57	42	62	36	25	75	18	90	68	106	105	119	180	156	216	159	187	79	301	135	309	171	352	247	496	262	413	343	595	450	447	653	961	681	312	482	976	999	857	407	177	257	368	515	623	446	525	279	322	77	160	120	195	64	53	145	40	67	88	115	56	71	115	101	103	52	96	82	86	27	90	72	61
64	170	2	2	119	0	1953125	12	0.0	504	1.11	0	0	V0.2	0	0	54	28	54	30	55	29	54	25	50	22	36	27	28	39	27	52	26	58	18	71	18	73	6	69	8	77	19	108	26	128	26	126	14	120	39	169	94	177	87	125	73	276	318	504	496	482	444	192	93	96	181	304	462	713	913	980	999	812	786	566	487	314	232	171	186	166	119	108	75	74	109	97	98	93	86	91	59	62	47	57	47	55	47	52	44
64	170	2	2	119	0	1953125	12	0.0	504	1.11	0	0	V0.2	0	0	54	28	54	30	55	29	54	25	50	22	36	27	28	39	27	52	26	58	18	71	18	73	6	69	8	77	19	108	26	128	26	126	14	120	39	169	94	177	87	125	73	276	318	504	496	482	444	192	93	96	181	304	462	713	913	980	999	812	786	566	487	314	232	171	186	166	119	108	75	74	109	97	98	93	86	91	59	62	47	57	47	55	47	52	44
64	170	2	2	119	0	1953125	12	0.0	502	1.11	0	0	V0.2	0	0	30	46	34	45	35	41	42	43	39	32	39	21	38	18	48	27	51	36	53	43	59	45	54	43	36	65	28	99	48	121	55	111	51	97	27	170	113	188	103	134	66	268	327	549	534	556	480	244	113	108	181	321	412	703	822	999	938	849	788	583	527	281	244	124	200	116	169	55	93	55	112	75	105	71	103	50	67	34	54	39	50	46	49	38	45
64	170	2	2	119	0	1953125	12	0.0	477	1.10	0	0	V0.2	0	0	57	10	61	4	58	4	60	8	50	13	42	16	34	40	41	48	32	58	23	63	18	65	5	58	22	74	38	104	53	128	40	115	14	84	96	165	136	197	82	152	110	292	372	587	526	581	421	214	76	249	366	435	460	688	780	1000	855	813	672	551	450	262	178	141	156	152	156	91	84	79	80	103	85	97	88	82	64	56	46	54	47	59	50	46	45
64	170	2	2	119	0	1953125	12	0.0	477	1.10	0	0	V0.2	0	0	57	10	61	4	58	4	60	8	50	13	42	16	34	40	41	48	32	58	23	63	18	65	5	58	22	74	38	104	53	128	40	115	14	84	96	165	136	197	82	152	110	292	372	587	526	581	421	214	76	249	366	435	460	688	780	1000	855	813	672	551	450	262	178	141	156	152	156	91	84	79	80	103	85	97	88	82	64	56	46	54	47	59	50	46	45
64	170	2	2	119	0	1953125	12	0.0	549	1.11	0	0	V0.2	0	0	31	48	25	53	13	52	1	58	15	53	17	44	19	25	44	29	50	21	63	21	69	29	79	16	59	40	55	73	64	108	79	104	86	84	15	163	115	191	106	160	95	293	356	583	546	567	455	207	25	274	372	468	513	750	838	1000	848	750	633	463	381	172	119	125	112	111	86	49	8	108	58	106	51	100	46	66	17	59	26	60	39	54	29	41	34
64	170	2	2	119	0	1953125	12	0.0	477	1.10	0	0	V0.2	0	0	63	21	66	18	66	15	65	16	57	15	47	10	48	30	51	44	54	49	45	59	54	56	41	61	28	81	21	127	59	147	80	125	77	95	29	180	142	191	152	139	124	289	404	576	656	641	648	383	186	87	270	275	483	612	890	959	1000	822	820	616	544	362	220	166	194	201	170	172	83	87	87	95	99	96	99	105	72	73	53	63	55	61	53	58	48
64	170	2	2	119	0	1953125	12	0.0	624	1.13	0	0	V0.2	0	0	37	48	43	44	43	29	42	20	42	8	43	26	46	31	22	42	13	50	18	63	33	66	67	89	63	76	73	56	91	4	139	47	183	58	130	46	188	136	253	147	198	169	346	537	682	690	709	449	283	80	222	263	461	665	890	1000	986	834	825	572	525	255	219	94	165	58	107	30	21	100	73	89	59	82	43	49	12	63	26	67	33	48	26	44	29
64	170	2	2	119	0	1953125	12	0.0	9942	2.73	0	0	V0.2	0	0	27	26	27	30	22	30	18	27	21	20	20	11	13	8	6	10	7	14	10	25	11	38	21	51	26	40	23	10	14	66	30	97	82	120	127	148	61	136	117	253	120	169	151	502	208	618	424	543	194	234	561	213	617	637	707	1000	602	495	555	204	412	174	101	25	60	54	74	101	35	61	32	20	45	37	44	25	24	19	2	16	6	9	12	1	9
64	170	2	2	119	0	1953125	12	0.0	9915	2.72	0	0	V0.2	0	0	49	71	24	80	43	57	12	63	24	49	11	34	33	27	33	9	72	30	73	33	108	36	100	81	177	81	162	46	160	81	201	156	265	89	237	195	337	78	138	223	340	159	327	454	679	357	237	465	1000	985	933	776	426	266	105	83	212	203	232	239	94	134	116	167	122	168	52	70	82	102	59	43	77	69	46	29	62	34	56	31	38	34	62	40	43
64	170	2	2	119	0	1953125	12	0.0	12031	3.08	0	0	V0.2	0	0	57	28	11	8	47	23	15	11	28	25	12	17	20	11	20	40	10	6	22	37	31	9	14	46	77	23	48	77	110	38	30	102	232	123	50	44	160	92	215	281	425	260	186	317	495	286	347	633	1000	560	199	472	368	479	568	503	195	85	106	265	174	57	82	56	84	32	12	18	56	70	26	25	64	44	32	16	34	51	23	23	41	38	25	34	54
64	170	2	2	119	0	1953125	12	0.0	9948	2.73	0	0	V0.2	0	0	139	159	309	292	122	128	243	211	74	87	137	98	22	31	50	104	111	54	171	276	221	143	333	445	362	249	475	617	497	342	606	758	622	496	682	866	736	469	795	896	837	724	662	1000	853	642	763	900	964	628	465	834	798	640	264	683	665	374	377	471	520	441	150	337	429	268	13	216	248	174	94	117	99	139	181	145	44	157	230	212	151	205	247	243	234
64	170	2	2	119	0	1953125	12	0.0	9913	2.72	0	0	V0.2	0	0	76	36	66	42	67	31	46	40	39	35	29	36	16	31	12	16	36	28	43	14	86	32	99	25	140	72	119	42	141	44	197	83	215	130	236	153	268	154	237	136	190	142	351	443	552	413	65	392	862	1000	782	679	276	296	204	275	65	201	228	300	239	52	112	83	43	37	84	100	50	68	62	73	80	101	59	80	45	56	64	83	52	59	61	75	65
64	170	2	2	119	0	1953125	12	0.0	9843	2.71	0	0	V0.2	0	0	97	30	70	21	80	6	83	8	61	15	61	43	64	32	45	70	49	70	39	106	48	108	43	140	64	127	49	104	16	190	73	204	73	245	141	213	137	158	150	170	140	193	189	416	472	275	117	521	828	999	977	650	413	121	297	296	162	81	356	289	262	177	31	65	79	92	44	69	89	9	83	42	77	2	70	19	80	23	71	10	64	37	68	49	64
64	170	2	2	119	0	1953125	12	0.0	11897	3.06	0	0	V0.2	0	0	25	57	45	29	41	65	39	21	37	53	43	23	22	35	36	19	17	3	22	23	43	26	14	40	41	76	78	118	69	55	33	139	150	87	108	116	91	138	241	359	338	200	229	386	461	344	325	536	1000	640	171	559	438	443	366	489	337	252	155	304	253	126	109	58	41	20	73	50	44	23	29	41	58	26	29	62	22	9	21	31	22	14	23	43	19
64	170	2	2	119	0	1953125	12	0.0	11778	3.04	0	0	V0.2	0	0	28	81	1	47	35	74	11	42	28	54	17	27	43	43	31	21	68	39	40	5	82	30	51	21	114	45	101	79	45	49	145	108	99	239	321	161	67	171	444	439	396	531	598	541	397	528	867	993	1000	743	246	432	602	725	529	581	539	478	353	211	272	386	235	32	60	165	119	51	62	93	66	63	56	48	18	85	81	42	23	63	73	25	7	40	40
64	170	2	2	119	0	1953125	12	0.0	422	1.09	0	0	V0.2	0	0	346	347	328	317	298	283	249	246	205	188	159	142	124	122	118	122	159	179	203	232	260	295	319	342	351	402	414	375	467	478	432	486	555	369	511	497	424	591	582	422	654	436	401	768	286	232	575	425	254	1000	254	550	286	924	222	545	311	234	618	407	386	548	436	417	439	420	409	374	363	332	310	315	288	280	255	233	225	206	170	136	126	107	68	48	45
64	170	2	2	119	0	1953125	12	0.0	422	1.09	0	0	V0.2	0	0	52	68	57	61	51	50	62	45	55	28	59	21	54	31	75	44	65	65	72	75	71	103	75	111	68	168	101	197	123	221	119	231	136	247	115	367	347	580	563	739	649	495	298	345	468	842	962	1000	965	722	692	613	678	527	568	408	505	181	64	228	280	297	360	249	327	152	274	170	279	105	165	35	134	32	109	41	93	37	93	55	75	36	63	41	41
64	170	2	2	119	0	1953125	12	0.0	422	1.09	0	0	V0.2	0	0	66	55	64	41	62	33	69	18	64	5	62	15	45	36	58	54	43	77	49	93	34	120	36	122	36	177	60	200	78	231	68	233	93	263	123	372	352	583	518	752	588	554	275	408	460	870	882	999	870	747	652	681	671	538	482	346	418	147	60	233	208	318	280	290	281	201	239	219	252	111	148	70	111	69	82	79	81	66	72	72	63	52	52	47	34
64	170	2	2	119	0	1953125	12	0.0	419	1.09	0	0	V0.2	0	0	76	58	76	44	75	34	77	22	70	8	69	17	56	44	66	57	48	84	50	99	39	127	34	133	39	191	63	222	87	247	68	248	96	286	163	432	411	658	578	805	599	550	262	484	539	954	913	1000	814	705	590	689	682	556	511	372	443	143	43	289	258	353	317	302	290	220	262	240	273	121	162	77	122	73	97	87	80	81	78	76	64	55	57	51	40
64	170	2	2	119	0	1953125	12	0.0	422	1.09	0	0	V0.2	0	0	81	37	72	30	70	30	65	30	66	34	55	41	34	60	40	75	28	89	41	102	52	118	57	111	94	144	112	164	139	193	137	180	175	208	233	312	448	530	576	695	560	520	258	406	561	860	860	999	804	835	564	768	578	634	443	489	376	250	50	185	175	316	205	326	171	248	139	270	159	179	82	125	50	101	22	114	26	89	36	90	32	65	37	51	28
64	170	1	2	119	0	1953125	12	0.0	424	1.09	0	0	V0.2	0	0	68	52	71	42	66	33	71	24	64	11	63	15	52	37	60	51	46	75	48	88	38	113	38	119	30	171	51	199	73	221	58	219	82	253	135	384	370	599	523	722	537	483	225	446	519	897	866	1000	879	810	693	739	720	642	640	510	546	201	103	197	177	263	274	241	253	178	229	203	248	112	161	67	124	55	88	65	79	61	74	66	64	49	56	45	40
64	170	1	2	119	0	1953125	12	0.0	422	1.09	0	0	V0.2	0	0	56	61	60	50	57	38	69	30	63	17	63	13	49	33	64	43	49	71	59	86	53	115	59	123	48	171	68	200	86	228	78	236	100	265	117	386	356	598	538	732	580	476	245	449	531	900	913	1000	901	773	694	710	729	602	645	530	609	236	101	220	228	280	325	252	302	176	270	197	270	99	168	61	134	45	103	65	88	56	86	61	67	46	59	43	41
64	170	1	2	119	0	1953125	12	0.0	419	1.09	0	0	V0.2	0	0	67	51	67	39	65	30	68	21	63	9	60	12	48	38	55	49	39	72	39	81	27	111	28	111	30	163	50	188	74	222	62	224	87	244	111	340	337	556	496	709	533	493	207	415	497	876	863	999	860	770	635	713	692	649	641	565	617	310	177	158	170	286	292	275	281	193	233	215	258	130	165	71	127	66	88	70	80	62	73	74	70	53	60	54	43
64	170	1	2	119	0	1953125	12	0.0	422	1.09	0	0	V0.2	0	0	58	67	49	67	42	66	20	67	9	65	7	50	19	50	45	46	60	47	78	39	109	46	112	31	152	50	182	70	217	94	207	90	236	104	270	208	487	424	648	628	634	476	293	291	590	798	925	1000	841	837	598	839	581	702	482	618	460	381	71	135	212	355	250	368	205	286	166	290	191	216	124	130	75	110	41	106	47	95	46	99	51	67	43	63	40
64	170	1	2	119	0	1953125	12	0.0	11776	3.04	0	0	V0.2	0	0	41	39	32	50	40	40	29	41	31	25	25	23	26	22	28	28	33	27	30	47	56	41	55	55	85	39	115	16	108	17	103	5	111	57	80	88	301	176	436	399	463	210	288	232	199	511	531	539	402	334	470	1000	445	711	274	501	418	198	237	188	262	136	172	119	113	78	93	122	55	71	1	27	17	51	44	30	34	21	30	29	12	24	15	31	13
64	170	1	2	119	0	1953125	12	0.0	11961	3.07	0	0	V0.2	0	0	58	11	50	20	57	15	22	30	21	18	19	17	41	20	35	41	60	41	31	62	29	81	34	92	30	49	97	114	151	79	114	154	251	120	37	169	197	49	193	455	487	327	264	540	556	460	593	890	1000	845	343	501	651	698	575	677	575	376	136	253	285	206	30	33	94	31	114	19	55	47	39	57	16	67	65	115	45	58	53	56	60	78	75	51	61
64	170	1	2	119	0	1953125	12	0.0	11961	3.07	0	0	V0.2	0	0	58	11	50	20	57	15	22	30	21	18	19	17	41	20	35	41	60	41	31	62	29	81	34	92	30	49	97	114	151	79	114	154	251	120	37	169	197	49	193	455	487	327	264	540	556	460	593	890	1000	845	343	501	651	698	575	677	575	376	136	253	285	206	30	33	94	31	114	19	55	47	39	57	16	67	65	115	45	58	53	56	60	78	75	51	61
64	170	1	2	119	0	1953125	12	0.0	9882	2.72	0	0	V0.2	0	0	170	30	156	234	171	15	148	199	132	37	128	135	55	55	90	52	52	79	36	114	188	117	70	262	319	194	159	403	479	287	274	548	594	444	371	648	742	476	501	716	815	696	479	810	873	732	618	758	1000	667	383	735	827	698	271	593	741	559	418	444	575	537	237	322	467	365	117	225	319	215	11	164	195	77	102	182	129	57	165	210	160	145	205	221	198
64	170	1	2	119	0	1953125	12	0.0	9793	2.70	0	0	V0.2	0	0	40	84	38	89	52	64	26	73	24	68	29	70	28	71	46	69	44	70	65	77	75	83	80	95	85	105	52	35	139	86	140	113	147	165	127	132	121	110	114	127	80	157	256	413	345	373	325	542	837	1000	736	637	326	266	255	238	81	185	219	238	252	71	113	59	72	42	82	73	10	93	12	125	72	123	89	71	59	44	25	81	74	72	60	61	63
64	170	1	2	119	0	1953125	12	0.0	9927	2.72	0	0	V0.2	0	0	44	57	50	33	55	19	62	10	45	14	40	17	11	41	7	30	36	48	51	41	97	44	104	47	169	79	172	51	155	80	212	131	236	185	254	181	238	149	227	199	269	257	245	483	548	389	143	499	847	1000	904	608	463	272	301	162	136	192	274	173	217	17	32	117	69	37	42	103	2	78	27	32	90	53	91	51	93	61	58	26	75	45	53	38	54
64	170	1	2	119	0	1953125	12	0.0	502	1.11	0	0	V0.2	0	0	326	310	313	295	269	255	238	220	201	176	160	134	116	125	98	129	141	156	194	213	240	269	289	322	353	349	366	397	415	453	482	474	495	347	380	449	460	567	575	587	579	168	236	346	472	548	578	390	1000	259	281	277	349	23	591	783	609	614	388	421	272	400	398	417	419	391	364	344	340	342	299	296	277	262	206	202	200	176	145	134	114	88	54	64	25
64	170	1	2	119	0	1953125	12	0.0	502	1.11	0	0	V0.2	0	0	62	39	70	33	67	22	70	21	63	14	60	12	44	36	53	54	46	67	38	78	34	92	26	80	5	101	33	149	66	194	80	209	63	185	105	265	207	347	203	304	98	308	441	798	776	946	754	577	262	31	212	317	402	681	764	1000	841	920	853	763	644	411	292	178	221	206	244	133	142	53	66	98	71	95	81	81	61	55	32	52	32	64	42	46	43
64	170	1	2	119	0	1953125	12	0.0	527	1.11	0	0	V0.2	0	0	26	75	23	81	13	72	18	77	21	63	30	48	32	25	57	24	69	29	82	29	96	40	104	32	75	72	69	138	114	178	153	195	183	157	112	233	246	323	323	296	225	285	448	796	929	1000	998	703	511	156	55	211	372	557	786	886	924	841	951	708	701	392	304	113	245	152	253	130	135	29	96	30	105	39	103	35	78	16	54	28	53	45	53	31	43
64	170	2	2	119	0	1953125	12	0.0	502	1.11	0	0	V0.2	0	0	46	47	58	45	54	36	60	35	55	26	58	21	45	24	52	40	59	57	60	62	59	80	65	68	39	83	13	132	51	187	89	214	121	162	32	190	148	314	246	331	193	280	373	746	839	1000	953	726	511	140	24	187	314	454	609	713	717	691	773	606	617	342	274	81	216	148	256	135	163	28	91	40	108	47	120	54	89	24	67	29	56	42	62	38	44
64	170	2	2	119	0	1953125	12	0.0	502	1.11	0	0	V0.2	0	0	70	21	76	12	71	4	70	6	61	21	61	23	40	42	40	57	34	73	23	82	28	103	15	85	14	83	50	111	88	173	104	200	70	148	83	187	211	327	230	320	116	255	418	761	794	1000	792	662	296	147	166	316	365	538	619	814	702	812	755	701	590	360	236	143	190	227	252	159	160	54	75	95	84	101	95	91	75	51	48	61	46	65	55	50	44
64	170	2	2	119	0	1953125	12	0.0	502	1.11	0	0	V0.2	0	0	70	21	76	12	71	4	70	6	61	21	61	23	40	42	40	57	34	73	23	82	28	103	15	85	14	83	50	111	88	173	104	200	70	148	83	187	211	327	230	320	116	255	418	761	794	1000	792	662	296	147	166	316	365	538	619	814	702	812	755	701	590	360	236	143	190	227	252	159	160	54	75	95	84	101	95	91	75	51	48	61	46	65	55	50	44
64	170	2	2	119	0	1953125	12	0.0	502	1.11	0	0	V0.2	0	0	55	58	58	56	57	44	64	45	58	34	56	17	47	29	63	43	58	59	57	73	60	86	64	74	30	96	5	149	52	201	78	215	86	162	26	231	171	327	210	270	66	290	431	837	852	999	849	604	332	86	172	319	383	565	687	880	807	872	890	760	698	387	291	130	240	207	288	150	178	25	98	72	96	79	110	80	94	61	66	48	52	63	64	49	51
64	170	2	2	119	0	1953125	12	0.0	602	1.12	0	0	V0.2	0	0	58	46	56	45	39	47	32	46	12	44	8	52	22	36	30	21	47	12	69	13	73	43	110	40	103	40	94	55	47	127	56	164	104	134	26	188	142	314	218	275	63	259	442	844	850	1000	804	595	251	222	286	396	388	599	691	965	855	950	865	770	586	330	173	200	180	208	167	63	70	96	23	102	23	103	14	55	42	67	43	63	48	49	36	48	42
64	170	2	2	119	0	1953125	12	0.0	554	1.11	0	0	V0.2	0	0	67	44	68	40	60	45	59	44	51	50	51	42	30	50	23	63	32	74	31	82	51	108	42	108	30	87	59	86	89	113	116	153	87	125	129	162	208	276	169	235	73	241	521	786	778	901	668	535	171	271	333	430	428	658	732	1000	889	940	856	724	610	341	253	206	277	202	237	69	114	58	104	81	103	71	97	56	67	48	62	60	63	56	56	42	45
64	170	2	2	119	0	1953125	12	0.0	602	1.12	0	0	V0.2	0	0	23	68	28	62	21	56	26	47	26	27	42	28	44	18	48	16	47	40	55	52	49	90	72	96	73	95	62	91	25	126	9	165	47	152	19	174	114	270	150	241	8	246	463	779	753	875	673	549	244	334	375	494	487	716	769	1000	859	900	780	678	517	316	213	246	223	191	157	49	38	110	48	101	25	91	17	62	26	82	39	76	40	60	32	50	43
64	170	2	2	119	0	1953125	12	0.0	627	1.13	0	0	V0.2	0	0	80	25	73	19	70	21	57	25	43	35	33	48	29	48	17	49	19	59	34	55	66	75	98	94	105	97	93	66	120	50	156	86	193	104	135	62	222	162	300	230	120	104	424	573	812	803	783	599	319	164	382	326	586	645	905	999	986	952	843	771	486	420	198	292	210	266	80	117	47	95	91	109	65	83	55	44	61	45	75	51	63	42	51	38	51
64	170	2	2	119	0	1953125	12	0.0	627	1.13	0	0	V0.2	0	0	41	57	42	52	38	47	38	40	34	21	39	12	45	18	42	20	40	41	39	53	33	88	48	114	66	116	61	109	43	129	43	182	96	175	62	176	108	278	233	261	139	123	292	601	598	729	598	426	238	276	271	351	390	653	808	1000	986	933	903	648	543	252	261	189	287	134	158	7	88	68	122	51	101	49	78	32	53	64	68	50	54	45	48	42	44
64	170	1	2	119	0	1953125	12	0.0	9863	2.71	0	0	V0.2	0	0	28	26	35	27	27	25	23	23	13	22	12	15	9	1	10	5	3	17	11	15	19	36	13	52	8	45	6	15	23	50	40	96	60	114	129	153	10	196	214	311	127	53	203	458	293	568	432	457	361	311	574	419	278	463	694	1000	761	644	591	319	283	154	122	60	116	42	43	93	11	34	40	31	44	15	27	24	7	17	18	2	6	4	2	4	6
64	170	2	2	119	0	1953125	12	0.0	9928	2.72	0	0	V0.2	0	0	102	11	95	3	91	19	77	24	71	43	58	34	35	53	27	51	1	31	36	34	61	28	95	26	136	66	146	50	108	37	186	102	245	131	240	142	297	90	223	160	288	180	366	525	750	514	175	406	899	1000	978	686	393	121	114	149	210	127	286	164	127	57	106	8	110	52	86	90	139	33	67	114	153	106	110	29	53	100	79	57	57	79	67	74	78
64	170	2	2	119	0	1953125	12	0.0	9807	2.70	0	0	V0.2	0	0	82	22	92	48	61	42	52	24	61	14	57	25	20	28	49	51	69	46	57	52	63	68	70	99	113	54	78	103	76	167	184	166	211	72	167	78	208	51	176	132	188	140	409	440	629	477	144	422	899	1000	905	838	451	285	176	248	120	119	159	270	160	84	72	127	34	71	68	109	21	122	27	102	52	56	64	69	23	71	2	71	45	72	44	70	63
64	170	2	2	119	0	1953125	12	0.0	11977	3.07	0	0	V0.2	0	0	24	37	41	17	9	41	31	30	7	25	29	38	24	21	25	33	42	33	19	20	41	50	39	17	60	56	58	78	63	88	51	97	127	169	29	117	71	64	184	332	327	318	205	402	459	341	275	547	1000	815	247	590	428	370	548	490	255	125	62	244	204	126	99	35	26	21	55	53	42	3	44	81	64	27	66	82	43	54	25	52	38	41	39	41	41
64	170	2	2	119	0	1953125	12	0.0	9843	2.71	0	0	V0.2	0	0	73	167	226	166	94	139	142	85	114	123	55	85	164	128	97	206	233	141	200	348	328	166	288	471	437	213	353	581	549	255	390	675	608	391	429	681	768	333	451	724	717	659	395	680	805	641	449	598	1000	599	188	592	694	778	89	406	686	501	454	276	528	648	344	204	479	517	316	131	366	415	257	67	270	312	175	38	180	202	107	31	116	112	47	47	83
64	170	2	2	119	0	1953125	12	0.0	9807	2.70	0	0	V0.2	0	0	42	75	49	77	48	83	32	67	28	36	46	23	56	21	40	21	64	19	51	57	83	42	39	106	97	54	65	108	10	197	91	227	97	167	96	182	103	185	121	229	45	357	410	606	626	423	250	337	628	999	999	844	676	185	238	243	163	131	255	172	282	128	52	95	177	17	88	81	125	77	159	73	165	43	46	88	80	51	52	85	107	67	53	57	82
64	170	1	2	119	0	1953125	12	0.0	11196	2.94	0	0	V0.2	0	0	34	61	23	24	54	29	24	44	28	16	20	50	26	30	33	9	6	21	37	15	10	43	50	7	56	116	74	109	26	24	37	149	142	237	185	121	17	210	270	438	356	325	379	477	683	762	593	653	999	825	366	421	178	126	272	237	404	413	359	496	271	103	153	12	18	86	48	18	53	76	27	37	88	20	57	36	53	49	20	53	43	64	42	38	51
64	170	2	2	119	0	1953125	12	0.0	9888	2.72	0	0	V0.2	0	0	169	91	96	117	31	147	133	18	112	92	27	44	30	92	65	54	84	52	87	29	151	230	111	158	231	83	149	130	129	357	288	234	427	367	224	409	333	286	567	431	395	712	472	441	719	583	701	902	959	908	879	999	719	819	556	352	342	277	67	238	218	90	207	177	90	113	58	201	176	10	137	95	97	175	82	177	249	149	121	153	51	81	109	113	161
64	170	2	2	119	0	1953125	12	0.0	11092	2.92	0	0	V0.2	0	0	60	30	98	16	46	68	8	31	64	31	24	75	25	31	2	47	49	64	101	34	82	41	61	14	173	100	147	64	59	56	131	188	239	261	180	160	153	96	326	395	349	317	376	662	1000	890	689	837	998	949	504	488	332	214	345	481	549	601	515	594	565	163	274	177	39	130	34	62	103	61	33	84	54	54	74	109	71	70	58	3	14	38	44	64	51
64	170	2	2	119	0	1953125	12	0.0	11175	2.94	0	0	V0.2	0	0	66	50	38	51	28	95	22	62	9	51	24	42	61	56	11	10	52	5	45	13	41	77	31	68	16	163	91	105	63	81	85	146	243	397	220	188	124	99	329	482	511	637	432	413	664	774	923	1000	780	631	190	295	319	265	338	596	647	709	509	552	385	316	83	145	73	89	69	94	36	24	118	101	37	31	99	61	45	25	45	17	88	69	62	22	36
64	170	2	2	119	0	1953125	12	0.0	9772	2.70	0	0	V0.2	0	0	129	107	166	108	76	137	99	77	75	46	115	78	42	92	41	52	39	81	167	96	101	213	143	88	109	130	287	229	105	392	385	102	306	330	39	378	382	266	585	631	351	700	689	393	603	682	487	661	990	674	567	1000	809	504	556	635	237	185	236	187	257	150	140	297	235	101	105	177	256	168	49	218	198	56	99	73	100	173	99	105	172	111	60	87	67
64	170	2	2	119	0	1953125	12	0.0	9682	2.68	0	0	V0.2	0	0	63	100	76	73	65	89	49	53	47	40	56	18	51	28	28	31	24	71	47	49	56	101	56	77	74	172	25	224	84	220	158	111	73	174	146	139	64	293	208	223	129	256	438	419	629	355	276	468	638	939	1000	895	690	303	70	272	264	289	137	116	314	281	62	138	139	128	67	125	85	76	82	31	147	96	70	113	77	20	87	31	50	21	67	34	56
64	170	2	2	119	0	1953125	12	0.0	9802	2.70	0	0	V0.2	0	0	153	219	300	216	105	232	280	131	108	254	242	99	213	293	201	208	362	347	185	322	518	424	168	434	641	524	171	487	769	591	206	543	787	731	271	530	906	658	428	496	764	977	431	360	882	948	537	395	927	989	292	297	611	1000	376	168	434	628	714	278	410	755	613	189	336	606	528	178	244	467	431	178	172	351	332	136	109	237	230	90	71	151	130	78	63
64	170	2	2	119	0	1953125	12	0.0	9802	2.70	0	0	V0.2	0	0	153	219	300	216	105	232	280	131	108	254	242	99	213	293	201	208	362	347	185	322	518	424	168	434	641	524	171	487	769	591	206	543	787	731	271	530	906	658	428	496	764	977	431	360	882	948	537	395	927	989	292	297	611	1000	376	168	434	628	714	278	410	755	613	189	336	606	528	178	244	467	431	178	172	351	332	136	109	237	230	90	71	151	130	78	63
64	170	2	2	119	0	1953125	12	0.0	12070	3.09	0	0	V0.2	0	0	17	26	28	29	27	22	11	20	27	22	4	17	6	24	18	35	30	31	44	47	18	21	19	28	57	84	38	52	72	119	62	73	125	244	140	122	125	193	69	222	338	437	292	398	538	405	147	376	990	1000	358	739	482	535	587	475	363	122	152	368	276	127	100	100	49	31	68	51	38	52	3	41	79	45	4	7	40	38	20	36	50	53	55	37	37
64	170	2	2	119	0	1953125	12	0.0	9982	2.73	0	0	V0.2	0	0	287	337	194	47	223	250	138	41	119	124	95	72	7	104	182	136	140	299	328	212	286	500	495	296	423	673	646	404	541	816	783	481	567	942	877	565	675	862	990	611	556	1000	937	700	600	824	938	677	559	953	739	541	306	647	726	538	142	434	469	356	133	148	353	319	142	122	207	217	206	195	91	127	268	229	101	114	265	276	160	147	246	260	198	180	220
64	170	2	2	119	0	1953125	12	0.0	571	1.12	0	0	V0.2	0	0	439	431	413	402	377	350	328	289	281	234	215	173	160	138	154	162	195	238	272	288	349	383	408	435	456	507	480	590	562	597	588	567	523	682	654	667	620	639	503	488	288	793	594	788	435	759	382	455	224	1000	764	330	638	932	733	409	585	471	656	475	587	468	480	525	528	487	496	471	424	416	440	387	387	363	317	281	285	233	212	185	175	112	90	56	55
64	170	2	2	119	0	1953125	12	0.0	407	1.09	0	0	V0.2	0	0	81	23	74	18	68	11	69	1	58	9	57	23	54	32	53	36	43	55	57	57	49	76	54	91	67	109	88	98	95	100	117	94	103	118	182	119	213	48	107	100	207	279	563	527	572	378	159	53	509	628	910	846	883	999	963	998	757	765	615	653	471	402	213	227	177	240	214	166	150	126	144	138	147	105	137	90	118	62	96	55	82	59	87	68	74
64	170	2	2	119	0	1953125	12	0.0	429	1.09	0	0	V0.2	0	0	23	71	22	75	22	61	28	60	32	45	47	40	55	38	60	16	63	28	70	33	73	49	55	94	79	105	78	127	91	114	71	139	54	158	105	246	168	189	93	114	68	389	492	688	617	473	386	52	227	620	718	777	734	907	975	1000	848	728	731	555	527	287	261	156	224	211	273	139	155	103	148	110	131	118	126	95	104	91	81	68	71	81	70	74	77
64	170	2	2	119	0	1953125	12	0.0	627	1.13	0	0	V0.2	0	0	73	22	71	23	66	22	53	37	42	43	30	57	30	48	16	50	40	49	65	43	84	44	125	50	118	28	105	30	118	77	152	108	199	82	107	136	158	258	273	271	224	325	458	738	823	822	731	350	65	383	535	639	712	856	962	1000	869	659	621	358	312	91	164	232	223	142	125	50	19	142	72	105	36	83	9	72	28	81	38	75	31	45	35	50	38
64	170	2	2	119	0	1953125	12	0.0	627	1.13	0	0	V0.2	0	0	73	22	71	23	66	22	53	37	42	43	30	57	30	48	16	50	40	49	65	43	84	44	125	50	118	28	105	30	118	77	152	108	199	82	107	136	158	258	273	271	224	325	458	738	823	822	731	350	65	383	535	639	712	856	962	1000	869	659	621	358	312	91	164	232	223	142	125	50	19	142	72	105	36	83	9	72	28	81	38	75	31	45	35	50	38
64	170	2	2	119	0	1953125	12	0.0	10130	2.76	0	0	V0.2	0	0	30	42	32	31	32	28	24	29	26	17	20	13	13	18	11	14	16	15	21	24	27	35	42	44	43	10	39	36	51	102	54	91	126	88	162	36	53	120	138	238	127	233	216	396	446	700	603	437	204	341	717	220	558	421	887	1000	753	163	261	80	165	22	166	106	129	56	10	111	47	30	52	43	51	18	23	9	13	11	14	15	3	12	12	7	11
64	170	2	2	119	0	1953125	12	0.0	10200	2.77	0	0	V0.2	0	0	52	67	53	67	36	55	41	67	25	42	58	55	48	14	62	28	70	47	83	38	56	81	74	97	94	49	124	134	72	156	87	172	105	166	255	356	244	286	434	557	479	665	746	999	731	556	402	842	945	946	493	190	345	625	658	650	415	242	163	134	137	171	147	235	250	271	92	156	177	189	107	126	146	122	110	111	132	95	48	36	63	19	59	39	37
64	170	2	2	119	0	1953125	12	0.0	627	1.13	0	0	V0.2	0	0	50	48	45	45	41	37	39	25	40	13	41	8	43	13	35	25	36	45	41	63	45	86	63	95	71	81	54	84	37	126	52	153	92	118	48	117	60	220	134	206	109	311	380	610	646	625	532	167	137	453	602	651	765	838	1000	924	856	571	550	338	239	90	167	123	199	89	70	20	115	46	116	32	78	11	70	20	76	37	74	28	53	23	46	30	44
64	170	2	2	119	0	1953125	12	0.0	552	1.11	0	0	V0.2	0	0	73	14	71	11	73	11	71	19	72	26	63	31	53	42	49	64	50	72	46	90	48	100	52	93	40	86	19	117	29	145	47	144	65	106	19	146	75	220	120	178	105	334	409	609	651	590	508	162	202	470	643	666	806	830	1000	893	842	579	579	398	287	155	182	159	236	178	128	92	98	85	128	102	93	81	77	63	60	50	66	60	62	55	48	43	40
64	170	2	2	119	0	1953125	12	0.0	527	1.11	0	0	V0.2	0	0	64	22	72	16	73	9	74	12	69	23	66	28	57	45	56	63	56	76	45	88	46	99	39	93	22	88	4	112	16	138	23	142	10	101	75	143	95	204	69	166	128	341	409	607	529	550	311	183	307	594	661	753	743	956	948	1000	781	638	561	385	301	144	162	231	219	170	161	71	92	127	133	110	107	93	86	67	57	73	66	74	65	64	54	49	47
64	170	2	2	119	0	1953125	12	0.0	459	1.10	0	0	V0.2	0	0	70	41	68	41	62	36	54	38	45	38	31	51	36	53	24	55	15	57	17	69	15	57	46	70	62	89	70	113	61	107	68	87	100	113	162	181	106	155	70	121	183	390	404	559	426	369	167	188	403	703	745	834	779	967	973	1000	825	640	602	382	351	120	172	164	238	153	217	65	130	78	168	87	151	78	140	63	105	45	92	47	87	62	82	55	65
64	170	2	2	119	0	1953125	12	0.0	412	1.09	0	0	V0.2	0	0	48	54	45	47	49	43	45	28	49	23	46	14	52	15	42	23	49	34	46	49	47	69	41	100	58	112	67	115	63	104	52	129	45	184	136	189	109	111	49	182	189	363	459	412	444	182	114	215	513	649	801	681	767	807	1000	882	839	581	607	425	339	185	176	115	210	176	196	144	103	78	153	104	132	95	126	84	88	68	84	54	77	68	76	61	68
64	170	2	2	119	0	1953125	12	0.0	437	1.09	0	0	V0.2	0	0	29	76	22	76	24	63	19	56	28	46	38	36	46	30	48	5	57	15	58	34	62	53	49	94	71	100	61	115	61	103	33	135	13	182	89	215	57	143	44	224	176	444	451	524	452	241	158	272	488	751	811	843	778	942	1000	974	839	669	624	409	365	182	208	171	222	181	220	81	129	127	162	117	140	121	120	89	100	82	75	79	82	84	74	78	72
64	170	2	2	119	0	1953125	12	0.0	627	1.13	0	0	V0.2	0	0	39	64	24	67	14	62	10	49	25	35	35	18	50	16	41	35	44	54	32	80	20	107	40	124	39	123	61	110	94	121	113	115	138	97	109	44	187	94	151	63	74	260	438	492	553	333	306	250	504	637	796	788	835	914	1000	890	829	612	548	294	229	167	219	199	185	121	78	146	101	132	51	102	19	85	35	93	48	80	54	57	45	46	55	43	56
64	170	2	2	119	0	1953125	12	0.0	11279	2.96	0	0	V0.2	0	0	89	37	93	51	75	86	24	68	32	97	57	33	25	64	73	32	41	43	102	52	73	78	92	64	53	126	154	130	114	214	204	140	149	362	389	201	112	136	477	579	566	678	455	206	339	734	1000	969	857	828	403	74	159	507	575	511	675	559	545	544	310	213	208	209	134	145	136	36	95	17	124	49	89	114	56	102	16	105	95	106	105	34	59	74	104
