34928	35048	35167	35286	35405	35524	35644	35763	35882	36001	36120	36240	36359	36478	36597	36716	36836	36955	37074	37193	37313	37432	37551	37670	37789	37909	38028	38147	38266	38385	38505	38624	38743	38862	38981	39101	39220	39339	39458	39577	39697	39816	39935	40054	40174	40293	40412	40531	40650	40770	40889	41008	41127	41246	41366	41485	41604	41723	41842	41962	42081	42200	42319	42439	42558	42677	42796	42915	43035	43154	43273	43392	43511	43631	43750	43869	43988	44107	44227	44346	44465	44584	44703	44823	44942
64	170	2	2	119	0	1953125	12	0.0	0	0.77	0	0	V0.2	0	0	57	102	121	52	118	116	54	133	112	63	149	105	76	157	93	85	164	76	103	164	47	119	165	38	144	170	35	161	186	60	204	170	64	274	283	207	391	246	153	502	439	442	526	290	295	620	466	813	859	725	646	448	676	751	1000	785	626	294	137	249	374	207	295	202	44	183	219	97	199	161	55	170	137	47	160	107	52	147	82	68	135	59	78	124	33
64	170	2	2	119	0	1953125	12	0.0	0	0.77	0	0	V0.2	0	0	63	129	84	80	136	72	100	144	63	122	149	53	139	144	41	150	140	35	167	124	53	174	117	70	195	107	112	198	119	135	223	96	126	303	210	316	425	166	279	553	364	606	527	286	448	621	416	1000	846	830	826	398	705	881	941	941	658	272	247	273	294	307	292	138	145	208	139	199	202	83	162	164	62	152	138	37	142	115	37	136	89	51	129	65	68
64	170	2	2	119	0	1953125	12	0.0	0	0.77	0	0	V0.2	0	0	105	104	45	119	96	60	134	89	77	143	76	92	147	58	108	149	37	127	149	7	141	141	18	151	143	59	172	132	95	195	135	96	185	206	212	350	303	212	319	419	407	600	382	420	464	443	501	930	693	956	738	394	810	798	922	1000	530	385	296	152	340	366	184	225	187	106	186	238	91	166	186	51	158	162	28	143	131	20	139	105	37	135	84	56	129
64	170	2	2	119	0	1953125	12	0.0	0	0.77	0	0	V0.2	0	0	115	68	74	121	59	92	127	53	108	130	41	121	127	31	134	125	25	148	117	41	156	110	54	162	112	90	172	105	120	198	115	123	197	185	237	340	291	240	319	406	433	605	392	427	470	446	522	931	694	958	746	417	835	823	933	1000	530	376	322	170	330	365	193	218	200	125	173	246	114	152	196	74	141	174	48	127	150	26	125	128	8	124	109	23	123
64	170	2	2	119	0	1953125	12	0.0	0	0.77	0	0	V0.2	0	0	77	129	67	95	132	56	117	135	51	136	134	49	149	126	54	160	116	62	172	95	85	176	85	97	187	72	134	184	87	160	204	68	153	276	178	322	388	146	293	505	338	633	482	301	459	564	420	1000	799	883	811	387	727	907	931	978	620	274	278	255	275	339	267	139	168	191	123	225	175	85	181	136	73	167	108	63	150	86	70	139	56	80	125	32	94
64	170	2	2	119	0	1953125	12	0.0	0	0.77	0	0	V0.2	0	0	65	129	96	77	140	87	98	149	78	118	155	65	132	152	49	148	149	34	166	134	45	175	129	56	193	113	98	198	127	131	227	105	125	304	206	296	426	159	256	543	353	599	531	256	438	633	411	1000	882	827	816	399	698	940	974	962	653	242	247	294	297	322	317	133	148	224	146	208	213	82	169	173	58	160	146	31	149	123	35	144	92	54	136	66	75
64	170	2	2	119	0	1953125	12	0.0	0	0.77	0	0	V0.2	0	0	69	134	81	89	140	69	109	146	60	131	149	51	146	143	45	158	137	44	174	118	65	181	110	80	194	97	118	196	110	148	222	91	143	293	194	311	414	152	266	522	342	599	514	266	452	614	410	1000	862	817	806	393	728	953	946	968	634	258	273	281	283	328	299	133	159	213	133	212	200	77	172	161	57	160	135	36	147	114	43	139	83	57	132	59	74
64	170	2	2	119	0	1953125	12	0.0	0	0.77	0	0	V0.2	0	0	64	129	100	77	141	90	95	151	81	115	157	69	131	156	52	143	153	33	163	138	39	173	133	47	192	121	90	196	132	120	228	115	120	301	206	287	426	158	227	535	355	577	527	223	418	646	416	1000	898	797	772	389	730	977	997	950	655	243	246	304	306	309	314	134	135	225	154	196	222	89	158	180	62	149	155	28	143	132	22	140	105	42	134	79	61
64	170	2	2	119	0	1953125	12	0.0	0	0.77	0	0	V0.2	0	0	76	135	88	93	142	76	115	148	70	135	151	63	148	143	58	161	135	54	176	115	72	179	106	81	194	87	120	194	99	147	217	80	148	293	178	317	403	128	255	512	312	593	457	216	449	602	373	999	858	828	782	320	744	994	957	996	614	242	268	281	287	347	287	122	156	211	128	226	200	74	181	156	57	171	129	45	157	105	55	146	74	73	136	50	90
64	170	2	2	119	0	1953125	12	0.0	0	0.77	0	0	V0.2	0	0	70	131	91	86	140	79	105	148	73	126	151	64	141	147	51	153	141	43	170	123	59	177	116	71	194	100	108	194	112	142	226	96	140	291	186	302	423	150	262	530	318	577	484	217	466	632	385	1000	875	806	816	390	773	987	950	979	631	264	282	286	293	332	293	131	160	217	135	218	209	82	179	165	61	167	138	41	154	113	50	148	83	64	137	58	83
64	170	2	2	119	0	1953125	12	0.0	0	0.77	0	0	V0.2	0	0	114	96	56	127	84	74	137	75	92	143	61	109	144	42	125	143	20	144	135	22	154	123	42	164	122	85	174	105	117	199	119	133	201	173	242	336	291	250	287	378	420	564	376	401	471	451	533	923	729	944	726	423	923	862	971	1000	494	416	349	143	379	366	173	251	195	88	216	240	84	194	186	44	182	157	36	164	122	44	157	94	65	145	70	80	134
64	170	2	2	119	0	1953125	12	0.0	0	0.77	0	0	V0.2	0	0	85	114	51	103	112	49	120	111	55	137	103	64	144	88	76	152	75	93	158	49	110	154	38	124	161	43	148	152	74	179	166	80	185	229	189	334	337	181	285	435	353	599	406	316	463	490	445	965	753	880	744	313	813	949	916	1000	504	306	338	217	312	373	209	185	195	151	156	250	132	137	198	87	128	175	56	117	149	31	120	127	9	122	107	23	124
64	170	2	2	119	0	1953125	12	0.0	0	0.77	0	0	V0.2	0	0	83	131	66	102	132	57	125	134	57	142	130	58	155	120	65	165	109	74	174	86	96	176	76	107	186	63	140	177	80	165	202	71	166	266	178	328	388	151	274	486	324	617	442	260	456	543	387	987	791	833	780	312	755	965	915	1000	566	274	323	248	281	362	253	146	179	187	126	237	169	91	192	127	81	174	99	75	156	77	82	140	44	92	126	22	104
64	170	2	2	119	0	1953125	12	0.0	0	0.77	0	0	V0.2	0	0	121	74	85	127	63	106	130	55	123	127	51	138	120	55	149	111	62	161	90	82	160	70	97	164	62	131	158	50	159	182	87	174	183	137	288	293	280	300	217	336	462	485	391	400	374	424	531	792	729	896	617	483	860	728	1000	929	518	442	294	120	415	324	205	287	156	80	259	195	112	221	135	91	205	102	100	177	68	107	159	38	118	136	17	122	116
64	170	1	2	119	0	1953125	12	0.0	0	0.77	0	0	V0.2	0	0	63	132	106	75	143	96	93	156	86	115	164	76	130	165	58	143	163	34	162	151	30	174	145	37	194	136	80	198	145	106	238	131	106	297	220	269	454	185	219	544	353	551	543	218	426	637	372	960	914	782	816	464	731	941	1000	946	697	297	267	294	308	289	329	160	134	228	167	181	232	103	144	188	75	139	164	36	133	143	12	134	115	20	130	93	45
64	170	1	2	119	0	1953125	12	0.0	0	0.77	0	0	V0.2	0	0	81	124	67	99	128	60	119	131	60	138	127	59	149	116	66	158	105	74	168	82	93	167	70	104	179	57	137	170	74	162	190	66	162	252	167	321	373	143	261	468	314	592	411	240	450	543	394	990	774	844	762	308	754	950	918	999	548	271	308	239	279	362	243	151	180	178	128	243	165	100	193	120	89	175	89	83	156	65	93	140	35	101	124	12	108
64	170	2	2	119	0	1953125	12	0.0	0	0.77	0	0	V0.2	0	0	76	136	77	97	141	66	118	145	60	139	145	55	153	137	54	163	129	55	178	109	78	180	99	88	195	86	124	188	96	147	214	84	146	278	181	307	412	147	256	519	324	608	465	209	451	586	364	999	826	827	804	343	739	956	934	993	597	253	287	263	278	344	274	132	162	201	125	226	190	77	176	146	61	166	120	48	149	96	57	139	70	71	130	46	84
64	170	2	2	119	0	1953125	12	0.0	0	0.77	0	0	V0.2	0	0	75	133	87	93	141	75	114	147	69	135	149	60	149	142	56	161	132	54	176	111	77	180	102	88	195	87	124	190	96	153	219	89	155	284	186	324	422	161	279	537	340	611	472	236	479	581	353	991	829	822	835	380	769	954	917	1000	608	269	314	271	277	362	288	147	189	210	129	242	197	89	197	148	73	182	118	65	163	92	74	151	61	89	137	33	103
64	170	2	2	119	0	1953125	12	0.0	0	0.77	0	0	V0.2	0	0	105	119	52	121	115	59	138	110	70	150	100	83	158	85	98	162	66	113	166	36	131	156	23	141	161	38	165	144	67	187	157	78	188	215	186	337	332	192	277	426	357	611	374	304	452	456	415	944	709	873	748	331	827	888	896	1000	502	315	340	193	302	380	193	189	199	141	153	254	118	138	199	75	129	178	47	120	150	23	122	128	9	124	109	26	125
64	170	2	2	119	0	1953125	12	0.0	0	0.77	0	0	V0.2	0	0	98	118	58	114	115	61	132	112	71	146	102	80	152	86	94	158	71	107	159	41	124	151	23	135	155	31	158	139	65	184	152	78	191	213	183	341	326	185	260	401	344	583	338	287	441	453	397	926	717	850	720	290	830	893	885	1000	494	312	330	188	308	387	193	198	197	136	158	259	116	146	199	72	137	178	40	126	150	15	131	126	15	132	104	32	129
64	170	2	2	119	0	1953125	12	0.0	0	0.77	0	0	V0.2	0	0	93	124	62	112	124	60	130	123	66	146	116	72	155	102	81	161	87	94	168	62	113	164	47	123	170	37	150	157	61	174	172	65	175	233	167	338	359	163	261	437	326	601	378	269	442	496	382	958	739	840	759	293	789	887	875	1000	521	280	318	214	283	375	212	170	195	159	134	252	140	120	198	96	113	181	64	104	156	42	110	136	15	116	116	11	120
64	170	2	2	119	0	1953125	12	0.0	0	0.77	0	0	V0.2	0	0	111	118	62	128	115	71	144	114	82	155	107	90	163	91	101	167	77	112	172	51	128	167	37	137	176	29	159	163	59	180	182	64	182	250	166	349	384	156	274	466	318	624	417	247	465	552	363	997	807	836	807	303	765	924	891	999	583	248	298	259	275	366	273	140	180	204	119	235	200	78	185	154	60	172	127	45	158	107	52	147	83	66	137	62	77
64	170	2	2	119	0	1953125	12	0.0	0	0.77	0	0	V0.2	0	0	77	136	80	95	142	68	118	147	61	137	148	56	152	139	53	163	131	55	177	110	77	182	100	89	192	86	125	192	95	146	220	85	144	272	172	310	425	153	263	500	316	596	482	220	436	587	355	1000	856	805	809	351	758	930	920	988	617	255	287	257	268	343	276	138	170	197	117	222	194	81	179	147	59	166	121	46	150	100	54	141	70	69	128	48	83
64	170	2	2	119	0	1953125	12	0.0	0	0.77	0	0	V0.2	0	0	98	112	52	116	107	59	129	103	71	142	92	83	149	74	99	153	55	114	152	25	131	143	8	142	144	43	163	131	78	186	142	95	188	194	194	334	321	214	280	398	369	601	379	338	466	450	450	935	730	890	738	336	831	842	887	1000	487	336	343	175	327	387	179	225	203	113	178	256	101	169	198	55	156	175	26	145	143	12	142	117	32	138	92	53	134
64	170	2	2	119	0	1953125	12	0.0	0	0.77	0	0	V0.2	0	0	117	91	63	127	80	84	137	70	101	141	55	117	138	42	131	134	29	147	124	37	154	108	52	160	102	92	170	85	121	188	103	138	185	149	242	325	293	267	251	351	428	567	374	391	399	389	494	880	727	915	659	376	850	781	961	999	493	374	315	124	377	370	169	262	179	65	218	233	76	203	171	40	185	145	45	166	112	56	156	83	78	144	57	89	131
64	170	2	2	119	0	1953125	12	0.0	0	0.77	0	0	V0.2	0	0	105	108	55	121	102	66	135	96	81	146	83	95	149	67	110	150	46	126	147	18	138	135	7	148	136	48	166	119	82	186	129	98	187	185	203	338	313	223	263	374	381	599	350	354	421	401	428	913	728	900	703	333	806	809	896	1000	487	331	323	165	335	397	178	231	197	102	181	252	92	173	192	42	161	166	18	147	136	18	144	110	39	141	85	59	133
64	170	2	2	119	0	1953125	12	0.0	0	0.77	0	0	V0.2	0	0	103	116	50	119	111	59	136	107	72	148	96	84	154	79	100	157	60	116	160	30	134	152	14	142	152	39	164	138	71	185	149	83	183	202	179	335	332	190	264	389	343	588	358	324	420	429	394	934	745	871	716	284	776	856	882	1000	488	295	315	185	300	388	191	204	192	122	149	246	109	143	190	64	130	171	38	122	145	16	124	121	11	123	102	31	123
64	170	2	2	119	0	1953125	12	0.0	0	0.77	0	0	V0.2	0	0	109	99	57	122	92	72	135	82	89	141	68	106	143	51	120	142	31	137	136	21	147	120	33	156	116	73	169	98	107	191	109	125	192	160	226	327	300	250	249	351	412	580	354	371	413	415	500	924	767	913	673	339	852	843	961	1000	474	351	337	145	371	386	167	253	193	78	211	243	81	197	182	36	182	155	33	164	122	46	155	93	67	146	67	81	135
64	170	2	2	119	0	1953125	12	0.0	0	0.77	0	0	V0.2	0	0	116	96	60	126	86	79	138	77	96	143	62	114	143	45	129	141	27	143	133	28	154	117	43	161	113	83	173	96	115	191	108	132	191	158	232	328	300	249	242	344	414	576	352	380	415	422	502	916	764	917	667	327	877	839	973	1000	475	358	341	137	373	384	167	257	188	73	211	240	76	197	181	34	181	154	34	164	123	47	154	95	66	145	68	80	133
64	170	2	2	119	0	1953125	12	0.0	0	0.77	0	0	V0.2	0	0	114	83	70	123	73	90	131	63	107	130	51	122	128	43	135	121	40	149	106	57	153	87	73	158	78	109	163	67	140	183	89	158	183	136	264	304	290	277	220	329	450	531	370	403	365	404	522	853	778	899	608	374	851	752	1000	946	487	374	309	120	401	359	188	279	166	66	240	213	95	220	151	68	199	121	78	176	86	90	160	54	103	141	29	112	123
64	170	2	2	119	0	1953125	12	0.0	0	0.77	0	0	V0.2	0	0	107	51	114	115	53	117	126	53	116	133	52	114	145	58	110	157	69	96	167	80	79	163	100	56	166	120	73	173	149	71	212	181	63	226	299	202	369	289	152	370	461	467	406	397	346	390	522	891	732	918	713	286	832	887	865	1000	532	250	331	262	234	361	292	110	157	227	149	151	235	130	87	181	133	54	165	131	21	145	131	7	122	125	15	107	117
64	170	2	2	119	0	1953125	12	0.0	0	0.77	0	0	V0.2	0	0	102	105	50	117	100	62	133	95	75	141	81	89	146	64	105	149	45	121	147	15	136	137	8	143	136	49	164	124	82	186	136	101	185	183	196	328	319	204	269	373	365	585	350	361	422	427	442	937	759	896	720	314	832	837	917	1000	510	328	327	166	330	391	176	233	192	98	174	249	95	172	190	45	158	167	22	144	138	15	141	111	34	139	88	56	132
64	170	1	2	119	0	1953125	12	0.0	0	0.77	0	0	V0.2	0	0	94	121	51	112	118	51	130	115	60	146	107	70	154	93	84	159	78	99	167	52	120	160	38	127	166	42	158	156	63	177	175	74	171	221	171	333	366	166	287	425	327	605	398	343	430	456	370	947	783	861	780	306	770	847	868	1000	556	296	313	204	283	388	213	195	193	138	128	245	133	129	192	86	114	174	60	106	151	36	110	130	8	115	111	12	117
64	170	1	2	119	0	1953125	12	0.0	0	0.77	0	0	V0.2	0	0	67	135	100	84	147	89	104	157	81	125	162	68	143	159	54	156	154	38	175	140	50	184	130	62	201	122	105	207	122	131	247	117	125	301	216	312	492	179	281	542	353	619	553	287	432	604	346	1000	975	809	891	438	747	905	955	984	725	278	295	273	276	344	325	166	176	218	133	216	229	94	177	174	63	166	148	34	155	126	38	150	94	56	141	70	74
64	170	2	2	119	0	1953125	12	0.0	0	0.77	0	0	V0.2	0	0	120	95	65	133	84	85	142	75	104	146	58	121	146	42	137	142	27	153	133	35	163	116	55	169	110	92	181	93	123	201	112	147	200	154	241	341	314	277	284	343	436	591	378	461	427	404	493	892	780	945	737	463	911	761	953	1000	545	427	330	99	363	380	172	285	197	66	217	241	83	212	181	41	193	153	45	175	120	58	164	89	78	152	62	91	138
64	170	2	2	119	0	1953125	12	0.0	0	0.77	0	0	V0.2	0	0	98	54	116	91	65	125	82	78	133	72	95	140	60	110	139	44	123	140	18	136	126	16	144	122	46	166	111	79	184	125	128	197	125	157	290	221	335	301	150	338	459	428	440	412	272	444	509	738	842	839	609	520	808	658	1000	861	592	421	228	131	392	292	225	284	122	100	237	169	132	221	112	106	194	84	108	168	54	112	148	26	117	128	7	119	109
64	170	2	2	119	0	1953125	12	0.0	0	0.77	0	0	V0.2	0	0	71	80	119	60	95	121	52	111	122	49	129	120	51	139	113	50	149	103	61	156	80	80	157	72	100	169	52	127	178	68	172	180	61	197	272	170	372	246	93	382	426	388	482	318	210	506	491	742	896	748	602	485	692	677	1000	806	635	338	143	179	360	225	266	233	48	135	221	108	172	184	51	139	161	31	136	134	11	132	111	26	130	89	43	122	66
64	170	2	2	119	0	1953125	12	0.0	0	0.77	0	0	V0.2	0	0	97	53	116	91	64	126	83	77	134	72	93	140	59	107	142	45	120	142	17	134	129	12	142	127	41	163	114	71	181	131	122	194	129	150	297	233	324	285	159	348	470	439	426	388	277	464	550	781	842	846	592	486	789	665	1000	865	548	377	226	115	388	300	210	272	123	79	237	177	118	212	117	90	191	94	96	166	64	101	148	37	110	131	16	113	113
64	170	2	2	119	0	1953125	12	0.0	0	0.77	0	0	V0.2	0	0	60	128	89	75	136	77	96	144	67	116	150	56	133	147	41	146	143	29	164	131	45	173	121	60	188	115	101	196	116	124	232	113	124	279	204	286	442	166	254	514	350	583	522	254	408	638	411	1000	942	801	848	447	760	919	969	970	682	264	282	271	276	320	296	149	152	200	132	201	211	91	163	163	64	152	143	37	143	120	33	136	94	49	128	70	66
64	170	2	2	119	0	1953125	12	0.0	0	0.77	0	0	V0.2	0	0	88	56	117	81	70	125	71	84	130	59	101	134	47	116	133	33	128	132	16	141	117	31	150	112	60	169	99	89	185	114	138	196	113	167	293	209	328	293	147	362	463	411	456	390	268	494	539	750	846	806	616	527	787	673	1000	843	575	386	213	141	378	269	223	264	106	102	233	153	135	209	98	109	185	74	112	160	43	113	140	18	118	121	5	119	101
64	170	2	2	119	0	1953125	12	0.0	0	0.77	0	0	V0.2	0	0	107	51	82	110	43	100	113	40	112	110	37	124	105	41	134	99	48	146	89	67	150	77	81	155	79	112	164	77	135	180	105	158	176	141	251	310	290	275	259	333	425	540	397	429	383	429	518	881	754	913	733	457	859	765	931	1000	540	400	339	130	335	358	165	245	191	83	183	237	93	179	184	49	160	161	31	147	134	24	140	110	36	135	86	51	129
64	170	2	2	119	0	1953125	12	0.0	0	0.77	0	0	V0.2	0	0	107	51	82	110	43	100	113	40	112	110	37	124	105	41	134	99	48	146	89	67	150	77	81	155	79	112	164	77	135	180	105	158	176	141	251	310	290	275	259	333	425	540	397	429	383	429	518	881	754	913	733	457	859	765	931	1000	540	400	339	130	335	358	165	245	191	83	183	237	93	179	184	49	160	161	31	147	134	24	140	110	36	135	86	51	129
64	170	2	2	119	0	1953125	12	0.0	0	0.77	0	0	V0.2	0	0	91	48	116	83	62	125	74	77	131	62	94	136	49	109	137	33	121	138	9	137	127	19	144	122	49	166	114	79	179	127	127	192	118	150	290	231	322	293	149	338	466	437	456	392	241	442	520	762	816	847	608	504	773	654	1000	888	572	393	225	122	377	285	206	267	112	74	225	169	113	203	110	87	181	89	91	159	61	95	141	37	100	126	19	106	109
64	170	2	2	119	0	1953125	12	0.0	0	0.77	0	0	V0.2	0	0	70	79	118	60	94	119	53	108	120	49	126	118	50	139	111	50	148	103	61	156	79	80	157	72	102	172	56	126	179	72	172	185	64	204	284	176	369	259	99	395	439	400	502	294	179	498	468	734	863	727	612	491	674	671	1000	808	618	332	163	179	357	225	261	233	53	132	220	110	170	184	52	139	158	31	137	132	14	132	108	30	126	87	44	122	64
64	170	2	2	119	0	1953125	12	0.0	0	0.77	0	0	V0.2	0	0	199	201	204	210	220	227	234	238	241	245	243	243	239	232	230	223	219	217	212	210	209	211	208	206	183	186	152	155	163	121	174	111	181	107	247	125	318	181	272	207	287	218	334	29	282	344	441	106	903	253	1000	331	348	427	241	115	438	464	423	198	231	126	190	104	169	131	157	172	190	199	181	199	185	178	176	155	155	152	158	162	169	172	176	175	169
64	170	2	2	119	0	1953125	12	0.0	0	0.77	0	0	V0.2	0	0	109	44	101	109	44	118	111	49	130	108	53	138	102	58	145	97	62	154	88	76	157	76	83	161	82	103	169	76	116	184	100	136	178	142	222	320	279	238	254	337	390	574	355	373	351	372	427	884	717	884	736	359	766	779	861	1000	535	318	330	173	267	367	189	184	187	133	110	235	140	105	184	100	87	167	80	80	152	65	82	138	47	86	123	32	89
64	170	2	2	119	0	1953125	12	0.0	0	0.77	0	0	V0.2	0	0	77	131	80	92	136	70	109	141	64	127	147	58	142	145	48	152	143	35	164	130	46	172	123	55	188	123	93	198	128	108	236	124	97	281	228	264	456	186	226	517	381	562	566	249	309	577	384	902	962	757	834	513	658	809	999	930	742	298	234	257	321	264	324	195	95	199	189	136	228	144	95	183	117	85	168	88	84	155	61	92	139	39	96	125	19
64	170	2	2	119	0	1953125	12	0.0	0	0.77	0	0	V0.2	0	0	122	63	88	125	51	111	127	45	127	121	43	140	112	54	151	102	67	162	83	90	162	61	106	163	58	138	165	59	160	179	96	185	167	132	287	300	302	321	215	326	489	513	436	447	296	400	524	787	801	910	684	538	826	661	1000	972	591	444	284	111	390	324	203	296	140	74	239	188	114	221	125	91	198	98	99	171	64	106	152	35	112	133	15	118	111
64	170	2	2	119	0	1953125	12	0.0	0	0.77	0	0	V0.2	0	0	87	114	48	106	114	46	123	110	55	138	104	64	148	91	76	153	75	90	158	53	111	156	41	122	163	46	151	155	63	169	177	78	162	216	173	326	364	194	283	407	338	603	415	341	381	432	376	903	765	835	812	394	736	781	828	999	590	330	350	177	256	360	207	189	194	130	123	235	135	124	188	88	110	171	60	102	148	39	107	128	12	111	108	11	115
64	170	2	2	119	0	1953125	12	0.0	0	0.77	0	0	V0.2	0	0	118	82	67	126	69	89	135	60	108	135	45	123	132	33	137	127	30	151	115	49	158	98	66	162	93	102	173	80	124	187	101	152	173	134	247	325	296	289	245	316	444	539	382	426	321	354	468	815	742	903	697	462	793	683	916	1000	550	431	313	83	352	358	167	279	167	47	209	218	77	203	155	46	182	131	55	163	101	65	152	72	79	138	48	93	126
64	170	2	2	119	0	1953125	12	0.0	0	0.77	0	0	V0.2	0	0	103	99	48	117	92	62	130	84	79	139	73	93	142	54	107	141	34	123	139	7	138	129	16	144	130	57	166	115	81	180	131	107	170	168	200	332	314	238	265	347	381	568	366	373	343	363	411	860	724	863	734	373	750	737	853	1000	519	370	326	120	298	370	162	237	185	76	167	235	83	170	178	37	154	157	17	141	128	19	138	103	40	132	79	58	127
64	170	1	2	119	0	1953125	12	0.0	0	0.77	0	0	V0.2	0	0	115	86	58	123	75	80	133	65	97	139	49	115	137	33	129	132	20	145	123	34	154	110	54	160	106	91	172	90	113	189	112	143	173	138	231	326	300	282	262	331	428	553	384	423	347	372	462	826	731	893	730	442	815	699	889	1000	543	431	334	93	338	362	162	270	182	53	199	226	72	197	166	37	176	141	40	160	110	52	151	82	69	139	57	83	127
64	170	1	2	119	0	1953125	12	0.0	0	0.77	0	0	V0.2	0	0	110	86	58	120	79	77	129	67	95	135	53	109	132	38	125	130	21	138	122	32	149	107	50	155	103	86	169	88	110	187	110	141	173	135	232	327	301	284	260	322	417	543	390	413	334	351	448	826	736	885	731	445	781	685	874	1000	548	434	332	92	332	365	166	269	182	56	199	225	76	198	167	40	179	143	43	162	111	55	151	81	73	141	57	87	129
64	170	1	2	119	0	1953125	12	0.0	0	0.77	0	0	V0.2	0	0	109	98	48	121	87	65	134	77	84	140	65	100	142	46	116	143	24	132	137	10	147	126	30	154	127	69	172	113	92	188	131	122	177	156	209	336	320	268	282	347	395	571	396	407	368	363	406	837	722	879	764	421	788	710	840	1000	547	414	350	107	305	370	169	251	191	70	174	230	81	177	177	34	161	156	22	148	126	26	140	100	46	134	77	62	128
64	170	1	2	119	0	1953125	12	0.0	0	0.77	0	0	V0.2	0	0	102	102	47	116	94	59	131	86	77	141	75	92	145	56	106	145	35	122	143	6	138	135	18	149	135	55	168	123	82	188	141	111	175	167	201	342	328	255	283	361	384	571	393	397	372	364	393	854	730	870	778	399	778	725	821	1000	550	397	350	129	298	377	176	241	198	84	166	236	91	169	184	44	155	161	21	142	134	15	137	107	36	133	83	54	128
64	170	1	2	119	0	1953125	12	0.0	0	0.77	0	0	V0.2	0	0	112	91	57	123	80	76	134	70	96	138	56	110	139	39	125	135	22	141	127	28	152	114	47	161	111	81	173	96	107	192	114	139	180	142	231	336	302	289	258	320	411	551	391	416	345	354	438	835	744	893	751	439	798	701	873	1000	545	426	335	102	333	376	172	269	184	60	193	228	75	193	171	36	174	146	36	158	116	47	150	88	65	140	64	79	129
64	170	1	2	119	0	1953125	12	0.0	0	0.77	0	0	V0.2	0	0	117	81	71	126	70	91	133	60	109	135	48	125	129	39	138	123	37	153	110	56	159	93	72	165	88	107	173	74	132	193	98	161	179	128	263	331	300	311	239	317	457	538	415	435	318	352	471	814	766	914	713	450	796	692	934	1000	552	439	309	95	369	372	185	287	168	54	221	219	84	213	157	57	192	128	66	173	97	76	157	64	92	143	41	103	127
64	170	1	2	119	0	1953125	12	0.0	0	0.77	0	0	V0.2	0	0	114	88	59	124	76	80	135	65	99	138	52	115	137	36	129	132	23	143	123	36	154	109	54	161	107	88	172	90	114	193	109	142	175	136	242	331	291	281	247	326	429	546	394	404	322	348	455	829	732	888	714	411	773	720	901	1000	532	407	328	112	345	374	172	266	177	57	201	224	74	194	165	37	175	141	40	159	112	50	146	83	69	138	59	81	128
64	170	1	2	119	0	1953125	12	0.0	0	0.77	0	0	V0.2	0	0	107	96	56	121	86	71	131	79	90	140	65	103	140	48	118	139	27	134	132	20	147	118	34	154	118	71	170	100	99	193	117	127	177	148	230	333	293	268	250	333	409	561	385	377	330	358	446	847	727	891	721	372	770	744	885	1000	521	388	338	124	336	388	172	258	185	67	193	234	76	189	175	33	170	151	29	155	121	39	148	92	60	141	68	77	132
64	170	1	2	119	0	1953125	12	0.0	0	0.77	0	0	V0.2	0	0	96	115	46	112	109	50	129	105	63	143	97	75	151	82	89	154	64	104	157	37	125	152	24	134	157	40	159	145	63	181	164	83	160	192	181	330	339	211	264	389	342	585	411	338	352	392	355	887	749	870	797	330	721	771	819	1000	569	346	351	173	271	382	203	206	188	114	131	235	118	134	185	70	119	167	46	112	144	22	114	123	2	115	102	22	117
64	170	1	2	119	0	1953125	12	0.0	0	0.77	0	0	V0.2	0	0	122	63	95	124	53	117	125	51	133	119	54	146	108	65	157	95	79	165	72	104	163	48	119	164	46	149	160	52	173	178	102	194	154	119	305	292	303	351	200	337	504	488	482	428	255	407	519	781	808	912	692	535	793	637	1000	958	602	473	287	125	409	334	232	308	135	94	251	179	127	228	114	105	201	87	114	175	52	116	153	23	125	130	11	127	109
64	170	1	2	119	0	1953125	12	0.0	0	0.77	0	0	V0.2	0	0	116	73	72	121	64	91	129	58	107	133	48	119	131	37	130	127	25	143	120	36	153	110	46	159	113	75	170	100	99	191	116	121	168	147	210	328	290	247	253	346	382	564	389	363	348	372	408	876	726	891	765	359	745	756	834	1000	559	358	346	169	286	388	194	216	194	113	136	238	117	133	188	74	117	171	53	111	150	34	110	130	12	112	113	8	113
64	170	1	2	119	0	1953125	12	0.0	0	0.77	0	0	V0.2	0	0	84	115	53	100	114	49	120	113	55	135	109	63	145	96	72	150	83	84	157	59	106	155	45	118	163	45	144	152	62	165	171	65	143	206	170	313	342	171	245	415	333	579	421	290	342	441	362	918	777	835	805	325	694	813	844	1000	588	306	330	211	264	380	220	182	181	137	118	231	136	114	184	90	100	168	68	96	148	44	101	130	16	106	111	4	111
64	170	1	2	119	0	1953125	12	0.0	0	0.77	0	0	V0.2	0	0	61	138	99	76	148	85	98	157	74	121	165	62	142	165	44	153	161	23	172	149	38	184	140	56	202	135	99	209	137	124	249	123	108	283	232	276	465	214	252	541	398	615	615	271	390	614	368	967	976	834	949	502	718	873	988	1000	775	326	336	292	299	338	338	174	156	212	145	193	228	97	157	177	67	148	157	34	142	135	18	138	110	33	132	85	53
64	170	1	2	119	0	1953125	12	0.0	0	0.77	0	0	V0.2	0	0	104	99	49	118	92	64	132	85	81	140	71	95	143	51	110	142	29	128	140	6	144	131	23	152	128	61	166	114	93	195	128	116	175	161	219	331	299	251	269	361	405	569	400	391	375	394	454	866	727	897	795	433	783	719	851	1000	568	409	358	144	320	394	183	249	199	87	181	239	89	178	184	41	163	163	25	150	133	24	143	104	44	137	79	63	131
64	170	1	2	119	0	1953125	12	0.0	0	0.77	0	0	V0.2	0	0	72	137	80	92	143	66	115	147	59	137	149	52	154	143	47	163	136	49	178	116	72	184	106	89	196	97	124	198	102	153	228	87	133	271	208	312	434	181	270	505	357	613	535	260	393	578	363	969	899	822	940	450	702	852	901	999	723	305	344	270	272	375	304	159	180	197	115	219	200	82	179	153	59	169	129	43	155	106	53	146	77	66	132	52	83
64	170	1	2	119	0	1953125	12	0.0	0	0.77	0	0	V0.2	0	0	66	137	95	83	146	82	104	154	72	127	161	60	146	159	46	158	153	31	175	138	50	184	128	68	202	121	107	208	126	138	239	111	119	292	235	301	459	192	260	548	383	612	563	252	407	644	388	983	962	815	972	481	712	882	948	1000	758	300	332	303	302	373	331	163	170	221	139	212	222	91	171	176	63	165	152	35	155	129	34	146	101	50	137	74	70
64	170	1	2	119	0	1953125	12	0.0	0	0.77	0	0	V0.2	0	0	61	134	117	68	148	107	84	160	97	106	170	85	124	176	68	135	175	40	155	166	15	168	159	20	190	157	63	202	159	93	242	144	69	292	277	249	463	212	204	545	411	551	583	212	313	659	404	920	979	743	907	486	649	837	999	934	760	291	255	296	338	312	345	172	109	219	176	157	230	116	121	187	90	118	170	55	117	152	27	121	130	1	120	109	23
64	170	1	2	119	0	1953125	12	0.0	0	0.77	0	0	V0.2	0	0	69	140	100	83	150	88	103	160	77	127	168	66	146	165	51	158	163	31	178	145	45	187	138	60	205	131	101	213	132	132	245	119	109	299	242	292	466	198	271	564	390	625	576	243	421	678	389	995	971	809	984	460	740	899	970	999	758	295	327	308	309	363	330	161	161	226	144	207	226	90	168	181	63	161	157	32	152	133	27	148	105	45	140	81	65
64	170	1	2	119	0	1953125	12	0.0	0	0.77	0	0	V0.2	0	0	131	78	88	136	64	111	140	56	130	138	50	146	129	52	158	119	61	172	100	85	175	78	101	175	68	136	174	60	160	198	93	177	183	130	311	311	283	321	235	341	499	512	424	410	342	453	555	831	791	919	754	496	847	689	992	1000	578	446	313	119	423	385	205	299	170	67	250	210	96	226	149	74	205	119	87	182	85	96	165	53	107	145	32	117	127
64	170	1	2	119	0	1953125	12	0.0	0	0.77	0	0	V0.2	0	0	93	119	54	112	117	55	130	115	64	145	107	72	154	90	86	159	73	103	165	47	122	161	32	133	163	40	156	154	66	188	165	73	176	222	199	336	339	194	288	420	368	595	380	299	438	495	429	920	769	839	865	352	785	815	835	1000	575	322	369	222	295	417	209	200	205	144	148	252	127	140	202	82	129	183	54	120	156	30	121	133	2	124	110	21	128
64	170	1	2	119	0	1953125	12	0.0	0	0.77	0	0	V0.2	0	0	113	104	51	128	95	70	141	86	89	152	73	106	152	53	120	151	29	139	147	11	153	136	28	163	132	67	177	119	99	205	128	117	196	179	243	339	295	254	291	367	416	564	361	365	439	458	497	870	729	870	827	411	839	755	862	1000	542	388	381	170	349	420	179	249	210	98	195	247	84	180	194	41	168	170	19	153	138	21	150	108	43	142	85	63	136
64	170	1	2	119	0	1953125	12	0.0	0	0.77	0	0	V0.2	0	0	99	112	50	116	108	59	133	103	72	146	93	84	152	76	98	155	56	116	155	26	132	149	11	143	149	40	162	139	72	193	142	83	185	203	212	330	299	198	281	396	373	565	354	313	448	479	467	904	751	843	823	351	784	809	849	1000	535	319	363	215	322	428	193	210	207	130	168	253	108	152	201	67	143	179	36	133	150	12	133	126	16	134	102	39	134
64	170	1	2	119	0	1953125	12	0.0	0	0.77	0	0	V0.2	0	0	99	115	48	117	110	56	135	106	69	147	96	82	154	79	96	157	59	113	158	30	130	152	17	141	154	42	162	142	74	192	146	80	188	213	213	329	300	186	276	407	374	561	340	283	456	509	478	918	766	824	816	330	815	852	858	1000	520	300	368	224	322	425	189	200	204	140	164	252	111	145	201	73	137	180	43	127	153	20	127	127	12	129	106	32	129
64	170	1	2	119	0	1953125	12	0.0	0	0.77	0	0	V0.2	0	0	89	126	58	109	126	55	127	125	60	147	120	66	157	107	75	164	92	90	171	65	111	168	52	123	177	50	151	171	71	182	180	69	180	253	204	331	350	175	291	459	362	594	391	246	461	569	448	958	821	813	870	336	790	893	854	1000	563	271	373	264	298	424	225	172	202	176	141	255	148	117	205	109	107	187	79	100	163	55	106	142	25	113	123	3	120
64	170	1	2	119	0	1953125	12	0.0	0	0.77	0	0	V0.2	0	0	98	122	49	116	119	53	135	115	64	150	106	77	159	91	89	164	72	107	167	44	127	163	32	139	167	42	160	158	72	193	165	76	187	231	213	333	327	194	296	433	369	576	356	266	465	519	445	914	778	824	860	351	789	847	834	1000	550	304	383	239	307	429	207	195	209	153	151	255	128	132	204	88	124	184	57	114	158	34	118	138	6	122	113	18	127
64	170	1	2	119	0	1953125	12	0.0	0	0.77	0	0	V0.2	0	0	93	119	57	110	118	55	129	116	63	146	109	72	153	95	85	160	78	100	164	48	119	161	35	132	165	40	153	157	69	188	166	72	182	236	212	332	327	192	297	439	365	574	353	264	454	505	430	902	784	822	864	340	768	841	825	999	552	295	376	241	306	430	211	194	212	157	152	255	128	135	206	90	128	185	56	119	161	32	120	136	3	127	115	21	129
64	170	1	2	119	0	1953125	12	0.0	0	0.77	0	0	V0.2	0	0	112	109	51	126	100	65	141	92	84	151	78	99	154	59	115	154	36	135	152	6	149	142	20	160	140	61	172	126	95	204	131	105	203	197	241	335	289	243	301	391	417	555	340	336	461	475	489	872	753	870	826	384	840	792	866	1000	511	344	375	190	346	427	178	234	211	114	191	252	86	172	198	47	162	174	19	148	143	11	144	116	35	141	92	54	136
64	170	1	2	119	0	1953125	12	0.0	0	0.77	0	0	V0.2	0	0	107	109	51	124	101	65	138	94	83	149	81	97	152	62	113	153	39	132	150	9	146	141	18	159	141	60	172	129	95	204	131	105	209	201	245	338	286	244	303	397	423	559	344	338	468	486	512	890	765	879	819	380	836	808	888	1000	498	328	369	204	353	429	180	232	214	119	196	256	89	174	200	50	165	175	22	151	144	16	148	117	38	143	91	59	139
64	170	1	2	119	0	1953125	12	0.0	0	0.77	0	0	V0.2	0	0	107	109	49	123	100	62	137	94	79	148	81	95	152	62	108	152	40	127	150	8	144	142	16	155	143	58	169	130	92	199	133	101	202	204	242	333	282	224	290	396	411	550	334	319	458	488	503	881	755	861	818	364	821	822	882	1000	492	318	361	202	339	418	174	219	204	120	186	250	88	163	195	52	154	173	22	142	143	8	140	118	32	137	93	52	133
64	170	1	2	119	0	1953125	12	0.0	0	0.77	0	0	V0.2	0	0	127	74	90	134	62	113	138	55	132	134	50	146	125	55	158	113	67	172	92	91	173	72	108	176	64	145	171	59	173	195	90	185	198	155	339	305	267	336	257	370	531	482	408	426	390	516	599	788	798	899	760	520	866	711	1000	969	539	424	324	140	431	375	208	293	175	87	269	203	104	228	146	87	210	114	98	185	78	106	164	43	119	145	20	125	125
64	170	1	2	119	0	1953125	12	0.0	0	0.77	0	0	V0.2	0	0	116	101	56	130	93	74	142	83	94	150	68	110	150	48	126	148	24	143	142	19	157	130	36	166	127	78	177	115	111	203	117	120	204	187	263	333	270	264	301	376	427	532	329	348	446	460	512	852	747	885	815	407	819	778	894	1000	501	364	359	164	355	413	166	241	208	99	205	244	72	182	192	35	172	165	18	157	134	29	151	106	53	144	79	70	136
64	170	1	2	119	0	1953125	12	0.0	0	0.77	0	0	V0.2	0	0	94	115	50	112	112	52	130	108	64	144	99	76	151	83	89	156	64	106	159	36	125	154	26	140	159	46	160	153	82	193	159	85	194	230	224	339	321	225	318	425	379	564	369	307	481	500	462	895	786	868	879	391	793	829	849	1000	546	329	376	214	308	415	200	206	217	145	166	256	117	148	205	76	141	183	45	130	154	21	131	129	12	133	105	35	132
64	170	1	2	119	0	1953125	12	0.0	0	0.77	0	0	V0.2	0	0	109	106	48	124	98	64	138	90	83	148	76	98	152	57	113	153	33	131	149	4	148	140	24	159	141	65	171	129	99	204	136	107	199	201	247	339	290	245	311	394	412	543	344	345	472	466	500	871	756	885	832	405	820	805	872	1000	515	352	367	180	335	409	170	228	213	114	191	247	85	169	196	49	161	172	20	147	142	12	143	115	37	138	89	56	134
64	170	1	2	119	0	1953125	12	0.0	0	0.77	0	0	V0.2	0	0	105	107	48	120	100	59	135	92	78	146	81	92	149	63	107	152	41	126	150	9	142	141	16	154	143	57	167	132	94	200	136	99	198	204	240	328	290	234	309	403	407	552	350	338	485	481	511	897	773	897	837	402	823	821	896	1000	503	328	360	199	342	417	175	222	212	124	190	250	89	167	198	54	160	174	23	148	142	13	144	118	35	141	91	54	137
64	170	1	2	119	0	1953125	12	0.0	0	0.77	0	0	V0.2	0	0	97	120	51	114	116	53	131	113	65	147	104	75	155	89	88	160	71	105	164	42	125	162	30	138	165	41	154	157	75	190	161	70	188	241	213	329	317	186	303	446	370	563	359	285	478	491	439	905	794	867	851	336	754	872	872	1000	511	268	338	240	307	420	195	182	204	157	155	250	119	129	200	84	127	180	53	116	155	29	121	134	2	123	112	21	127
64	170	1	2	119	0	1953125	12	0.0	0	0.77	0	0	V0.2	0	0	108	108	49	122	100	63	137	93	80	147	81	96	152	62	110	154	38	129	151	7	145	142	17	158	143	60	170	133	97	203	137	102	204	211	249	336	289	236	311	412	421	557	348	328	468	474	519	901	764	894	839	396	829	849	914	1000	491	332	366	196	343	415	169	221	216	123	196	252	89	170	200	52	163	175	23	150	144	15	147	117	34	141	93	58	139
64	170	1	2	119	0	1953125	12	0.0	0	0.77	0	0	V0.2	0	0	103	112	45	120	104	57	136	98	71	148	88	87	153	69	101	156	48	121	154	17	138	149	17	149	151	52	164	140	88	195	145	90	193	214	229	328	292	212	294	409	386	548	348	311	470	472	486	889	764	873	840	367	816	859	890	1000	507	316	364	209	324	404	169	203	209	134	175	247	97	150	197	62	144	174	32	133	146	8	132	121	20	130	98	40	129
64	170	1	2	119	0	1953125	12	0.0	0	0.77	0	0	V0.2	0	0	103	107	51	119	100	62	133	93	78	144	81	93	147	63	106	149	42	125	146	12	138	137	14	151	139	55	162	129	91	193	127	92	194	203	242	324	275	218	291	394	396	535	325	304	458	452	494	877	752	886	802	338	802	855	910	1000	482	319	354	203	344	412	161	214	209	119	192	248	83	166	195	48	161	170	20	147	140	15	144	113	36	140	89	56	136
64	170	1	2	119	0	1953125	12	0.0	0	0.77	0	0	V0.2	0	0	104	115	50	122	109	59	136	104	74	151	93	87	156	75	101	157	56	119	159	26	136	153	15	145	154	42	159	144	79	191	141	73	188	222	218	319	286	188	297	421	364	532	311	274	466	459	453	899	766	869	816	294	784	882	898	999	476	278	339	229	328	419	168	191	205	140	170	244	95	139	196	63	139	175	34	128	148	12	129	123	17	130	102	38	131
64	170	1	2	119	0	1953125	12	0.0	0	0.77	0	0	V0.2	0	0	106	109	53	122	103	64	137	95	80	148	85	94	152	65	109	154	43	128	150	12	142	142	12	154	143	53	166	133	94	199	128	95	205	210	240	323	276	221	308	398	385	515	307	318	487	450	476	881	779	892	829	365	821	853	909	1000	483	319	352	211	347	424	169	221	220	125	194	251	88	167	201	52	162	176	20	148	144	11	146	116	37	144	93	57	138
64	170	1	2	119	0	1953125	12	0.0	0	0.77	0	0	V0.2	0	0	99	111	47	114	105	55	131	101	68	144	91	81	150	74	94	153	54	112	153	26	129	147	15	141	148	43	157	141	81	189	140	77	188	216	218	309	273	184	291	406	352	514	325	282	462	461	462	889	764	858	822	335	774	878	901	999	495	279	334	225	314	405	171	187	202	140	163	244	102	140	195	68	137	173	38	128	147	16	127	122	14	128	101	36	127
64	170	1	2	119	0	1953125	12	0.0	0	0.77	0	0	V0.2	0	0	104	106	50	118	99	62	133	93	78	144	81	93	147	64	106	149	41	124	147	12	138	138	12	149	138	53	162	129	92	192	124	89	198	204	238	311	253	201	290	389	377	514	305	293	463	454	493	873	754	878	794	336	807	880	934	1000	471	296	339	209	339	402	156	201	206	124	186	243	84	158	194	51	153	168	21	142	141	10	140	114	33	136	90	54	133
64	170	1	2	119	0	1953125	12	0.0	0	0.77	0	0	V0.2	0	0	118	95	61	130	83	81	141	75	100	147	59	117	144	42	130	141	23	148	133	32	159	119	49	167	114	87	173	102	123	197	101	124	202	178	278	307	237	243	287	368	424	497	313	343	441	452	546	848	750	906	789	391	842	842	977	1000	467	339	342	176	380	397	154	233	203	94	220	233	61	186	182	31	179	154	29	161	122	40	154	92	62	145	70	80	135
64	170	1	2	119	0	1953125	12	0.0	0	0.77	0	0	V0.2	0	0	98	112	50	114	109	55	131	103	68	144	96	82	150	78	95	155	57	112	156	28	129	150	17	142	153	43	158	147	85	191	143	81	200	229	230	322	288	204	311	416	369	535	327	300	481	487	475	895	781	886	850	344	803	892	915	1000	481	285	348	234	328	411	177	194	213	145	177	251	103	148	201	68	146	176	36	135	148	11	135	121	19	135	100	42	134
64	170	1	2	119	0	1953125	12	0.0	0	0.77	0	0	V0.2	0	0	106	105	45	121	97	59	135	89	77	144	76	92	150	58	107	149	36	126	147	5	141	141	21	154	140	62	167	131	101	194	131	99	199	209	243	316	268	219	306	398	386	518	328	318	475	485	522	892	758	889	827	367	822	891	939	1000	473	308	351	211	340	395	158	203	209	126	188	241	86	156	193	53	153	167	24	140	139	10	137	113	28	134	90	50	130
64	170	1	2	119	0	1953125	12	0.0	0	0.77	0	0	V0.2	0	0	104	107	49	120	100	61	134	92	78	145	81	93	150	62	107	150	41	125	148	10	140	142	15	152	141	57	165	131	95	193	126	92	203	213	240	314	266	212	308	404	382	524	311	308	483	482	512	896	774	918	811	324	830	915	968	1000	453	289	342	218	346	400	152	198	208	129	192	244	84	159	197	51	157	169	21	144	141	11	141	115	37	138	90	55	134
64	170	1	2	119	0	1953125	12	0.0	0	0.77	0	0	V0.2	0	0	91	120	49	109	118	48	129	115	56	144	109	66	154	95	78	159	78	96	166	53	116	164	43	130	170	48	150	165	82	181	172	71	182	255	210	313	317	179	318	466	339	547	365	268	487	527	456	921	794	861	873	335	787	945	928	1000	502	254	344	256	295	392	191	159	201	171	147	241	128	115	198	94	114	177	66	106	154	41	108	135	14	114	113	9	120
64	170	1	2	119	0	1953125	12	0.0	0	0.77	0	0	V0.2	0	0	99	109	44	115	104	52	130	97	66	145	88	81	150	71	96	153	51	115	155	23	132	149	22	148	153	54	164	145	91	192	150	90	198	228	229	319	295	219	327	427	375	547	351	317	498	500	506	903	766	894	867	387	850	903	940	1000	503	316	371	225	324	393	170	195	215	141	178	245	103	150	200	69	145	175	38	135	148	15	133	123	20	134	98	41	131
64	170	1	2	119	0	1953125	12	0.0	0	0.77	0	0	V0.2	0	0	91	126	52	109	124	48	129	122	53	147	116	63	158	104	75	165	89	90	173	64	113	172	54	127	180	53	150	176	81	180	182	71	184	266	207	322	335	174	315	473	337	552	370	265	492	529	443	916	806	856	893	362	797	955	921	1000	547	269	354	263	284	390	208	153	200	182	139	240	141	105	198	108	103	178	78	95	157	54	101	137	23	108	119	2	114
64	170	1	2	119	0	1953125	12	0.0	0	0.77	0	0	V0.2	0	0	102	105	46	116	98	58	131	90	74	143	79	89	147	61	104	149	40	123	148	9	138	141	17	152	144	58	165	134	97	192	136	101	204	218	244	320	276	224	322	414	395	528	331	329	479	485	534	877	742	896	842	390	851	903	953	1000	497	339	366	199	332	391	163	207	215	133	192	246	95	165	198	57	160	171	30	146	141	16	141	114	34	139	87	55	134
64	170	1	2	119	0	1953125	12	0.0	0	0.77	0	0	V0.2	0	0	114	94	55	126	82	75	136	71	95	143	57	111	144	38	125	141	16	144	134	25	156	121	46	166	121	87	174	111	122	196	112	127	205	193	268	309	253	255	304	371	420	515	327	354	459	474	565	847	735	925	800	394	875	866	1000	991	493	368	357	174	364	373	147	225	203	100	215	229	70	182	181	39	174	153	29	158	122	39	150	94	61	141	68	76	132
64	170	1	2	119	0	1953125	12	0.0	0	0.77	0	0	V0.2	0	0	110	96	53	123	88	71	135	77	89	143	64	106	144	46	120	141	22	139	137	17	150	126	33	160	124	75	171	114	113	194	113	115	203	196	257	311	253	234	303	378	413	517	319	353	467	464	541	850	737	918	785	359	852	869	992	1000	478	344	340	174	357	382	149	218	201	104	209	232	70	179	185	40	171	156	26	155	126	34	149	96	53	142	74	72	133
64	170	1	2	119	0	1953125	12	0.0	0	0.77	0	0	V0.2	0	0	111	101	50	125	92	67	137	84	86	147	69	102	148	50	119	146	25	137	144	8	151	136	27	162	134	72	174	126	112	201	126	114	210	207	256	319	267	228	325	399	417	522	323	362	496	484	544	879	747	916	822	393	873	870	970	1000	490	361	351	180	347	385	153	220	212	115	204	237	79	174	192	45	167	163	23	152	133	23	147	104	48	142	80	65	134
64	170	1	2	119	0	1953125	12	0.0	0	0.77	0	0	V0.2	0	0	114	88	57	124	77	77	135	67	97	139	52	113	138	35	128	135	18	145	127	31	155	115	52	166	112	94	172	106	131	199	112	139	205	186	274	307	257	258	313	376	436	512	344	388	474	488	587	858	735	919	795	420	907	844	1000	984	503	399	341	155	367	365	148	239	203	94	224	225	73	193	181	47	183	148	42	165	117	51	154	86	71	145	61	85	133
64	170	1	2	119	0	1953125	12	0.0	0	0.77	0	0	V0.2	0	0	97	117	43	115	111	48	132	105	61	147	97	76	155	81	90	159	63	110	163	37	128	158	29	141	163	49	162	159	85	188	162	85	190	239	213	316	311	189	336	437	353	561	373	325	498	504	482	900	749	890	872	344	822	898	931	1000	540	335	335	212	297	378	177	180	198	145	154	235	113	132	195	77	127	173	49	119	148	25	121	126	1	122	104	25	122
64	170	1	2	119	0	1953125	12	0.0	0	0.77	0	0	V0.2	0	0	98	103	42	113	97	52	127	91	67	140	79	83	144	63	98	148	43	117	148	15	133	142	18	146	145	57	164	139	96	191	142	98	196	218	227	311	285	208	334	411	380	540	365	368	499	484	510	886	738	891	841	387	860	868	942	999	527	361	328	188	320	374	167	203	202	126	177	237	97	158	194	61	151	165	33	137	139	16	137	113	29	133	90	49	131
64	170	1	2	119	0	1953125	12	0.0	0	0.77	0	0	V0.2	0	0	96	108	36	113	103	45	129	96	61	143	86	76	148	70	92	152	52	111	155	28	129	150	26	143	155	55	164	149	91	189	156	92	193	228	218	315	300	197	335	421	367	564	385	346	493	501	512	904	741	890	855	389	861	898	957	1000	538	343	338	209	307	365	174	185	196	139	161	235	110	142	192	74	134	167	44	124	142	20	123	121	14	122	97	32	122
64	170	1	2	119	0	1953125	12	0.0	0	0.77	0	0	V0.2	0	0	110	83	58	120	73	77	129	62	96	133	49	112	130	32	126	127	20	144	119	36	151	106	54	160	104	95	168	96	133	190	102	133	200	179	275	297	246	252	316	376	440	509	349	386	442	461	569	819	703	891	744	410	883	824	1000	947	475	374	312	154	365	347	153	227	186	89	219	216	73	190	169	48	179	138	49	162	107	56	150	78	75	137	52	88	128
64	170	1	2	119	0	1953125	12	0.0	0	0.77	0	0	V0.2	0	0	67	130	81	83	137	67	105	142	58	125	145	50	143	142	41	154	137	39	170	119	61	177	110	77	193	100	111	199	114	140	215	104	143	310	212	284	386	163	304	552	336	561	466	235	462	645	444	944	871	784	894	423	791	1000	980	943	599	231	278	307	288	328	261	108	148	223	131	201	192	77	168	158	57	155	133	38	146	110	42	138	83	57	128	57	75
64	170	1	2	119	0	1953125	12	0.0	0	0.77	0	0	V0.2	0	0	96	115	47	114	111	49	130	107	62	145	97	75	154	82	89	157	65	107	161	38	125	157	28	139	163	47	162	158	86	187	157	83	198	245	219	318	304	180	341	456	371	558	360	310	497	534	517	932	748	863	840	344	883	968	973	1000	481	287	332	234	318	373	173	167	199	159	163	242	116	136	201	81	130	173	51	121	151	26	122	129	4	123	106	27	126
64	170	1	2	119	0	1953125	12	0.0	0	0.77	0	0	V0.2	0	0	111	88	54	121	76	73	132	67	91	138	53	108	136	35	122	133	14	139	126	26	149	115	44	160	114	88	169	104	124	189	104	126	197	184	261	293	239	226	308	380	416	492	317	357	451	469	560	843	694	879	722	340	892	856	1000	945	440	333	317	171	371	345	143	211	186	95	209	216	65	178	172	39	167	143	32	152	114	42	144	86	60	135	62	76	125
64	170	1	2	119	0	1953125	12	0.0	0	0.77	0	0	V0.2	0	0	103	100	48	116	92	61	129	85	78	140	73	93	142	54	108	143	32	127	140	4	139	131	19	150	133	65	167	126	107	192	120	106	205	209	248	306	256	206	319	405	395	512	312	327	485	493	538	890	727	892	764	315	889	912	1000	971	437	311	324	202	355	370	147	197	196	122	198	234	80	167	188	47	159	158	23	148	128	24	143	105	47	137	79	63	132
64	170	1	2	119	0	1953125	12	0.0	0	0.77	0	0	V0.2	0	0	93	121	46	110	118	45	130	114	54	147	109	66	156	94	78	162	79	97	168	54	118	166	45	133	174	52	157	171	87	186	176	84	194	266	220	317	319	168	337	479	349	561	379	281	509	564	502	957	770	863	859	339	868	997	979	1000	505	279	340	259	309	372	188	150	195	177	148	239	132	116	198	97	111	175	67	105	153	42	108	132	15	113	113	9	116
64	170	1	2	119	0	1953125	12	0.0	0	0.77	0	0	V0.2	0	0	101	116	48	118	110	56	135	104	69	148	95	84	155	78	98	160	59	116	162	30	133	156	21	145	162	47	165	153	87	192	151	84	206	245	228	320	292	179	332	450	376	556	328	298	504	521	513	934	746	896	799	290	910	983	1000	991	456	277	343	241	333	382	161	165	199	156	168	243	107	140	199	72	136	174	42	128	149	18	129	125	10	129	105	34	129
64	170	1	2	119	0	1953125	12	0.0	0	0.77	0	0	V0.2	0	0	96	119	49	113	115	50	132	112	59	147	104	74	154	89	86	160	71	105	166	44	124	163	34	136	169	45	160	162	82	187	163	79	200	255	218	316	304	168	323	453	351	541	339	274	505	550	498	928	759	846	822	321	874	1000	976	996	471	265	335	251	312	377	177	150	196	170	151	240	122	124	199	88	119	175	59	112	152	32	115	130	7	119	111	17	123
64	170	1	2	119	0	1953125	12	0.0	0	0.77	0	0	V0.2	0	0	96	115	45	113	112	48	130	107	59	146	99	73	153	83	88	158	66	107	162	38	125	158	30	142	164	48	161	158	85	189	159	88	202	250	226	320	300	180	331	456	369	545	343	297	518	556	529	931	749	857	838	345	908	994	979	1000	487	289	355	248	320	375	172	160	203	166	162	244	118	133	202	85	129	175	53	120	151	27	121	129	4	123	108	23	125
64	170	2	2	119	0	1953125	12	0.0	0	0.77	0	0	V0.2	0	0	97	120	47	114	116	49	132	112	59	148	104	72	156	89	87	161	71	105	166	45	123	164	36	137	170	48	159	162	84	185	163	82	199	258	224	316	305	173	325	452	347	543	343	278	512	548	491	914	757	855	834	320	879	1000	971	994	483	265	350	259	317	380	173	147	198	172	151	241	122	122	198	89	119	175	61	110	152	36	113	130	7	116	111	15	120
64	170	2	2	119	0	1953125	12	0.0	0	0.77	0	0	V0.2	0	0	104	103	49	118	97	63	133	88	79	144	76	95	146	56	111	148	33	130	144	5	143	137	19	156	138	66	169	127	108	196	125	111	213	215	254	313	261	218	333	413	400	506	308	338	508	514	560	889	727	888	795	356	940	953	1000	992	449	321	358	210	365	378	147	197	213	132	201	242	84	171	196	51	165	166	25	151	137	22	148	109	43	141	84	63	136
64	170	1	2	119	0	1953125	12	0.0	0	0.77	0	0	V0.2	0	0	97	52	119	87	67	129	78	85	135	64	103	138	50	121	136	37	138	130	30	150	112	43	156	105	74	176	83	102	198	87	150	192	102	226	303	143	293	272	141	430	405	311	407	306	281	580	486	658	799	676	620	458	749	779	1000	718	527	282	164	244	373	195	248	185	64	174	219	83	170	162	45	155	137	33	147	108	43	139	81	61	129	55	72	116	28
64	170	1	2	119	0	1953125	12	0.0	0	0.77	0	0	V0.2	0	0	117	60	88	121	52	107	125	49	122	123	45	134	116	46	144	110	51	157	98	68	161	86	78	168	88	114	168	81	146	187	90	146	203	177	279	286	224	240	300	376	422	468	298	337	471	489	577	845	699	885	751	356	912	919	1000	965	428	317	344	192	360	367	134	189	208	126	190	238	83	159	194	50	151	167	24	140	142	5	134	121	22	131	99	39	130
64	170	1	2	119	0	1953125	12	0.0	0	0.77	0	0	V0.2	0	0	60	129	100	72	139	88	89	149	79	112	157	67	128	158	51	141	156	28	160	142	29	169	137	42	190	129	76	197	144	108	220	131	112	319	229	243	380	176	242	547	316	485	457	205	430	663	398	875	904	742	851	425	753	1000	998	891	596	191	233	333	318	293	275	110	109	238	152	167	204	92	136	175	64	127	152	32	126	134	8	126	106	21	122	86	43
64	170	1	2	119	0	1953125	12	0.0	0	0.77	0	0	V0.2	0	0	62	125	88	77	133	77	96	141	68	117	146	58	133	146	45	143	141	31	160	125	45	168	119	58	185	107	90	191	122	121	209	111	127	306	210	255	366	166	259	518	296	485	437	196	447	644	393	882	870	747	855	386	733	1000	959	913	564	176	246	325	298	312	258	97	132	231	134	188	193	77	154	163	52	142	138	26	136	117	27	133	91	44	126	68	63
64	170	1	2	119	0	1953125	12	0.0	0	0.77	0	0	V0.2	0	0	105	111	47	121	104	56	137	99	73	148	85	89	154	68	102	156	47	122	155	17	138	150	15	153	151	55	166	141	96	193	137	94	205	227	235	316	273	197	324	419	370	505	316	300	502	515	514	888	725	880	826	341	868	948	949	1000	454	290	341	226	337	381	155	174	210	148	175	240	96	145	197	63	141	169	33	130	144	9	130	118	18	129	97	40	128
64	170	1	2	119	0	1953125	12	0.0	0	0.77	0	0	V0.2	0	0	114	80	67	122	70	86	130	60	106	132	48	120	128	36	135	123	32	149	108	52	155	96	68	166	91	110	168	81	148	189	89	154	204	171	294	293	235	277	291	360	441	442	318	369	452	492	580	790	709	886	746	426	914	842	999	945	456	371	325	160	396	344	151	235	196	95	238	213	74	203	166	58	190	131	61	169	99	72	156	67	86	142	42	100	126
64	170	1	2	119	0	1953125	12	0.0	0	0.77	0	0	V0.2	0	0	120	87	67	130	75	89	138	64	108	142	51	123	137	37	138	132	30	154	119	48	162	105	62	170	100	106	173	89	144	191	89	143	204	172	286	299	235	268	293	360	429	468	319	355	437	467	558	805	702	910	739	374	902	853	999	952	438	357	320	152	388	353	141	222	195	87	224	216	58	193	169	41	183	139	44	165	107	58	153	79	78	142	54	93	129
64	170	1	2	119	0	1953125	12	0.0	0	0.77	0	0	V0.2	0	0	112	102	56	125	93	72	138	85	90	148	71	105	147	53	121	147	29	139	141	15	151	132	27	163	131	74	173	119	116	198	116	114	212	199	256	324	255	232	320	388	393	489	311	338	482	475	530	872	726	923	787	353	905	912	982	1000	447	332	330	181	361	375	141	204	210	115	203	239	72	177	194	39	171	162	21	154	131	28	151	101	52	143	79	71	136
64	170	1	2	119	0	1953125	12	0.0	0	0.77	0	0	V0.2	0	0	111	94	52	123	85	71	136	75	88	142	61	105	142	42	120	140	19	140	134	19	151	125	38	164	124	83	173	114	124	195	112	122	210	194	262	315	252	242	314	381	408	497	337	349	480	488	561	872	720	915	786	397	904	907	1000	998	459	342	324	173	360	360	143	206	202	110	204	232	72	178	186	40	170	155	26	155	125	34	148	97	57	141	72	73	131
64	170	1	2	119	0	1953125	12	0.0	0	0.77	0	0	V0.2	0	0	109	94	53	122	86	70	133	75	88	140	61	104	140	43	120	139	20	138	134	17	149	124	36	162	124	82	171	115	123	194	110	121	212	197	264	314	251	241	321	399	425	505	337	353	477	500	584	873	704	906	763	375	917	915	1000	968	433	320	330	185	361	356	135	196	203	113	206	231	70	178	185	41	170	154	28	155	123	37	147	94	57	142	70	74	132
64	170	1	2	119	0	1953125	12	0.0	0	0.77	0	0	V0.2	0	0	54	109	115	52	125	111	60	138	103	74	152	94	89	160	82	99	165	61	121	162	32	133	161	24	156	162	31	171	180	61	203	171	77	299	276	186	373	239	169	515	379	404	479	240	322	654	443	775	867	677	727	460	728	904	1000	769	556	222	164	294	348	215	267	152	57	206	196	103	190	138	71	170	115	65	154	86	71	143	60	82	126	37	88	113	13
64	170	1	2	119	0	1953125	12	0.0	0	0.77	0	0	V0.2	0	0	109	54	89	111	49	108	110	50	122	103	54	133	91	68	141	78	82	150	55	101	145	36	114	149	37	146	140	47	180	151	86	180	170	167	315	232	239	290	219	366	452	343	359	358	332	499	556	678	713	784	614	437	814	754	999	804	456	318	236	164	397	256	189	220	137	107	242	142	114	197	100	108	177	65	111	154	33	115	132	7	121	111	18	120	89
64	170	1	2	119	0	1953125	12	0.0	0	0.77	0	0	V0.2	0	0	115	53	97	115	49	115	113	51	130	106	59	140	92	73	148	77	89	156	53	108	150	34	121	151	35	154	142	51	186	152	90	184	171	170	320	230	241	294	219	369	452	339	354	355	338	496	539	671	720	792	613	446	835	747	1000	801	454	330	241	158	399	256	186	225	141	106	242	142	110	198	99	105	180	65	109	154	37	113	135	14	117	113	18	119	90
64	170	1	2	119	0	1953125	12	0.0	0	0.77	0	0	V0.2	0	0	114	90	64	125	80	81	135	70	100	140	54	117	137	40	131	133	25	148	123	39	156	112	55	168	108	99	173	99	139	196	96	142	214	185	290	313	248	273	311	378	431	453	317	353	459	488	570	839	717	892	757	407	923	886	1000	962	424	342	325	154	379	350	134	220	205	97	224	225	64	193	178	41	183	145	43	166	113	56	155	83	74	146	59	90	131
64	170	1	2	119	0	1953125	12	0.0	0	0.77	0	0	V0.2	0	0	110	49	102	108	48	120	104	56	131	95	68	139	80	85	146	64	101	150	36	119	141	14	131	141	33	161	127	57	191	137	105	188	151	176	316	211	260	298	194	380	443	326	382	353	304	507	535	667	736	767	599	459	812	735	1000	776	481	323	207	169	392	236	205	220	118	118	240	125	126	193	79	121	172	48	122	146	16	123	124	11	124	102	31	123	77
64	170	1	2	119	0	1953125	12	0.0	0	0.77	0	0	V0.2	0	0	112	56	90	114	48	108	113	48	123	107	52	134	96	65	143	81	79	152	59	99	148	41	112	152	42	147	144	52	179	157	89	180	173	167	312	243	245	298	232	367	457	365	364	359	355	504	565	705	715	802	618	456	862	760	1000	809	451	343	250	156	395	272	185	230	145	98	243	154	107	200	108	102	183	75	105	160	43	110	137	14	118	117	12	119	95
64	170	1	2	119	0	1953125	12	0.0	0	0.77	0	0	V0.2	0	0	115	55	91	116	47	110	115	47	125	109	51	137	97	64	146	84	79	154	62	99	151	44	113	154	44	148	147	52	178	159	87	177	175	164	312	239	235	289	231	365	457	363	347	349	348	504	570	704	697	791	606	443	864	768	1000	798	429	332	260	155	397	269	180	223	148	95	241	154	102	197	110	96	180	77	101	156	46	106	138	23	112	118	14	116	96
64	170	1	2	119	0	1953125	12	0.0	0	0.77	0	0	V0.2	0	0	110	52	95	110	48	113	109	52	126	99	60	137	87	75	144	72	91	150	45	111	145	26	126	148	36	157	135	55	191	149	101	192	164	180	328	228	258	303	218	390	469	348	383	374	347	548	572	684	718	765	626	495	867	766	1000	786	460	350	253	185	404	250	204	235	136	128	253	138	131	204	93	124	183	57	125	155	23	127	130	5	129	107	27	128	82
64	170	1	2	119	0	1953125	12	0.0	0	0.77	0	0	V0.2	0	0	114	49	99	113	45	117	109	50	132	102	60	141	87	76	148	72	94	155	45	114	149	27	127	151	39	161	139	58	191	150	102	191	166	179	326	231	260	307	217	387	467	362	385	370	351	541	564	687	717	788	638	488	880	757	1000	797	465	358	256	178	405	249	195	232	139	117	248	139	121	201	97	113	182	63	116	155	31	118	132	7	123	111	22	122	87
64	170	1	2	119	0	1953125	12	0.0	0	0.77	0	0	V0.2	0	0	111	55	95	111	50	113	110	53	126	103	61	137	90	74	144	76	87	151	49	107	144	29	120	146	33	153	136	50	184	146	91	183	168	173	317	221	246	292	200	363	446	341	358	335	330	512	544	682	713	758	576	421	871	771	1000	778	425	319	247	166	408	248	190	222	140	108	246	139	115	198	96	110	179	62	112	154	31	117	134	10	121	111	22	122	87
64	170	1	2	119	0	1953125	12	0.0	0	0.77	0	0	V0.2	0	0	114	56	91	115	49	109	114	49	124	108	53	134	97	65	143	83	79	151	60	98	147	42	110	150	40	146	142	48	177	154	84	177	174	166	311	230	232	283	215	357	443	358	343	332	346	498	555	702	689	771	576	394	866	776	1000	790	407	314	265	156	402	258	170	214	150	93	242	151	96	196	108	95	180	77	99	157	46	106	138	21	111	118	16	117	97
64	170	1	2	119	0	1953125	12	0.0	0	0.77	0	0	V0.2	0	0	111	97	55	123	88	71	136	79	89	143	65	104	143	47	121	141	23	138	135	17	149	127	32	160	126	79	171	117	120	196	110	121	214	202	268	312	250	231	313	400	410	492	314	323	491	521	566	885	695	878	742	321	930	937	1000	968	395	296	342	187	376	355	119	188	206	117	208	229	63	175	189	36	169	155	20	156	125	33	149	101	55	141	75	74	133
64	170	1	2	119	0	1953125	12	0.0	0	0.77	0	0	V0.2	0	0	117	60	91	119	50	111	120	48	126	113	51	137	102	62	146	89	77	156	67	96	152	49	109	155	46	143	148	52	180	164	84	176	183	163	316	237	233	283	238	368	446	365	342	368	376	503	552	702	682	788	606	403	856	769	1000	821	423	321	265	147	406	274	169	220	158	92	243	158	92	198	116	88	183	84	94	159	54	102	141	27	111	123	17	114	101
64	170	1	2	119	0	1953125	12	0.0	0	0.77	0	0	V0.2	0	0	113	64	82	116	54	101	119	49	118	115	46	129	105	52	140	95	63	151	75	85	152	59	100	157	54	138	152	59	175	171	86	180	189	166	320	254	241	288	251	373	457	390	363	395	406	531	590	739	692	799	654	438	885	791	1000	857	438	347	271	146	400	282	163	229	166	96	247	172	95	207	128	91	190	92	96	167	58	103	147	29	113	128	11	120	106
64	170	1	2	119	0	1953125	12	0.0	0	0.77	0	0	V0.2	0	0	115	95	54	127	84	73	138	74	93	145	59	109	143	40	125	140	17	144	135	22	153	126	41	166	124	90	176	115	130	199	112	132	216	200	279	319	262	243	316	403	428	515	347	356	486	530	577	879	677	872	765	345	940	924	1000	977	420	332	326	169	369	346	119	193	203	108	209	230	61	177	183	33	171	152	23	157	120	35	150	96	57	142	69	74	132
64	170	1	2	119	0	1953125	12	0.0	0	0.77	0	0	V0.2	0	0	110	51	97	109	47	115	107	52	127	98	62	137	84	77	144	70	93	150	43	111	143	24	124	143	33	156	132	55	187	144	95	187	164	175	322	213	258	286	202	380	453	357	391	356	321	526	545	682	692	736	589	407	836	758	1000	779	441	322	224	158	395	231	186	211	131	107	241	133	117	194	90	112	174	57	115	151	26	118	128	7	121	107	23	122	84
64	170	1	2	119	0	1953125	12	0.0	0	0.77	0	0	V0.2	0	0	116	66	80	121	56	101	123	48	118	121	43	132	112	46	143	101	58	155	85	79	154	69	93	160	64	133	160	65	169	177	83	170	196	167	315	267	243	283	262	377	458	417	355	370	399	507	558	753	670	805	651	396	901	799	1000	869	415	359	278	130	395	289	152	221	171	81	238	182	76	199	137	72	186	104	81	165	73	90	148	45	101	132	24	110	114
64	170	1	2	119	0	1953125	12	0.0	0	0.77	0	0	V0.2	0	0	110	50	98	111	47	114	107	52	128	99	62	138	86	75	145	70	93	152	45	110	145	25	125	145	35	157	135	58	190	148	99	191	166	178	326	220	266	295	214	398	464	362	390	362	346	541	551	701	700	747	603	435	864	752	1000	789	453	346	230	161	401	239	189	221	134	110	245	137	118	200	94	114	180	59	118	154	27	119	131	6	122	111	23	124	86
64	170	1	2	119	0	1953125	12	0.0	0	0.77	0	0	V0.2	0	0	115	61	86	119	51	107	120	45	123	115	46	134	104	55	145	92	67	155	73	88	153	57	102	157	53	140	152	58	174	169	83	175	185	164	317	250	242	278	242	378	463	399	357	361	373	503	556	726	656	784	608	387	889	778	1000	836	423	344	259	132	399	274	161	213	158	81	239	166	85	197	123	82	183	91	89	160	60	97	144	35	106	124	18	113	106
64	170	1	2	119	0	1953125	12	0.0	0	0.77	0	0	V0.2	0	0	109	52	103	107	53	119	102	61	130	92	73	139	78	90	144	61	105	148	32	122	137	7	134	136	34	163	122	63	196	135	108	193	157	189	334	199	274	290	184	407	460	337	403	353	311	553	530	667	716	708	584	438	812	747	1000	756	470	310	194	172	400	222	210	209	112	128	241	114	136	190	72	130	172	36	130	143	4	130	118	24	131	94	42	127	69
64	170	1	2	119	0	1953125	12	0.0	0	0.77	0	0	V0.2	0	0	85	125	61	97	128	55	111	130	51	126	133	48	137	133	44	145	134	31	158	125	36	160	123	45	178	121	75	190	145	98	214	145	91	301	263	213	381	211	196	534	366	422	496	264	352	681	440	761	823	649	702	466	751	843	1000	775	544	268	155	231	381	203	234	192	88	154	229	108	147	179	69	132	166	43	120	144	24	112	124	7	110	108	8	110	94
64	170	1	2	119	0	1953125	12	0.0	0	0.77	0	0	V0.2	0	0	114	62	81	117	50	102	120	45	117	117	42	130	107	49	142	97	61	153	77	83	153	62	98	159	60	137	155	62	173	174	87	178	189	168	323	263	249	290	250	378	464	416	379	384	394	524	584	762	673	810	665	427	889	779	1000	866	440	361	269	134	395	283	157	222	162	86	241	175	87	200	131	81	187	97	87	164	65	96	146	37	108	128	18	115	108
64	170	1	2	119	0	1953125	12	0.0	0	0.77	0	0	V0.2	0	0	114	87	61	125	75	81	134	65	100	137	50	115	135	35	130	129	21	145	122	36	154	112	53	163	108	99	172	101	139	195	101	143	213	190	294	310	257	258	292	388	431	490	338	341	459	515	559	861	677	868	714	337	942	887	1000	948	410	345	313	144	376	334	122	205	192	90	218	219	55	184	174	36	177	141	38	161	111	51	152	82	69	141	60	86	130
64	170	1	2	119	0	1953125	12	0.0	0	0.77	0	0	V0.2	0	0	111	57	86	115	48	104	115	44	120	110	46	132	100	57	140	87	70	151	67	90	148	52	104	152	49	139	146	56	175	163	87	177	178	165	317	245	246	284	232	385	454	394	366	354	373	523	566	750	670	794	605	384	883	778	1000	833	424	342	260	135	399	267	163	215	153	86	241	162	92	197	119	88	183	86	94	160	55	102	140	28	109	122	13	115	101
64	170	1	2	119	0	1953125	12	0.0	0	0.77	0	0	V0.2	0	0	113	54	89	115	47	109	116	44	123	108	48	134	96	61	144	84	77	153	62	96	150	46	109	152	46	144	144	56	180	162	90	181	177	166	319	238	250	294	227	385	456	394	377	349	361	522	550	723	658	784	606	400	863	753	999	822	430	342	252	136	399	259	168	215	150	86	238	153	94	195	112	92	182	80	96	158	50	101	138	25	109	119	13	115	97
64	170	1	2	119	0	1953125	12	0.0	0	0.77	0	0	V0.2	0	0	110	54	92	111	48	110	109	50	125	103	56	135	90	69	143	76	85	151	51	105	146	34	120	149	38	153	139	56	188	157	99	193	173	175	331	233	266	306	216	398	468	375	400	370	351	545	547	715	693	775	621	455	864	742	1000	808	463	360	236	155	400	250	189	228	138	108	247	144	118	202	99	113	184	64	116	157	30	121	133	5	126	114	20	125	88
64	170	1	2	119	0	1953125	12	0.0	0	0.77	0	0	V0.2	0	0	117	79	65	124	66	85	132	53	106	134	40	121	129	29	135	123	28	152	112	52	159	100	71	169	98	113	172	92	153	195	101	162	209	181	306	308	263	287	286	392	458	488	379	371	444	532	591	856	672	875	738	422	951	849	1000	931	435	385	310	132	380	324	136	218	189	84	225	211	65	192	164	48	184	133	52	165	100	63	153	70	81	140	48	93	126
64	170	1	2	119	0	1953125	12	0.0	0	0.77	0	0	V0.2	0	0	100	52	118	93	63	130	81	81	137	68	100	141	53	118	140	35	135	137	22	149	118	36	158	115	71	180	93	99	208	104	150	208	118	225	336	182	332	301	140	453	457	360	481	326	287	618	510	714	760	696	617	479	802	776	1000	740	525	321	168	215	373	190	240	199	72	162	228	92	167	172	50	155	149	30	146	117	36	141	90	55	132	63	68	122	37
64	170	1	2	119	0	1953125	12	0.0	0	0.77	0	0	V0.2	0	0	110	44	103	107	46	119	102	56	133	91	69	141	76	86	147	60	104	150	30	123	142	13	137	142	41	166	129	66	197	141	113	202	155	186	338	222	288	313	182	404	472	368	429	348	316	572	557	714	699	742	609	473	858	753	1000	777	476	364	217	166	387	227	203	219	118	118	242	125	130	193	81	123	174	47	123	147	15	124	123	10	128	99	32	124	76
64	170	1	2	119	0	1953125	12	0.0	0	0.77	0	0	V0.2	0	0	112	56	87	115	46	106	116	44	121	109	46	134	99	57	143	87	71	153	67	93	151	50	107	155	51	144	149	56	178	166	93	187	178	167	327	260	263	303	228	384	470	407	391	362	366	539	576	758	668	808	640	440	896	768	1000	849	452	378	259	131	391	269	169	226	152	88	244	165	98	202	118	93	186	86	99	164	52	105	143	25	112	122	10	117	102
64	170	1	2	119	0	1953125	12	0.0	0	0.77	0	0	V0.2	0	0	115	52	91	117	44	110	115	42	125	108	47	137	96	62	146	82	79	157	63	101	153	47	115	157	52	149	150	59	184	167	99	194	177	170	332	260	274	316	229	391	469	403	407	365	365	547	572	753	677	809	661	473	897	762	999	840	460	392	254	133	387	266	174	231	149	90	243	161	101	201	115	97	185	82	100	162	51	106	141	22	115	121	11	118	100
64	170	1	2	119	0	1953125	12	0.0	0	0.76	0	0	V0.2	0	0	19	59	48	22	58	50	27	59	50	40	63	49	50	68	51	64	78	62	86	84	66	104	93	74	133	116	81	145	151	93	179	161	94	247	310	215	350	286	195	471	447	445	471	318	375	610	556	867	736	831	752	451	924	894	1000	918	486	333	282	175	308	285	163	136	136	158	162	172	139	122	123	123	116	95	106	102	74	92	90	58	82	83	50	75	74
64	170	1	2	119	0	1953125	12	0.0	0	0.77	0	0	V0.2	0	0	115	54	88	116	45	108	116	43	123	109	46	135	99	58	145	86	73	154	66	95	151	50	108	155	51	144	148	55	175	165	90	185	178	165	321	260	264	298	217	373	457	402	391	350	348	516	554	747	664	791	610	432	905	776	1000	820	431	359	249	127	379	265	165	217	147	78	237	163	93	196	115	88	179	84	94	159	52	100	139	27	108	120	14	114	101
64	170	1	2	119	0	1953125	12	0.0	0	0.77	0	0	V0.2	0	0	106	103	44	122	95	59	137	86	77	146	73	93	150	54	110	151	32	129	152	5	145	144	27	161	150	71	175	138	111	202	142	126	214	227	279	349	310	254	321	450	429	569	399	330	498	583	576	966	694	891	829	404	981	962	986	1000	446	347	349	175	334	364	140	184	206	134	190	247	87	163	198	52	158	170	25	148	140	15	143	114	36	140	90	57	135
64	170	1	2	119	0	1953125	12	0.0	0	0.77	0	0	V0.2	0	0	115	84	61	124	71	82	133	59	102	137	45	117	134	29	132	128	21	149	118	43	157	108	59	168	108	105	172	96	140	195	104	153	206	186	302	325	274	282	289	405	455	506	366	346	438	536	589	872	642	867	720	391	969	869	1000	928	411	356	323	134	366	333	127	207	192	94	221	220	60	187	172	40	177	140	41	161	108	54	151	80	73	139	55	88	128
64	170	1	2	119	0	1953125	12	0.0	0	0.77	0	0	V0.2	0	0	104	110	42	120	105	53	136	98	71	149	85	85	154	67	101	158	47	122	158	20	139	155	25	154	160	61	173	152	101	199	154	114	210	241	264	356	330	239	323	466	415	594	405	304	516	613	571	1000	703	907	838	370	981	982	990	997	440	314	354	203	330	369	146	169	207	151	179	252	98	151	203	66	147	174	34	138	147	9	136	122	22	135	98	44	133
64	170	2	2	119	0	1953125	12	0.0	0	0.77	0	0	V0.2	0	0	119	94	59	131	83	79	140	72	99	145	55	115	144	36	132	141	17	148	133	30	159	124	47	170	122	93	178	111	132	203	111	144	214	194	293	339	281	271	308	424	453	528	365	342	470	547	584	909	654	899	748	384	959	883	1000	956	407	336	325	151	366	357	129	204	201	103	215	233	57	181	183	32	175	153	27	162	122	42	153	93	65	144	70	81	133
64	170	2	2	119	0	1953125	12	0.0	0	0.77	0	0	V0.2	0	0	115	85	62	125	73	84	133	63	102	136	48	117	133	34	133	129	24	149	117	45	158	107	63	169	106	107	174	96	146	200	103	159	216	185	311	333	280	298	299	410	468	491	370	363	467	547	588	882	686	893	754	455	972	847	999	931	423	362	316	140	374	347	143	228	201	94	233	228	68	199	174	49	187	141	53	171	106	64	159	78	85	145	50	97	132
64	170	2	2	119	0	1953125	12	0.0	0	0.76	0	0	V0.2	0	0	48	30	49	51	37	48	55	44	47	59	55	49	61	66	56	66	79	72	76	91	83	80	94	100	97	114	119	100	124	143	132	111	138	217	235	276	341	203	236	503	380	488	475	247	410	669	478	894	793	755	777	517	849	866	1000	843	538	307	199	172	327	245	177	170	122	111	183	174	95	132	138	83	114	119	76	88	98	72	71	80	63	62	66	57	56
64	170	2	2	119	0	1953125	12	0.0	0	0.77	0	0	V0.2	0	0	110	42	110	105	47	126	99	60	138	87	77	145	70	97	148	51	114	152	20	134	141	11	146	141	48	176	126	75	202	139	124	212	147	195	346	233	321	333	180	425	500	400	491	373	317	601	577	746	728	774	635	549	878	745	1000	752	499	378	220	191	373	223	220	231	104	130	242	125	145	195	73	135	173	40	135	144	10	131	117	22	131	94	42	127	69
64	170	2	2	119	0	1953125	12	0.0	0	0.77	0	0	V0.2	0	0	110	42	110	105	47	126	99	60	138	87	77	145	70	97	148	51	114	152	20	134	141	11	146	141	48	176	126	75	202	139	124	212	147	195	346	233	321	333	180	425	500	400	491	373	317	601	577	746	728	774	635	549	878	745	1000	752	499	378	220	191	373	223	220	231	104	130	242	125	145	195	73	135	173	40	135	144	10	131	117	22	131	94	42	127	69
64	170	2	2	119	0	1953125	12	0.0	0	0.77	0	0	V0.2	0	0	66	126	69	84	130	57	104	133	47	127	135	43	140	131	39	152	125	42	168	108	67	174	101	84	192	94	119	194	110	145	213	110	152	294	234	309	413	198	285	541	356	588	516	218	462	683	468	1000	766	784	850	430	838	985	912	893	533	239	307	269	256	306	240	107	155	208	123	210	178	79	171	146	62	157	118	51	146	94	56	136	66	67	123	44	81
64	170	2	2	119	0	1953125	12	0.0	0	0.77	0	0	V0.2	0	0	89	123	49	108	122	44	127	120	50	144	113	61	155	101	73	163	86	90	171	63	112	173	56	127	183	57	156	175	85	180	189	92	188	264	226	340	370	204	307	494	367	613	456	259	487	610	498	1000	712	844	812	358	880	973	905	933	463	267	345	231	264	342	193	130	186	180	128	239	136	103	194	104	100	174	74	97	154	49	101	135	21	106	115	3	113
64	170	2	2	119	0	1953125	12	0.0	0	0.77	0	0	V0.2	0	0	109	103	48	124	95	65	137	86	82	146	71	99	149	51	115	149	29	135	148	3	150	141	27	164	144	76	179	131	116	207	140	137	219	211	274	358	322	271	318	442	447	582	416	354	495	562	588	989	701	911	784	402	1000	940	973	974	439	361	364	166	331	366	148	208	215	123	198	254	84	177	201	48	171	172	24	158	139	24	153	110	46	147	85	68	140
64	170	2	2	119	0	1953125	12	0.0	0	0.76	0	0	V0.2	0	0	16	64	60	21	64	60	30	63	57	44	68	55	57	75	55	70	86	63	94	98	64	108	107	67	132	136	78	137	166	92	167	175	109	214	320	248	339	291	212	458	478	523	493	335	412	617	587	971	747	866	772	432	935	939	1000	935	505	296	271	194	280	271	203	128	102	159	170	154	143	137	107	114	130	90	95	114	73	79	99	62	65	88	55	57	80
64	170	2	2	119	0	1953125	12	0.0	0	0.76	0	0	V0.2	0	0	15	61	57	20	61	57	28	62	57	39	67	56	52	72	56	66	81	61	91	94	61	105	104	62	125	133	75	131	162	91	157	174	113	210	317	244	336	282	187	429	477	519	490	322	379	594	562	944	737	829	708	382	920	946	1000	912	476	269	254	192	273	264	195	116	93	155	168	149	140	131	102	110	126	86	91	109	68	76	94	58	66	86	50	59	77
64	170	2	2	119	0	1953125	12	0.0	0	0.76	0	0	V0.2	0	0	15	61	57	20	61	57	28	62	57	39	67	56	52	72	56	66	81	61	91	94	61	105	104	62	125	133	75	131	162	91	157	174	113	210	317	244	336	282	187	429	477	519	490	322	379	594	562	944	737	829	708	382	920	946	1000	912	476	269	254	192	273	264	195	116	93	155	168	149	140	131	102	110	126	86	91	109	68	76	94	58	66	86	50	59	77
64	170	2	2	119	0	1953125	12	0.0	0	0.77	0	0	V0.2	0	0	77	122	57	96	124	48	115	124	47	133	122	49	146	113	56	155	103	68	168	82	90	170	74	105	184	70	138	182	90	161	198	95	171	275	223	324	388	182	286	502	365	612	491	258	463	627	457	1000	731	773	757	330	826	978	896	922	486	231	297	237	242	322	211	110	164	185	113	224	156	85	181	121	77	164	94	73	149	68	81	135	44	90	119	18	100
64	170	2	2	119	0	1953125	12	0.0	0	0.77	0	0	V0.2	0	0	110	110	45	125	101	61	141	93	78	151	79	96	154	60	113	155	37	131	156	8	147	149	19	158	154	67	182	143	107	207	152	124	216	221	265	362	332	246	312	441	440	612	442	362	483	558	551	999	689	869	748	342	935	938	955	989	440	338	325	160	303	364	148	189	197	127	172	253	89	158	198	51	151	172	22	143	142	6	140	119	33	138	92	53	135
64	170	2	2	119	0	1953125	12	0.0	0	0.77	0	0	V0.2	0	0	86	114	46	104	113	44	122	110	51	138	104	62	147	90	76	153	75	92	161	53	112	160	44	126	170	54	155	166	85	182	181	99	190	248	230	341	364	208	310	472	386	613	470	307	477	593	501	1000	694	800	772	351	861	931	877	941	468	291	312	198	252	337	182	145	188	159	131	241	130	119	194	91	112	173	62	109	150	35	113	132	10	116	111	15	120
64	170	2	2	119	0	1953125	12	0.0	0	0.77	0	0	V0.2	0	0	94	114	41	113	109	45	130	104	58	143	95	73	151	79	87	155	63	105	161	39	125	157	32	136	166	53	164	158	87	187	170	99	192	235	231	346	352	211	301	458	396	624	465	318	452	568	511	1000	674	824	732	302	858	930	897	957	449	295	312	184	263	340	163	152	182	144	134	240	113	124	190	76	118	169	48	115	145	22	118	127	2	118	103	24	121
64	170	2	2	119	0	1953125	12	0.0	0	0.77	0	0	V0.2	0	0	82	124	58	101	126	50	121	126	51	139	123	54	151	112	62	160	103	75	172	80	98	173	70	111	186	64	145	183	87	169	202	90	173	272	222	341	397	183	301	511	379	638	507	278	453	607	442	1000	721	779	761	316	801	955	880	944	495	243	289	226	235	333	212	118	169	180	109	232	153	88	186	115	80	168	90	79	153	63	89	138	36	96	120	13	107
64	170	2	2	119	0	1953125	12	0.0	0	0.77	0	0	V0.2	0	0	95	119	45	114	115	47	132	110	59	146	102	71	155	86	87	160	70	105	168	45	123	164	36	138	172	52	167	167	88	194	181	100	201	246	235	354	363	215	316	467	403	628	478	325	474	578	493	1000	702	814	770	344	862	937	892	964	466	299	316	189	250	349	184	157	191	154	132	248	124	123	196	84	118	175	57	114	152	32	117	131	2	121	111	19	123
64	170	2	2	119	0	1953125	12	0.0	0	0.77	0	0	V0.2	0	0	121	70	82	126	57	102	129	48	122	128	40	135	119	46	148	109	55	161	92	79	163	76	96	170	74	137	174	68	169	194	98	191	205	162	330	323	301	335	262	376	515	530	496	430	371	515	615	868	689	849	636	442	909	786	1000	891	443	397	271	100	358	308	157	244	163	60	232	203	84	209	146	71	191	113	80	171	77	89	152	50	104	138	28	112	121
64	170	2	2	119	0	1953125	12	0.0	0	0.77	0	0	V0.2	0	0	101	112	40	117	105	50	134	98	65	146	89	79	153	71	97	155	53	115	160	28	134	154	24	146	162	59	173	152	93	193	165	112	202	230	246	358	355	242	313	439	413	631	493	370	449	544	516	1000	688	857	739	312	855	925	914	976	448	313	312	168	266	345	168	171	188	136	142	243	107	136	193	66	129	169	38	124	143	13	124	121	11	124	99	32	125
64	170	2	2	119	0	1953125	12	0.0	0	0.77	0	0	V0.2	0	0	94	114	44	112	109	47	128	104	60	143	96	72	149	80	87	155	63	105	160	38	125	157	31	137	166	53	167	158	86	190	174	106	199	235	237	355	365	236	314	447	402	631	497	357	463	555	503	1000	702	852	748	311	836	921	891	965	454	307	324	179	256	343	177	164	193	143	137	246	118	132	197	76	125	174	48	121	150	20	123	127	4	125	105	28	127
64	170	2	2	119	0	1953125	12	0.0	0	0.77	0	0	V0.2	0	0	104	111	41	121	104	53	138	96	69	149	85	86	154	66	103	156	45	122	158	19	139	153	22	153	159	62	178	148	99	203	165	119	206	222	254	365	358	261	318	435	424	643	504	383	464	541	527	1000	691	889	752	330	848	898	907	986	461	343	332	158	271	351	165	184	196	128	150	248	101	146	196	60	140	171	30	133	146	6	132	120	20	131	97	41	130
64	170	2	2	119	0	1953125	12	0.0	0	0.77	0	0	V0.2	0	0	87	119	48	107	118	44	126	115	51	142	108	62	152	95	74	158	81	91	168	59	113	167	49	127	178	55	158	171	84	185	192	99	186	250	232	351	388	218	316	477	387	627	518	338	474	569	462	1000	718	823	790	363	808	906	850	958	504	308	320	188	230	338	207	148	188	161	118	240	139	110	194	98	104	174	70	101	153	44	106	136	13	112	114	7	118
64	170	2	2	119	0	1953125	12	0.0	0	0.76	0	0	V0.2	0	0	22	67	57	25	68	60	34	67	57	46	71	56	60	77	59	73	86	66	97	98	73	114	105	72	137	135	88	149	163	98	184	183	102	216	332	266	385	325	215	453	512	544	584	423	409	598	565	969	796	905	785	470	906	903	1000	993	552	354	269	157	257	280	217	146	114	151	157	166	152	135	113	120	127	92	103	113	72	85	99	62	74	89	54	64	80
64	170	2	2	119	0	1953125	12	0.0	0	0.77	0	0	V0.2	0	0	90	116	42	108	113	40	127	110	51	141	104	62	152	89	77	158	75	94	166	54	116	165	46	132	176	59	165	168	87	187	188	107	194	246	232	355	388	242	323	458	396	634	541	374	486	563	491	1000	737	860	817	393	822	913	891	983	510	316	312	184	231	334	207	157	191	152	120	240	138	118	196	93	110	172	66	105	151	40	111	131	13	114	111	12	119
64	170	2	2	119	0	1953125	12	0.0	0	0.77	0	0	V0.2	0	0	99	117	39	117	112	45	135	105	61	149	96	75	156	78	92	161	61	111	165	36	133	163	32	146	171	58	175	161	89	195	178	114	203	235	237	366	380	257	322	443	413	650	544	414	479	535	512	1000	724	899	791	361	830	918	908	997	492	327	329	176	248	344	190	170	197	140	130	245	121	130	198	77	124	173	49	120	150	23	121	128	4	123	104	26	125
64	170	2	2	119	0	1953125	12	0.0	0	0.76	0	0	V0.2	0	0	14	60	55	20	60	57	27	60	57	41	66	55	54	74	57	67	83	64	91	95	70	109	103	73	135	134	89	148	162	99	185	190	107	227	339	273	403	348	211	441	522	558	626	438	383	585	580	953	808	916	769	462	877	899	1000	981	534	351	290	166	261	296	224	159	133	153	160	180	163	137	124	128	128	99	113	114	78	96	100	64	82	92	54	76	84
64	170	2	2	119	0	1953125	12	0.0	0	0.76	0	0	V0.2	0	0	14	58	53	19	59	55	26	59	54	39	64	52	53	70	53	66	80	60	88	91	67	106	100	70	129	131	86	142	157	92	176	181	98	213	323	263	388	335	202	430	511	554	618	429	375	560	570	966	810	922	741	427	848	895	999	984	530	329	263	166	258	283	219	148	119	147	156	175	159	133	119	124	127	95	109	112	77	93	101	63	81	91	55	72	83
64	170	2	2	119	0	1953125	12	0.0	0	0.76	0	0	V0.2	0	0	14	58	53	19	59	55	26	59	54	39	64	52	53	70	53	66	80	60	88	91	67	106	100	70	129	131	86	142	157	92	176	181	98	213	323	263	388	335	202	430	511	554	618	429	375	560	570	966	810	922	741	427	848	895	999	984	530	329	263	166	258	283	219	148	119	147	156	175	159	133	119	124	127	95	109	112	77	93	101	63	81	91	55	72	83
64	170	2	2	119	0	1953125	12	0.0	0	0.77	0	0	V0.2	0	0	91	118	46	110	117	44	128	111	52	141	106	63	151	90	78	159	76	96	168	54	118	165	46	128	173	56	160	163	79	179	182	95	180	236	216	351	384	219	294	457	388	628	527	366	451	526	460	1000	737	869	759	323	770	900	873	970	487	285	286	186	224	339	213	149	177	151	112	235	130	109	188	90	103	168	64	98	148	39	103	128	13	110	109	11	115
64	170	2	2	119	0	1953125	12	0.0	0	0.77	0	0	V0.2	0	0	84	121	49	102	120	43	120	119	46	139	115	54	149	104	65	158	92	80	169	71	104	170	62	120	181	63	153	174	83	173	196	95	174	249	221	341	400	220	306	482	384	624	558	349	474	561	456	1000	752	836	808	374	754	903	864	972	519	281	293	202	218	333	231	142	185	164	106	235	150	99	190	109	91	170	81	88	153	56	95	137	31	103	118	5	111
64	170	2	2	119	0	1953125	12	0.0	0	0.76	0	0	V0.2	0	0	18	62	64	23	61	64	35	62	62	46	67	60	61	77	60	73	89	66	94	105	71	108	113	74	126	145	91	134	169	107	164	186	117	186	318	289	365	330	236	432	503	572	601	438	428	571	550	984	819	924	834	480	836	903	979	1000	587	333	257	178	243	262	239	154	102	139	166	158	150	144	110	111	137	94	95	118	78	75	102	69	63	90	62	58	81
64	170	2	2	119	0	1953125	12	0.0	0	0.76	0	0	V0.2	0	0	21	60	50	23	62	52	30	61	53	41	66	53	54	71	57	67	80	67	89	90	74	108	98	79	134	126	96	149	152	98	188	178	95	227	326	263	402	341	204	450	524	540	648	458	377	575	585	938	822	925	790	515	852	856	1000	998	561	367	277	162	260	290	216	166	144	142	148	186	159	131	131	129	123	102	114	109	79	98	96	67	87	88	55	78	81
64	170	2	2	119	0	1953125	12	0.0	0	0.77	0	0	V0.2	0	0	93	121	44	112	119	42	131	116	52	146	109	63	156	94	78	162	78	97	172	56	120	170	47	134	179	59	168	170	85	185	187	101	191	243	225	365	402	242	309	459	404	652	571	411	479	523	466	1000	764	904	829	385	767	890	868	998	532	308	310	192	219	340	227	160	195	151	109	240	140	111	194	95	104	173	68	101	153	42	106	133	17	112	113	7	117
64	170	2	2	119	0	1953125	12	0.0	0	0.77	0	0	V0.2	0	0	83	122	53	102	123	45	121	121	47	138	118	54	150	107	64	159	94	78	170	73	103	173	65	117	183	65	153	176	81	171	197	94	177	250	215	345	410	223	300	461	375	610	564	355	460	544	440	1000	784	846	838	401	737	891	848	976	543	285	292	201	202	326	242	144	189	163	98	232	157	95	190	112	85	171	87	83	154	61	92	136	35	100	120	9	109
64	170	2	2	119	0	1953125	12	0.0	0	0.77	0	0	V0.2	0	0	111	99	46	125	89	65	137	78	85	146	63	103	146	42	118	145	19	137	143	12	154	134	34	163	136	82	184	122	115	201	138	143	205	184	256	367	342	300	308	387	455	612	518	464	446	465	546	948	718	940	773	435	818	812	897	1000	496	385	298	118	271	343	166	221	197	88	165	242	82	170	188	38	158	158	20	150	130	23	143	104	47	138	79	64	131
