34928	35048	35167	35286	35405	35524	35644	35763	35882	36001	36120	36240	36359	36478	36597	36716	36836	36955	37074	37193	37313	37432	37551	37670	37789	37909	38028	38147	38266	38385	38505	38624	38743	38862	38981	39101	39220	39339	39458	39577	39697	39816	39935	40054	40174	40293	40412	40531	40650	40770	40889	41008	41127	41246	41366	41485	41604	41723	41842	41962	42081	42200	42319	42439	42558	42677	42796	42915	43035	43154	43273	43392	43511	43631	43750	43869	43988	44107	44227	44346	44465	44584	44703	44823	44942
64	170	1	2	119	0	1953125	12	0.0	0	0.88	0	0	V0.2	0	0	170	108	184	109	180	139	164	179	131	204	110	208	133	189	178	138	211	82	228	99	201	171	126	232	27	259	91	223	199	169	269	100	370	158	375	254	264	286	41	402	398	492	626	549	999	640	940	451	609	460	463	590	405	745	483	694	497	435	552	291	377	150	252	229	75	236	93	211	185	131	213	22	202	52	179	112	136	150	79	171	43	174	83	135	128
64	170	1	2	119	0	1953125	12	0.0	0	0.89	0	0	V0.2	0	0	23	65	56	37	75	17	72	43	53	58	39	65	43	66	54	74	58	85	76	91	112	81	150	105	163	168	150	224	145	236	216	236	357	237	391	296	295	268	161	399	525	538	683	699	1000	885	918	705	563	579	579	556	668	644	710	682	593	580	489	540	281	323	278	186	232	121	164	183	111	166	103	103	105	64	109	61	90	81	68	88	58	85	73	55	71
64	170	1	2	119	0	1953125	12	0.0	0	0.88	0	0	V0.2	0	0	113	182	147	153	191	120	218	112	213	151	183	204	130	239	97	235	142	189	212	105	256	38	252	148	193	243	106	292	80	299	186	263	358	209	451	203	414	178	175	443	335	684	534	758	1000	807	997	531	789	453	702	612	528	815	473	866	486	627	543	446	439	166	369	208	200	270	72	288	149	214	210	92	231	11	217	89	167	142	117	184	52	193	66	160	126
64	170	1	2	119	0	1953125	12	0.0	0	0.88	0	0	V0.2	0	0	113	182	147	153	191	120	218	112	213	151	183	204	130	239	97	235	142	189	212	105	256	38	252	148	193	243	106	292	80	299	186	263	358	209	451	203	414	178	175	443	335	684	534	758	1000	807	997	531	789	453	702	612	528	815	473	866	486	627	543	446	439	166	369	208	200	270	72	288	149	214	210	92	231	11	217	89	167	142	117	184	52	193	66	160	126
64	170	1	2	119	0	1953125	12	0.0	0	0.88	0	0	V0.2	0	0	166	108	182	104	179	136	159	179	125	204	108	205	135	180	184	123	216	74	222	116	184	192	95	247	17	252	131	204	236	135	298	117	359	213	341	344	220	310	89	336	494	441	704	557	1000	719	864	546	513	649	441	666	497	696	623	616	680	420	628	360	377	325	175	329	112	228	221	120	272	43	239	119	160	169	95	193	39	192	68	161	127	112	169	43	170
64	170	1	2	119	0	1953125	12	0.0	0	0.88	0	0	V0.2	0	0	184	106	195	120	179	162	149	203	116	220	121	205	166	164	216	105	235	93	217	163	158	233	48	266	78	243	192	174	282	99	319	168	352	298	317	421	191	359	169	318	574	421	754	630	1000	834	822	646	439	728	518	702	660	732	791	625	741	460	642	444	331	403	152	355	191	203	288	77	300	101	231	186	123	219	41	218	55	193	125	139	169	68	196	47	172
64	170	1	2	119	0	1953125	12	0.0	0	0.88	0	0	V0.2	0	0	194	108	208	125	191	169	157	214	121	235	122	220	172	173	232	107	250	95	231	173	163	247	46	281	86	255	210	179	299	100	333	174	355	311	321	444	198	377	185	327	589	400	751	626	1000	872	858	699	458	755	570	745	685	729	832	633	739	471	649	458	318	405	143	356	209	197	302	63	302	115	225	205	109	231	25	223	75	189	144	128	186	58	202	68	169
64	170	1	2	119	0	1953125	12	0.0	0	0.88	0	0	V0.2	0	0	130	158	163	125	194	110	205	131	187	172	150	212	111	229	115	205	169	148	224	67	246	80	218	182	146	262	61	288	116	275	218	210	376	166	451	228	400	255	149	456	310	607	561	671	1000	721	971	482	733	535	704	685	492	848	563	864	515	574	586	381	445	178	347	264	173	292	87	271	177	181	229	56	227	38	205	113	151	161	88	187	36	187	86	144	141
64	170	1	2	119	0	1953125	12	0.0	0	0.88	0	0	V0.2	0	0	179	124	159	165	122	197	98	203	127	185	177	136	215	93	224	118	192	185	119	234	36	241	112	199	214	113	278	63	285	153	247	302	206	391	206	441	263	282	304	182	566	432	578	797	772	999	673	810	480	635	704	470	744	522	801	627	571	609	428	570	179	372	268	212	316	54	289	179	193	245	68	244	56	205	131	141	170	82	194	47	184	98	139	150	74
64	170	1	2	119	0	1953125	12	0.0	0	0.88	0	0	V0.2	0	0	113	188	143	163	188	131	220	114	219	143	197	197	148	239	98	242	128	209	198	134	253	31	268	117	230	236	151	303	83	323	158	314	356	256	455	240	488	196	265	469	322	705	507	875	1000	899	968	530	761	452	844	628	639	855	599	933	464	719	531	517	448	196	426	203	284	288	133	327	110	270	186	155	232	51	238	49	203	112	157	172	87	206	36	188	98
64	170	1	2	119	0	1953125	12	0.0	0	0.88	0	0	V0.2	0	0	142	165	109	189	97	191	125	172	172	133	210	97	217	115	195	171	135	220	58	236	83	208	177	130	248	48	278	114	248	209	188	333	174	380	217	408	321	230	337	204	522	476	531	807	738	1000	652	748	459	551	712	465	741	525	782	630	557	588	410	550	160	360	262	208	311	57	298	165	204	231	87	243	35	211	108	155	153	100	188	49	183	74	154	130	97
64	170	1	2	119	0	1953125	12	0.0	0	0.88	0	0	V0.2	0	0	158	166	130	194	112	201	129	190	171	157	208	119	225	117	214	165	162	215	89	243	66	228	156	164	238	69	286	75	273	171	218	321	184	390	185	437	251	259	313	186	559	424	593	792	792	1000	643	751	403	608	671	509	718	465	775	582	594	564	453	548	161	389	222	254	304	72	315	125	244	208	135	245	19	230	76	186	132	141	182	78	195	51	182	108	136
64	170	1	2	119	0	1953125	12	0.0	0	0.88	0	0	V0.2	0	0	165	173	140	203	117	211	135	201	183	164	219	125	236	124	223	174	170	226	94	252	75	230	168	162	246	60	291	79	272	181	205	326	173	389	171	424	233	231	297	181	559	445	576	824	782	1000	615	736	387	569	618	398	659	429	754	576	557	571	422	536	122	365	208	213	292	27	296	146	218	222	107	250	37	225	101	175	147	130	190	81	193	73	176	126	123
64	170	1	2	119	0	1953125	12	0.0	0	0.89	0	0	V0.2	0	0	66	25	78	15	72	47	50	69	25	68	33	62	46	60	57	63	64	70	91	65	119	77	137	132	133	203	126	231	181	214	255	216	382	249	365	345	272	287	202	420	566	516	708	761	1000	930	828	657	499	583	636	534	627	594	733	716	569	653	521	565	296	308	304	183	257	160	180	207	119	175	116	106	112	60	108	58	81	77	59	84	54	82	70	55	72
64	170	1	2	119	0	1953125	12	0.0	0	0.89	0	0	V0.2	0	0	25	82	17	75	57	47	72	29	68	35	64	54	57	59	68	64	68	90	66	116	72	133	118	123	180	123	222	163	207	229	164	324	284	326	344	301	354	154	209	455	458	640	618	819	1000	844	863	487	572	497	614	570	493	679	627	714	572	538	615	441	331	301	196	261	189	151	229	116	196	138	117	148	46	120	59	89	71	60	88	38	80	59	62	67	45
64	170	1	2	119	0	1953125	12	0.0	0	0.88	0	0	V0.2	0	0	59	44	83	12	81	37	63	68	40	74	38	72	48	71	62	73	67	82	94	79	127	81	152	128	150	205	139	245	175	233	248	233	402	258	402	355	322	299	158	415	547	523	709	745	1000	902	803	626	475	576	623	563	666	625	753	693	541	610	501	550	282	306	289	172	259	153	186	204	118	177	108	109	111	61	109	56	79	72	56	82	52	79	67	49	70
64	170	1	2	119	0	1953125	12	0.0	0	0.89	0	0	V0.2	0	0	59	44	83	12	81	37	63	68	40	74	38	72	48	71	62	73	67	82	94	79	127	81	152	128	150	205	139	245	175	233	248	233	402	258	402	355	322	299	158	415	547	523	709	745	1000	902	803	626	475	576	623	563	666	625	753	693	541	610	501	550	282	306	289	172	259	153	186	204	118	177	108	109	111	61	109	56	79	72	56	82	52	79	67	49	70
64	170	1	2	119	0	1953125	12	0.0	0	0.88	0	0	V0.2	0	0	159	176	130	207	119	212	146	186	192	149	232	122	235	142	201	202	137	247	78	248	129	190	217	92	277	51	279	174	209	261	126	371	196	380	289	369	392	123	323	324	485	615	431	888	740	1000	709	657	579	344	771	385	704	620	660	758	329	664	349	558	286	241	350	59	303	187	191	283	41	276	96	202	180	115	213	57	204	75	181	135	132	180	65	188	75
64	170	1	2	119	0	1953125	12	0.0	0	0.89	0	0	V0.2	0	0	81	4	79	45	54	69	28	76	23	66	46	55	54	56	66	57	79	57	105	63	121	106	111	169	100	217	148	209	236	159	285	231	373	326	331	414	264	278	237	331	579	511	641	826	945	1000	796	676	512	453	647	465	663	675	699	762	440	610	500	524	351	238	296	179	188	187	126	182	142	120	143	64	107	68	85	88	54	104	53	84	73	65	83	44	71
64	170	1	2	119	0	1953125	12	0.0	0	0.89	0	0	V0.2	0	0	51	43	72	13	77	34	62	60	37	66	36	67	45	66	59	72	63	81	89	84	123	83	150	122	159	197	147	244	168	238	242	249	405	267	417	344	334	299	180	451	545	541	688	723	999	885	849	661	531	602	635	625	680	641	739	660	545	576	533	568	298	339	272	203	257	133	205	182	120	175	94	123	92	76	109	55	95	72	78	82	60	90	66	63	72
64	170	1	2	119	0	1953125	12	0.0	0	0.88	0	0	V0.2	0	0	174	161	144	200	112	214	117	206	164	176	210	125	235	103	234	154	186	216	102	256	45	250	144	192	241	101	299	72	298	170	244	335	236	424	209	460	264	283	348	246	652	463	634	785	800	1000	642	761	393	599	640	549	780	526	800	514	561	518	486	554	190	401	189	270	290	86	321	109	256	199	149	245	31	232	67	193	126	150	177	89	197	50	189	105	142
64	170	1	2	119	0	1953125	12	0.0	0	0.88	0	0	V0.2	0	0	174	161	144	200	112	214	117	206	164	176	210	125	235	103	234	154	186	216	102	256	45	250	144	192	241	101	299	72	298	170	244	335	236	424	209	460	264	283	348	246	652	463	634	785	800	1000	642	761	393	599	640	549	780	526	800	514	561	518	486	554	190	401	189	270	290	86	321	109	256	199	149	245	31	232	67	193	126	150	177	89	197	50	189	105	142
64	170	1	2	119	0	1953125	12	0.0	0	0.88	0	0	V0.2	0	0	114	198	112	197	148	173	190	135	217	117	226	145	201	191	145	233	93	246	116	212	188	128	251	14	275	123	247	231	160	295	96	371	250	370	351	335	440	117	356	372	484	669	445	896	784	1000	760	661	643	394	843	474	826	675	747	782	406	672	363	599	288	307	371	114	347	145	256	268	109	288	37	241	134	173	192	95	205	48	210	83	178	149	111	183	47
64	170	1	2	119	0	1953125	12	0.0	0	0.88	0	0	V0.2	0	0	160	167	138	202	117	209	129	195	175	168	217	122	232	115	221	167	173	224	92	249	63	234	158	171	245	75	294	80	283	178	224	332	211	408	200	461	283	270	334	212	627	453	600	780	771	1000	634	764	404	567	683	514	816	550	855	547	551	504	449	563	183	407	197	259	296	79	321	112	250	202	139	243	32	233	70	198	132	149	181	83	201	53	191	107	141
64	170	1	2	119	0	1953125	12	0.0	0	0.89	0	0	V0.2	0	0	10	79	46	58	74	28	80	38	66	55	57	66	54	72	66	74	66	97	74	115	99	114	146	111	192	151	202	219	176	257	180	309	357	295	407	297	398	224	191	477	473	619	624	727	1000	840	898	588	586	579	617	670	638	725	713	673	551	492	582	528	343	377	228	276	237	142	249	143	178	166	101	155	65	115	86	71	91	56	91	58	77	82	59	70	56
64	170	1	2	119	0	1953125	12	0.0	0	0.89	0	0	V0.2	0	0	57	55	83	24	89	37	72	70	47	78	45	77	53	79	68	83	73	95	100	94	137	95	166	134	174	215	155	271	183	255	260	247	423	265	421	363	364	319	195	469	610	566	713	712	1000	906	882	722	591	646	681	650	769	675	789	704	571	560	531	600	335	379	320	231	289	165	229	217	141	198	116	134	117	77	119	61	95	78	72	85	57	89	71	59	76
64	170	1	2	119	0	1953125	12	0.0	0	0.88	0	0	V0.2	0	0	204	156	179	202	141	228	127	236	156	217	206	167	244	120	264	134	235	200	165	259	72	284	91	255	209	178	302	76	337	111	318	288	313	413	239	507	230	378	305	283	710	390	713	704	944	1000	799	829	448	714	593	652	796	674	886	608	690	421	602	533	292	442	142	368	257	201	345	65	324	134	238	223	115	247	36	237	79	209	148	148	197	80	215	62	195
64	170	1	2	119	0	1953125	12	0.0	0	0.88	0	0	V0.2	0	0	121	176	157	147	196	118	218	122	209	161	175	212	128	242	104	231	152	182	220	97	261	51	250	161	190	265	96	316	102	304	212	272	409	213	465	228	458	261	215	529	356	662	488	707	986	808	1000	488	778	474	705	686	649	888	563	873	391	550	529	419	447	158	373	235	212	307	97	304	150	221	215	97	234	5	224	92	172	147	115	187	55	203	64	167	130
64	170	1	2	119	0	1953125	12	0.0	0	0.88	0	0	V0.2	0	0	119	200	152	172	198	140	233	123	232	153	206	209	157	252	108	254	133	222	210	138	268	36	276	128	235	253	147	327	80	332	177	316	405	251	482	240	500	209	270	523	345	699	452	821	1000	898	985	521	809	417	794	659	736	893	604	928	361	616	491	491	439	173	415	198	272	300	127	328	109	264	191	143	236	43	243	64	202	126	150	182	86	211	48	188	110
64	170	1	2	119	0	1953125	12	0.0	0	0.88	0	0	V0.2	0	0	166	161	131	198	108	211	124	192	172	153	217	114	235	118	212	177	150	233	70	254	95	208	192	128	268	37	288	145	239	236	168	360	188	385	256	383	375	177	357	261	510	519	406	813	693	1000	670	704	599	455	791	443	854	626	769	762	458	626	330	582	249	316	357	131	350	142	256	258	106	281	38	231	142	157	200	73	204	47	196	107	152	163	84	185	46
64	170	1	2	119	0	1953125	12	0.0	0	0.88	0	0	V0.2	0	0	127	183	105	194	120	186	158	153	197	120	220	117	214	154	170	203	110	236	73	230	136	166	215	72	264	60	263	175	204	248	131	353	190	364	268	358	392	153	334	259	493	513	396	793	686	1000	690	742	567	447	715	387	786	533	735	678	441	589	335	578	197	337	303	156	326	82	275	204	150	253	32	236	83	192	150	125	181	69	200	58	182	113	134	157	70
64	170	1	2	119	0	1953125	12	0.0	0	0.88	0	0	V0.2	0	0	121	190	107	197	135	181	175	145	209	118	225	132	209	175	159	222	100	242	94	224	164	147	235	44	272	91	256	204	182	273	108	359	223	367	323	359	428	134	336	298	459	567	385	842	737	1000	723	721	619	420	751	375	782	576	719	750	440	626	335	589	241	326	347	139	335	112	263	235	121	269	12	237	109	183	175	110	193	56	206	73	180	131	121	174	57
64	170	1	2	119	0	1953125	12	0.0	0	0.88	0	0	V0.2	0	0	119	193	100	201	127	183	174	145	211	111	229	123	213	176	158	223	96	246	89	226	164	149	238	46	275	93	260	205	184	276	114	362	225	369	319	349	418	132	344	303	464	574	398	838	728	1000	743	711	644	434	805	445	833	630	747	760	444	634	347	597	256	328	352	137	344	123	264	246	125	275	24	239	118	178	182	99	200	47	201	80	176	138	113	173	50
64	170	1	2	119	0	1953125	12	0.0	0	0.88	0	0	V0.2	0	0	122	191	99	202	124	185	170	147	208	111	229	118	216	169	164	218	98	245	82	232	156	158	234	58	278	81	266	198	199	271	123	366	219	374	306	362	419	152	351	294	492	576	432	849	727	1000	714	716	638	470	813	447	848	637	784	780	489	661	377	610	255	343	351	154	351	117	280	240	140	277	26	247	106	189	177	107	200	49	205	70	182	131	120	171	55
64	170	1	2	119	0	1953125	12	0.0	0	0.88	0	0	V0.2	0	0	115	202	117	195	158	172	201	131	227	120	228	159	199	208	135	243	93	249	132	207	208	111	262	7	280	149	237	253	148	308	100	372	273	344	376	322	473	102	342	397	450	657	427	913	824	1000	816	662	731	411	871	513	857	739	745	874	422	703	397	609	331	297	404	125	354	185	245	292	92	304	69	239	162	161	216	71	220	40	210	106	169	169	92	196	39
64	170	1	2	119	0	1953125	12	0.0	0	0.88	0	0	V0.2	0	0	134	176	104	196	105	193	140	163	185	126	218	101	219	132	184	189	124	230	58	239	107	190	194	112	261	42	276	137	238	224	169	344	182	379	241	401	344	186	340	225	531	484	490	806	703	1000	655	737	518	493	751	454	863	593	828	674	507	599	397	582	190	361	278	197	328	68	299	183	190	245	69	247	53	210	133	146	168	86	194	45	190	90	149	144	86
64	170	1	2	119	0	1953125	12	0.0	0	0.88	0	0	V0.2	0	0	119	200	106	203	142	181	190	140	220	116	232	140	211	190	153	233	92	252	107	224	185	139	251	27	283	114	254	227	180	297	109	377	251	375	358	360	450	116	364	341	472	630	454	928	791	1000	738	676	688	454	889	487	845	669	741	825	430	706	389	615	295	324	380	129	350	154	259	276	111	297	44	246	140	175	202	89	212	39	210	90	174	154	105	188	44
64	170	1	2	119	0	1953125	12	0.0	0	0.88	0	0	V0.2	0	0	124	192	157	163	201	133	228	125	226	160	196	213	146	250	109	247	144	207	215	127	264	39	270	138	221	254	133	318	79	326	189	309	399	249	478	247	497	207	270	495	345	717	514	837	999	837	974	501	815	466	844	725	714	919	627	964	410	671	556	497	476	188	422	220	265	305	119	330	124	262	205	138	241	32	244	68	201	134	145	185	74	213	49	190	115
64	170	1	2	119	0	1953125	12	0.0	0	0.88	0	0	V0.2	0	0	111	212	116	203	164	173	212	129	238	117	238	164	201	223	132	255	91	258	146	207	225	105	279	27	285	170	240	272	148	335	115	381	309	362	405	322	485	107	361	401	448	718	459	948	876	1000	851	650	753	411	894	562	846	823	736	937	429	764	465	624	373	286	413	121	346	218	219	317	74	307	105	225	191	134	233	44	223	62	197	131	148	189	68	200	52
64	170	1	2	119	0	1953125	12	0.0	0	0.88	0	0	V0.2	0	0	133	206	114	215	140	199	188	158	225	126	246	138	227	187	174	236	111	262	101	243	174	165	251	51	293	94	275	207	205	295	117	389	229	400	313	378	405	95	354	297	507	640	474	955	768	1000	670	695	669	474	848	409	805	591	712	786	436	721	411	644	272	351	359	121	340	128	261	267	120	294	27	254	134	185	193	104	209	56	214	90	187	147	121	185	58
64	170	1	2	119	0	1953125	12	0.0	0	0.88	0	0	V0.2	0	0	143	207	122	221	143	207	187	172	226	141	250	142	240	182	192	233	127	267	94	257	158	189	246	79	299	66	294	187	238	288	142	402	211	427	289	414	409	139	393	282	595	643	529	956	731	1000	625	730	648	541	895	458	894	600	821	779	516	736	444	680	271	404	368	174	375	102	311	257	173	301	31	278	101	220	175	143	208	79	229	68	211	129	152	182	81
64	170	1	2	119	0	1953125	12	0.0	0	0.88	0	0	V0.2	0	0	145	195	116	217	122	210	162	176	210	137	244	119	241	156	199	215	132	258	72	261	129	204	224	105	289	46	300	162	257	264	163	387	199	422	262	427	397	188	399	253	603	607	559	922	713	1000	623	758	643	586	849	449	879	589	831	727	528	669	423	633	229	387	321	177	347	78	304	224	182	274	46	264	80	217	155	144	189	85	214	59	201	112	154	163	85
64	170	1	2	119	0	1953125	12	0.0	0	0.88	0	0	V0.2	0	0	129	213	113	214	152	193	201	150	233	122	249	149	224	202	164	248	102	267	114	240	196	151	268	29	300	119	276	236	198	319	115	406	255	402	345	361	458	99	403	366	553	712	522	966	763	1000	725	698	773	518	936	500	876	698	787	863	462	760	442	655	330	338	400	117	360	169	265	296	116	312	52	259	149	182	212	93	224	45	221	98	187	163	113	196	44
64	170	1	2	119	0	1953125	12	0.0	0	0.88	0	0	V0.2	0	0	185	176	154	214	126	231	131	219	177	189	228	138	255	117	249	167	200	236	114	273	55	265	151	205	257	100	316	73	323	177	268	359	235	429	194	485	267	271	367	210	689	474	713	831	800	999	642	795	494	727	702	526	820	548	883	599	643	601	563	604	227	435	206	284	306	89	338	120	273	211	157	258	37	250	74	208	136	163	190	93	215	54	203	111	156
64	170	1	2	119	0	1953125	12	0.0	0	0.88	0	0	V0.2	0	0	123	216	156	186	206	146	246	126	247	158	221	218	166	267	112	271	139	236	220	155	285	34	296	132	253	264	171	345	100	366	193	349	416	297	492	262	527	212	336	535	408	812	602	938	999	864	970	526	937	585	971	739	757	941	657	996	451	753	606	543	499	199	451	220	282	320	131	354	121	286	214	156	252	48	259	66	216	136	161	194	88	224	51	203	118
64	170	1	2	119	0	1953125	12	0.0	0	0.88	0	0	V0.2	0	0	176	168	143	208	112	225	124	209	173	175	223	123	248	106	238	164	189	231	99	269	49	256	153	197	258	96	316	89	321	184	267	362	243	431	207	479	285	273	388	236	678	468	689	830	796	1000	663	824	580	770	777	588	865	589	882	603	626	618	555	610	232	435	223	285	316	99	346	129	275	213	156	259	29	253	73	204	138	150	193	83	210	48	194	110	145
64	170	1	2	119	0	1953125	12	0.0	0	0.88	0	0	V0.2	0	0	179	178	146	214	123	227	136	213	183	179	230	135	250	120	242	171	192	235	107	273	57	260	159	201	263	95	321	85	330	187	272	370	253	445	209	497	277	277	391	229	686	483	743	886	836	1000	640	823	598	810	799	605	853	546	873	632	667	640	567	621	232	457	243	305	333	109	367	134	292	221	171	272	34	264	71	216	137	167	198	93	218	46	206	107	160
64	170	1	2	119	0	1953125	12	0.0	0	0.88	0	0	V0.2	0	0	116	215	134	198	183	164	229	126	246	132	235	187	192	244	121	265	105	252	175	193	251	76	291	66	281	209	220	310	129	353	145	394	352	340	423	272	488	131	359	473	454	764	520	963	898	927	903	595	902	536	1000	648	829	847	678	958	438	814	544	615	435	249	455	157	341	275	199	354	79	320	153	212	223	109	257	33	232	89	197	159	130	212	52	210	74
64	170	2	2	119	0	1953125	12	0.0	0	0.88	0	0	V0.2	0	0	149	194	117	217	120	213	159	180	206	142	242	117	243	149	205	207	140	257	68	264	116	212	216	121	287	43	308	151	270	253	192	396	206	423	239	427	347	159	394	260	617	584	610	935	742	1000	626	746	653	650	876	480	847	516	761	704	531	735	469	656	221	393	316	182	350	81	316	228	195	280	58	271	72	226	155	148	189	86	214	60	206	109	156	161	91
64	170	2	2	119	0	1953125	12	0.0	0	0.88	0	0	V0.2	0	0	192	180	162	222	135	239	136	228	185	198	236	147	262	123	258	170	212	234	128	279	56	277	145	228	257	122	327	72	348	168	303	371	274	443	207	514	256	302	390	256	756	497	807	857	876	1000	650	813	558	840	829	679	920	613	916	630	699	671	633	640	252	463	221	321	338	131	387	126	317	218	197	279	53	278	59	230	133	183	198	107	227	47	219	104	174
64	170	2	2	119	0	1953125	12	0.0	0	0.88	0	0	V0.2	0	0	213	181	180	228	146	254	138	250	181	220	240	165	276	124	279	164	236	240	150	293	60	296	132	252	257	147	336	72	367	151	331	372	294	444	216	532	237	313	405	279	787	473	834	842	900	1000	663	812	539	866	798	677	878	593	892	599	707	667	665	636	263	460	199	330	335	135	390	111	326	210	208	278	65	279	58	234	132	190	198	120	231	58	222	104	180
64	170	2	2	119	0	1953125	12	0.0	0	0.88	0	0	V0.2	0	0	203	183	173	226	142	247	142	238	187	211	241	157	270	130	269	172	222	241	137	289	62	283	144	235	261	127	333	66	353	160	308	376	274	442	196	514	237	279	409	257	762	480	816	856	878	1000	667	813	537	814	757	610	848	546	849	574	661	666	630	619	233	444	204	301	331	113	378	121	309	214	191	274	56	273	67	225	136	184	198	112	228	58	220	108	174
64	170	2	2	119	0	1953125	12	0.0	0	0.88	0	0	V0.2	0	0	151	216	122	228	141	220	188	181	232	141	259	136	251	182	198	239	129	278	87	270	158	196	253	88	307	64	311	194	251	289	159	427	216	429	283	420	405	114	425	327	620	665	594	982	741	1000	659	740	754	632	974	504	891	542	723	731	449	783	457	676	250	367	371	136	376	123	306	268	163	305	18	277	110	218	188	135	212	74	230	76	204	143	145	185	76
64	170	2	2	119	0	1953125	12	0.0	0	0.88	0	0	V0.2	0	0	147	197	113	219	123	213	166	177	211	137	246	119	241	158	199	216	131	260	70	263	128	205	224	111	293	46	306	161	262	261	176	403	205	421	255	425	376	155	417	286	622	610	613	944	741	1000	659	775	744	682	952	533	880	520	714	677	456	731	441	636	224	370	329	154	354	93	310	236	183	281	46	269	83	220	159	142	196	81	217	64	201	118	151	167	85
64	170	1	2	119	0	1953125	12	0.0	0	0.88	0	0	V0.2	0	0	156	197	123	221	123	217	162	187	209	148	246	122	248	150	212	210	145	258	75	269	116	219	215	127	290	36	313	147	274	251	190	404	201	427	235	431	349	156	419	276	650	584	628	920	744	1000	639	795	715	713	919	522	839	473	719	662	499	749	470	652	216	395	319	179	358	77	325	226	206	278	68	279	63	236	149	159	190	101	221	59	213	102	168	162	101
64	170	1	2	119	0	1953125	12	0.0	0	0.88	0	0	V0.2	0	0	158	202	129	224	130	222	166	191	214	153	248	131	254	158	217	216	149	267	77	275	120	223	220	130	296	33	320	146	279	254	196	413	204	437	233	440	354	167	441	285	669	594	641	918	727	999	636	800	685	708	913	518	861	519	772	696	549	774	502	684	227	417	331	196	372	77	339	229	217	286	75	285	61	243	148	170	193	106	227	60	221	102	176	163	106
64	170	2	2	119	0	1953125	12	0.0	0	0.88	0	0	V0.2	0	0	122	214	109	214	150	192	204	144	238	114	249	147	221	208	156	253	91	268	116	235	206	139	276	17	297	131	275	251	186	321	126	411	268	388	356	346	462	109	425	409	545	726	534	939	750	939	750	677	823	562	1000	553	863	706	692	823	398	796	474	652	354	313	420	105	358	199	249	312	94	313	70	242	164	165	219	79	224	47	211	112	169	174	97	199	49
64	170	2	2	119	0	1953125	12	0.0	0	0.88	0	0	V0.2	0	0	201	169	168	219	127	242	122	239	171	206	230	147	266	107	268	153	223	230	137	290	38	288	131	245	258	144	335	88	361	161	326	372	295	457	248	546	286	354	439	328	781	520	849	831	899	1000	740	873	645	941	899	777	919	680	881	588	665	656	629	652	267	476	238	327	341	138	381	118	311	207	193	264	59	268	52	226	125	180	190	109	222	46	214	99	171
64	170	1	2	119	0	1953125	12	0.0	0	0.88	0	0	V0.2	0	0	168	188	130	218	119	226	147	201	195	161	239	122	251	131	227	192	164	250	80	275	87	238	191	160	277	52	318	110	297	218	229	389	213	443	220	467	329	236	424	251	678	555	694	886	768	1000	667	840	681	789	922	606	871	539	776	581	518	687	497	665	215	428	293	229	348	59	339	183	238	254	109	270	30	247	113	185	165	131	214	65	220	79	184	138	128
64	170	1	2	119	0	1953125	12	0.0	0	0.88	0	0	V0.2	0	0	200	181	165	228	129	248	133	238	181	202	241	147	274	116	268	170	214	245	127	296	50	285	151	229	268	122	338	79	351	176	304	383	269	468	233	537	286	321	421	268	751	513	815	868	878	1000	701	870	643	913	917	741	897	616	843	568	632	675	596	670	241	469	247	298	347	100	372	132	293	220	171	270	46	266	73	219	139	173	203	102	228	56	214	117	162
64	170	2	2	119	0	1953125	12	0.0	0	0.88	0	0	V0.2	0	0	123	206	105	209	139	190	190	147	225	115	239	135	219	192	158	238	93	257	104	234	182	149	252	31	282	106	267	222	188	297	118	387	237	389	333	354	434	107	398	356	512	672	518	913	707	908	689	673	807	592	1000	538	832	608	641	717	347	725	434	635	319	310	390	94	343	167	248	281	100	291	43	233	136	169	197	92	210	49	210	92	175	158	109	188	50
64	170	2	2	119	0	1953125	12	0.0	0	0.88	0	0	V0.2	0	0	221	147	200	203	156	238	122	255	144	240	206	185	255	122	283	120	262	194	194	266	91	301	64	287	200	210	302	121	367	104	367	304	354	422	307	555	227	408	342	374	758	478	897	742	998	925	863	872	658	1000	806	888	789	717	799	530	684	554	717	596	353	462	169	373	262	205	348	66	330	124	248	212	132	248	45	238	67	217	145	159	196	84	217	56	198
64	170	2	2	119	0	1953125	12	0.0	0	0.88	0	0	V0.2	0	0	190	180	153	222	123	238	134	224	184	188	236	138	263	117	254	173	198	242	109	284	56	267	161	205	264	97	325	79	328	184	275	374	243	458	225	516	295	306	402	244	713	502	757	850	828	1000	702	886	681	906	910	707	858	552	779	546	581	675	568	672	233	457	250	273	337	81	356	140	275	224	152	266	36	258	80	210	142	161	201	91	222	57	202	115	153
64	170	2	2	119	0	1953125	12	0.0	0	0.88	0	0	V0.2	0	0	206	173	179	217	145	241	132	243	171	219	224	166	261	122	274	148	238	216	161	276	69	290	102	262	226	172	317	85	363	121	343	327	317	439	272	563	242	394	365	326	731	440	857	747	934	918	790	879	647	1000	821	852	813	693	848	570	731	601	716	636	339	491	193	377	290	203	367	67	333	137	244	221	126	255	41	244	70	224	146	163	205	83	224	56	204
64	170	2	2	119	0	1953125	12	0.0	0	0.88	0	0	V0.2	0	0	220	150	193	204	150	243	119	255	146	235	211	179	261	114	283	120	258	202	183	276	74	302	76	281	211	202	316	115	371	118	365	320	341	443	310	584	265	428	367	368	753	460	869	732	953	952	857	906	663	1000	821	878	840	766	898	612	732	597	729	631	357	489	198	387	294	212	366	81	337	145	246	227	121	259	27	241	77	215	155	151	206	71	220	60	197
64	170	2	2	119	0	1953125	12	0.0	0	0.88	0	0	V0.2	0	0	217	160	188	216	143	248	124	253	160	228	223	171	269	115	282	138	250	217	169	284	62	301	100	272	234	180	326	93	372	127	349	343	321	452	278	579	269	400	387	324	753	453	841	778	951	994	821	914	654	1000	839	829	831	686	860	580	709	634	704	648	316	490	209	369	313	180	376	83	328	170	227	247	96	265	31	237	99	208	173	136	210	61	221	77	187
64	170	2	2	119	0	1953125	12	0.0	0	0.88	0	0	V0.2	0	0	150	191	123	213	123	213	157	182	203	148	236	123	242	144	210	200	146	252	74	264	103	220	200	137	276	35	307	125	281	229	209	383	196	438	240	475	364	239	428	238	632	532	643	867	741	1000	684	857	711	804	933	603	842	520	756	632	531	714	506	690	243	437	315	230	361	69	339	179	229	251	103	261	29	242	112	184	163	129	210	65	217	73	182	134	127
64	170	2	2	119	0	1953125	12	0.0	0	0.88	0	0	V0.2	0	0	120	201	148	177	194	145	226	124	235	146	214	200	166	243	113	254	126	230	192	162	250	56	275	95	245	212	181	300	92	336	141	350	343	312	438	261	498	145	339	472	403	739	488	858	857	877	958	663	982	595	1000	619	718	712	482	815	340	709	552	560	449	222	430	144	297	249	154	310	42	279	133	183	190	111	226	50	220	78	191	142	139	194	64	201	68
64	170	2	2	119	0	1953125	12	0.0	0	0.88	0	0	V0.2	0	0	163	185	127	214	113	223	142	197	192	157	237	115	249	129	223	187	161	250	74	269	85	232	188	152	269	47	310	114	289	218	220	377	200	441	233	473	341	245	415	236	644	506	621	822	721	1000	706	879	689	782	868	569	808	503	746	617	532	689	486	661	230	425	300	221	347	61	324	181	222	252	91	258	36	235	117	171	166	117	206	61	210	80	172	140	113
64	170	2	2	119	0	1953125	12	0.0	0	0.88	0	0	V0.2	0	0	174	180	147	215	126	225	141	213	184	182	230	138	252	124	241	173	191	235	112	271	62	256	156	196	254	93	312	66	318	167	267	354	235	438	215	515	288	310	391	237	686	452	720	803	830	1000	730	893	629	867	799	656	768	505	759	531	593	638	565	647	243	459	230	295	316	103	346	106	276	197	167	246	59	251	57	215	121	178	182	110	214	52	206	95	167
64	170	2	2	119	0	1953125	12	0.0	0	0.88	0	0	V0.2	0	0	203	180	171	223	140	244	138	238	182	208	239	156	270	127	266	170	220	241	134	285	62	279	143	224	254	115	320	52	330	150	283	346	235	435	212	521	248	303	362	210	688	416	731	790	828	1000	744	899	621	892	790	666	728	450	720	523	600	645	581	652	238	463	210	294	305	89	344	107	276	203	165	255	57	257	74	215	133	176	190	110	222	66	207	112	166
64	170	2	2	119	0	1953125	12	0.0	0	0.88	0	0	V0.2	0	0	205	173	175	221	139	244	134	242	176	212	232	158	267	120	268	161	226	231	143	283	58	284	132	236	247	133	321	57	345	147	303	345	260	440	225	528	250	326	384	250	716	419	750	765	843	1000	773	914	606	904	765	680	749	512	771	547	655	646	624	649	264	474	206	316	309	120	354	94	294	196	183	251	67	261	59	223	123	186	188	119	214	61	209	99	172
64	170	2	2	119	0	1953125	12	0.0	0	0.88	0	0	V0.2	0	0	189	177	151	214	123	232	138	217	185	177	237	130	258	131	237	189	173	252	88	276	94	234	199	145	278	29	310	132	271	239	190	384	176	431	247	434	380	182	410	249	586	577	548	895	701	1000	691	805	757	646	912	446	768	495	626	727	412	762	430	660	284	343	373	94	343	141	249	272	98	293	41	236	146	170	207	91	215	58	214	112	174	172	99	195	59
64	170	2	2	119	0	1953125	12	0.0	0	0.88	0	0	V0.2	0	0	209	125	214	147	192	189	164	229	138	245	144	227	188	188	240	130	260	109	247	166	193	242	84	285	56	273	173	216	283	129	343	135	400	235	381	404	239	356	133	444	540	473	758	520	1000	638	943	586	689	787	545	766	405	678	545	585	634	439	742	371	453	291	218	336	69	279	195	174	265	60	263	73	206	143	150	184	93	211	57	200	97	164	155	105	183
64	170	2	2	119	0	1953125	12	0.0	0	0.88	0	0	V0.2	0	0	224	144	209	190	173	232	137	255	143	250	189	205	245	147	278	118	270	171	214	244	126	291	44	293	164	230	274	138	352	75	363	249	358	366	308	514	187	389	278	358	684	403	830	640	1000	856	893	786	588	891	591	757	604	640	754	564	739	529	750	511	382	412	137	366	199	228	307	74	315	78	255	180	153	228	73	231	61	223	118	173	174	107	207	61	200
64	170	2	2	119	0	1953125	12	0.0	0	0.88	0	0	V0.2	0	0	194	185	167	224	140	242	148	231	192	203	239	155	264	137	258	175	215	237	134	281	70	273	147	220	253	114	321	50	335	152	292	351	244	436	207	525	245	302	379	231	704	431	766	812	874	1000	756	867	552	833	711	599	729	488	788	571	653	655	623	635	249	443	182	292	294	107	342	83	282	183	185	241	78	255	55	229	111	195	178	131	215	65	217	92	181
64	170	2	2	119	0	1953125	12	0.0	0	0.88	0	0	V0.2	0	0	181	179	220	146	248	139	255	168	230	218	189	266	144	286	137	263	190	210	263	115	296	57	290	166	229	276	145	333	77	356	173	348	382	310	456	250	490	128	322	501	453	776	498	962	876	1000	918	735	881	510	939	447	731	648	613	871	400	840	496	700	299	342	381	75	346	135	271	269	141	306	11	267	104	228	178	162	209	100	227	76	226	120	181	169	116
64	170	1	2	119	0	1953125	12	0.0	0	0.88	0	0	V0.2	0	0	148	191	180	162	217	138	237	147	225	186	190	233	146	260	132	247	176	195	239	112	270	73	259	177	189	274	98	323	88	318	220	275	416	220	470	203	434	234	199	546	366	736	596	807	993	762	1000	492	893	527	775	605	459	750	387	811	462	652	671	460	473	115	368	211	181	290	46	293	134	220	211	100	229	39	227	88	196	144	139	189	82	210	73	182	129
64	170	1	2	119	0	1953125	12	0.0	0	0.88	0	0	V0.2	0	0	223	128	226	165	199	218	155	251	136	255	179	220	240	150	275	118	265	182	203	254	98	286	77	269	209	174	304	62	338	115	308	340	262	422	206	502	220	261	391	220	698	465	722	876	804	1000	647	805	593	727	808	469	760	414	700	681	517	775	482	680	213	376	328	132	351	111	282	267	137	300	11	263	139	192	201	110	222	73	226	113	182	177	109	203	70
64	170	1	2	119	0	1953125	12	0.0	0	0.88	0	0	V0.2	0	0	128	206	121	205	161	169	205	134	233	139	220	184	166	232	116	250	140	207	207	118	253	60	251	176	159	262	59	296	118	268	260	175	400	134	432	253	309	297	69	472	447	524	716	524	1000	606	899	495	590	719	452	670	440	592	614	501	634	441	646	430	297	349	105	292	223	124	291	64	263	165	156	225	34	220	75	181	144	127	186	64	188	85	159	149	92
64	170	1	2	119	0	1953125	12	0.0	0	0.88	0	0	V0.2	0	0	188	116	192	135	177	168	153	207	129	219	131	208	167	177	211	127	233	95	228	139	183	210	90	262	28	262	140	212	246	141	312	121	385	184	359	340	223	325	126	434	480	476	722	545	1000	599	906	451	629	643	476	653	346	670	509	616	558	426	658	293	397	199	221	286	58	264	144	191	217	94	236	25	201	93	163	141	117	177	62	183	57	172	114	123	156
64	170	1	2	119	0	1953125	12	0.0	0	0.88	0	0	V0.2	0	0	141	192	126	221	135	207	168	173	208	145	248	137	229	155	194	221	136	256	84	244	135	191	226	92	279	54	267	141	239	267	120	353	171	394	209	362	348	67	349	236	587	597	475	823	739	1000	555	687	624	539	681	227	704	511	583	613	429	756	378	549	151	315	304	81	310	108	241	214	148	282	30	224	85	199	170	139	194	77	195	75	194	128	148	171	72
64	170	1	2	119	0	1953125	12	0.0	0	0.89	0	0	V0.2	0	0	85	11	94	39	69	69	40	82	24	78	46	64	63	66	71	67	86	68	113	70	134	104	130	183	111	229	144	230	236	178	315	246	407	311	345	424	238	275	329	390	669	537	762	849	1000	991	901	750	679	647	721	467	629	584	626	768	491	725	595	566	339	229	323	162	206	195	135	210	137	146	144	65	116	69	94	82	61	98	51	88	73	65	83	47	73
64	170	1	2	119	0	1953125	12	0.0	0	0.89	0	0	V0.2	0	0	78	27	95	24	78	61	53	80	26	81	42	70	59	70	67	72	82	77	110	75	136	93	148	170	130	226	133	248	214	201	306	234	417	285	381	412	246	286	296	415	662	531	757	792	1000	932	866	726	656	690	700	492	630	597	683	794	542	751	593	602	329	276	344	165	248	195	161	229	129	172	141	85	125	63	108	70	73	95	52	91	65	75	81	47	76
64	170	1	2	119	0	1953125	12	0.0	0	0.88	0	0	V0.2	0	0	151	212	126	227	145	216	186	181	230	144	258	140	247	182	200	237	130	273	97	261	160	189	249	77	295	59	292	185	222	278	133	400	188	405	267	379	379	71	391	309	564	609	536	930	731	999	652	713	626	500	776	304	668	466	645	765	440	761	409	625	210	327	344	94	342	122	271	263	132	293	11	255	122	202	186	128	208	80	219	92	200	143	140	183	79
64	170	1	2	119	0	1953125	12	0.0	0	0.88	0	0	V0.2	0	0	138	223	133	222	171	200	217	161	248	140	256	171	229	223	168	265	113	274	138	239	215	138	281	11	297	138	260	251	166	322	94	405	253	374	347	321	438	68	386	430	517	710	505	1000	799	981	724	634	719	424	843	393	686	595	598	888	395	812	439	619	307	267	405	60	343	209	232	320	66	316	78	244	176	168	227	89	228	70	219	123	178	181	109	210	64
64	170	1	2	119	0	1953125	12	0.0	0	0.89	0	0	V0.2	0	0	123	212	132	199	173	174	214	143	235	135	232	169	206	214	155	243	108	253	127	226	192	145	255	35	287	94	271	208	200	291	125	406	194	388	267	352	377	61	410	347	588	620	547	935	735	1000	639	680	574	453	756	343	712	495	665	771	447	744	407	625	207	334	331	118	339	91	276	225	152	259	39	240	87	206	142	156	172	115	201	79	206	100	166	143	117
64	170	1	2	119	0	1953125	12	0.0	0	0.88	0	0	V0.2	0	0	205	142	233	136	230	175	201	227	159	263	143	258	185	213	244	143	278	116	264	184	190	265	66	309	100	275	227	181	327	76	372	220	375	315	292	459	117	317	358	352	721	388	842	694	1000	899	821	678	377	696	561	576	701	527	805	565	663	592	578	545	177	368	187	249	316	53	338	144	249	232	120	271	38	243	116	184	173	130	215	78	209	98	175	164	108
64	170	1	2	119	0	1953125	12	0.0	0	0.89	0	0	V0.2	0	0	83	56	57	85	16	89	37	72	60	53	71	45	79	57	82	57	98	73	103	110	92	158	87	197	150	181	229	154	286	176	279	345	292	376	278	395	340	178	399	476	657	687	703	950	1000	989	920	598	695	506	728	600	595	764	619	819	567	649	680	472	386	233	247	262	166	200	216	141	208	118	150	130	72	132	52	106	65	84	96	47	103	59	76	71	55
64	170	1	2	119	0	1953125	12	0.0	0	0.89	0	0	V0.2	0	0	89	2	93	51	64	77	31	87	26	76	52	63	67	63	75	62	93	64	116	73	131	119	122	192	106	227	154	217	262	164	328	254	376	307	294	405	211	250	395	421	729	588	812	919	1000	977	798	621	590	553	744	475	641	603	600	794	488	730	595	545	341	203	314	182	189	222	143	214	161	136	162	77	120	80	87	89	47	97	53	73	77	55	86	47	72
64	170	1	2	119	0	1953125	12	0.0	0	0.89	0	0	V0.2	0	0	179	199	142	224	138	230	170	203	216	163	246	146	253	172	218	219	150	258	100	265	144	208	231	108	293	28	302	176	239	271	156	413	185	399	248	353	365	53	446	423	606	687	568	1000	746	966	609	547	611	361	825	369	659	589	519	840	360	786	471	587	336	206	393	75	296	252	148	320	21	277	133	182	205	109	221	78	208	102	188	159	137	194	79	191	103
64	170	1	2	119	0	1953125	12	0.0	0	0.88	0	0	V0.2	0	0	207	194	181	234	152	250	158	246	200	216	250	169	277	147	274	186	226	251	147	295	79	287	160	233	266	118	330	44	348	160	302	370	233	426	154	489	223	246	497	299	814	466	825	864	933	1000	627	646	301	666	682	523	801	482	817	566	648	640	576	574	168	395	191	274	331	90	380	129	296	220	175	278	53	272	78	223	145	180	202	116	223	74	215	117	172
64	170	1	2	119	0	1953125	12	0.0	0	0.89	0	0	V0.2	0	0	174	213	146	236	148	239	176	215	220	180	257	152	268	161	244	207	192	259	119	285	96	265	174	206	273	102	330	59	340	165	301	376	245	415	152	472	206	249	495	319	802	451	826	811	955	1000	712	658	293	658	606	503	750	485	793	531	626	608	597	534	189	367	148	275	283	97	330	72	278	160	185	220	100	230	73	212	101	198	145	156	181	98	202	87	185
64	170	1	2	119	0	1953125	12	0.0	0	0.89	0	0	V0.2	0	0	30	64	61	32	77	18	71	45	52	59	39	63	47	66	56	72	56	89	71	99	106	85	148	103	172	159	162	227	154	243	215	277	355	216	349	261	274	302	288	553	587	578	734	721	1000	796	822	436	396	551	557	572	577	571	652	623	560	591	566	489	223	259	222	163	243	123	211	188	120	181	78	131	85	84	102	34	89	46	76	61	59	80	51	62	58
64	170	1	2	119	0	1953125	12	0.0	0	0.89	0	0	V0.2	0	0	154	182	189	153	217	136	227	158	214	202	173	235	141	248	148	228	198	168	239	97	259	103	236	199	153	274	53	313	115	276	254	245	413	158	435	181	335	326	163	613	410	674	633	725	1000	641	888	208	576	499	539	635	347	736	442	711	535	522	679	315	425	139	265	279	63	289	132	224	225	108	236	34	207	101	172	149	131	174	86	189	81	177	127	126	160
64	170	1	2	119	0	1953125	12	0.0	0	0.89	0	0	V0.2	0	0	154	182	189	153	217	136	227	158	214	202	173	235	141	248	148	228	198	168	239	97	259	103	236	199	153	274	53	313	115	276	254	245	413	158	435	181	335	326	163	613	410	674	633	725	1000	641	888	208	576	499	539	635	347	736	442	711	535	522	679	315	425	139	265	279	63	289	132	224	225	108	236	34	207	101	172	149	131	174	86	189	81	177	127	126	160
64	170	1	2	119	0	1953125	12	0.0	0	0.89	0	0	V0.2	0	0	90	26	78	67	43	85	18	79	38	68	61	49	69	61	77	58	93	65	108	88	114	138	96	199	114	213	188	180	274	139	307	288	343	361	269	426	255	236	440	456	683	609	719	931	957	1000	769	523	532	505	756	569	662	702	590	823	506	706	628	505	384	193	297	240	176	237	180	192	200	116	169	99	107	115	60	103	40	96	74	62	94	51	84	58	62
64	170	1	2	119	0	1953125	12	0.0	0	0.89	0	0	V0.2	0	0	79	18	86	31	71	62	42	78	20	75	41	62	57	64	67	68	79	68	101	67	131	97	134	166	116	220	129	229	218	184	308	234	398	284	325	388	191	275	356	453	704	560	802	854	1000	974	774	574	422	517	641	484	673	627	653	758	490	720	557	549	299	209	301	147	215	202	143	221	130	154	141	74	118	58	97	69	62	91	46	83	65	68	78	43	68
64	170	1	2	119	0	1953125	12	0.0	0	0.89	0	0	V0.2	0	0	148	228	181	201	220	169	255	158	262	185	231	230	188	275	146	282	162	242	220	174	281	69	302	121	258	241	175	335	61	350	171	383	388	296	452	186	421	252	291	646	440	818	598	1000	981	869	883	348	695	375	755	619	506	818	422	920	465	748	655	480	453	63	376	219	191	323	34	316	149	222	219	108	243	70	229	109	199	149	158	193	108	215	93	189	136
64	170	1	2	119	0	1953125	12	0.0	0	0.89	0	0	V0.2	0	0	37	67	75	29	85	25	76	55	53	72	38	70	51	76	58	79	68	87	88	93	130	81	162	132	163	201	143	252	171	237	274	258	414	254	383	355	245	328	321	511	655	569	807	794	1000	891	751	536	423	589	682	608	729	649	698	759	532	715	550	567	306	242	318	159	246	211	166	236	131	170	144	89	129	60	105	72	64	91	52	83	63	70	79	46	66
64	170	1	2	119	0	1953125	12	0.0	0	0.89	0	0	V0.2	0	0	126	206	150	184	190	157	228	134	236	146	222	190	186	235	133	253	117	243	162	196	226	101	275	28	276	150	238	259	139	312	110	405	259	369	324	283	396	110	416	473	576	704	528	973	759	999	671	564	558	337	775	401	715	639	594	827	355	772	416	607	257	256	348	37	313	166	221	267	82	271	39	223	125	179	172	128	189	89	204	85	193	130	142	164	94
64	170	1	2	119	0	1953125	12	0.0	0	0.89	0	0	V0.2	0	0	83	14	92	35	72	67	44	85	29	81	47	67	66	69	74	72	87	71	111	75	136	105	136	179	119	229	143	232	230	186	320	248	405	298	316	384	195	286	389	467	717	597	849	909	1000	948	744	589	493	569	705	529	686	644	656	781	511	733	568	549	303	202	289	145	194	206	141	214	137	148	145	72	120	63	95	74	59	95	48	83	69	65	80	44	69
64	170	1	2	119	0	1953125	12	0.0	0	0.88	0	0	V0.2	0	0	146	221	130	227	158	213	204	172	239	143	260	154	245	204	187	253	123	277	116	255	188	171	267	52	298	89	279	216	195	295	121	424	216	406	267	318	351	43	428	432	618	688	577	1000	717	974	593	569	555	393	823	412	750	555	577	776	385	779	418	619	240	275	350	40	327	191	252	304	96	306	41	253	150	182	206	107	216	76	215	111	191	164	122	194	73
64	170	1	2	119	0	1953125	12	0.0	0	0.88	0	0	V0.2	0	0	214	162	189	205	151	238	132	249	160	227	211	178	259	128	276	138	246	203	178	267	81	294	92	266	213	186	300	67	342	94	341	305	316	404	216	464	131	286	417	351	776	447	872	773	1000	912	695	655	343	756	625	729	778	637	813	570	710	536	670	509	265	399	140	334	267	172	356	76	321	142	234	233	106	252	33	229	91	203	159	139	195	77	211	73	189
64	170	1	2	119	0	1953125	12	0.0	0	0.88	0	0	V0.2	0	0	157	194	126	218	126	216	157	190	206	150	239	125	245	152	211	210	145	254	80	262	120	211	213	121	279	24	296	135	251	230	189	386	173	408	196	383	289	95	435	299	659	575	656	952	773	1000	573	662	448	536	781	451	756	477	679	671	487	698	430	597	149	328	285	138	331	78	297	219	178	267	51	262	70	218	145	149	180	98	210	68	200	107	158	155	97
64	170	1	2	119	0	1953125	12	0.0	0	0.88	0	0	V0.2	0	0	150	200	122	218	132	214	171	181	216	141	245	131	241	168	197	224	131	259	85	256	144	193	231	93	284	38	285	160	227	248	156	390	168	394	212	351	304	48	411	321	632	605	603	959	748	1000	591	658	486	488	769	399	715	490	642	707	438	712	396	596	170	307	307	100	323	114	271	244	143	277	14	254	101	201	167	131	192	83	206	78	192	126	144	168	85
64	170	1	2	119	0	1953125	12	0.0	0	0.88	0	0	V0.2	0	0	165	195	138	221	132	221	161	196	206	162	243	134	250	150	221	207	159	258	89	265	115	223	210	136	278	20	299	120	264	223	194	385	169	414	172	388	266	90	435	285	693	569	683	946	791	1000	587	702	449	580	705	381	692	452	719	684	546	710	441	587	124	337	275	150	323	65	304	209	194	264	66	265	60	228	138	164	174	113	208	72	211	97	171	152	113
64	170	1	2	119	0	1953125	12	0.0	0	0.88	0	0	V0.2	0	0	193	114	192	142	169	180	139	214	122	222	136	201	183	157	228	107	239	108	218	171	153	238	49	264	80	244	182	172	275	90	325	155	364	247	311	352	122	301	241	427	597	485	809	602	1000	622	793	450	442	661	389	657	423	636	615	595	653	425	655	308	338	263	156	307	106	240	228	139	269	35	250	98	180	153	116	181	65	194	63	172	104	136	153	77	174
64	170	1	2	119	0	1953125	12	0.0	0	0.88	0	0	V0.2	0	0	132	209	115	214	145	199	192	159	228	126	247	141	227	193	172	241	104	265	104	238	182	156	255	38	285	94	266	211	185	291	117	398	207	385	284	316	363	35	393	391	596	696	564	979	753	1000	654	645	608	433	771	404	681	563	626	790	410	761	398	588	235	258	352	48	319	173	234	284	92	294	45	240	144	172	199	99	208	66	205	100	177	158	113	185	64
64	170	1	2	119	0	1953125	12	0.0	0	0.88	0	0	V0.2	0	0	153	199	122	222	132	215	172	182	216	142	247	130	244	166	202	223	133	262	84	258	142	196	231	98	284	37	289	162	232	255	158	394	165	401	217	359	314	74	416	312	662	611	600	944	732	1000	603	689	536	519	702	336	688	498	699	746	487	756	415	603	157	308	305	99	325	108	280	243	151	281	17	257	98	205	166	137	193	84	211	78	197	122	148	168	85
64	170	1	2	119	0	1953125	12	0.0	0	0.88	0	0	V0.2	0	0	156	200	124	221	129	216	168	186	212	147	246	128	245	161	207	220	137	263	79	263	134	205	227	108	285	29	295	154	245	256	173	398	171	412	224	381	327	99	450	310	686	629	648	975	771	1000	590	690	527	547	702	339	687	497	730	762	533	758	418	612	156	323	305	116	329	100	290	236	165	279	30	262	87	214	159	146	188	93	213	72	203	118	154	164	89
64	170	1	2	119	0	1953125	12	0.0	0	0.88	0	0	V0.2	0	0	162	196	130	223	129	222	164	194	211	153	247	130	251	156	215	213	148	262	81	266	125	213	218	123	283	17	300	139	254	241	185	397	164	403	190	375	303	97	458	311	694	619	671	952	763	1000	590	701	455	526	672	333	681	458	728	728	538	747	433	600	127	323	282	126	322	84	294	224	177	269	45	263	79	217	146	152	184	104	208	75	201	109	161	156	100
64	170	1	2	119	0	1953125	12	0.0	0	0.88	0	0	V0.2	0	0	136	207	123	215	148	199	192	163	227	134	245	147	226	193	174	240	114	262	107	237	180	160	254	46	285	85	264	205	191	288	113	401	206	383	264	312	342	25	415	410	608	710	573	993	750	1000	638	673	577	433	712	349	641	551	637	803	449	788	405	596	220	273	346	51	319	168	244	285	102	298	35	246	139	182	196	107	208	65	212	94	189	150	122	188	64
64	170	1	2	119	0	1953125	12	0.0	0	0.88	0	0	V0.2	0	0	158	196	128	222	127	219	161	190	209	153	244	126	247	153	212	212	147	259	76	266	121	215	217	126	284	27	302	135	259	247	192	393	171	418	212	408	319	138	456	302	687	611	667	964	766	1000	581	698	496	574	727	401	728	487	758	738	562	743	447	600	159	343	302	156	343	84	312	223	189	277	54	269	72	226	147	154	185	97	213	66	207	106	162	159	98
64	170	1	2	119	0	1953125	12	0.0	0	0.88	0	0	V0.2	0	0	146	195	118	212	127	206	165	176	206	139	235	126	235	161	193	214	130	252	82	248	138	190	222	92	274	33	280	156	226	247	149	375	156	376	203	350	307	86	428	334	624	590	573	910	730	999	629	708	457	458	636	297	619	454	642	705	447	703	373	559	133	289	285	89	304	104	257	230	137	263	16	239	98	193	158	130	182	85	202	78	189	119	141	160	84
64	170	1	2	119	0	1953125	12	0.0	0	0.89	0	0	V0.2	0	0	123	200	125	194	163	174	202	142	223	129	228	159	203	200	154	232	110	245	117	221	179	146	241	49	271	76	263	192	194	269	124	385	175	380	224	342	314	47	421	348	595	604	578	950	750	1000	610	677	474	450	593	230	568	441	623	725	459	729	404	580	160	314	275	106	287	83	248	203	140	236	49	222	81	194	123	157	153	121	187	83	188	89	163	130	118
64	170	1	2	119	0	1953125	12	0.0	0	0.88	0	0	V0.2	0	0	131	220	130	216	173	192	220	151	246	135	251	172	218	228	154	263	107	267	147	223	225	117	279	18	289	151	241	259	139	318	99	392	256	358	350	292	410	108	401	530	537	725	505	991	818	1000	768	609	640	357	705	371	555	609	541	901	427	821	446	586	310	228	385	55	302	230	186	325	34	305	107	221	191	143	229	75	220	77	203	136	158	189	90	202	71
64	170	1	2	119	0	1953125	12	0.0	0	0.88	0	0	V0.2	0	0	138	210	118	218	148	202	192	164	231	132	249	144	231	193	176	243	111	267	107	243	183	160	256	46	292	91	273	212	193	290	112	392	195	378	286	351	397	92	444	431	584	663	530	968	761	1000	658	622	554	396	697	338	634	573	644	807	439	769	384	576	234	275	354	55	322	170	241	286	93	297	43	243	146	176	200	102	210	65	209	102	180	157	118	186	65
64	170	1	2	119	0	1953125	12	0.0	0	0.88	0	0	V0.2	0	0	135	204	120	212	147	197	188	162	223	132	240	144	224	189	174	233	112	259	106	235	177	156	246	44	282	87	265	204	183	279	110	380	184	361	255	320	378	80	436	420	572	631	509	933	756	1000	670	636	516	366	653	308	610	559	622	778	407	741	365	546	200	252	328	37	307	159	229	270	88	283	40	232	136	175	192	104	202	70	205	97	182	148	120	182	68
64	170	1	2	119	0	1953125	12	0.0	0	0.89	0	0	V0.2	0	0	129	208	127	206	162	188	202	152	227	135	235	157	218	195	171	234	119	252	108	237	168	171	236	76	282	48	284	174	223	254	151	385	157	389	193	363	323	99	475	335	626	529	565	905	766	1000	602	653	402	452	570	245	613	466	691	725	535	731	428	571	138	333	273	145	310	54	279	188	173	234	69	231	71	206	115	168	148	134	184	90	197	83	174	124	129
64	170	1	2	119	0	1953125	12	0.0	0	0.89	0	0	V0.2	0	0	72	26	88	24	73	57	48	74	29	78	44	64	57	65	65	69	79	77	104	73	129	92	138	155	125	215	131	226	204	189	290	218	376	256	331	347	216	298	359	450	668	500	729	787	1000	956	858	638	445	515	492	398	543	590	670	797	563	731	551	532	276	230	289	135	212	180	142	209	112	158	128	76	114	53	99	61	69	83	48	80	59	70	72	47	69
64	170	1	2	119	0	1953125	12	0.0	0	0.89	0	0	V0.2	0	0	135	207	125	211	152	196	190	166	222	140	240	149	228	182	187	223	130	253	99	247	148	190	220	107	279	20	296	144	244	235	179	382	157	405	185	394	310	136	477	312	656	532	626	903	786	1000	604	676	361	503	526	231	575	404	681	660	553	675	446	553	119	344	232	167	288	23	282	160	189	211	92	224	68	208	98	176	129	149	172	103	192	77	181	109	142
64	170	1	2	119	0	1953125	12	0.0	0	0.89	0	0	V0.2	0	0	74	25	89	27	72	59	48	76	28	76	44	63	60	66	66	70	81	77	105	73	132	94	136	161	126	218	132	232	211	189	296	228	389	274	353	371	247	327	387	473	701	523	739	787	1000	948	809	590	445	532	532	410	576	620	710	820	605	745	572	543	323	249	333	167	235	213	161	232	137	169	146	82	127	60	106	71	68	88	49	84	61	71	77	49	74
64	170	1	2	119	0	1953125	12	0.0	0	0.89	0	0	V0.2	0	0	80	21	94	30	75	64	48	80	29	81	48	67	62	71	71	72	86	75	110	75	139	103	142	173	128	230	141	242	227	197	308	244	402	295	348	395	247	325	389	482	726	545	757	849	998	1000	830	640	480	546	585	477	603	648	718	821	545	735	547	556	316	255	338	165	224	211	157	224	135	162	145	77	124	64	103	73	67	96	50	83	62	72	79	49	73
64	170	1	2	119	0	1953125	12	0.0	0	0.89	0	0	V0.2	0	0	131	209	126	207	160	190	202	155	228	135	239	153	222	195	177	231	120	255	106	242	161	178	240	82	284	39	291	171	236	257	158	399	176	407	219	360	333	127	449	318	678	598	601	949	748	1000	613	717	410	467	583	242	617	430	694	680	496	697	429	590	142	352	279	155	306	45	287	177	183	230	77	231	67	211	112	172	141	140	185	96	195	77	175	121	134
64	170	1	2	119	0	1953125	12	0.0	0	0.89	0	0	V0.2	0	0	70	23	85	21	72	54	46	73	24	75	39	61	53	63	62	66	73	68	98	65	125	85	138	155	118	210	123	228	198	188	284	221	375	258	311	335	172	254	304	399	651	504	726	817	1000	933	816	626	391	447	431	297	538	530	636	765	519	663	504	503	260	215	305	134	201	184	135	209	112	148	128	62	112	47	93	60	63	78	39	74	53	65	70	39	64
64	170	1	2	119	0	1953125	12	0.0	0	0.89	0	0	V0.2	0	0	174	211	148	236	145	238	173	216	217	183	255	153	266	157	247	206	197	256	125	282	92	267	173	211	266	107	328	56	331	154	295	365	249	431	162	454	208	267	428	265	789	431	758	799	924	1000	755	748	296	659	452	417	656	462	801	573	690	565	624	512	205	395	140	290	255	112	318	49	274	141	189	209	105	222	77	209	94	203	137	162	176	106	197	86	185
64	170	1	2	119	0	1953125	12	0.0	0	0.89	0	0	V0.2	0	0	138	207	128	212	155	195	195	167	225	142	241	153	228	186	185	229	130	254	103	246	149	191	225	105	283	21	296	151	251	240	179	390	152	393	180	387	319	153	485	307	657	512	582	873	736	1000	612	691	328	448	534	262	602	403	700	705	529	642	442	566	116	331	270	170	310	27	293	168	190	221	88	230	67	210	106	174	136	148	176	104	195	78	180	116	139
64	170	1	2	119	0	1953125	12	0.0	0	0.89	0	0	V0.2	0	0	74	8	78	34	60	60	33	69	21	66	39	53	51	52	53	59	68	63	87	60	114	74	130	143	122	201	122	232	189	205	281	230	372	237	327	328	208	307	303	467	649	538	762	789	1000	878	829	623	438	515	409	328	447	488	596	657	520	670	506	509	231	243	262	117	211	119	138	169	64	138	63	73	70	41	82	24	80	51	58	70	47	71	45	48	50
64	170	1	2	119	0	1953125	12	0.0	0	0.89	0	0	V0.2	0	0	62	41	84	7	82	44	59	66	34	73	35	66	53	69	58	75	73	83	94	80	130	81	158	143	151	214	139	260	191	222	278	242	402	249	376	359	237	330	289	456	662	556	814	828	1000	865	816	601	429	565	486	363	505	517	705	800	591	703	572	561	265	285	330	173	263	183	184	227	114	186	120	97	118	55	114	50	78	75	53	85	51	82	67	52	72
64	170	1	2	119	0	1953125	12	0.0	0	0.89	0	0	V0.2	0	0	62	41	84	7	82	44	59	66	34	73	35	66	53	69	58	75	73	83	94	80	130	81	158	143	151	214	139	260	191	222	278	242	402	249	376	359	237	330	289	456	662	556	814	828	1000	865	816	601	429	565	486	363	505	517	705	800	591	703	572	561	265	285	330	173	263	183	184	227	114	186	120	97	118	55	114	50	78	75	53	85	51	82	67	52	72
64	170	1	2	119	0	1953125	12	0.0	0	0.89	0	0	V0.2	0	0	59	45	81	11	79	40	62	65	37	72	37	67	51	68	59	73	67	84	91	82	127	81	156	135	149	204	134	249	184	228	256	227	374	225	354	328	227	298	234	425	602	538	777	783	1000	877	854	637	478	599	520	411	502	536	673	777	606	684	542	531	240	264	301	156	252	166	179	210	102	176	107	96	112	52	107	45	81	70	55	77	48	77	60	50	67
64	170	1	2	119	0	1953125	12	0.0	0	0.89	0	0	V0.2	0	0	165	216	141	234	153	228	186	202	228	171	257	153	260	173	233	218	175	264	113	279	112	251	199	174	285	65	331	91	321	193	250	371	192	415	139	437	262	207	431	213	725	432	743	868	847	1000	680	757	319	630	533	335	596	401	785	677	709	656	566	547	123	376	204	257	309	65	329	92	256	183	155	231	83	228	82	205	111	190	163	139	192	91	200	97	176
64	170	1	2	119	0	1953125	12	0.0	0	0.89	0	0	V0.2	0	0	149	216	140	221	166	209	205	175	237	156	253	161	241	194	199	238	139	267	114	260	155	201	236	110	294	15	308	158	268	247	176	403	153	407	182	383	326	113	439	266	655	528	622	938	745	1000	596	740	335	494	525	135	551	352	666	698	574	692	453	578	77	339	248	173	310	27	296	163	196	222	98	233	83	213	113	183	141	158	183	116	200	90	187	120	152
64	170	1	2	119	0	1953125	12	0.0	0	0.89	0	0	V0.2	0	0	65	41	85	11	80	45	56	70	29	74	36	67	49	65	60	72	69	79	95	73	128	78	150	143	139	211	134	253	194	211	265	234	402	259	361	344	205	305	254	416	648	533	820	803	999	890	832	628	434	509	448	344	469	540	685	813	610	676	534	535	240	248	300	139	236	171	163	214	100	167	112	86	115	46	103	50	73	74	50	78	47	72	67	44	64
64	170	1	2	119	0	1953125	12	0.0	0	0.89	0	0	V0.2	0	0	133	202	124	209	148	195	186	165	218	139	236	143	226	175	187	219	133	247	97	247	135	193	212	116	278	17	288	132	250	219	197	384	157	385	161	384	301	193	435	258	631	480	618	867	774	1000	545	635	329	499	566	307	635	408	675	632	523	616	440	548	113	334	248	189	301	21	294	143	199	202	100	221	63	210	94	176	128	152	169	106	186	74	177	108	144
64	170	1	2	119	0	1953125	12	0.0	0	0.89	0	0	V0.2	0	0	84	3	87	49	62	74	29	79	21	71	48	56	61	59	67	60	87	64	108	68	126	109	120	186	108	231	154	216	250	157	316	251	361	307	276	380	184	266	343	362	702	522	771	902	1000	998	823	628	426	453	531	310	505	605	607	813	496	723	570	515	317	194	322	178	190	217	131	205	145	126	150	58	112	67	81	79	46	93	49	76	68	57	79	43	66
64	170	1	2	119	0	1953125	12	0.0	0	0.89	0	0	V0.2	0	0	123	199	131	193	164	172	203	142	224	133	224	162	202	204	152	232	111	241	119	220	178	146	240	45	271	80	263	199	196	266	116	375	162	368	228	294	327	71	375	311	568	563	505	912	723	1000	648	667	421	391	563	189	538	429	577	705	417	694	363	537	157	292	300	102	296	90	248	206	136	235	45	215	92	186	133	145	156	116	185	85	187	94	156	135	110
64	170	1	2	119	0	1953125	12	0.0	0	0.89	0	0	V0.2	0	0	89	7	89	54	59	78	26	84	28	72	54	56	65	61	75	62	91	64	113	73	123	119	113	194	104	230	172	207	267	152	314	253	338	307	266	402	224	266	343	374	683	545	730	901	957	1000	836	695	475	475	607	337	501	596	570	796	503	728	566	485	306	175	305	180	160	215	128	188	151	109	148	60	103	75	70	83	38	94	49	68	72	50	78	41	59
64	170	1	2	119	0	1953125	12	0.0	0	0.89	0	0	V0.2	0	0	52	51	75	9	79	30	66	57	39	67	34	66	47	65	56	72	61	84	83	84	118	75	154	121	157	200	142	246	167	239	245	235	372	209	361	290	220	293	209	461	583	519	739	747	999	879	852	589	400	539	464	404	489	490	641	660	575	671	582	534	228	272	285	145	252	151	186	204	92	178	90	101	99	53	106	29	81	60	60	72	49	79	55	57	64
64	170	1	2	119	0	1953125	12	0.0	0	0.89	0	0	V0.2	0	0	74	6	78	38	57	62	29	70	22	64	42	50	51	50	55	57	68	61	86	60	111	76	127	143	119	197	117	220	191	185	268	220	360	223	284	313	179	272	258	364	569	458	732	785	1000	923	835	659	419	525	408	311	400	438	539	642	515	649	561	548	268	249	287	133	227	136	138	172	66	143	67	74	76	40	83	23	76	52	55	67	44	71	43	46	53
64	170	1	2	119	0	1953125	12	0.0	0	0.89	0	0	V0.2	0	0	66	27	81	16	70	47	49	65	23	68	33	59	47	60	55	65	66	72	90	69	118	75	140	139	136	207	128	239	187	212	272	223	379	218	326	303	207	289	238	373	583	489	763	802	1000	934	864	691	483	601	489	345	465	508	622	658	558	667	543	531	247	259	301	145	240	157	166	200	91	161	97	85	101	49	101	36	83	70	58	79	51	77	59	51	66
64	170	1	2	119	0	1953125	12	0.0	0	0.89	0	0	V0.2	0	0	66	27	81	16	70	47	49	65	23	68	33	59	47	60	55	65	66	72	90	69	118	75	140	139	136	207	128	239	187	212	272	223	379	218	326	303	207	289	238	373	583	489	763	802	1000	934	864	691	483	601	489	345	465	508	622	658	558	667	543	531	247	259	301	145	240	157	166	200	91	161	97	85	101	49	101	36	83	70	58	79	51	77	59	51	66
64	170	1	2	119	0	1953125	12	0.0	0	0.89	0	0	V0.2	0	0	149	218	137	227	159	213	200	179	235	154	252	156	246	187	208	233	145	265	104	265	143	214	223	126	292	17	312	143	271	236	201	378	141	403	159	402	298	187	430	252	645	492	641	929	767	1000	591	756	362	602	579	331	579	348	713	628	540	650	459	567	115	374	255	208	320	17	311	141	214	210	112	231	75	223	100	189	131	166	176	118	200	83	189	113	154
64	170	1	2	119	0	1953125	12	0.0	0	0.89	0	0	V0.2	0	0	70	27	86	17	69	53	47	70	23	70	35	60	52	63	58	67	70	74	95	72	127	82	145	153	135	219	132	247	200	209	278	216	372	224	333	358	238	311	276	422	622	482	752	808	1000	930	845	711	496	638	559	431	507	569	714	797	574	713	556	549	269	273	331	161	262	190	179	220	107	173	114	86	112	51	110	49	83	78	56	86	56	80	68	53	73
64	170	1	2	119	0	1953125	12	0.0	0	0.89	0	0	V0.2	0	0	126	199	122	198	152	180	191	150	217	132	225	148	211	185	169	221	119	241	102	230	154	168	224	73	268	44	271	168	217	241	144	346	129	345	173	342	279	94	365	241	555	477	497	869	710	1000	634	739	410	481	547	215	521	344	593	609	446	649	396	542	117	327	268	151	305	35	270	162	171	208	76	213	72	196	106	163	136	133	174	93	185	75	168	118	128
64	170	1	2	119	0	1953125	12	0.0	0	0.89	0	0	V0.2	0	0	75	37	60	67	25	76	14	65	38	48	56	34	59	40	57	40	75	44	86	59	98	104	90	171	95	207	152	188	241	140	289	222	327	283	254	369	184	261	332	367	610	467	687	872	968	1000	867	752	563	554	578	365	494	528	554	780	487	699	550	539	306	226	314	157	196	175	112	169	92	111	97	41	86	30	87	52	73	83	47	83	55	67	65	40	67
64	170	1	2	119	0	1953125	12	0.0	0	0.89	0	0	V0.2	0	0	140	205	127	212	142	202	184	174	221	142	237	140	231	175	198	216	138	247	98	253	130	206	206	126	276	26	305	129	264	214	205	355	146	377	138	364	259	150	385	222	620	422	549	801	715	1000	664	791	391	604	540	342	580	354	662	616	567	640	486	537	103	356	219	220	289	28	292	117	211	185	124	215	71	211	81	186	116	167	160	117	185	75	183	101	153
64	170	1	2	119	0	1953125	12	0.0	0	0.89	0	0	V0.2	0	0	53	45	77	7	74	34	58	56	33	63	29	62	45	59	50	69	59	81	81	80	111	71	146	115	155	189	144	238	159	231	237	232	351	198	334	267	224	271	183	427	553	474	685	684	1000	874	923	666	534	593	488	435	444	518	679	702	595	658	596	532	237	302	278	168	240	112	195	179	97	167	68	105	83	68	99	37	93	59	72	71	54	81	50	62	59
64	170	1	2	119	0	1953125	12	0.0	0	0.89	0	0	V0.2	0	0	75	20	86	25	71	58	43	74	23	74	39	61	56	62	64	66	75	70	101	70	128	88	142	161	130	228	141	250	214	208	302	224	387	260	338	376	210	296	262	395	613	468	720	794	1000	968	914	763	550	638	607	451	557	589	718	839	604	769	605	595	311	305	359	178	257	192	173	221	111	173	120	85	119	59	111	61	83	93	59	90	62	82	76	52	77
64	170	1	2	119	0	1953125	12	0.0	0	0.89	0	0	V0.2	0	0	127	208	124	205	161	186	201	151	229	132	236	153	219	195	170	234	115	255	103	239	165	173	239	70	289	56	292	188	232	268	164	388	161	385	222	356	347	123	391	278	567	501	508	868	689	1000	665	788	477	517	657	311	648	463	722	723	540	742	468	611	159	371	312	187	330	38	299	174	189	229	80	232	62	216	112	172	150	136	189	89	200	77	176	124	133
64	170	1	2	119	0	1953125	12	0.0	0	0.89	0	0	V0.2	0	0	137	207	126	218	151	202	187	170	224	143	244	145	234	175	195	221	137	256	93	256	135	205	218	119	286	22	305	141	270	229	202	375	158	392	159	389	295	175	394	215	603	414	551	843	723	999	665	814	400	567	565	308	625	442	759	649	604	706	518	586	135	399	262	229	311	32	313	128	225	201	119	223	65	222	88	189	124	160	173	113	198	74	186	102	151
64	170	1	2	119	0	1953125	12	0.0	0	0.89	0	0	V0.2	0	0	73	17	84	27	69	58	44	74	22	72	39	61	54	62	62	66	75	71	101	71	125	88	136	158	126	223	137	245	215	204	288	213	373	253	321	358	225	316	256	374	579	441	709	802	1000	981	917	781	550	594	571	428	582	615	687	789	604	789	599	599	304	300	351	180	258	187	175	218	117	170	122	87	115	58	109	62	83	91	62	91	67	81	80	53	77
64	170	1	2	119	0	1953125	12	0.0	0	0.89	0	0	V0.2	0	0	79	16	88	30	71	63	44	76	22	75	41	62	58	64	67	67	77	70	107	72	130	94	141	168	130	234	146	249	230	211	316	230	393	265	331	409	253	340	277	390	623	485	721	807	1000	978	865	754	615	621	630	471	687	668	745	834	613	793	624	626	316	298	364	193	266	206	179	231	127	179	133	91	125	64	115	68	85	99	63	96	69	86	83	55	81
64	170	1	2	119	0	1953125	12	0.0	0	0.89	0	0	V0.2	0	0	152	207	128	222	135	217	170	190	215	155	242	135	248	155	221	204	163	252	95	267	97	239	184	176	271	73	322	91	317	201	266	359	199	389	136	442	248	273	388	203	659	410	653	778	763	1000	702	810	387	646	554	444	727	543	801	586	713	645	619	575	197	419	203	308	290	113	331	70	274	160	177	214	84	225	57	206	91	188	150	133	185	79	195	76	173
64	170	1	2	119	0	1953125	12	0.0	0	0.89	0	0	V0.2	0	0	140	202	121	216	134	207	171	176	212	142	237	131	237	156	206	205	146	248	85	260	107	224	195	156	273	54	312	107	298	211	247	366	183	383	141	417	258	229	375	190	615	412	612	773	741	1000	697	822	425	622	574	394	723	536	794	597	661	655	586	594	191	421	220	291	297	97	327	87	261	170	163	218	69	225	56	201	98	177	153	127	183	68	190	80	164
64	170	1	2	119	0	1953125	12	0.0	0	0.89	0	0	V0.2	0	0	68	33	86	15	76	50	55	72	31	76	38	67	55	69	64	74	72	83	101	84	133	89	157	153	156	226	150	269	218	248	296	244	396	239	351	375	283	342	246	411	577	496	711	739	1000	967	937	799	602	687	642	539	711	720	801	780	680	767	644	637	336	352	370	225	311	204	227	241	139	208	124	122	127	80	128	64	100	91	74	99	66	96	78	66	82
64	170	1	2	119	0	1953125	12	0.0	0	0.89	0	0	V0.2	0	0	134	202	121	214	143	198	182	166	219	138	239	138	229	170	191	214	136	252	88	251	126	205	213	125	283	30	305	136	275	236	203	370	159	370	153	392	297	171	357	179	566	419	541	810	731	1000	642	803	445	588	590	311	697	453	750	583	593	648	520	597	164	404	231	250	300	55	314	116	231	190	131	222	58	219	76	190	116	161	166	111	193	68	185	96	150
64	170	1	2	119	0	1953125	12	0.0	0	0.89	0	0	V0.2	0	0	86	4	84	42	61	65	35	83	24	70	49	58	57	60	69	59	78	67	109	64	125	105	130	174	124	233	151	236	253	194	316	237	373	266	288	381	193	260	255	327	586	449	690	798	969	1000	878	774	604	638	696	488	705	669	736	842	623	803	644	642	361	305	380	213	265	231	179	237	143	181	153	88	135	78	112	82	78	106	58	99	77	77	86	56	79
64	170	1	2	119	0	1953125	12	0.0	0	0.89	0	0	V0.2	0	0	138	215	169	186	215	156	248	140	253	166	227	216	184	259	134	271	134	249	191	193	254	83	294	61	289	197	236	309	132	358	119	404	276	323	365	253	413	84	320	431	431	663	452	971	830	1000	880	721	783	465	857	417	710	729	621	913	441	876	497	703	343	324	444	99	370	195	255	308	87	307	50	244	155	181	202	115	219	74	226	99	200	155	136	192	82
64	170	1	2	119	0	1953125	12	0.0	0	0.89	0	0	V0.2	0	0	138	215	169	186	215	156	248	140	253	166	227	216	184	259	134	271	134	249	191	193	254	83	294	61	289	197	236	309	132	358	119	404	276	323	365	253	413	84	320	431	431	663	452	971	830	1000	880	721	783	465	857	417	710	729	621	913	441	876	497	703	343	324	444	99	370	195	255	308	87	307	50	244	155	181	202	115	219	74	226	99	200	155	136	192	82
64	170	1	2	119	0	1953125	12	0.0	0	0.89	0	0	V0.2	0	0	88	23	81	66	44	82	19	82	37	67	61	51	68	56	76	55	89	62	110	79	117	130	109	195	119	231	187	211	283	166	315	262	343	323	263	404	237	286	318	327	568	474	659	875	935	1000	861	744	674	640	757	545	745	761	697	935	649	841	688	630	443	312	407	273	258	271	192	242	194	161	184	95	138	105	99	110	65	117	70	92	95	71	97	60	78
64	170	1	2	119	0	1953125	12	0.0	0	0.89	0	0	V0.2	0	0	131	212	164	181	209	148	242	135	245	158	222	210	178	254	125	265	128	244	187	187	248	76	292	64	284	193	232	304	132	350	124	404	281	343	351	256	447	129	363	425	449	691	465	923	815	1000	876	725	737	444	818	366	713	784	713	972	486	909	536	689	349	316	432	93	358	186	247	294	87	303	48	238	145	181	197	115	214	71	223	93	196	149	135	185	79
64	170	1	2	119	0	1953125	12	0.0	0	0.89	0	0	V0.2	0	0	131	212	164	181	209	148	242	135	245	158	222	210	178	254	125	265	128	244	187	187	248	76	292	64	284	193	232	304	132	350	124	404	281	343	351	256	447	129	363	425	449	691	465	923	815	1000	876	725	737	444	818	366	713	784	713	972	486	909	536	689	349	316	432	93	358	186	247	294	87	303	48	238	145	181	197	115	214	71	223	93	196	149	135	185	79
64	170	1	2	119	0	1953125	12	0.0	0	0.89	0	0	V0.2	0	0	134	215	155	195	201	166	234	143	244	155	232	198	196	239	144	261	124	251	163	207	228	110	276	28	287	151	246	265	151	315	82	388	224	345	266	263	363	45	332	368	457	594	421	903	758	1000	767	685	611	395	771	273	674	586	668	885	481	884	502	690	284	342	401	104	348	145	269	270	115	288	25	246	127	195	175	136	199	93	220	84	203	135	154	173	98
64	170	1	2	119	0	1953125	12	0.0	0	0.89	0	0	V0.2	0	0	92	14	85	59	52	81	25	84	32	71	60	57	69	61	77	59	93	64	116	79	125	130	111	196	115	231	183	212	278	162	313	253	341	320	270	420	209	263	313	329	587	474	611	821	915	1000	860	709	659	629	770	534	719	771	712	945	657	825	700	629	426	292	389	256	239	262	187	235	203	159	190	100	134	108	93	113	57	113	75	82	92	65	95	61	74
64	170	2	2	119	0	1953125	12	0.0	0	0.88	0	0	V0.2	0	0	132	219	145	205	191	174	232	143	249	148	240	194	202	242	141	271	118	261	171	208	241	97	293	46	287	189	227	301	129	345	106	385	284	343	358	245	441	124	350	438	424	663	428	900	807	940	845	621	740	448	907	450	718	786	705	1000	525	896	552	690	394	303	465	115	371	243	244	345	77	333	105	243	199	154	245	62	240	65	221	135	173	195	91	215	58
64	170	1	2	119	0	1953125	12	0.0	0	0.89	0	0	V0.2	0	0	137	205	178	172	217	143	246	139	241	171	212	222	168	261	125	264	142	234	204	168	261	59	292	91	271	219	208	324	119	357	134	393	312	324	392	260	436	133	347	483	423	675	429	942	891	956	873	586	762	450	887	476	731	797	644	1000	533	924	589	710	426	319	470	122	367	229	237	326	68	312	81	233	175	158	217	87	221	63	223	111	184	170	112	198	63
64	170	2	2	119	0	1953125	12	0.0	0	0.88	0	0	V0.2	0	0	128	228	130	222	177	194	225	150	254	136	260	173	224	230	156	274	103	277	148	231	233	122	296	16	304	164	253	286	160	347	108	404	256	356	338	292	412	58	333	418	439	627	366	886	813	1000	861	648	774	490	902	470	799	803	699	982	526	921	544	714	391	333	468	120	384	236	257	351	84	339	103	253	206	155	252	60	241	69	219	140	168	200	82	216	62
64	170	2	2	119	0	1953125	12	0.0	0	0.88	0	0	V0.2	0	0	218	172	194	215	162	241	148	252	174	233	219	191	259	146	280	147	257	201	195	265	102	301	83	284	204	213	311	91	367	86	362	277	337	368	228	489	132	363	298	291	649	308	746	682	1000	949	861	727	465	856	555	673	717	754	856	648	842	598	804	534	378	445	153	396	223	242	339	87	341	94	275	201	159	246	69	248	62	233	125	185	178	114	217	58	212
64	170	2	2	119	0	1953125	12	0.0	0	0.89	0	0	V0.2	0	0	121	207	146	187	189	158	224	132	235	145	222	186	188	228	135	250	112	244	151	204	215	110	269	14	282	140	247	253	163	314	105	390	207	349	268	289	384	64	330	352	467	563	382	872	719	1000	739	659	644	442	806	375	731	646	679	863	529	855	512	709	297	377	384	137	366	133	282	260	138	285	3	249	110	196	171	132	195	86	215	74	203	119	150	167	92
64	170	2	2	119	0	1953125	12	0.0	0	0.88	0	0	V0.2	0	0	128	221	131	216	171	189	217	149	246	137	248	171	216	223	155	262	104	268	143	225	222	122	283	14	296	156	250	270	157	339	102	389	244	348	319	262	409	66	311	386	405	598	387	902	799	1000	819	634	734	436	857	442	726	717	679	977	555	905	542	705	355	325	437	105	373	219	252	332	87	329	89	252	194	159	242	65	237	61	219	133	165	191	90	214	53
64	170	2	2	119	0	1953125	12	0.0	0	0.88	0	0	V0.2	0	0	151	190	126	210	126	208	157	184	200	149	231	125	236	145	210	196	151	243	80	256	101	219	197	142	273	38	303	116	281	227	212	360	168	391	160	398	279	196	349	177	549	382	515	812	718	1000	618	738	494	618	726	470	807	543	832	738	716	733	580	650	212	439	280	259	351	84	352	164	253	246	122	272	12	246	103	187	158	131	204	65	212	64	188	128	129
64	170	2	2	119	0	1953125	12	0.0	0	0.88	0	0	V0.2	0	0	131	230	137	221	186	189	232	149	257	141	257	186	219	244	150	279	108	277	165	220	245	106	300	43	298	187	241	299	133	353	112	391	283	323	356	242	431	74	290	413	377	611	370	909	853	993	879	622	742	378	866	493	768	760	639	1000	509	890	543	694	384	294	443	97	355	243	221	343	55	327	121	230	213	137	252	51	240	87	211	156	155	207	77	214	78
64	170	2	2	119	0	1953125	12	0.0	0	0.88	0	0	V0.2	0	0	125	217	118	216	158	189	207	148	240	125	248	156	220	210	156	255	98	270	127	230	208	132	279	4	297	141	261	261	170	329	116	388	237	339	308	286	419	94	334	366	453	580	380	886	776	1000	792	644	686	414	835	452	798	712	702	975	554	854	491	677	320	321	421	115	373	202	262	318	101	318	78	248	177	160	227	67	227	55	213	122	170	179	90	202	51
64	170	2	2	119	0	1953125	12	0.0	0	0.89	0	0	V0.2	0	0	91	23	83	64	46	82	21	83	38	68	59	52	67	55	78	55	91	61	114	79	117	129	101	193	111	220	187	192	280	150	306	255	322	310	224	386	228	256	272	284	542	432	584	846	920	999	828	650	602	519	710	497	706	726	662	954	664	814	684	603	415	274	357	256	222	253	179	219	200	138	183	102	127	113	84	115	52	110	73	76	93	59	93	60	70
64	170	2	2	119	0	1953125	12	0.0	0	0.89	0	0	V0.2	0	0	150	193	122	212	126	207	164	180	205	144	231	130	231	157	199	202	141	242	85	253	120	205	204	126	278	26	300	142	264	242	189	369	157	371	168	369	283	155	343	205	519	412	456	834	692	1000	626	704	518	520	720	358	782	516	703	796	615	804	505	684	237	399	344	185	364	93	299	228	170	271	30	249	92	195	153	135	184	85	205	69	192	112	145	161	87
64	170	2	2	119	0	1953125	12	0.0	0	0.89	0	0	V0.2	0	0	81	10	87	36	68	68	39	79	25	74	47	62	58	61	68	65	81	70	111	69	129	102	134	172	121	234	148	234	243	190	309	222	368	259	282	369	194	275	223	313	547	406	625	767	945	999	854	714	581	611	710	536	757	676	709	896	701	840	681	676	399	329	384	229	282	241	194	255	165	187	168	105	147	84	117	94	74	108	64	95	75	77	93	55	82
64	170	2	2	119	0	1953125	12	0.0	0	0.89	0	0	V0.2	0	0	134	200	117	213	139	199	178	166	216	137	237	131	229	165	194	211	138	249	82	254	118	213	203	136	279	37	306	124	286	231	225	371	182	390	150	401	254	195	343	180	578	378	551	778	715	1000	640	751	437	615	646	437	800	514	808	693	741	721	623	672	246	467	254	305	335	102	347	118	270	201	156	244	44	233	60	202	116	168	168	108	191	57	195	91	155
64	170	2	2	119	0	1953125	12	0.0	0	0.89	0	0	V0.2	0	0	86	9	90	45	65	74	38	83	29	77	51	63	63	65	73	67	89	71	115	78	135	113	131	182	120	231	162	234	260	190	320	242	378	294	291	399	227	291	246	311	554	451	649	794	926	1000	842	691	594	621	755	569	823	759	735	870	658	807	671	667	430	337	392	246	281	256	195	251	185	182	184	107	149	95	114	103	69	111	71	93	81	75	95	60	80
64	170	2	2	119	0	1953125	12	0.0	0	0.89	0	0	V0.2	0	0	120	205	124	200	165	174	202	141	227	129	229	156	208	199	159	233	110	251	106	229	173	160	245	57	288	71	283	200	225	287	147	389	182	382	231	368	340	125	344	226	509	477	463	855	692	1000	638	673	547	520	775	398	857	584	778	768	615	778	519	709	264	445	353	232	383	84	337	200	217	262	80	263	49	225	122	170	163	123	203	64	206	78	179	135	122
64	170	2	2	119	0	1953125	12	0.0	0	0.89	0	0	V0.2	0	0	82	26	95	29	79	62	52	83	30	82	48	70	61	72	72	74	83	83	116	81	141	103	155	176	142	240	154	258	244	222	319	237	409	273	330	411	243	315	221	352	563	455	701	795	1000	999	879	705	561	656	734	551	814	750	771	866	682	834	686	709	409	368	394	229	307	235	213	259	159	204	165	114	148	81	127	90	86	107	69	101	73	87	90	57	85
64	170	2	2	119	0	1953125	12	0.0	0	0.89	0	0	V0.2	0	0	126	210	131	206	168	182	209	148	234	137	236	164	214	204	167	239	117	256	114	236	176	162	250	58	291	70	284	201	222	285	141	391	175	378	209	355	311	105	333	241	520	472	439	856	696	1000	656	704	495	478	718	306	781	521	704	738	566	790	516	710	243	429	323	206	357	59	320	199	200	255	72	256	63	221	124	169	166	127	200	76	207	84	178	138	125
64	170	2	2	119	0	1953125	12	0.0	0	0.89	0	0	V0.2	0	0	70	31	87	17	76	52	52	73	29	74	39	66	53	66	64	70	73	81	103	76	130	88	151	152	142	221	138	249	213	220	290	221	395	243	319	354	221	276	181	353	547	444	682	751	1000	956	880	694	519	625	652	495	725	696	736	808	673	810	679	695	382	376	373	218	299	205	214	250	146	207	144	123	140	75	128	73	90	96	69	100	69	92	81	60	84
64	170	1	2	119	0	1953125	12	0.0	0	0.89	0	0	V0.2	0	0	70	38	88	18	80	46	62	76	33	77	44	69	53	72	67	72	76	88	104	83	135	90	156	152	158	225	145	261	213	230	285	234	406	236	346	373	249	292	175	384	549	468	697	743	1000	936	888	705	551	675	729	620	808	758	797	821	699	808	700	709	413	405	385	239	327	222	235	258	156	221	149	138	146	83	135	77	104	101	75	101	67	94	82	67	83
64	170	1	2	119	0	1953125	12	0.0	0	0.89	0	0	V0.2	0	0	70	38	88	18	80	46	62	76	33	77	44	69	53	72	67	72	76	88	104	83	135	90	156	152	158	225	145	261	213	230	285	234	406	236	346	373	249	292	175	384	549	468	697	743	1000	936	888	705	551	675	729	620	808	758	797	821	699	808	700	709	413	405	385	239	327	222	235	258	156	221	149	138	146	83	135	77	104	101	75	101	67	94	82	67	83
64	170	1	2	119	0	1953125	12	0.0	0	0.89	0	0	V0.2	0	0	140	205	122	217	138	207	179	174	217	143	240	136	237	163	203	211	145	253	86	262	113	220	204	148	279	43	313	121	296	226	229	372	193	399	151	442	239	231	334	172	603	395	581	794	745	1000	661	770	404	631	690	475	831	579	828	637	683	706	629	685	270	478	227	314	325	115	344	96	273	188	166	236	61	235	54	209	107	177	165	118	198	62	200	84	165
64	170	1	2	119	0	1953125	12	0.0	0	0.89	0	0	V0.2	0	0	90	7	94	48	67	77	38	88	30	79	53	65	66	67	77	71	93	75	119	78	138	118	135	193	126	241	168	236	273	184	325	246	389	306	298	434	244	306	247	318	584	491	678	846	961	1000	835	703	582	628	804	572	813	814	780	899	643	839	700	693	472	350	408	253	282	265	192	255	183	177	185	102	148	93	115	108	72	117	73	96	87	77	97	60	83
64	170	1	2	119	0	1953125	12	0.0	0	0.88	0	0	V0.2	0	0	158	203	128	226	132	218	172	190	216	151	249	130	250	161	211	222	145	266	80	270	135	211	231	111	295	33	302	168	249	266	167	383	169	389	201	387	316	168	316	201	519	486	455	843	668	1000	637	731	489	522	772	396	816	596	805	739	593	781	531	713	252	440	334	211	371	77	331	225	202	284	55	278	80	228	161	152	196	91	224	69	204	116	159	172	90
64	170	1	2	119	0	1953125	12	0.0	0	0.88	0	0	V0.2	0	0	198	185	167	223	139	239	144	235	186	205	232	158	263	131	267	163	225	231	147	281	64	286	135	243	250	147	327	56	353	155	319	331	279	418	177	507	207	339	322	209	635	343	699	742	883	1000	769	817	391	781	655	672	802	717	924	678	830	673	778	659	353	515	205	395	300	205	373	72	336	152	238	237	111	261	28	245	84	216	160	151	208	74	225	68	198
64	170	1	2	119	0	1953125	12	0.0	0	0.89	0	0	V0.2	0	0	122	198	111	203	139	185	182	154	215	125	229	132	220	169	178	215	119	245	81	247	133	189	217	104	278	32	294	154	251	246	191	375	176	383	179	394	304	197	332	192	544	438	500	777	672	1000	656	783	412	561	678	412	767	563	800	660	622	719	564	685	253	456	266	266	326	70	325	127	234	205	125	230	42	222	71	189	123	153	174	93	197	55	184	97	146
64	170	1	2	119	0	1953125	12	0.0	0	0.89	0	0	V0.2	0	0	65	49	89	18	87	46	66	71	42	77	43	74	57	77	69	82	78	94	106	92	139	91	165	147	164	220	153	264	202	247	282	245	411	239	368	370	311	330	179	398	534	495	689	720	1000	940	874	696	538	684	707	631	773	796	843	823	709	780	690	703	410	427	382	252	323	201	249	247	156	217	134	136	133	86	137	72	104	96	80	101	72	96	81	69	85
64	170	1	2	119	0	1953125	12	0.0	0	0.88	0	0	V0.2	0	0	133	222	119	226	158	204	208	159	245	128	260	153	235	210	169	261	104	280	118	249	206	152	282	23	309	125	275	255	174	328	111	397	235	360	317	336	442	105	360	327	458	614	373	851	741	1000	757	685	684	494	898	443	843	766	807	930	546	864	509	717	356	390	443	147	398	175	293	311	125	327	50	268	159	186	224	92	234	51	228	107	185	176	111	208	53
64	170	1	2	119	0	1953125	12	0.0	0	0.88	0	0	V0.2	0	0	205	180	176	221	144	241	141	242	180	214	227	167	263	133	271	159	235	224	158	279	70	290	122	251	236	158	322	52	349	137	321	318	278	398	187	512	204	362	309	233	639	320	677	682	865	1000	766	816	426	820	616	671	771	716	903	649	815	627	766	613	356	505	194	402	276	209	363	65	333	139	243	231	120	258	37	249	78	221	156	160	205	79	222	63	202
64	170	1	2	119	0	1953125	12	0.0	0	0.89	0	0	V0.2	0	0	114	208	124	198	168	171	209	133	230	127	231	160	203	206	148	242	99	254	114	227	186	144	256	39	290	96	272	221	200	299	130	388	196	371	254	354	380	143	366	250	490	518	416	827	688	1000	687	757	571	538	790	385	786	608	761	790	573	812	518	719	279	436	357	211	365	71	314	201	186	255	61	245	59	216	125	165	166	115	204	64	208	85	171	139	115
64	170	1	2	119	0	1953125	12	0.0	0	0.89	0	0	V0.2	0	0	56	51	82	18	84	39	67	67	44	76	42	71	56	73	68	80	73	94	100	96	134	92	165	141	169	215	155	260	194	254	276	250	401	229	367	349	307	324	176	405	517	492	661	687	1000	945	938	755	557	712	671	616	722	783	806	807	713	775	708	708	391	424	367	254	320	181	247	232	151	215	122	141	122	91	134	68	108	90	85	99	69	100	77	72	83
64	170	1	2	119	0	1953125	12	0.0	0	0.89	0	0	V0.2	0	0	116	208	128	198	170	167	213	134	231	131	230	164	202	211	147	243	102	254	121	222	192	142	256	29	288	102	265	224	196	301	125	384	195	364	265	334	375	118	347	258	480	517	402	832	691	1000	700	777	571	548	766	355	737	602	735	755	532	806	512	722	289	433	366	198	365	74	306	209	177	258	52	245	69	214	132	162	168	112	206	68	207	88	168	143	114
64	170	1	2	119	0	1953125	12	0.0	0	0.89	0	0	V0.2	0	0	68	44	91	15	86	51	64	74	38	81	41	71	57	74	69	80	83	90	105	90	141	93	158	150	158	225	147	257	208	235	289	238	396	228	381	373	283	326	173	353	497	434	678	695	1000	991	949	787	576	674	695	607	742	763	740	794	675	790	688	721	385	403	372	242	307	184	223	234	138	203	128	124	128	77	131	66	101	94	77	95	66	93	82	63	81
64	170	1	2	119	0	1953125	12	0.0	0	0.89	0	0	V0.2	0	0	131	206	117	216	140	199	183	165	222	133	241	133	231	171	189	221	131	254	82	256	128	209	214	122	285	34	306	148	273	240	201	385	175	409	189	434	289	238	344	180	560	414	528	807	720	1000	647	797	472	628	701	455	759	551	802	645	705	744	617	696	262	494	282	309	339	93	342	115	259	202	150	239	47	232	63	201	120	169	176	105	201	58	197	92	158
64	170	1	2	119	0	1953125	12	0.0	0	0.89	0	0	V0.2	0	0	20	88	25	78	65	44	82	34	77	43	68	61	62	68	74	75	72	102	76	127	85	141	142	131	200	142	230	192	212	256	188	331	294	314	357	298	367	212	221	375	391	574	555	721	950	865	1000	648	693	613	687	629	540	820	666	787	677	660	771	581	444	395	285	328	234	199	261	137	221	156	139	154	66	145	75	104	92	77	107	56	101	75	76	81	60
