34928	35048	35167	35286	35405	35524	35644	35763	35882	36001	36120	36240	36359	36478	36597	36716	36836	36955	37074	37193	37313	37432	37551	37670	37789	37909	38028	38147	38266	38385	38505	38624	38743	38862	38981	39101	39220	39339	39458	39577	39697	39816	39935	40054	40174	40293	40412	40531	40650	40770	40889	41008	41127	41246	41366	41485	41604	41723	41842	41962	42081	42200	42319	42439	42558	42677	42796	42915	43035	43154	43273	43392	43511	43631	43750	43869	43988	44107	44227	44346	44465	44584	44703	44823	44942
64	170	1	2	119	0	1953125	12	0.0	0	0.95	0	0	V0.2	0	0	100	54	108	46	118	35	127	22	136	8	142	17	146	37	147	60	144	81	139	105	131	126	125	142	115	155	110	163	109	178	103	177	98	197	121	216	141	227	227	279	292	312	422	460	597	547	652	595	711	700	893	838	1000	888	956	784	755	550	545	317	350	206	273	162	213	156	176	186	160	196	136	198	115	196	96	189	83	176	75	159	74	140	77	123	81
64	170	1	2	119	0	1953125	12	0.0	0	0.96	0	0	V0.2	0	0	76	82	87	79	98	71	111	64	124	51	134	38	145	24	153	24	158	37	161	61	162	84	162	105	157	124	154	142	154	159	149	172	137	201	146	241	143	267	201	346	273	408	403	559	575	651	624	703	698	813	903	941	1000	992	950	867	734	629	541	376	351	241	295	170	256	137	238	156	230	165	211	171	190	176	163	179	137	178	111	172	88	163	70	154	56
64	170	1	2	119	0	1953125	12	0.0	0	0.95	0	0	V0.2	0	0	7	118	2	121	14	126	28	129	45	128	62	127	82	121	99	115	117	104	136	94	149	88	162	81	168	84	175	81	181	95	185	92	180	114	198	159	186	201	218	301	268	392	362	553	529	641	552	707	615	836	781	958	875	999	816	881	632	661	440	416	248	293	196	214	176	158	191	146	205	129	205	113	202	99	193	92	181	89	161	91	142	93	123	94	104
64	170	1	2	119	0	1953125	12	0.0	0	0.96	0	0	V0.2	0	0	70	95	66	105	60	116	52	127	40	137	27	145	13	151	18	158	35	159	59	160	83	159	106	153	123	153	141	139	161	148	173	128	190	133	229	143	251	155	315	246	387	334	494	508	671	593	692	671	746	817	900	960	1000	996	931	871	742	646	525	406	296	311	210	262	149	230	140	237	152	226	155	210	160	188	165	165	169	140	167	115	161	91	156	72	146
64	170	1	2	119	0	1953125	12	0.0	0	0.95	0	0	V0.2	0	0	9	120	1	125	12	129	26	132	43	131	61	130	80	124	99	118	118	109	136	96	151	90	166	84	171	87	177	82	184	96	186	92	181	118	206	162	192	207	228	310	276	389	367	564	538	650	563	721	619	833	768	959	873	1000	815	886	643	669	446	419	249	297	198	219	174	160	188	148	204	131	205	114	203	98	193	90	182	87	165	89	143	89	124	92	106
64	170	1	2	119	0	1953125	12	0.0	0	0.96	0	0	V0.2	0	0	21	112	31	115	43	117	56	117	73	114	88	107	104	98	120	90	135	77	150	67	162	64	173	67	177	79	180	85	186	102	186	114	184	141	205	191	191	242	225	334	269	413	372	587	535	662	551	725	616	850	794	977	886	1000	821	881	646	676	468	422	270	292	229	216	206	158	216	147	227	134	225	121	217	110	204	108	189	108	169	110	148	112	126	111	107
64	170	1	2	119	0	1953125	12	0.0	0	0.95	0	0	V0.2	0	0	77	93	88	89	101	82	115	72	129	59	142	45	152	30	161	27	166	40	170	65	168	88	166	111	161	129	153	142	150	161	143	170	127	196	135	236	136	268	197	328	262	382	415	560	582	637	625	688	699	792	899	923	1000	949	944	844	756	627	568	365	359	223	295	156	244	124	219	150	207	163	187	173	163	178	137	182	110	179	86	171	65	160	51	147	47
64	170	1	2	119	0	1953125	12	0.0	0	0.96	0	0	V0.2	0	0	24	114	14	120	1	126	14	131	31	132	49	131	70	126	91	120	110	111	130	99	149	93	165	86	175	91	181	90	194	104	195	110	199	138	220	186	218	244	249	320	266	393	370	584	535	660	561	717	611	842	792	971	900	1000	854	888	669	679	491	429	306	293	263	219	236	159	236	149	239	139	231	132	215	130	196	132	174	137	149	137	123	136	99	134	79
64	170	1	2	119	0	1953125	12	0.0	0	0.95	0	0	V0.2	0	0	71	89	83	84	99	75	112	63	126	47	139	31	147	20	154	32	156	55	155	84	150	108	143	128	134	147	124	158	120	173	112	180	104	200	125	228	151	244	237	287	294	309	433	474	602	547	658	595	718	706	896	827	999	870	964	772	774	570	581	331	361	231	276	196	204	189	162	211	142	216	121	213	107	201	101	185	104	165	107	141	111	117	113	95	114
64	170	1	2	119	0	1953125	12	0.0	0	0.96	0	0	V0.2	0	0	108	32	109	43	111	58	110	74	104	91	99	107	88	121	76	137	63	149	54	161	54	170	66	173	80	177	96	172	119	180	132	168	157	173	202	180	239	186	322	234	368	286	496	464	655	537	692	600	732	740	891	887	1000	923	957	823	766	622	562	394	332	299	236	259	171	237	146	242	148	234	146	218	147	196	151	172	156	147	156	120	152	96	148	76	140
64	170	1	2	119	0	1953125	12	0.0	0	0.95	0	0	V0.2	0	0	90	79	98	75	112	63	124	54	137	38	147	23	153	15	161	31	160	52	162	80	156	103	153	122	144	140	135	150	133	170	121	172	110	201	127	235	130	258	213	319	272	345	417	522	575	584	625	642	712	750	880	872	1000	919	972	824	781	613	572	346	370	218	294	153	236	139	208	165	192	181	168	185	144	189	115	188	94	183	71	170	61	157	53	142	57
64	170	1	2	119	0	1953125	12	0.0	0	0.95	0	0	V0.2	0	0	90	79	98	75	112	63	124	54	137	38	147	23	153	15	161	31	160	52	162	80	156	103	153	122	144	140	135	150	133	170	121	172	110	201	127	235	130	258	213	319	272	345	417	522	575	584	625	642	712	750	880	872	1000	919	972	824	781	613	572	346	370	218	294	153	236	139	208	165	192	181	168	185	144	189	115	188	94	183	71	170	61	157	53	142	57
64	170	1	2	119	0	1953125	12	0.0	0	0.96	0	0	V0.2	0	0	67	95	78	93	91	88	104	81	119	70	130	58	143	44	153	34	161	30	166	47	171	69	175	90	171	109	169	129	173	147	165	162	158	195	176	246	155	281	212	361	253	412	378	586	536	654	581	707	669	831	836	949	963	1000	931	890	740	675	531	402	344	266	291	186	252	140	245	146	242	148	225	148	206	153	183	157	158	158	132	157	108	153	86	147	68
64	170	1	2	119	0	1953125	12	0.0	0	0.95	0	0	V0.2	0	0	107	48	115	39	124	26	133	13	140	6	145	25	147	46	146	69	141	91	134	115	126	135	119	150	110	163	102	169	104	184	98	180	96	204	138	225	156	222	242	277	313	302	442	464	598	522	642	570	737	708	885	821	1000	879	973	781	791	582	574	320	357	212	275	171	207	169	170	196	152	204	128	204	107	199	91	191	83	176	80	160	83	139	85	120	88
64	170	1	2	119	0	1953125	12	0.0	0	0.95	0	0	V0.2	0	0	80	91	90	87	104	79	116	70	131	58	142	44	153	28	162	21	167	30	170	56	172	81	173	104	169	123	164	144	166	161	158	176	148	212	172	263	151	291	210	362	262	407	401	594	566	656	607	704	704	828	866	944	987	1000	973	911	794	689	565	397	366	257	307	177	263	138	249	154	242	162	221	166	200	172	174	176	147	177	120	175	94	167	73	157	57
64	170	1	2	119	0	1953125	12	0.0	0	0.95	0	0	V0.2	0	0	96	70	106	64	117	52	128	40	139	23	148	9	154	19	158	41	157	65	154	93	149	116	144	135	135	150	125	162	125	179	115	185	107	212	136	247	147	260	228	315	296	337	431	509	593	577	647	623	742	746	890	856	999	914	989	836	819	623	586	340	372	218	296	159	232	153	203	183	187	196	160	200	133	199	109	198	89	188	74	173	65	157	65	141	68
64	170	1	2	119	0	1953125	12	0.0	0	0.96	0	0	V0.2	0	0	102	50	110	42	121	30	129	18	138	1	144	15	147	35	149	56	146	78	142	104	136	124	132	142	124	157	117	171	119	185	113	195	113	222	147	258	164	268	241	323	322	359	455	519	598	568	641	613	749	750	898	854	1000	896	965	802	794	605	580	340	377	225	302	174	241	166	211	193	196	204	169	207	143	205	118	203	97	193	80	181	71	163	67	148	68
64	170	1	2	119	0	1953125	12	0.0	0	0.95	0	0	V0.2	0	0	104	53	113	45	123	32	133	18	141	4	147	18	150	40	151	63	147	85	141	111	132	132	125	148	115	162	108	168	107	183	98	183	98	207	134	231	153	230	239	289	326	331	460	483	600	539	656	591	755	726	900	833	999	879	971	790	793	582	573	323	361	209	277	162	211	161	176	190	160	201	135	203	113	200	93	194	83	180	76	164	77	145	80	125	84
64	170	1	2	119	0	1953125	12	0.0	0	0.95	0	0	V0.2	0	0	105	52	114	44	124	32	133	20	142	3	148	13	151	33	153	56	150	77	146	103	141	125	136	143	127	158	122	173	124	188	116	193	112	221	148	259	156	265	236	330	323	374	460	534	606	588	649	632	753	755	893	861	1000	903	965	812	792	608	575	338	372	220	302	165	243	153	212	183	199	196	173	199	147	200	122	199	99	191	81	180	65	165	60	150	59
64	170	1	2	119	0	1953125	12	0.0	0	0.95	0	0	V0.2	0	0	104	56	113	48	123	36	132	21	141	6	147	17	151	37	151	61	149	84	143	110	134	131	129	148	119	161	110	168	110	183	102	184	97	207	136	236	158	241	245	300	330	338	460	496	612	558	660	604	763	738	900	837	1000	883	966	788	792	586	571	320	356	208	279	163	214	160	179	189	163	200	138	202	115	199	95	194	83	181	77	166	77	147	79	127	83
64	170	1	2	119	0	1953125	12	0.0	0	0.95	0	0	V0.2	0	0	97	48	105	40	116	29	125	18	133	3	139	15	142	35	143	56	141	77	138	102	131	122	129	140	121	153	117	167	119	182	112	187	110	213	144	247	161	259	243	325	322	367	453	517	602	583	655	627	741	737	885	843	1000	902	956	794	765	578	555	333	366	227	293	171	236	162	207	188	192	199	167	202	144	201	119	198	100	189	83	175	72	160	68	145	68
64	170	1	2	119	0	1953125	12	0.0	0	0.95	0	0	V0.2	0	0	88	88	99	83	112	74	125	63	140	47	150	32	160	15	166	22	170	44	171	72	166	97	163	120	154	136	145	151	141	169	128	177	110	205	136	246	130	268	209	344	303	399	446	560	586	616	633	655	738	776	904	883	1000	939	970	846	785	634	567	358	366	223	290	146	238	122	213	154	203	173	179	181	154	186	126	190	100	187	78	177	57	163	49	150	48
64	170	1	2	119	0	1953125	12	0.0	0	0.96	0	0	V0.2	0	0	72	98	83	95	96	90	110	82	125	70	137	57	149	40	158	26	166	23	172	44	174	67	176	91	172	111	169	132	169	146	161	167	151	196	165	244	149	281	204	367	281	441	421	608	561	676	613	727	699	846	884	960	947	1000	946	929	759	697	542	413	350	268	288	177	252	125	244	138	243	147	226	151	206	157	183	166	158	168	131	167	103	162	81	156	63
64	170	1	2	119	0	1953125	12	0.0	0	0.95	0	0	V0.2	0	0	107	60	116	52	128	39	137	25	146	7	153	13	156	35	157	58	154	82	147	109	139	130	132	149	122	162	114	171	112	185	102	190	97	212	132	235	151	230	236	285	336	340	498	511	631	557	666	623	778	739	937	831	1000	894	973	802	800	591	589	322	367	207	285	152	218	149	180	185	163	199	136	203	113	202	91	199	79	187	71	172	73	152	77	133	82
64	170	1	2	119	0	1953125	12	0.0	0	0.95	0	0	V0.2	0	0	107	34	115	25	123	11	129	5	136	21	138	40	138	60	135	81	128	101	119	122	108	139	102	154	95	166	90	171	93	183	90	184	98	199	136	214	159	203	254	267	349	317	479	460	631	522	693	575	733	693	905	814	1000	865	971	764	754	549	548	325	356	228	265	178	197	179	164	204	148	212	125	210	107	204	96	195	92	179	92	158	94	137	97	118	100
64	170	1	2	119	0	1953125	12	0.0	0	0.95	0	0	V0.2	0	0	105	54	115	46	125	33	134	19	143	3	149	19	152	40	152	64	149	85	143	112	132	132	126	149	116	163	110	171	109	188	99	183	96	208	134	225	148	225	251	291	327	314	464	499	622	552	673	597	765	715	894	805	1000	897	972	783	779	569	568	322	371	222	283	163	211	158	179	191	161	202	134	205	113	201	92	196	81	182	74	165	76	145	80	126	83
64	170	1	2	119	0	1953125	12	0.0	0	0.96	0	0	V0.2	0	0	64	109	59	118	53	129	41	139	29	149	15	156	7	159	23	165	46	163	69	163	93	159	117	154	134	152	154	140	172	145	184	122	200	135	256	142	261	160	341	260	393	348	507	527	679	616	695	675	749	829	879	929	969	1000	959	919	767	672	536	436	312	346	218	281	157	247	147	248	160	236	163	215	168	192	172	165	175	139	172	113	168	89	159	69	151
64	170	1	2	119	0	1953125	12	0.0	0	0.95	0	0	V0.2	0	0	129	9	134	13	140	30	142	47	143	69	140	88	131	109	122	131	107	149	92	168	77	180	73	188	74	195	80	190	97	203	107	190	131	202	179	205	222	192	324	243	406	291	545	478	715	564	750	609	803	747	947	844	996	919	1000	860	842	629	602	384	359	292	252	234	169	224	133	243	130	242	121	228	122	209	128	190	139	163	144	137	144	108	144	83	140
64	170	1	2	119	0	1953125	12	0.0	0	0.95	0	0	V0.2	0	0	107	45	116	35	125	23	133	8	141	10	144	28	144	50	143	71	137	92	130	117	120	134	113	151	105	163	99	172	100	182	92	184	97	209	136	232	164	215	243	280	345	332	492	472	630	553	660	583	734	678	881	809	999	873	973	785	782	586	581	326	366	227	283	181	207	175	173	204	156	214	130	213	112	208	95	198	88	185	87	165	87	145	90	125	93
64	170	1	2	119	0	1953125	12	0.0	0	0.95	0	0	V0.2	0	0	104	56	114	47	125	36	134	21	143	6	149	17	152	38	153	61	151	83	144	110	135	130	129	148	121	161	113	170	112	183	100	184	92	203	128	232	153	229	234	289	329	337	470	486	619	584	689	625	751	717	925	837	1000	900	983	822	808	595	585	337	372	229	290	172	220	167	186	195	166	206	142	207	119	205	98	198	85	185	78	169	78	149	80	130	84
64	170	1	2	119	0	1953125	12	0.0	0	0.95	0	0	V0.2	0	0	102	50	112	42	123	29	131	15	139	2	144	20	147	41	147	64	143	85	136	110	127	129	122	147	114	160	107	170	106	178	99	185	99	211	135	231	161	240	266	300	334	322	479	523	657	585	677	607	754	720	916	833	998	902	1000	814	797	567	562	327	371	220	283	170	221	168	186	196	168	207	144	210	121	207	102	203	90	189	82	173	81	153	84	135	86
64	170	1	2	119	0	1953125	12	0.0	0	0.95	0	0	V0.2	0	0	98	67	109	59	120	49	131	35	142	20	149	10	155	24	158	47	156	70	152	98	145	118	141	139	131	152	125	162	119	176	114	186	104	211	130	238	145	258	246	302	312	338	467	535	632	587	655	618	744	721	885	824	997	932	1000	828	789	595	575	338	375	221	291	163	230	152	197	183	181	194	153	198	128	198	104	196	86	185	73	171	67	153	67	136	69
64	170	1	2	119	0	1953125	12	0.0	0	0.95	0	0	V0.2	0	0	26	115	38	116	51	116	67	114	85	108	100	102	116	89	132	79	146	66	159	59	167	61	176	71	178	84	178	97	183	110	172	118	170	156	190	203	161	252	230	355	266	414	354	588	543	687	570	724	646	848	806	943	893	1000	897	922	715	697	494	428	308	291	251	201	223	146	231	138	234	132	224	125	210	124	192	129	172	132	148	133	123	132	100	130	80
64	170	1	2	119	0	1953125	12	0.0	0	0.95	0	0	V0.2	0	0	94	70	103	63	114	53	125	41	136	26	145	14	151	20	156	41	156	63	153	90	148	112	142	130	133	145	127	158	125	173	114	177	102	200	128	239	147	250	231	311	299	359	460	535	608	593	662	651	749	736	896	847	1000	915	975	827	782	613	572	352	375	230	294	164	233	152	204	180	189	192	163	196	139	197	114	194	93	186	76	170	66	156	65	139	66
64	170	1	2	119	0	1953125	12	0.0	0	0.95	0	0	V0.2	0	0	103	53	111	47	123	33	131	20	140	3	146	18	148	37	150	62	145	82	140	108	131	129	125	145	116	160	110	167	109	180	99	180	92	198	126	229	154	237	248	289	323	334	480	516	627	567	681	626	760	713	907	826	999	906	983	804	804	596	587	348	380	228	291	170	222	165	188	196	171	207	144	207	121	207	102	201	90	189	81	171	79	152	82	134	85
64	170	1	2	119	0	1953125	12	0.0	0	0.95	0	0	V0.2	0	0	97	71	107	65	119	54	130	41	141	25	150	13	156	21	160	42	159	67	157	94	150	117	146	137	135	151	127	162	125	175	113	181	104	203	120	220	134	246	236	312	301	343	453	534	617	603	667	642	759	755	917	846	1000	932	997	855	819	606	588	362	384	232	296	160	233	148	203	179	187	192	160	197	134	198	110	197	89	187	74	174	66	157	65	140	67
64	170	1	2	119	0	1953125	12	0.0	0	0.95	0	0	V0.2	0	0	113	16	121	5	127	10	132	27	134	45	134	63	130	84	124	104	115	123	103	143	90	158	86	171	82	178	82	180	95	190	96	183	112	198	159	197	191	198	294	263	363	288	484	463	665	547	697	573	768	721	924	817	984	888	1000	830	821	578	581	357	369	270	269	216	192	207	154	229	140	231	124	224	113	211	111	197	116	176	118	152	120	128	123	105	120
64	170	1	2	119	0	1953125	12	0.0	0	0.95	0	0	V0.2	0	0	96	65	106	58	117	47	127	34	138	20	147	14	152	28	155	50	155	73	151	99	143	120	140	139	130	152	123	164	125	179	114	183	107	205	131	223	139	243	240	317	310	338	433	517	612	583	650	613	745	751	909	830	977	920	1000	845	812	589	579	361	388	244	300	176	236	165	204	190	185	200	159	202	131	200	109	196	91	185	78	169	71	151	71	134	73
64	170	1	2	119	0	1953125	12	0.0	0	0.95	0	0	V0.2	0	0	100	57	109	49	121	38	130	23	139	8	145	15	149	35	150	57	147	80	143	107	133	126	130	145	120	158	115	170	116	184	108	187	105	207	131	226	148	243	249	306	315	323	449	511	626	570	665	612	763	733	909	813	982	909	1000	830	821	589	588	355	386	241	301	182	234	173	198	200	180	209	152	210	127	207	107	202	93	190	83	172	80	153	80	134	83
64	170	1	2	119	0	1953125	12	0.0	0	0.95	0	0	V0.2	0	0	98	68	107	62	119	51	130	38	141	23	149	13	154	24	158	47	158	71	155	99	147	120	144	140	135	154	128	167	127	182	116	185	110	208	131	234	145	257	239	312	293	328	436	529	621	581	649	627	755	739	893	812	975	923	1000	834	816	597	586	358	384	237	305	175	242	161	206	187	188	199	159	200	133	202	109	198	90	186	75	171	67	153	68	136	70
64	170	1	2	119	0	1953125	12	0.0	0	0.95	0	0	V0.2	0	0	108	33	115	25	125	10	129	5	137	22	140	41	139	61	137	83	130	103	122	126	111	144	107	158	97	168	96	177	102	188	97	186	107	201	142	218	179	231	276	269	322	294	467	479	635	520	657	592	769	689	876	779	987	906	1000	795	803	578	581	349	370	253	286	207	215	199	176	218	160	224	133	217	117	211	106	199	101	181	98	160	100	137	101	117	103
64	170	1	2	119	0	1953125	12	0.0	0	0.95	0	0	V0.2	0	0	109	39	117	30	125	16	132	5	140	18	142	37	143	58	142	80	136	102	128	125	118	143	111	157	102	168	101	176	101	186	98	186	103	202	139	223	176	229	265	266	315	303	470	469	621	522	654	588	754	677	870	791	1000	902	988	790	805	592	584	349	372	250	286	201	213	191	176	214	159	219	132	214	115	207	101	195	96	176	93	156	95	134	96	113	98
64	170	1	2	119	0	1953125	12	0.0	0	0.95	0	0	V0.2	0	0	66	97	78	95	91	88	105	81	120	70	133	56	145	40	156	30	162	30	167	51	169	74	171	96	167	116	164	135	163	150	154	164	143	194	159	245	156	286	214	349	256	411	412	582	558	646	599	712	702	796	852	923	978	999	957	894	778	683	568	412	372	271	308	184	261	143	250	158	242	165	219	169	195	174	169	180	142	179	115	175	89	165	69	156	55
64	170	1	2	119	0	1953125	12	0.0	0	0.95	0	0	V0.2	0	0	111	46	119	37	129	23	137	9	145	10	148	30	149	52	148	75	143	98	135	123	124	143	118	157	108	169	104	177	103	187	97	186	96	201	131	228	173	236	260	271	313	306	476	477	625	527	665	595	762	681	893	802	1000	895	994	807	826	602	602	351	381	243	291	190	216	181	178	209	159	216	130	214	112	210	97	200	90	182	87	164	90	141	93	121	94
64	170	1	2	119	0	1953125	12	0.0	0	0.95	0	0	V0.2	0	0	109	41	118	31	128	18	134	4	142	15	145	34	144	56	143	77	137	98	128	123	117	142	111	157	101	169	98	177	99	188	94	186	96	201	130	223	172	235	267	267	314	298	470	470	623	516	666	592	766	674	888	795	1000	896	993	796	818	595	597	344	376	237	288	190	213	181	174	210	158	219	130	216	112	212	99	203	92	186	91	165	93	145	96	123	98
64	170	1	2	119	0	1953125	12	0.0	0	0.95	0	0	V0.2	0	0	102	60	112	53	122	40	131	27	142	11	148	10	153	30	155	54	152	78	146	104	138	126	133	144	123	157	117	169	114	181	105	186	97	203	120	231	151	254	249	294	289	324	451	497	598	538	649	617	761	700	886	819	1000	912	985	801	810	605	594	350	380	228	297	173	230	163	194	192	178	204	147	204	124	206	103	201	86	188	77	172	75	154	75	135	78
64	170	1	2	119	0	1953125	12	0.0	0	0.95	0	0	V0.2	0	0	79	94	75	105	68	116	58	129	46	140	34	149	19	156	18	163	34	164	57	164	80	163	105	158	122	154	139	142	160	148	168	127	190	126	226	133	253	166	328	230	347	301	473	498	627	548	667	653	751	780	844	893	959	1000	952	876	767	676	547	436	307	324	215	272	154	237	143	235	155	223	155	201	161	179	166	156	170	129	166	103	159	80	151	62	142
64	170	1	2	119	0	1953125	12	0.0	0	0.95	0	0	V0.2	0	0	111	33	119	23	128	9	133	8	139	26	141	45	141	66	138	88	131	110	121	132	110	150	105	164	96	173	97	179	101	189	101	188	108	198	140	212	176	224	278	259	313	278	453	456	623	503	669	594	779	690	870	781	993	910	999	783	804	594	590	358	372	251	280	211	213	201	170	218	153	222	127	215	113	206	103	194	102	173	101	153	104	129	104	108	105
64	170	1	2	119	0	1953125	12	0.0	0	0.95	0	0	V0.2	0	0	95	57	104	50	115	39	124	28	134	13	141	14	146	31	148	53	147	75	143	100	136	121	133	140	124	154	121	165	119	180	114	187	111	205	130	233	158	262	256	311	293	324	431	506	607	560	654	639	764	726	876	820	996	936	1000	805	800	606	588	363	387	241	305	191	247	179	211	200	194	209	164	209	141	208	118	202	99	191	86	175	79	157	77	139	78
64	170	1	2	119	0	1953125	12	0.0	0	0.95	0	0	V0.2	0	0	104	41	112	32	121	20	128	12	136	18	139	35	141	55	140	78	135	100	128	122	119	140	115	155	107	166	105	172	107	185	103	183	106	199	134	214	164	230	268	280	308	290	437	468	617	526	665	607	762	696	864	783	976	906	999	788	794	583	579	356	374	247	286	200	219	191	178	208	160	213	134	210	117	203	104	192	97	174	93	155	93	133	94	112	95
64	170	1	2	119	0	1953125	12	0.0	0	0.95	0	0	V0.2	0	0	69	43	67	53	63	62	59	69	60	74	64	78	71	82	78	90	84	97	87	109	88	121	94	128	98	134	112	122	128	123	139	101	151	107	171	143	172	206	239	280	251	326	381	536	564	594	619	690	718	762	823	862	974	992	1000	858	792	646	562	379	331	255	235	207	170	184	150	190	163	180	164	161	166	147	164	137	154	129	138	123	120	115	105	106	94
64	170	1	2	119	0	1953125	12	0.0	0	0.95	0	0	V0.2	0	0	77	43	76	52	74	62	69	72	70	77	72	82	78	86	85	94	92	100	93	110	92	123	95	131	95	138	106	124	119	128	134	101	141	94	161	127	169	193	233	263	242	315	372	528	550	580	602	686	713	757	812	864	980	997	1000	866	807	664	570	379	329	248	234	198	162	172	140	181	152	171	152	152	155	136	153	129	145	120	129	116	112	106	96	98	85
64	170	1	2	119	0	1953125	12	0.0	0	0.95	0	0	V0.2	0	0	71	39	71	50	69	59	64	67	65	73	67	78	73	81	81	90	87	95	90	107	92	121	96	130	96	139	107	130	122	135	137	113	150	106	173	139	191	201	253	269	257	320	378	530	553	586	598	688	700	759	803	874	978	1000	984	857	787	649	557	376	335	253	248	204	182	184	156	195	162	187	159	170	163	152	161	140	155	128	139	119	122	112	107	104	94
64	170	1	2	119	0	1953125	12	0.0	0	0.95	0	0	V0.2	0	0	77	42	77	52	74	60	71	69	70	76	72	81	78	85	85	93	91	100	95	109	93	122	97	129	94	138	104	126	115	130	130	103	138	96	157	123	164	186	230	259	238	314	371	521	547	583	596	682	696	752	804	871	983	1000	992	861	790	644	558	376	329	247	236	192	163	169	137	179	147	170	147	153	152	137	150	127	142	117	127	112	110	104	95	95	84
64	170	1	2	119	0	1953125	12	0.0	0	0.95	0	0	V0.2	0	0	72	39	73	46	73	56	69	64	69	72	71	76	75	81	83	87	90	94	95	105	97	120	101	131	98	141	104	137	115	144	129	123	147	117	177	135	193	189	262	264	267	324	395	538	564	596	602	701	702	782	805	891	964	999	965	865	778	656	553	380	334	245	251	193	189	175	159	192	159	189	152	175	154	158	155	143	151	129	140	118	124	110	109	101	95
64	170	1	2	119	0	1953125	12	0.0	0	0.95	0	0	V0.2	0	0	90	73	101	67	112	57	123	46	135	33	143	22	151	25	156	43	157	65	155	91	151	112	147	133	141	150	137	161	131	177	128	187	118	204	131	237	157	268	243	314	278	337	424	517	596	581	651	670	754	731	855	836	999	938	988	820	799	624	581	363	377	238	305	182	248	163	213	184	197	195	169	198	145	197	120	194	97	184	80	170	69	154	65	138	64
64	170	1	2	119	0	1953125	12	0.0	0	0.95	0	0	V0.2	0	0	70	42	69	53	65	62	62	70	63	75	67	79	73	82	80	90	86	98	90	109	91	123	96	131	100	137	111	127	128	130	142	110	153	106	170	144	186	208	249	282	266	334	394	543	574	608	629	715	726	778	835	892	996	999	999	870	789	641	554	375	328	254	240	207	172	182	150	190	162	182	162	165	166	150	164	140	155	131	141	125	122	115	107	107	95
64	170	1	2	119	0	1953125	12	0.0	0	0.95	0	0	V0.2	0	0	73	43	76	46	78	54	75	63	75	70	74	77	79	81	86	88	94	92	98	102	99	115	100	125	96	136	97	131	103	140	115	116	128	101	156	117	180	173	247	247	255	306	379	521	548	584	589	689	683	759	782	874	958	1000	966	865	763	642	535	367	316	230	235	171	168	151	138	171	140	171	135	157	138	142	141	129	138	115	127	108	114	99	98	92	85
64	170	1	2	119	0	1953125	12	0.0	0	0.95	0	0	V0.2	0	0	64	40	68	41	72	47	70	55	71	62	72	69	76	74	83	81	91	85	97	94	101	106	105	119	101	133	100	134	100	146	110	132	124	121	159	131	192	173	266	237	277	304	401	509	549	565	583	681	682	769	774	887	943	1000	936	864	742	652	521	379	310	236	244	178	194	157	167	176	161	182	147	174	143	162	142	148	141	130	133	115	120	106	109	97	95
64	170	1	2	119	0	1953125	12	0.0	0	0.95	0	0	V0.2	0	0	72	44	77	47	78	54	75	62	75	70	76	78	80	81	87	88	94	93	98	102	100	115	101	125	97	136	98	131	102	140	115	117	126	98	153	116	180	173	246	241	253	304	378	513	544	579	586	686	685	763	783	875	960	1000	969	873	770	649	540	369	314	228	235	174	173	155	141	172	141	171	135	159	138	144	141	131	138	116	126	107	112	100	97	92	84
64	170	1	2	119	0	1953125	12	0.0	0	0.95	0	0	V0.2	0	0	70	41	71	51	68	59	64	67	64	73	68	78	73	81	81	89	87	96	91	107	93	121	97	130	99	138	109	131	123	136	138	115	151	110	170	138	188	200	250	272	264	327	384	527	558	599	609	697	701	764	813	889	987	1000	987	871	786	638	548	375	329	250	244	201	180	181	155	193	160	186	158	170	162	153	160	140	152	129	138	121	123	112	107	104	95
64	170	1	2	119	0	1953125	12	0.0	0	0.95	0	0	V0.2	0	0	41	108	53	107	66	105	80	101	96	94	112	86	127	73	141	64	153	56	162	57	168	70	174	84	174	102	175	114	175	134	174	145	162	168	164	213	164	262	210	328	238	383	365	559	523	640	581	724	661	784	784	919	944	1000	917	887	733	670	514	413	331	278	281	198	245	146	234	144	231	142	214	141	197	144	175	146	150	147	124	144	98	139	78	132	60
64	170	1	2	119	0	1953125	12	0.0	0	0.95	0	0	V0.2	0	0	59	92	69	91	82	85	94	80	109	71	121	62	134	50	145	41	153	40	160	52	165	72	170	91	169	111	170	128	172	148	172	164	163	186	168	233	176	284	227	345	253	393	378	565	535	646	591	725	676	786	798	923	961	1000	924	882	750	677	530	413	348	283	302	208	267	159	251	160	247	158	228	156	210	156	186	160	162	159	136	156	109	149	89	143	72
64	170	1	2	119	0	1953125	12	0.0	0	0.95	0	0	V0.2	0	0	75	43	76	50	75	58	72	67	72	74	73	80	78	83	86	92	92	98	95	108	96	120	98	129	96	138	101	128	112	136	132	108	136	94	156	121	179	182	234	255	258	325	370	496	524	584	588	672	681	755	815	903	1000	985	958	854	779	638	540	364	315	235	229	184	162	164	138	176	143	168	142	154	148	138	147	126	140	116	127	109	111	101	95	94	84
64	170	1	2	119	0	1953125	12	0.0	0	0.95	0	0	V0.2	0	0	69	37	70	43	70	52	66	60	66	68	68	73	73	78	81	86	88	92	92	103	95	117	98	127	96	139	101	133	111	143	130	117	139	108	170	131	195	185	252	263	281	330	374	496	530	597	597	684	682	765	810	911	997	1000	959	869	774	639	534	373	325	244	244	190	182	174	158	190	157	185	152	173	156	156	155	142	150	128	138	117	122	109	108	103	95
64	170	1	2	119	0	1953125	12	0.0	0	0.95	0	0	V0.2	0	0	66	43	71	42	74	48	73	55	74	63	74	71	78	76	85	83	92	86	99	95	101	107	105	119	100	133	98	133	100	151	111	125	117	118	161	127	190	160	253	247	294	318	381	483	534	595	603	682	669	774	805	924	973	1000	930	878	755	644	514	378	317	240	241	171	184	152	160	174	154	177	141	171	143	159	141	144	141	127	133	113	120	104	106	97	93
64	170	1	2	119	0	1953125	12	0.0	0	0.95	0	0	V0.2	0	0	70	42	69	52	66	61	62	68	62	74	66	78	71	82	80	90	86	97	90	110	91	123	96	131	99	138	110	127	127	135	146	108	147	109	181	146	188	193	235	278	274	341	374	503	541	614	612	674	684	768	842	914	999	968	947	845	778	625	537	361	320	248	236	202	171	184	152	192	159	181	159	164	163	148	160	136	152	126	137	119	118	111	105	104	92
64	170	1	2	119	0	1953125	12	0.0	0	0.95	0	0	V0.2	0	0	73	45	77	47	79	53	76	62	77	70	77	78	82	83	89	89	96	94	102	104	104	115	105	128	101	140	98	135	104	147	118	121	121	108	164	120	185	160	243	252	282	316	366	488	539	619	615	692	680	793	834	944	993	1000	938	870	771	647	531	372	317	231	238	171	175	156	148	175	142	173	137	163	140	147	141	132	139	118	129	107	114	99	100	93	87
64	170	1	2	119	0	1953125	12	0.0	0	0.95	0	0	V0.2	0	0	68	40	67	48	64	58	62	66	62	71	64	76	71	79	79	88	84	94	88	106	90	119	93	128	97	135	105	123	122	132	140	103	139	104	172	135	174	184	233	286	276	332	355	485	532	617	622	680	688	774	846	915	1000	973	949	849	776	622	537	371	326	249	231	198	168	182	151	189	157	177	158	163	163	147	160	136	152	127	137	122	120	112	105	105	94
64	170	1	2	119	0	1953125	12	0.0	0	0.96	0	0	V0.2	0	0	64	90	74	89	87	83	99	77	115	67	126	56	139	43	149	36	156	38	164	56	167	76	172	98	170	119	169	134	174	156	169	167	156	198	178	245	172	287	238	377	274	386	353	560	554	677	614	715	689	830	858	926	959	999	940	900	763	673	549	420	363	273	304	203	272	164	258	162	247	164	229	165	209	166	183	169	158	168	131	164	105	157	84	148	67
64	170	1	2	119	0	1953125	12	0.0	0	0.96	0	0	V0.2	0	0	64	90	74	89	87	83	99	77	115	67	126	56	139	43	149	36	156	38	164	56	167	76	172	98	170	119	169	134	174	156	169	167	156	198	178	245	172	287	238	377	274	386	353	560	554	677	614	715	689	830	858	926	959	999	940	900	763	673	549	420	363	273	304	203	272	164	258	162	247	164	229	165	209	166	183	169	158	168	131	164	105	157	84	148	67
64	170	1	2	119	0	1953125	12	0.0	0	0.95	0	0	V0.2	0	0	94	75	103	69	116	59	127	48	138	33	148	22	155	22	161	42	162	64	162	93	155	115	153	136	145	153	138	165	140	186	128	187	117	213	139	243	159	276	252	340	290	319	392	513	611	612	660	654	744	755	895	844	999	943	1000	855	812	624	599	369	386	232	303	177	252	163	218	183	198	195	170	198	144	199	119	198	97	188	79	173	68	156	64	140	64
64	170	1	2	119	0	1953125	12	0.0	0	0.96	0	0	V0.2	0	0	84	76	94	72	106	63	117	54	130	42	140	30	148	22	156	32	159	50	162	77	162	99	164	123	159	140	157	159	163	180	154	189	147	220	165	260	177	309	261	374	278	365	375	560	594	646	628	701	726	806	877	884	993	1000	996	890	789	658	592	405	392	261	321	200	282	170	255	178	240	185	215	187	191	188	164	190	136	185	110	176	87	166	70	154	58
64	170	1	2	119	0	1953125	12	0.0	0	0.95	0	0	V0.2	0	0	23	113	34	114	47	114	61	112	78	107	94	102	111	91	127	82	140	72	154	65	162	69	173	77	173	88	176	100	183	119	177	124	173	153	183	198	179	254	230	328	224	349	316	547	508	623	528	694	626	799	751	882	878	1000	882	892	684	668	497	425	309	281	251	207	231	152	226	140	226	130	215	124	201	122	184	125	162	127	139	125	113	124	92	120	73
64	170	1	2	119	0	1953125	12	0.0	0	0.96	0	0	V0.2	0	0	62	88	72	86	84	81	97	75	112	65	122	55	135	42	144	36	152	37	158	54	161	73	167	95	164	112	164	130	169	151	161	163	156	195	167	236	170	288	237	353	243	364	347	556	544	628	572	701	685	800	808	874	939	1000	940	881	735	659	547	409	356	264	296	201	270	159	251	159	243	161	222	161	203	162	179	166	153	164	128	160	101	152	81	145	64
64	170	1	2	119	0	1953125	12	0.0	0	0.95	0	0	V0.2	0	0	70	36	70	45	68	54	65	63	65	69	67	76	73	79	80	87	88	93	92	104	91	117	95	128	93	135	99	130	119	136	128	109	139	106	173	127	180	186	257	280	255	302	344	507	555	601	588	676	699	803	840	883	976	999	978	881	775	634	556	371	329	235	233	190	176	175	148	185	151	179	151	165	156	148	155	138	150	125	136	119	121	110	105	103	93
64	170	1	2	119	0	1953125	12	0.0	0	0.95	0	0	V0.2	0	0	67	39	71	41	73	48	71	56	70	64	72	71	75	75	83	82	90	87	96	96	97	109	101	122	95	131	93	133	105	146	110	120	122	113	168	116	174	153	253	254	261	283	335	485	536	578	560	655	670	806	820	886	947	1000	950	877	744	629	535	372	319	225	233	172	183	158	151	173	143	175	137	166	140	150	141	137	140	121	131	113	119	102	104	97	91
64	170	1	2	119	0	1953125	12	0.0	0	0.95	0	0	V0.2	0	0	67	39	71	41	73	48	71	56	70	64	72	71	75	75	83	82	90	87	96	96	97	109	101	122	95	131	93	133	105	146	110	120	122	113	168	116	174	153	253	254	261	283	335	485	536	578	560	655	670	806	820	886	947	1000	950	877	744	629	535	372	319	225	233	172	183	158	151	173	143	175	137	166	140	150	141	137	140	121	131	113	119	102	104	97	91
64	170	1	2	119	0	1953125	12	0.0	0	0.96	0	0	V0.2	0	0	51	97	61	98	74	94	87	90	102	81	114	72	128	60	139	51	149	43	160	49	165	63	173	83	173	101	174	118	182	140	175	148	170	184	189	229	176	272	231	353	239	365	325	559	527	647	556	705	655	826	803	906	913	1000	901	893	718	669	521	423	339	282	283	212	260	163	249	153	245	148	230	144	214	143	191	146	170	147	143	145	119	140	97	136	78
64	170	1	2	119	0	1953125	12	0.0	0	0.95	0	0	V0.2	0	0	34	114	45	114	60	113	74	110	91	103	106	95	123	84	139	75	151	63	164	58	170	65	179	79	180	94	179	107	186	129	179	134	171	166	184	210	169	258	225	346	231	356	308	550	516	647	551	708	650	836	808	920	907	1000	894	903	720	680	517	428	324	277	269	204	245	150	236	139	232	134	219	132	202	132	182	139	159	140	133	139	106	135	84	130	65
64	170	1	2	119	0	1953125	12	0.0	0	0.96	0	0	V0.2	0	0	49	99	59	98	72	95	85	90	101	82	114	74	128	61	140	52	151	42	160	48	166	62	173	82	173	99	172	115	180	138	173	147	168	183	186	228	174	274	234	361	244	368	323	562	526	648	550	702	652	829	813	914	922	1000	900	888	717	670	525	427	340	277	282	207	259	158	248	151	244	148	229	145	211	145	190	150	167	151	142	150	116	145	94	140	75
64	170	1	2	119	0	1953125	12	0.0	0	0.95	0	0	V0.2	0	0	69	37	72	40	72	48	70	58	70	66	71	73	75	77	83	85	91	90	96	100	97	112	99	126	96	136	94	134	110	147	117	117	129	112	175	121	181	161	255	268	275	308	345	496	548	603	575	663	672	823	856	926	978	1000	946	875	758	636	547	381	325	226	233	175	181	165	152	179	145	179	142	169	146	152	148	139	147	124	136	114	121	105	107	99	94
64	170	1	2	119	0	1953125	12	0.0	0	0.95	0	0	V0.2	0	0	68	37	71	40	71	48	69	56	69	64	69	71	74	76	82	83	90	89	96	99	97	112	100	125	96	136	96	135	109	150	118	119	127	117	178	123	181	155	250	264	273	301	346	494	547	603	582	672	680	822	846	918	971	999	949	885	770	645	544	379	325	232	240	179	186	166	155	181	148	180	144	172	147	156	149	143	149	127	136	116	123	108	109	101	95
64	170	1	2	119	0	1953125	12	0.0	0	0.95	0	0	V0.2	0	0	20	117	32	118	46	119	60	118	78	114	93	108	112	97	127	88	143	75	157	67	167	66	176	73	179	86	180	94	188	117	185	118	175	149	195	200	179	245	224	335	229	350	296	542	500	640	523	693	617	834	782	921	887	1000	863	891	690	678	487	431	302	284	249	211	230	154	227	137	230	126	218	118	205	116	187	120	167	123	144	124	117	123	95	120	76
64	170	1	2	119	0	1953125	12	0.0	0	0.96	0	0	V0.2	0	0	69	88	78	85	91	80	104	73	118	62	129	51	141	38	150	32	157	36	164	55	165	77	169	99	168	120	164	136	171	159	163	166	152	199	171	243	163	279	225	365	260	372	345	554	548	650	588	701	691	836	874	933	981	999	941	880	757	661	554	414	366	268	307	201	276	164	257	163	245	165	225	167	204	170	178	173	153	171	125	166	98	159	79	150	62
64	170	1	2	119	0	1953125	12	0.0	0	0.95	0	0	V0.2	0	0	51	108	63	108	77	103	92	97	108	88	122	77	138	63	151	53	161	45	170	52	173	68	178	88	176	107	173	121	178	145	170	149	156	181	169	225	149	263	207	350	236	360	324	554	533	644	561	691	665	829	845	928	958	1000	921	880	741	667	540	420	349	261	284	188	255	143	240	141	230	143	212	147	193	153	168	159	143	159	115	155	88	149	68	141	50
64	170	1	2	119	0	1953125	12	0.0	0	0.96	0	0	V0.2	0	0	37	105	48	105	60	104	73	101	89	94	103	87	119	76	132	67	144	56	157	53	165	60	174	75	177	91	177	104	187	127	184	132	173	164	198	217	183	262	234	355	251	376	321	561	520	656	543	703	637	853	814	946	910	1000	869	885	706	688	508	442	323	293	270	221	250	170	247	155	245	142	232	136	218	132	200	134	179	135	154	134	130	133	109	131	89
64	170	1	2	119	0	1953125	12	0.0	0	0.95	0	0	V0.2	0	0	84	80	95	74	107	65	119	55	132	41	142	29	151	21	157	35	160	54	161	82	157	104	155	126	149	142	143	154	144	177	134	178	118	203	139	235	144	259	226	339	280	332	371	502	568	596	613	634	714	779	895	870	1000	934	957	822	789	618	577	377	378	234	299	177	254	161	224	175	203	183	177	189	152	190	124	189	100	181	80	170	65	154	59	140	57
64	170	1	2	119	0	1953125	12	0.0	0	0.96	0	0	V0.2	0	0	90	60	99	53	109	43	119	32	129	18	136	9	142	21	147	42	146	62	145	89	141	110	139	130	132	147	128	159	132	181	125	183	114	210	142	240	154	260	237	338	296	336	388	499	578	593	627	633	722	761	888	856	999	923	957	809	781	602	573	368	381	240	304	189	260	176	229	191	209	198	182	201	158	201	131	199	110	191	90	177	75	162	68	147	65
64	170	1	2	119	0	1953125	12	0.0	0	0.95	0	0	V0.2	0	0	88	73	97	67	109	57	120	47	131	33	141	21	148	20	153	38	155	59	154	85	149	108	146	127	139	143	132	153	134	177	126	176	110	201	131	228	138	246	220	323	281	322	381	487	566	579	611	617	710	754	888	860	1000	913	938	792	765	589	560	357	366	223	289	173	245	160	211	176	192	184	165	189	141	190	116	188	95	179	76	168	66	150	61	135	61
64	170	1	2	119	0	1953125	12	0.0	0	0.96	0	0	V0.2	0	0	71	85	82	81	94	76	107	68	120	56	131	44	141	31	150	27	156	35	162	58	163	80	166	101	163	121	159	137	165	161	159	167	146	198	162	241	154	277	222	365	270	380	367	557	556	652	596	693	697	833	887	946	999	990	930	859	756	651	545	403	360	257	300	192	270	158	251	161	239	165	220	170	199	172	172	176	146	174	120	170	96	161	75	151	60
64	170	1	2	119	0	1953125	12	0.0	0	0.95	0	0	V0.2	0	0	79	81	90	77	101	68	113	58	126	45	136	32	146	22	153	31	157	48	158	73	154	96	154	116	147	134	142	145	142	167	134	168	117	192	128	220	130	248	212	330	269	332	366	494	555	599	606	633	696	766	883	885	1000	930	930	808	762	605	552	367	360	226	286	165	243	147	216	163	199	171	176	179	152	181	125	182	102	175	81	166	64	151	56	139	53
64	170	1	2	119	0	1953125	12	0.0	0	0.96	0	0	V0.2	0	0	48	98	59	97	71	93	84	89	99	80	112	72	126	59	138	50	149	41	157	46	163	61	170	80	169	98	169	113	174	136	170	140	156	170	173	217	156	261	219	360	257	386	338	553	519	650	556	691	646	829	830	949	950	1000	892	876	721	665	509	421	333	276	274	198	251	154	243	148	240	144	225	144	209	145	186	150	165	150	138	149	113	144	91	140	73
64	170	1	2	119	0	1953125	12	0.0	0	0.95	0	0	V0.2	0	0	24	117	35	118	49	118	63	117	81	111	96	105	114	94	129	85	144	72	158	64	168	66	177	74	178	87	179	96	185	117	181	118	168	146	188	198	170	247	221	346	252	388	329	555	506	647	532	692	626	846	815	965	919	1000	857	885	696	681	488	434	302	283	246	202	225	150	226	136	227	125	216	120	204	118	185	123	166	127	143	127	116	125	95	123	74
64	170	1	2	119	0	1953125	12	0.0	0	0.96	0	0	V0.2	0	0	88	61	97	55	107	45	117	35	127	20	135	10	142	18	145	38	146	59	145	86	142	107	140	127	133	143	128	154	129	174	124	176	110	200	137	236	155	263	236	336	299	348	404	508	579	599	619	629	714	760	897	877	999	909	929	796	770	600	556	357	368	231	295	177	251	162	221	180	205	189	181	193	157	194	131	195	110	186	88	175	74	161	65	147	63
64	170	1	2	119	0	1953125	12	0.0	0	0.95	0	0	V0.2	0	0	78	87	89	82	102	74	114	64	128	51	140	37	150	24	157	28	162	43	164	69	162	93	161	113	153	131	146	143	146	165	136	166	117	191	134	231	138	261	219	339	278	353	387	533	573	619	603	646	697	782	893	899	999	939	933	818	763	618	554	368	359	225	287	161	244	138	219	157	204	167	180	175	156	179	130	182	106	177	82	170	65	156	53	143	49
64	170	1	2	119	0	1953125	12	0.0	0	0.96	0	0	V0.2	0	0	85	66	95	61	105	53	116	42	127	29	135	17	143	15	147	31	149	52	150	77	147	100	146	120	140	137	136	151	139	171	131	173	117	199	140	237	151	266	231	346	293	364	398	528	577	616	614	647	705	778	896	895	1000	932	933	811	763	610	556	368	367	234	295	175	255	158	230	173	214	181	191	186	168	188	142	189	118	184	94	174	76	162	64	150	57
64	170	1	2	119	0	1953125	12	0.0	0	0.95	0	0	V0.2	0	0	90	69	99	63	111	53	121	43	132	27	140	16	147	19	151	39	151	61	150	88	144	110	140	128	132	145	126	154	126	175	118	170	100	193	121	220	140	244	229	318	293	328	402	488	581	577	615	603	702	734	887	855	1000	895	925	777	765	585	556	345	359	214	279	161	232	152	200	171	181	182	156	188	133	188	108	188	90	178	74	167	66	149	63	134	65
64	170	1	2	119	0	1953125	12	0.0	0	0.96	0	0	V0.2	0	0	79	74	90	70	101	61	112	52	124	38	133	26	142	15	148	25	152	44	154	70	153	94	153	113	146	131	143	145	143	165	136	169	119	194	138	233	149	270	230	353	291	374	401	537	577	630	617	660	704	786	893	909	1000	940	927	824	770	623	549	372	361	236	293	173	253	150	231	167	218	174	196	182	173	184	146	188	122	183	98	176	77	163	64	151	55
64	170	1	2	119	0	1953125	12	0.0	0	0.95	0	0	V0.2	0	0	68	97	79	94	94	88	107	80	122	67	134	56	148	40	157	35	165	39	169	59	169	82	171	102	166	121	161	133	161	157	153	157	131	183	141	223	133	261	213	352	272	382	385	558	572	651	604	681	695	810	887	935	1000	974	929	853	769	651	546	391	354	243	285	167	247	134	228	145	217	154	196	162	174	167	147	173	122	171	96	167	73	155	56	145	45
64	170	1	2	119	0	1953125	12	0.0	0	0.96	0	0	V0.2	0	0	80	75	90	71	101	63	113	53	125	40	135	27	144	15	150	24	154	42	156	69	155	93	155	114	149	132	143	145	146	167	138	171	122	197	142	237	149	273	227	350	290	381	405	551	582	631	607	652	704	795	900	914	1000	940	925	820	766	628	556	377	364	236	294	173	257	151	234	166	219	174	198	181	174	184	149	188	124	183	99	177	78	164	64	153	55
64	170	1	2	119	0	1953125	12	0.0	0	0.96	0	0	V0.2	0	0	64	99	76	97	89	91	103	85	118	72	131	61	144	46	155	38	162	38	169	56	170	78	172	98	169	118	164	131	166	154	158	156	136	182	148	228	144	269	213	354	271	393	387	564	564	654	598	689	695	820	888	946	999	980	930	865	768	660	545	401	353	250	285	172	249	136	232	145	223	152	203	159	181	165	156	171	131	170	104	166	79	156	61	147	48
64	170	1	2	119	0	1953125	12	0.0	0	0.96	0	0	V0.2	0	0	35	106	46	107	58	106	72	104	87	97	101	90	117	78	131	70	142	58	155	54	165	61	173	73	175	89	177	100	184	120	182	126	170	152	187	208	182	265	234	356	267	411	365	585	539	674	559	716	639	848	816	966	922	1000	863	889	707	687	490	433	309	294	258	216	237	164	236	150	239	138	229	132	217	128	201	131	182	132	158	130	133	130	111	127	92
64	170	1	2	119	0	1953125	12	0.0	0	0.95	0	0	V0.2	0	0	108	13	113	2	119	10	122	26	126	43	125	61	121	81	118	101	108	118	98	138	87	153	84	163	81	171	83	170	95	187	100	173	101	183	147	186	194	193	285	254	350	278	462	437	632	519	658	555	726	696	891	831	1000	860	924	750	768	568	547	341	343	251	247	211	187	205	150	218	136	217	120	211	114	198	110	184	114	162	115	139	117	115	116	96	115
64	170	1	2	119	0	1953125	12	0.0	0	0.96	0	0	V0.2	0	0	108	5	112	6	118	19	120	34	122	52	121	68	117	87	111	106	102	122	91	141	81	156	80	165	78	173	83	174	97	189	103	176	108	188	158	193	206	201	299	264	365	287	476	450	645	521	661	555	737	708	903	834	1000	857	921	748	770	573	555	345	345	254	250	216	192	212	154	223	140	223	124	216	117	204	114	190	117	170	117	145	119	122	119	102	117
64	170	1	2	119	0	1953125	12	0.0	0	0.95	0	0	V0.2	0	0	40	117	51	117	65	115	80	111	98	103	113	95	131	81	145	69	157	57	169	55	177	64	184	80	183	96	181	107	185	128	180	132	162	160	177	215	160	267	218	363	261	407	366	591	544	671	560	704	653	857	842	963	947	999	888	890	734	696	516	428	323	275	263	192	237	138	232	130	230	127	216	129	200	133	179	142	158	145	132	146	104	141	82	137	62
64	170	1	2	119	0	1953125	12	0.0	0	0.96	0	0	V0.2	0	0	109	3	113	12	118	27	119	42	120	60	117	77	111	95	105	112	94	129	84	147	76	161	76	169	79	176	86	177	104	191	111	178	119	189	173	196	222	203	315	272	382	289	479	450	650	527	673	568	743	724	907	838	999	875	941	770	778	592	562	363	348	273	252	234	191	226	158	234	145	230	131	221	126	206	124	190	128	167	128	142	129	118	127	98	124
64	170	1	2	119	0	1953125	12	0.0	0	0.95	0	0	V0.2	0	0	87	78	98	72	110	63	122	52	134	37	144	24	153	17	157	34	160	55	160	83	155	107	154	128	145	144	138	156	137	176	127	174	108	199	131	230	145	262	241	346	311	359	423	529	592	605	628	631	720	769	904	875	1000	913	938	806	786	616	572	360	372	225	289	162	240	147	211	168	194	180	169	187	144	189	118	190	97	183	78	172	65	156	58	140	59
64	170	1	2	119	0	1953125	12	0.0	0	0.96	0	0	V0.2	0	0	82	78	92	73	105	65	117	56	130	43	138	30	149	18	155	26	160	44	162	70	161	95	162	117	157	135	153	152	156	172	146	177	133	209	156	254	165	294	249	381	313	401	425	587	604	656	629	690	731	827	913	922	1000	957	943	856	789	658	578	392	379	248	308	184	267	155	243	168	230	178	208	183	185	186	158	191	133	187	108	180	84	169	68	157	57
64	170	1	2	119	0	1953125	12	0.0	0	0.95	0	0	V0.2	0	0	79	91	89	86	103	78	116	69	130	55	142	43	152	28	160	29	166	44	169	69	166	93	167	117	160	133	154	148	155	166	140	170	128	201	142	238	147	280	242	365	296	372	407	568	598	635	620	673	722	808	905	901	1000	958	950	846	780	641	572	376	367	230	292	165	249	139	223	157	210	169	185	177	162	181	136	185	111	181	86	173	67	159	54	147	50
64	170	1	2	119	0	1953125	12	0.0	0	0.96	0	0	V0.2	0	0	60	95	72	93	85	88	98	81	112	71	125	60	138	45	148	36	156	34	163	50	167	70	172	93	169	111	167	129	172	148	161	155	154	193	168	236	157	285	244	385	282	406	389	600	571	661	587	710	688	841	861	931	969	999	919	872	738	667	541	406	353	262	287	189	259	147	244	149	238	154	219	157	201	161	177	167	153	167	127	163	100	157	80	150	63
64	170	1	2	119	0	1953125	12	0.0	0	0.95	0	0	V0.2	0	0	87	81	98	75	111	66	122	56	135	40	144	27	153	16	159	30	162	52	162	81	158	104	157	127	147	140	143	156	142	172	127	173	113	201	129	231	140	267	249	346	303	364	435	559	606	598	617	643	732	772	892	860	1000	930	940	812	774	618	574	353	364	214	282	154	237	136	206	159	193	173	167	181	145	185	119	188	96	181	76	173	61	156	55	142	55
64	170	1	2	119	0	1953125	12	0.0	0	0.96	0	0	V0.2	0	0	80	80	90	75	103	68	114	58	127	45	137	32	147	18	154	22	157	40	160	67	159	91	161	115	154	131	150	149	152	166	140	174	131	204	142	244	153	288	247	366	295	393	429	586	596	626	609	682	726	806	891	898	1000	966	949	855	777	651	572	375	368	238	298	173	258	145	234	162	225	174	201	180	178	185	154	189	128	186	102	178	80	167	64	155	55
64	170	1	2	119	0	1953125	12	0.0	0	0.95	0	0	V0.2	0	0	92	70	101	63	113	53	124	41	135	27	143	16	149	21	153	41	154	64	152	91	146	114	144	134	135	147	129	160	129	176	117	176	108	202	127	228	149	259	254	325	300	335	435	535	611	570	617	621	726	740	881	832	1000	913	947	791	768	596	572	341	365	216	283	163	231	150	197	172	181	185	155	189	132	191	109	190	90	181	74	169	67	152	64	135	66
64	170	1	2	119	0	1953125	12	0.0	0	0.96	0	0	V0.2	0	0	89	63	99	57	110	48	120	37	130	23	138	11	144	17	148	36	149	58	150	84	146	107	146	129	139	143	135	160	139	175	126	182	123	213	145	246	158	280	259	353	303	368	430	561	600	594	608	646	718	766	878	854	1000	939	947	809	762	614	573	361	376	235	300	179	256	160	228	176	212	187	188	191	163	193	138	194	114	186	92	178	75	164	64	151	58
64	170	1	2	119	0	1953125	12	0.0	0	0.95	0	0	V0.2	0	0	37	115	49	115	63	113	78	110	96	103	111	94	128	81	142	69	155	57	166	52	173	61	180	75	178	90	178	104	182	122	172	128	164	164	171	213	155	268	224	361	249	410	381	612	545	653	548	717	653	833	805	918	926	1000	872	877	701	678	509	411	313	270	253	188	228	128	223	125	227	124	213	125	199	129	178	137	156	140	130	142	104	139	82	134	62
64	170	1	2	119	0	1953125	12	0.0	0	0.96	0	0	V0.2	0	0	57	104	51	112	44	123	32	133	20	141	7	146	15	150	33	153	54	152	77	150	101	147	123	142	139	138	153	128	176	136	180	115	197	122	239	138	259	183	341	279	362	348	478	550	649	598	637	683	724	844	858	932	968	1000	915	883	738	684	523	435	290	328	203	276	158	237	154	231	170	216	173	196	179	172	181	147	183	122	177	97	169	76	158	62	148
64	170	1	2	119	0	1953125	12	0.0	0	0.95	0	0	V0.2	0	0	91	75	102	68	113	57	125	46	137	31	146	18	154	19	158	39	159	60	157	88	152	110	149	131	140	146	133	159	133	174	120	175	110	202	126	228	142	259	249	331	302	350	440	554	618	590	626	645	735	756	889	834	1000	918	952	800	771	605	571	344	365	216	286	161	236	147	202	169	187	183	162	188	137	191	112	190	92	182	73	168	63	153	60	136	61
64	170	1	2	119	0	1953125	12	0.0	0	0.96	0	0	V0.2	0	0	52	106	44	115	37	124	25	133	13	139	4	144	22	148	40	150	61	147	84	145	106	140	128	135	144	132	158	122	179	129	182	109	198	118	239	135	252	187	337	287	357	356	466	553	638	604	623	683	706	850	847	938	959	1000	896	871	717	684	513	443	286	329	197	274	159	236	159	227	174	210	178	189	183	163	185	139	186	114	180	94	171	73	159	61	148
64	170	1	2	119	0	1953125	12	0.0	0	0.95	0	0	V0.2	0	0	93	65	102	58	114	47	123	36	134	21	141	13	148	25	151	47	151	68	148	94	141	115	138	136	129	149	124	160	124	175	112	174	102	199	125	218	143	246	250	320	309	340	436	519	604	564	621	617	727	742	888	824	1000	898	943	779	763	587	565	338	361	213	279	166	230	159	194	178	177	189	152	193	129	193	105	190	88	179	74	165	68	148	68	131	70
64	170	1	2	119	0	1953125	12	0.0	0	0.96	0	0	V0.2	0	0	77	82	88	77	99	70	112	61	126	49	136	36	146	23	152	25	158	38	161	64	160	87	163	110	157	127	155	144	156	161	147	169	137	202	151	240	149	284	245	378	294	405	419	597	592	648	615	704	723	826	884	904	999	981	945	856	762	646	551	382	366	249	298	181	264	150	241	161	233	170	210	175	188	179	163	183	137	180	111	174	86	163	69	154	56
64	170	1	2	119	0	1953125	12	0.0	0	0.95	0	0	V0.2	0	0	75	95	87	90	100	83	113	74	128	60	140	47	152	32	160	29	166	38	168	65	167	87	168	111	162	127	157	143	156	160	143	165	129	197	141	233	135	274	232	360	286	389	412	587	589	626	600	679	719	810	879	876	1000	976	955	846	765	646	558	372	358	230	287	162	248	135	224	152	214	164	189	171	167	177	139	182	115	177	89	172	68	160	54	147	47
64	170	1	2	119	0	1953125	12	0.0	0	0.96	0	0	V0.2	0	0	86	65	96	59	107	50	117	39	128	25	135	13	142	17	146	36	148	57	148	83	143	105	142	126	135	141	130	156	133	171	122	176	115	204	139	233	149	265	249	347	311	371	425	547	595	592	613	638	720	778	890	849	999	930	952	804	763	612	567	361	372	230	293	176	251	163	222	180	207	190	181	193	157	195	132	195	110	187	88	176	73	162	66	148	63
64	170	1	2	119	0	1953125	12	0.0	0	0.95	0	0	V0.2	0	0	97	67	105	62	118	49	127	38	139	21	146	12	151	23	156	46	154	68	152	96	144	118	142	138	131	153	126	162	124	177	111	173	100	200	124	218	143	243	250	325	321	349	447	532	613	576	636	629	742	751	898	822	999	897	954	792	782	597	568	339	368	218	284	160	229	153	194	175	178	190	152	193	129	195	104	191	86	182	72	167	68	151	66	135	69
64	170	1	2	119	0	1953125	12	0.0	0	0.96	0	0	V0.2	0	0	78	84	90	78	101	71	115	62	128	49	138	35	148	20	156	22	160	37	163	64	162	88	162	111	156	129	152	146	152	161	141	170	129	202	148	240	146	279	240	377	308	411	430	597	593	643	622	705	735	827	897	897	1000	971	958	862	774	650	562	381	369	243	299	173	257	144	237	163	229	173	205	179	183	184	156	188	130	185	104	180	81	167	64	156	54
64	170	1	2	119	0	1953125	12	0.0	0	0.95	0	0	V0.2	0	0	64	105	75	103	90	97	104	90	121	78	134	66	148	49	159	40	168	36	174	52	175	73	178	95	172	114	167	130	167	147	154	154	141	189	152	232	138	275	224	375	279	412	405	613	577	651	588	710	703	839	873	914	990	1000	948	882	761	675	553	398	354	250	284	171	248	130	232	141	226	151	205	157	183	165	158	171	133	172	105	166	79	158	60	149	46
64	170	1	2	119	0	1953125	12	0.0	0	0.96	0	0	V0.2	0	0	94	55	102	48	112	38	122	26	131	12	137	11	141	28	145	48	143	69	142	95	136	116	133	136	127	151	123	163	125	178	115	179	109	206	140	233	160	260	262	349	333	370	446	538	606	584	633	637	739	769	901	836	1000	909	958	805	781	608	575	357	376	232	295	181	246	171	216	190	199	199	173	203	150	202	125	200	105	191	88	177	76	162	71	146	69
64	170	1	2	119	0	1953125	12	0.0	0	0.95	0	0	V0.2	0	0	76	90	87	86	100	78	113	70	128	56	139	44	150	27	158	25	163	36	166	63	164	87	165	109	158	128	154	142	153	159	140	164	125	199	143	236	141	275	234	371	301	402	422	592	594	644	615	690	727	815	885	884	1000	965	955	862	783	651	556	378	364	237	292	168	252	139	230	158	220	168	196	176	174	181	147	186	122	182	96	176	73	163	59	152	50
64	170	1	2	119	0	1953125	12	0.0	0	0.96	0	0	V0.2	0	0	71	91	82	88	96	82	108	73	123	61	134	49	146	33	155	27	161	32	166	55	167	78	169	102	165	121	161	138	163	155	151	164	140	199	158	245	153	291	242	386	297	419	413	614	589	661	606	712	715	844	886	915	998	1000	958	882	771	674	553	397	361	254	296	182	261	146	244	156	237	165	216	170	195	176	170	180	144	179	117	176	91	165	72	157	58
64	170	1	2	119	0	1953125	12	0.0	0	0.95	0	0	V0.2	0	0	79	83	88	80	102	71	113	63	128	49	137	35	147	21	156	24	158	41	162	67	160	91	160	113	153	132	149	145	149	163	135	167	124	202	143	237	143	277	244	374	307	402	421	583	585	622	610	677	725	820	895	880	1000	964	962	849	780	650	566	380	370	238	293	171	255	148	231	164	220	176	195	181	174	187	145	189	122	185	95	178	75	164	62	154	55
64	170	1	2	119	0	1953125	12	0.0	0	0.96	0	0	V0.2	0	0	73	85	84	81	96	75	109	66	123	52	133	41	145	26	152	27	158	37	161	62	161	85	162	107	157	125	155	140	154	157	145	165	132	199	153	239	148	279	237	378	306	418	414	582	573	637	608	690	716	829	887	902	1000	979	958	869	776	658	554	393	368	250	296	180	260	152	241	164	231	171	209	177	188	181	161	184	135	181	110	175	85	163	68	154	56
64	170	1	2	119	0	1953125	12	0.0	0	0.96	0	0	V0.2	0	0	67	97	78	94	92	88	105	81	121	68	133	56	146	39	155	32	163	35	168	55	169	78	171	101	166	120	163	135	162	151	151	159	136	189	149	233	141	276	228	376	294	416	409	594	576	651	606	701	710	841	888	913	1000	993	963	884	776	667	545	392	358	250	290	175	254	140	235	152	228	161	206	167	185	172	159	178	133	175	106	172	82	161	64	152	51
64	170	1	2	119	0	1953125	12	0.0	0	0.96	0	0	V0.2	0	0	68	90	80	87	92	81	105	74	120	62	130	50	144	35	152	31	159	33	163	55	165	77	168	101	165	119	163	137	164	152	155	162	144	195	161	237	151	282	239	389	300	428	409	599	568	657	605	713	710	856	888	923	993	1000	953	883	763	667	537	399	359	261	294	188	263	151	247	159	241	165	220	167	200	172	174	175	149	175	122	169	97	161	76	153	61
64	170	1	2	119	0	1953125	12	0.0	0	0.96	0	0	V0.2	0	0	102	38	110	30	120	17	125	6	133	15	135	34	137	54	135	75	130	95	123	118	113	136	109	151	101	163	99	169	102	181	96	175	94	195	136	204	166	215	270	298	351	322	456	474	607	527	641	577	741	732	902	798	1000	871	955	761	772	570	552	331	355	228	265	189	211	188	172	203	156	209	132	208	115	202	100	192	95	176	91	157	92	136	92	118	95
64	170	1	2	119	0	1953125	12	0.0	0	0.96	0	0	V0.2	0	0	69	92	81	88	94	82	107	76	121	62	132	50	145	34	153	28	160	32	165	55	166	78	169	101	163	120	162	138	163	153	153	161	137	194	154	237	141	276	231	386	301	429	419	607	580	662	613	712	718	852	896	923	1000	992	956	878	770	665	538	391	361	256	294	179	260	146	244	156	237	164	216	169	194	175	169	180	143	179	116	174	91	165	71	156	57
64	170	1	2	119	0	1953125	12	0.0	0	0.95	0	0	V0.2	0	0	92	74	103	68	115	58	126	46	138	30	147	18	154	19	159	38	159	60	157	87	151	111	148	131	139	147	133	157	129	170	116	173	102	199	127	226	141	251	240	339	318	362	434	534	595	584	627	631	732	773	903	833	1000	910	964	807	780	602	553	339	363	217	282	158	233	150	203	173	188	186	161	189	136	191	111	191	90	182	72	170	61	154	59	137	61
64	170	1	2	119	0	1953125	12	0.0	0	0.96	0	0	V0.2	0	0	82	73	92	67	103	59	114	50	127	35	135	23	144	16	149	29	152	48	152	74	150	97	148	117	143	135	140	150	139	164	128	170	117	199	139	231	143	263	238	359	313	393	424	553	581	612	626	667	724	801	898	872	1000	945	962	837	770	620	544	360	365	237	293	174	251	157	228	173	215	182	191	187	168	190	142	191	117	185	94	177	76	163	64	150	59
64	170	1	2	119	0	1953125	12	0.0	0	0.95	0	0	V0.2	0	0	76	87	88	83	101	75	113	66	127	52	138	40	149	24	156	25	162	38	163	64	162	88	161	111	155	129	150	144	147	158	135	164	120	195	140	230	135	267	231	367	302	402	425	584	587	634	619	682	721	815	893	881	1000	962	965	856	775	643	546	369	360	233	287	163	247	140	226	160	216	171	193	177	169	183	143	187	119	182	94	175	71	163	58	151	51
64	170	1	2	119	0	1953125	12	0.0	0	0.96	0	0	V0.2	0	0	77	82	87	78	99	71	112	62	126	50	136	37	146	23	154	24	159	38	162	64	162	87	162	109	157	128	153	144	153	159	143	167	129	199	151	239	149	280	237	381	305	418	423	592	582	646	619	698	721	836	899	905	1000	974	962	874	782	659	549	388	367	249	295	177	258	149	241	164	233	172	210	176	186	180	162	184	136	182	110	175	86	164	68	155	56
64	170	1	2	119	0	1953125	12	0.0	0	0.95	0	0	V0.2	0	0	71	95	83	92	97	84	110	76	125	64	137	51	150	36	159	32	165	39	169	61	168	85	168	106	162	125	158	139	156	153	143	159	125	189	140	226	135	268	226	369	295	404	415	583	579	641	619	696	721	828	892	896	999	975	969	876	780	652	545	382	358	239	284	165	243	135	225	153	217	164	194	169	171	176	145	179	120	176	94	169	72	157	56	146	48
64	170	1	2	119	0	1953125	12	0.0	0	0.96	0	0	V0.2	0	0	53	99	66	97	77	93	92	88	107	78	120	68	134	54	146	45	155	37	162	46	166	64	172	85	169	102	168	119	170	134	160	143	147	179	168	225	149	271	225	377	281	427	394	606	555	664	585	716	680	857	851	925	961	1000	921	885	731	668	505	403	337	267	274	186	247	144	241	146	239	147	223	150	204	152	182	157	158	158	132	158	106	151	84	146	67
64	170	1	2	119	0	1953125	12	0.0	0	0.96	0	0	V0.2	0	0	78	85	89	80	102	72	114	63	128	49	138	36	148	23	156	29	160	45	162	71	159	94	158	115	151	132	146	144	143	161	131	163	115	195	136	226	134	258	226	350	301	391	430	570	585	618	622	668	724	809	900	878	1000	944	953	831	764	622	540	359	356	226	282	160	240	140	217	159	205	171	182	176	159	182	133	183	109	178	86	170	67	156	56	144	52
64	170	1	2	119	0	1953125	12	0.0	0	0.96	0	0	V0.2	0	0	39	110	30	118	22	126	9	132	4	138	20	141	39	140	57	140	78	135	99	130	120	124	140	117	153	115	165	104	180	110	182	90	190	107	232	136	232	192	306	305	342	383	447	570	607	623	610	701	688	865	822	931	927	1000	882	885	698	683	468	433	262	323	183	260	155	216	166	206	187	187	190	165	194	141	195	119	193	97	182	80	170	66	156	62	142
64	170	1	2	119	0	1953125	12	0.0	0	0.95	0	0	V0.2	0	0	99	50	107	42	117	31	125	18	133	5	139	18	142	38	143	60	139	81	134	107	126	126	122	144	114	157	110	165	110	174	97	172	93	198	133	215	160	239	266	314	337	337	461	516	617	549	647	614	754	742	894	797	1000	890	970	781	776	578	558	324	357	212	272	171	217	167	182	191	168	202	143	203	123	202	103	196	92	183	82	166	80	148	81	130	82
64	170	1	2	119	0	1953125	12	0.0	0	0.96	0	0	V0.2	0	0	82	78	92	73	103	64	115	56	127	42	137	29	146	18	153	25	156	42	159	69	157	92	158	114	152	133	149	148	150	161	136	171	127	206	150	240	149	283	246	374	307	410	427	591	585	629	622	697	732	822	885	879	1000	980	976	861	769	641	552	372	365	238	294	174	256	149	235	166	227	175	203	180	181	184	155	187	131	183	104	177	82	164	66	154	56
64	170	1	2	119	0	1953125	12	0.0	0	0.96	0	0	V0.2	0	0	68	92	80	89	92	82	106	74	121	62	132	50	145	35	154	31	160	37	164	60	163	80	164	103	159	120	156	136	157	150	142	157	131	192	143	223	133	270	229	364	290	409	413	586	569	630	608	701	715	823	877	900	1000	996	969	871	755	641	539	376	356	240	283	169	247	138	229	153	221	163	199	168	178	173	152	177	127	175	101	169	79	159	62	149	52
64	170	1	2	119	0	1953125	12	0.0	0	0.96	0	0	V0.2	0	0	81	76	92	72	104	64	116	53	129	39	136	26	147	14	152	24	155	43	157	71	154	93	152	116	146	132	141	148	142	161	127	168	117	203	138	233	139	273	239	356	302	394	434	584	594	616	620	676	725	797	881	863	1000	960	964	834	761	623	543	351	358	224	285	162	246	143	223	163	215	177	190	182	168	186	142	189	117	184	93	176	73	164	62	152	54
64	170	1	2	119	0	1953125	12	0.0	0	0.95	0	0	V0.2	0	0	82	77	92	72	105	63	116	54	128	39	139	27	148	15	154	27	156	46	158	73	154	94	153	118	147	134	141	148	141	162	126	168	114	202	137	233	144	275	243	357	307	390	431	578	599	619	628	674	739	810	897	864	999	954	971	839	773	628	552	356	361	224	287	165	247	147	222	168	213	180	188	185	165	188	138	191	114	186	90	177	71	162	60	151	56
64	170	1	2	119	0	1953125	12	0.0	0	0.96	0	0	V0.2	0	0	59	95	70	93	83	88	97	81	112	70	124	59	137	46	147	37	155	33	161	49	164	68	167	90	164	109	164	125	165	139	152	148	142	184	156	222	139	273	228	373	283	419	399	603	567	659	603	719	697	845	862	913	971	1000	943	881	737	656	516	392	344	255	276	179	246	140	237	148	234	153	215	156	196	161	173	166	148	165	122	164	97	156	77	147	61
64	170	1	2	119	0	1953125	12	0.0	0	0.96	0	0	V0.2	0	0	52	104	64	103	77	99	91	94	108	83	122	73	136	58	148	47	157	37	165	46	169	62	173	83	169	101	168	116	169	130	156	139	144	175	158	214	133	264	216	368	275	425	398	614	556	656	583	716	685	840	843	907	957	1000	928	880	723	657	500	387	327	251	261	171	234	125	226	133	228	140	210	142	191	149	169	156	145	158	119	157	94	150	73	144	55
64	170	1	2	119	0	1953125	12	0.0	0	0.96	0	0	V0.2	0	0	80	77	91	72	102	64	115	55	127	41	136	27	145	16	151	25	155	43	157	70	155	91	155	114	150	132	147	148	147	160	134	169	125	202	143	232	140	274	239	368	311	413	435	596	595	630	623	691	730	816	892	883	1000	970	971	851	760	629	546	365	361	233	290	171	252	147	231	165	222	175	200	180	176	185	151	188	127	184	102	177	80	165	65	153	56
64	170	1	2	119	0	1953125	12	0.0	0	0.95	0	0	V0.2	0	0	79	83	90	77	102	70	115	60	128	46	138	33	148	20	155	26	159	43	160	69	158	92	157	113	150	130	145	144	143	158	129	165	116	196	134	224	133	260	228	351	304	395	428	577	590	620	623	676	730	810	891	867	1000	962	979	849	774	630	546	361	360	227	284	163	244	144	221	163	211	175	187	180	164	185	137	187	112	182	89	174	69	160	57	149	54
64	170	1	2	119	0	1953125	12	0.0	0	0.96	0	0	V0.2	0	0	98	49	98	59	98	72	95	85	91	99	84	111	74	124	65	137	54	145	48	157	50	163	64	167	76	170	91	166	109	171	116	159	130	168	180	157	214	170	316	255	383	298	488	465	647	520	672	582	750	736	893	810	1000	889	970	783	769	572	540	342	342	252	246	215	188	209	156	222	146	223	129	216	118	206	111	194	109	174	106	156	105	134	105	116	104
64	170	1	2	119	0	1953125	12	0.0	0	0.96	0	0	V0.2	0	0	102	37	109	28	119	15	124	3	132	15	135	32	135	52	133	73	128	93	122	116	111	134	106	149	99	162	96	166	98	176	91	172	90	193	131	195	161	209	269	290	350	324	467	495	625	538	657	596	750	729	895	792	999	877	967	766	765	555	538	314	349	218	262	180	206	180	171	200	156	209	132	207	114	202	100	194	95	178	90	160	90	139	92	121	94
64	170	1	2	119	0	1953125	12	0.0	0	0.96	0	0	V0.2	0	0	81	75	91	70	103	62	115	52	127	38	136	25	144	14	151	27	154	45	154	72	152	95	150	116	144	134	139	148	139	159	126	167	113	195	131	220	132	255	230	349	310	399	437	577	595	620	629	675	734	813	902	878	1000	948	963	834	761	614	537	351	357	225	283	164	245	148	221	167	212	179	187	184	165	187	139	189	116	184	92	174	72	162	62	149	56
64	170	1	2	119	0	1953125	12	0.0	0	0.95	0	0	V0.2	0	0	29	111	40	112	53	111	68	109	84	103	99	96	116	84	129	75	143	61	155	55	164	58	172	69	173	83	173	96	178	110	171	118	160	148	175	191	147	246	213	352	265	420	375	604	533	653	553	715	654	870	814	931	918	999	881	885	690	672	467	411	297	272	238	194	222	143	225	136	230	130	217	124	205	124	187	130	168	130	144	133	119	131	98	128	78
64	170	1	2	119	0	1953125	12	0.0	0	0.96	0	0	V0.2	0	0	60	93	72	90	84	85	97	79	112	69	123	58	136	44	146	35	153	33	161	49	163	68	166	90	164	110	164	125	165	139	157	151	145	180	157	219	141	270	222	369	282	423	402	606	568	664	602	719	700	858	864	927	973	1000	941	887	741	660	514	398	344	260	278	185	252	148	243	153	240	156	220	157	201	160	178	165	154	164	127	162	102	155	82	148	66
64	170	1	2	119	0	1953125	12	0.0	0	0.96	0	0	V0.2	0	0	43	106	55	104	68	101	83	97	99	88	112	79	128	66	140	56	151	46	160	48	165	60	170	78	169	95	169	109	171	123	161	132	149	163	160	198	128	246	205	356	266	414	378	593	538	649	573	717	678	854	831	911	942	1000	919	885	710	656	485	395	318	258	256	179	234	136	229	136	228	136	212	137	196	142	174	147	152	148	126	149	101	143	80	137	62
64	170	1	2	119	0	1953125	12	0.0	0	0.96	0	0	V0.2	0	0	24	108	34	109	47	110	61	108	77	103	91	98	107	86	121	79	135	66	147	59	159	59	167	66	169	79	173	90	178	102	174	111	166	140	183	180	152	237	217	346	262	418	372	599	526	644	541	709	636	859	789	920	898	1000	871	885	668	663	444	408	283	281	229	205	218	156	223	143	231	132	221	122	211	118	195	119	178	121	156	123	132	121	111	120	92
64	170	1	2	119	0	1953125	12	0.0	0	0.96	0	0	V0.2	0	0	19	110	30	112	41	112	55	112	71	108	86	102	103	92	118	84	132	71	146	63	156	62	165	68	168	78	172	88	178	100	174	108	167	135	185	173	152	231	217	343	265	416	370	592	524	640	543	710	645	869	798	928	899	1000	870	890	671	666	443	409	280	283	227	207	213	156	219	143	227	131	219	121	209	116	194	118	177	118	154	119	131	118	112	118	92
64	170	1	2	119	0	1953125	12	0.0	0	0.96	0	0	V0.2	0	0	22	110	13	115	2	121	10	126	25	128	41	130	59	126	75	124	95	116	114	108	131	102	148	95	157	96	167	90	180	98	183	88	184	106	212	134	196	190	261	306	306	389	404	564	558	621	572	698	659	863	799	935	903	1000	870	892	668	667	434	425	257	315	190	247	173	201	186	186	203	166	204	144	203	122	198	105	192	89	177	80	160	75	144	75	129
64	170	1	2	119	0	1953125	12	0.0	0	0.96	0	0	V0.2	0	0	3	115	14	118	25	121	40	121	57	119	72	117	91	108	107	102	124	89	139	79	152	73	164	72	168	78	174	82	181	91	178	93	172	117	192	156	160	216	222	331	267	407	373	585	524	639	542	707	632	860	781	929	886	1000	860	894	655	659	423	412	264	292	204	213	191	160	205	146	217	130	212	114	206	104	194	102	180	100	160	102	138	103	119	104	100
64	170	1	2	119	0	1953125	12	0.0	0	0.96	0	0	V0.2	0	0	91	63	90	72	88	85	83	96	77	109	68	121	57	131	48	143	38	150	37	159	48	162	66	164	83	166	99	160	118	167	129	152	141	157	190	145	215	148	310	240	382	300	495	464	642	515	670	587	760	756	901	827	1000	897	969	793	754	568	519	346	328	267	235	228	179	220	150	230	143	227	129	217	121	204	117	189	119	169	116	147	117	126	116	107	112
64	170	1	2	119	0	1953125	12	0.0	0	0.96	0	0	V0.2	0	0	6	114	17	117	29	119	43	120	60	118	76	114	94	105	109	99	126	86	142	77	154	73	166	72	170	80	175	84	182	95	179	96	171	121	190	160	157	217	216	331	264	412	377	594	527	642	545	710	632	859	782	932	892	999	863	893	659	664	433	413	268	290	213	214	199	162	210	146	219	130	214	116	206	107	194	105	178	104	158	106	135	106	116	107	97
64	170	1	2	119	0	1953125	12	0.0	0	0.96	0	0	V0.2	0	0	37	105	49	106	61	104	76	101	91	93	105	86	121	73	133	63	146	50	156	48	164	55	171	70	171	86	172	101	176	113	171	124	158	152	173	193	139	249	211	358	263	423	387	613	539	656	562	718	659	869	815	924	917	1000	896	892	693	661	461	400	303	273	249	196	231	146	232	140	236	135	223	128	209	131	191	135	170	137	146	139	121	135	99	132	81
64	170	1	2	119	0	1953125	12	0.0	0	0.96	0	0	V0.2	0	0	17	111	28	113	39	114	54	113	70	109	86	104	103	94	118	86	133	72	147	64	157	63	166	67	169	78	173	87	179	100	176	106	166	132	182	173	151	233	215	343	261	408	369	592	523	643	543	703	629	858	785	921	890	1000	868	885	662	656	437	408	280	284	226	207	211	156	218	143	226	130	217	119	207	113	193	114	175	116	154	119	132	116	111	116	91
64	170	1	2	119	0	1953125	12	0.0	0	0.96	0	0	V0.2	0	0	22	116	33	118	46	118	62	117	79	110	95	104	113	93	127	84	142	71	154	62	163	63	172	68	173	82	177	92	180	105	175	112	165	140	173	175	138	237	206	349	254	412	368	590	515	639	547	708	640	853	785	926	902	999	865	878	661	646	442	400	283	274	229	195	211	140	214	129	223	121	210	112	199	111	184	117	163	119	141	123	117	120	95	119	75
64	170	1	2	119	0	1953125	12	0.0	0	0.96	0	0	V0.2	0	0	51	98	61	98	74	94	88	90	103	80	115	70	129	55	141	45	151	35	158	41	163	57	167	77	167	97	167	114	168	125	154	136	143	164	144	199	120	253	207	361	262	415	388	610	549	645	579	725	689	850	824	915	945	999	892	846	675	637	481	381	313	251	261	178	237	135	233	137	233	138	214	137	199	143	177	150	156	151	130	152	105	146	84	142	66
64	170	1	2	119	0	1953125	12	0.0	0	0.96	0	0	V0.2	0	0	8	110	16	112	28	116	42	117	56	114	71	111	88	105	104	98	120	86	134	78	148	73	161	74	168	81	175	84	183	93	178	96	178	120	195	156	175	229	253	337	273	407	387	586	533	633	562	727	640	839	763	913	881	1000	831	858	628	660	431	413	262	300	212	232	197	179	208	165	221	145	215	126	210	112	201	103	188	96	170	95	151	93	132	95	115
64	170	1	2	119	0	1953125	12	0.0	0	0.96	0	0	V0.2	0	0	35	110	47	110	61	108	75	105	91	98	106	89	123	77	136	65	147	53	159	49	165	57	171	70	170	87	172	101	174	110	162	117	153	146	158	184	127	251	213	353	250	422	389	611	541	654	584	731	653	818	810	937	928	999	867	865	677	646	456	387	303	266	247	185	220	130	223	131	227	126	211	125	199	128	178	134	157	137	133	138	108	135	86	131	67
64	170	1	2	119	0	1953125	12	0.0	0	0.96	0	0	V0.2	0	0	14	111	24	113	36	115	50	116	65	112	80	108	98	99	113	91	128	79	142	70	154	65	166	68	170	78	176	85	182	94	176	99	175	127	189	169	167	239	236	347	268	430	394	606	542	649	559	725	630	836	796	961	892	1000	832	868	641	657	429	408	272	297	218	217	199	160	211	151	223	134	218	122	212	110	201	108	185	107	166	107	144	108	124	109	105
64	170	1	2	119	0	1953125	12	0.0	0	0.96	0	0	V0.2	0	0	26	109	37	110	50	110	64	108	80	102	95	96	112	85	125	76	139	64	151	56	160	57	168	67	170	81	172	92	176	103	167	112	164	142	169	181	145	247	219	355	262	427	388	605	538	654	557	723	642	832	798	952	908	1000	859	867	649	651	453	396	291	277	237	197	216	144	222	138	227	128	217	123	206	120	189	124	170	125	147	127	123	125	103	124	85
64	170	1	2	119	0	1953125	12	0.0	0	0.96	0	0	V0.2	0	0	112	21	115	30	117	44	117	58	117	74	113	89	107	104	100	120	90	133	81	149	73	159	74	167	77	174	84	171	95	179	92	165	101	177	134	166	170	175	285	253	347	299	487	472	647	529	671	587	741	687	882	806	1000	870	950	749	739	542	533	304	345	215	257	177	198	171	167	190	150	195	128	196	111	192	94	186	84	172	76	158	74	139	74	123	75
64	170	1	2	119	0	1953125	12	0.0	0	0.96	0	0	V0.2	0	0	9	114	16	118	29	119	43	121	59	119	75	116	92	108	109	100	124	89	141	77	153	72	166	71	171	80	178	82	185	93	179	93	177	118	188	160	178	236	242	347	275	427	403	609	564	680	571	726	625	840	792	964	890	1000	842	890	648	668	433	417	271	305	211	223	197	169	211	156	223	137	217	123	214	108	203	105	190	101	170	103	149	102	130	105	110
64	170	1	2	119	0	1953125	12	0.0	0	0.96	0	0	V0.2	0	0	28	113	19	120	9	126	4	132	18	136	33	137	53	135	70	133	88	127	109	120	128	114	147	107	159	107	171	97	184	104	184	89	190	101	219	133	223	202	292	309	327	399	449	578	611	648	604	693	644	835	833	967	906	1000	873	896	678	672	446	430	268	333	188	259	162	215	179	203	196	184	199	161	201	135	199	114	195	93	183	78	168	68	155	65	140
64	170	1	2	119	0	1953125	12	0.0	0	0.96	0	0	V0.2	0	0	47	111	59	110	74	107	89	102	106	93	121	83	136	68	149	57	160	48	170	50	174	64	179	81	176	101	175	113	173	128	164	133	148	161	156	205	132	261	204	362	267	434	410	617	577	682	584	701	659	848	882	964	938	1000	931	910	725	658	497	404	336	268	263	177	234	131	232	135	229	136	212	139	195	143	172	151	148	153	121	150	95	146	74	140	57
64	170	1	2	119	0	1953125	12	0.0	0	0.96	0	0	V0.2	0	0	22	113	33	113	45	114	60	113	76	108	91	102	109	91	123	82	137	70	151	61	161	61	170	67	174	80	177	90	181	103	176	107	167	136	183	186	158	246	216	356	272	440	398	620	563	678	552	707	630	866	829	957	878	999	881	911	677	667	451	423	297	296	232	208	214	156	224	146	232	134	224	122	214	118	200	120	182	121	159	121	135	121	114	121	96
64	170	1	2	119	0	1953125	12	0.0	0	0.96	0	0	V0.2	0	0	4	120	15	124	27	126	43	127	60	124	77	121	96	112	113	105	129	92	147	81	159	76	172	75	176	83	181	84	186	96	183	96	176	118	190	169	172	236	224	341	269	426	395	609	561	677	549	700	610	855	811	967	876	999	864	914	672	676	441	426	280	305	214	216	197	162	210	146	220	129	215	114	209	105	196	104	182	104	160	105	138	104	117	107	99
64	170	1	2	119	0	1953125	12	0.0	0	0.96	0	0	V0.2	0	0	8	113	2	118	13	122	28	124	43	124	59	123	78	117	95	112	112	101	129	93	144	87	158	82	166	86	174	84	182	94	181	89	179	109	198	151	188	219	244	327	287	414	405	589	565	664	563	699	616	841	805	964	879	1000	859	905	661	666	433	427	271	316	203	233	185	183	201	169	214	149	212	130	210	112	202	102	192	94	174	91	153	90	136	92	118
64	170	1	2	119	0	1953125	12	0.0	0	0.96	0	0	V0.2	0	0	12	118	2	122	9	127	24	130	41	130	57	130	77	124	95	118	113	108	132	98	145	90	160	84	168	87	176	82	184	93	183	84	180	105	202	150	189	218	244	328	284	418	407	595	567	663	553	688	603	840	804	970	878	1000	852	902	653	666	427	425	266	315	195	229	179	178	196	163	210	142	209	123	208	105	199	95	189	90	172	88	152	87	132	91	115
64	170	1	2	119	0	1953125	12	0.0	0	0.96	0	0	V0.2	0	0	25	109	36	111	48	111	62	109	78	105	93	99	108	88	123	80	136	67	150	59	160	60	170	68	173	81	177	92	181	103	177	112	173	140	187	189	170	251	224	351	266	432	395	610	553	674	551	699	614	843	814	972	897	1000	862	898	670	670	452	417	297	300	237	214	219	163	228	151	234	138	227	126	217	118	202	120	186	118	163	120	140	118	119	118	101
64	170	1	2	119	0	1953125	12	0.0	0	0.96	0	0	V0.2	0	0	16	116	6	121	4	126	18	130	35	131	52	130	71	126	89	121	107	111	127	102	142	96	157	90	165	92	173	86	181	94	180	86	182	106	199	144	191	209	247	313	278	401	400	575	553	644	561	696	614	832	795	970	896	1000	847	891	657	670	438	423	267	314	198	234	178	183	193	168	207	147	206	127	205	108	196	97	186	87	169	85	150	83	133	85	115
64	170	1	2	119	0	1953125	12	0.0	0	0.96	0	0	V0.2	0	0	102	43	103	53	103	67	100	80	98	94	92	107	82	121	74	135	62	145	54	156	51	163	61	169	71	173	86	168	101	174	105	158	121	168	164	157	202	163	308	243	368	299	508	472	667	535	684	576	741	703	909	833	1000	871	960	776	760	547	530	318	348	244	251	200	188	195	158	215	146	218	127	214	114	204	104	195	101	176	97	159	97	137	98	120	98
64	170	1	2	119	0	1953125	12	0.0	0	0.96	0	0	V0.2	0	0	15	115	25	118	38	118	52	119	68	115	84	111	102	100	118	92	132	79	147	68	158	63	169	66	172	77	177	84	181	95	176	98	170	130	184	172	161	238	224	349	261	426	392	609	542	667	551	711	614	832	781	953	883	1000	853	897	653	659	433	403	275	293	217	205	199	151	213	141	225	126	217	115	210	108	196	109	181	109	159	112	137	112	116	113	97
64	170	1	2	119	0	1953125	12	0.0	0	0.96	0	0	V0.2	0	0	38	107	48	107	61	106	76	103	91	95	106	87	121	75	135	64	146	51	157	46	165	54	172	70	172	86	173	100	174	113	167	123	160	156	167	194	144	256	213	359	261	434	396	612	543	666	562	713	644	835	815	959	920	1000	878	887	675	655	471	399	307	274	248	187	225	137	230	136	234	130	221	128	209	129	190	134	169	137	145	138	119	135	98	133	79
64	170	1	2	119	0	1953125	12	0.0	0	0.96	0	0	V0.2	0	0	46	105	58	104	72	101	85	97	101	87	115	78	130	64	143	53	153	43	162	47	167	59	171	79	170	97	169	111	168	125	159	133	149	167	151	198	128	251	203	353	260	424	398	598	550	657	575	706	663	819	831	943	949	999	912	884	700	647	492	388	327	261	262	174	232	129	231	135	228	135	212	138	195	142	173	149	149	151	124	150	98	144	77	139	59
64	170	1	2	119	0	1953125	12	0.0	0	0.96	0	0	V0.2	0	0	8	110	18	113	29	116	43	117	59	115	73	111	90	103	106	96	121	85	136	76	149	70	161	70	167	79	173	82	179	93	176	95	177	125	190	163	174	226	232	333	266	408	386	589	538	644	543	699	608	822	770	948	887	1000	845	884	642	653	432	408	270	299	211	218	194	167	209	156	219	138	215	123	210	109	200	105	186	100	167	101	146	100	127	101	110
64	170	1	2	119	0	1953125	12	0.0	0	0.96	0	0	V0.2	0	0	7	114	18	116	29	117	44	119	60	116	76	112	94	104	110	96	125	84	140	73	152	69	164	70	167	78	172	83	177	94	174	96	172	126	180	161	159	224	218	328	250	399	368	580	521	633	527	689	600	813	760	938	888	1000	843	871	636	648	435	403	272	289	213	205	194	152	207	141	216	125	208	113	203	105	190	103	174	104	155	104	131	105	113	106	95
64	170	1	2	119	0	1953125	12	0.0	0	0.96	0	0	V0.2	0	0	43	102	54	103	67	98	80	95	96	86	109	78	124	64	136	54	147	43	156	45	162	57	168	75	167	92	168	107	169	122	161	130	154	166	157	196	131	250	208	354	256	417	383	592	536	644	554	698	650	816	809	938	941	999	897	873	684	644	485	395	326	271	261	184	234	136	232	139	232	135	216	135	202	140	181	145	158	146	134	146	107	142	87	138	69
64	170	1	2	119	0	1953125	12	0.0	0	0.96	0	0	V0.2	0	0	60	98	72	95	85	90	98	84	114	73	127	62	140	47	151	36	158	32	166	48	166	68	170	91	165	109	163	125	161	139	150	147	138	185	145	214	121	256	209	359	272	422	414	608	572	653	590	701	698	822	853	934	983	1000	941	873	723	644	515	378	347	253	279	167	244	129	235	143	230	149	209	155	192	161	166	167	140	167	114	163	87	155	68	148	54
64	170	1	2	119	0	1953125	12	0.0	0	0.96	0	0	V0.2	0	0	58	99	70	97	83	91	97	86	112	75	125	63	137	48	149	37	155	30	164	45	166	63	170	87	167	106	166	123	164	136	155	147	144	184	150	219	129	261	209	363	268	423	413	615	569	658	586	707	688	827	849	944	972	1000	935	880	720	652	512	384	345	259	278	173	244	131	238	144	235	147	216	151	198	158	174	165	151	165	123	162	96	156	76	149	61
64	170	1	2	119	0	1953125	12	0.0	0	0.96	0	0	V0.2	0	0	4	115	12	118	24	121	39	122	55	120	70	116	90	109	106	102	122	90	139	80	152	74	164	73	169	79	175	81	180	91	176	91	176	123	189	162	168	222	225	329	257	402	378	589	528	637	535	697	606	820	757	938	878	1000	851	885	641	660	441	414	274	298	210	212	189	157	205	147	216	129	210	115	206	105	195	102	181	100	161	101	139	102	119	102	101
64	170	1	2	119	0	1953125	12	0.0	0	0.96	0	0	V0.2	0	0	50	97	61	97	74	92	87	88	102	79	115	69	128	56	140	45	149	37	157	43	163	58	166	78	166	96	166	113	168	126	158	135	153	173	159	206	136	256	211	356	258	418	390	596	536	643	558	701	650	809	805	926	939	1000	907	869	684	644	494	395	333	270	268	183	238	138	236	141	235	140	219	140	204	143	182	149	159	150	134	149	109	144	88	139	71
64	170	1	2	119	0	1953125	12	0.0	0	0.96	0	0	V0.2	0	0	72	90	83	87	96	79	108	71	123	59	135	45	145	31	155	26	160	35	164	59	162	80	162	103	157	122	152	135	150	150	136	155	126	193	132	214	118	253	216	349	282	404	426	587	579	630	605	681	712	795	869	909	1000	985	967	858	742	624	538	370	361	236	283	158	241	130	227	151	217	161	194	169	172	174	146	180	121	176	95	169	72	158	57	147	49
64	170	1	2	119	0	1953125	12	0.0	0	0.96	0	0	V0.2	0	0	79	81	89	75	101	67	112	58	126	45	135	31	144	17	152	21	155	38	158	66	155	88	154	110	148	128	145	142	141	156	131	163	120	198	129	223	127	257	221	347	290	402	437	578	586	626	613	671	721	786	877	897	1000	964	969	852	749	617	542	357	364	231	286	158	243	134	227	160	217	171	194	178	173	183	146	187	119	183	96	177	75	165	61	152	53
64	170	1	2	119	0	1953125	12	0.0	0	0.96	0	0	V0.2	0	0	68	92	79	89	92	82	105	74	120	63	131	50	143	35	153	28	159	33	163	56	164	76	164	99	160	118	156	132	154	147	142	155	132	192	137	220	126	260	214	352	271	405	414	588	571	634	596	690	710	806	862	916	1000	994	969	870	744	637	535	373	356	240	284	163	244	131	231	151	223	159	200	166	180	171	154	177	128	174	103	171	79	158	61	149	51
64	170	1	2	119	0	1953125	12	0.0	0	0.96	0	0	V0.2	0	0	82	69	93	64	104	54	115	45	125	30	134	17	141	14	147	31	147	51	148	77	143	98	141	119	136	136	131	147	129	162	117	166	109	198	121	215	127	243	226	326	291	371	428	542	585	591	615	642	721	751	865	858	1000	939	971	822	746	589	544	343	367	224	285	162	236	147	216	171	202	182	177	187	154	190	129	191	107	183	86	173	70	158	62	146	61
64	170	1	2	119	0	1953125	12	0.0	0	0.96	0	0	V0.2	0	0	6	113	17	116	29	118	43	119	59	117	74	113	93	105	109	97	125	86	140	76	152	71	163	71	167	80	172	82	178	96	172	93	169	127	182	161	157	218	212	323	246	398	368	576	513	628	527	691	613	816	752	921	885	1000	855	877	640	648	444	411	278	291	215	208	196	153	206	142	216	125	208	115	202	105	189	104	173	103	153	106	131	105	110	106	93
64	170	1	2	119	0	1953125	12	0.0	0	0.96	0	0	V0.2	0	0	30	106	41	107	53	107	67	104	82	99	97	92	112	82	125	72	138	60	151	53	160	55	167	65	170	81	172	93	176	105	169	112	165	150	177	188	150	243	210	346	250	417	379	603	529	649	539	704	632	827	773	928	901	1000	868	877	652	650	457	404	297	283	241	200	219	147	224	141	231	130	221	124	211	121	194	123	175	124	153	126	129	124	108	123	89
64	170	1	2	119	0	1953125	12	0.0	0	0.96	0	0	V0.2	0	0	63	98	75	96	88	90	101	83	116	72	129	60	142	45	153	35	161	33	167	51	168	71	169	93	164	112	160	127	159	143	149	149	137	189	145	219	124	258	208	349	258	400	405	600	570	644	587	695	702	811	839	909	982	1000	955	867	728	640	523	374	349	244	281	167	244	129	232	144	225	152	203	158	183	165	158	170	132	169	106	165	80	154	61	146	49
