34928	35048	35167	35286	35405	35524	35644	35763	35882	36001	36120	36240	36359	36478	36597	36716	36836	36955	37074	37193	37313	37432	37551	37670	37789	37909	38028	38147	38266	38385	38505	38624	38743	38862	38981	39101	39220	39339	39458	39577	39697	39816	39935	40054	40174	40293	40412	40531	40650	40770	40889	41008	41127	41246	41366	41485	41604	41723	41842	41962	42081	42200	42319	42439	42558	42677	42796	42915	43035	43154	43273	43392	43511	43631	43750	43869	43988	44107	44227	44346	44465	44584	44703	44823	44942
64	170	1	2	119	0	1953125	12	0.0	0	0.93	0	0	V0.2	0	0	80	36	64	56	48	71	33	78	42	72	57	70	64	73	68	82	71	90	86	96	112	88	140	91	151	112	153	167	135	188	116	217	114	182	168	180	309	170	303	196	347	374	366	517	432	621	571	622	430	412	516	701	1000	955	985	830	718	591	480	519	424	480	418	383	384	256	325	214	252	220	184	228	135	207	132	174	142	135	145	106	137	96	114	96	94
64	170	1	2	119	0	1953125	12	0.0	0	0.93	0	0	V0.2	0	0	20	75	13	69	29	58	46	48	55	41	58	47	60	53	60	60	74	61	88	63	107	67	121	97	120	126	115	178	113	197	115	199	134	159	178	152	299	184	314	209	318	383	347	509	439	640	619	634	401	414	519	648	935	882	1000	804	731	572	489	495	392	471	392	417	357	294	318	218	274	184	226	194	170	191	131	181	115	157	115	126	115	102	108	85	95
64	170	1	2	119	0	1953125	12	0.0	0	0.93	0	0	V0.2	0	0	33	79	15	78	29	71	47	62	66	52	70	58	75	65	76	75	88	74	103	79	122	83	133	111	125	145	123	197	116	210	121	203	143	165	199	141	305	169	318	219	320	382	341	516	442	659	660	657	419	379	511	701	999	902	1000	845	746	603	482	502	389	469	389	405	370	286	323	209	269	192	216	205	160	198	125	181	119	156	125	120	122	101	115	90	100
64	170	1	2	119	0	1953125	12	0.0	0	0.93	0	0	V0.2	0	0	17	72	41	56	55	41	66	27	68	32	65	40	65	51	66	58	79	61	90	75	99	95	100	133	89	161	93	199	126	191	153	170	185	118	232	142	305	199	289	262	281	430	341	539	458	635	692	629	481	383	542	723	972	981	1000	903	731	656	484	529	420	456	447	383	415	270	340	236	263	232	196	233	150	209	137	177	140	143	143	118	134	101	113	97	94
64	170	1	2	119	0	1953125	12	0.0	0	0.93	0	0	V0.2	0	0	25	79	15	77	36	68	53	56	67	49	73	56	75	64	78	71	88	72	105	79	117	85	124	119	118	152	110	195	109	202	122	195	149	155	213	144	306	168	295	189	297	396	352	539	457	628	643	603	459	400	540	659	975	957	1000	850	729	603	474	493	381	469	401	393	368	266	321	207	266	197	208	208	152	199	126	177	123	149	130	123	126	98	114	92	99
64	170	1	2	119	0	1953125	12	0.0	0	0.93	0	0	V0.2	0	0	10	74	26	65	46	49	56	39	63	34	62	42	61	52	64	58	75	60	92	66	105	84	113	115	107	153	101	188	106	196	138	194	170	133	210	130	306	163	287	247	342	439	388	552	439	630	636	635	495	419	542	725	1000	948	965	822	727	620	491	509	416	479	409	387	384	277	338	221	272	210	210	218	159	206	126	179	126	149	127	120	128	98	113	93	96
64	170	1	2	119	0	1953125	12	0.0	0	0.93	0	0	V0.2	0	0	39	78	19	78	27	73	45	64	63	56	71	62	74	68	75	78	86	78	103	81	123	82	135	106	135	141	130	190	119	206	125	208	137	171	199	158	303	186	324	217	362	405	367	526	441	628	610	658	449	410	544	700	973	899	1000	854	781	589	517	506	399	471	384	407	358	283	320	211	275	189	222	199	165	197	125	181	117	160	122	129	122	104	115	91	103
64	170	1	2	119	0	1953125	12	0.0	0	0.93	0	0	V0.2	0	0	36	65	58	43	68	27	72	25	73	37	66	47	63	57	68	62	78	68	84	86	88	112	84	145	76	171	101	192	144	177	183	148	203	83	234	144	314	248	277	311	316	443	386	538	476	564	651	565	492	377	532	761	980	1000	932	907	734	653	470	494	441	430	456	353	418	268	329	246	237	245	180	232	144	200	143	159	145	127	143	107	127	100	106	96	86
64	170	1	2	119	0	1953125	12	0.0	0	0.93	0	0	V0.2	0	0	43	76	19	79	24	77	40	68	61	58	67	61	74	66	75	76	85	76	103	81	123	79	137	100	135	132	134	186	120	200	115	213	125	172	182	177	291	190	312	211	359	390	373	511	433	592	553	592	404	424	519	676	978	915	1000	798	778	587	517	476	401	466	386	412	345	292	310	211	267	179	223	189	167	189	129	181	110	160	114	126	117	104	115	88	102
64	170	1	2	119	0	1953125	12	0.0	0	0.93	0	0	V0.2	0	0	11	73	18	66	36	54	50	43	59	37	61	43	61	50	60	59	76	60	91	66	108	76	118	110	114	140	109	185	104	194	120	194	139	151	220	166	330	187	316	228	332	427	362	537	415	613	604	644	446	434	534	683	933	935	1000	841	716	581	476	492	403	475	403	396	369	282	327	213	273	196	218	205	161	198	126	181	120	153	121	119	120	101	111	89	96
64	170	1	2	119	0	1953125	12	0.0	0	0.93	0	0	V0.2	0	0	34	74	15	75	26	69	46	60	60	53	68	57	69	64	72	73	84	74	99	77	117	81	130	105	127	142	120	179	104	196	125	194	113	155	186	190	330	169	272	162	326	414	362	497	392	598	596	651	419	400	491	643	966	940	1000	785	688	548	502	507	389	449	364	389	350	274	309	204	262	184	211	195	156	188	121	175	115	150	120	122	120	98	111	89	97
64	170	1	2	119	0	1953125	12	0.0	0	0.92	0	0	V0.2	0	0	98	117	117	108	138	95	160	80	172	78	172	97	162	126	137	154	93	176	55	187	30	178	62	171	106	147	145	115	176	108	211	69	237	84	270	102	259	204	256	274	139	401	204	494	271	582	556	535	383	283	501	513	918	777	999	608	721	468	483	353	343	393	273	361	179	321	125	246	165	189	213	121	238	57	229	45	215	97	173	136	130	164	79	179	22
64	170	1	2	119	0	1953125	12	0.0	0	0.38	0	0	V0.2	0	0	20	21	22	20	17	15	12	8	9	13	15	18	23	23	28	21	23	16	18	6	17	16	28	21	35	41	49	45	62	53	117	76	62	185	104	273	312	181	591	400	441	784	410	730	584	483	964	447	959	870	633	1000	959	999	720	787	553	859	333	546	311	239	333	55	282	118	113	116	9	83	61	21	68	29	38	34	14	21	5	10	15	17	27	28	27
64	170	1	2	119	0	1953125	12	0.0	0	0.93	0	0	V0.2	0	0	53	71	15	53	18	76	22	62	41	44	24	63	70	32	49	84	76	45	90	94	95	48	169	91	106	82	204	188	81	262	259	302	54	384	401	252	275	555	852	519	359	492	735	558	446	746	789	642	301	796	1000	682	416	285	822	750	368	119	303	402	258	348	320	393	341	280	307	172	244	128	189	113	141	141	71	118	65	111	48	89	70	56	60	54	58
64	170	1	2	119	0	1953125	12	0.0	0	0.71	0	0	V0.2	0	0	39	26	8	33	34	11	19	32	22	6	29	31	16	21	31	29	23	29	42	40	21	18	42	50	29	58	84	33	55	59	59	38	134	234	142	129	86	240	237	449	295	61	157	461	676	412	261	368	381	601	914	1000	581	221	435	794	710	478	163	175	268	313	198	53	30	136	120	66	72	64	42	38	69	48	17	47	53	24	27	50	33	13	35	37	18
64	170	1	2	119	0	1953125	12	0.0	0	0.93	0	0	V0.2	0	0	85	124	74	135	69	142	72	149	74	153	90	142	111	126	131	102	152	70	158	40	171	7	176	51	158	69	157	115	163	158	109	199	45	113	127	264	180	465	304	427	449	330	340	358	500	461	718	381	401	64	295	479	856	999	948	889	473	450	162	269	131	351	216	319	194	207	178	148	204	88	222	44	209	56	195	97	163	128	121	143	82	151	51	152	19
64	170	1	2	119	0	1953125	12	0.0	0	0.94	0	0	V0.2	0	0	100	37	101	51	92	72	82	88	75	100	73	103	84	105	94	115	109	134	117	155	129	182	151	193	184	185	224	184	269	179	307	237	290	271	250	366	302	448	308	500	456	535	479	566	677	764	768	582	623	722	862	972	946	1000	943	992	766	684	610	697	669	539	465	247	331	270	362	289	236	241	191	260	167	221	168	193	173	153	161	129	146	117	123	108	104
64	170	1	2	119	0	1953125	12	0.0	0	0.43	0	0	V0.2	0	0	20	24	26	25	23	12	5	10	18	27	33	32	31	19	13	6	18	24	42	37	44	32	13	19	25	41	35	82	52	71	77	22	114	164	83	225	144	218	453	113	485	461	266	672	382	367	931	254	646	833	469	893	813	322	1000	655	459	936	369	478	564	123	322	141	165	146	63	115	74	42	89	48	49	41	6	17	10	22	18	18	8	4	12	21	25
64	170	1	2	119	0	1953125	12	0.0	0	0.92	0	0	V0.2	0	0	7	82	38	68	57	56	77	37	83	42	79	51	84	68	81	74	96	80	99	101	106	121	89	150	66	155	85	187	126	157	172	146	200	107	257	153	311	295	313	401	356	550	471	609	651	796	943	755	670	554	619	673	832	1000	950	890	694	787	671	593	558	467	528	367	424	308	317	289	214	288	191	249	188	208	200	160	194	143	173	140	149	138	120	130	114
64	170	2	2	119	0	1953125	12	0.0	0	0.92	0	0	V0.2	0	0	97	20	103	26	100	54	84	76	76	88	70	98	79	102	83	115	84	132	83	152	96	160	122	153	158	130	202	114	231	131	240	157	221	164	171	245	209	342	315	375	496	471	651	676	804	839	990	1000	769	801	688	924	991	965	981	870	948	747	747	547	643	548	539	484	373	403	303	348	275	262	276	215	257	193	228	194	184	191	151	177	136	162	138	131	134
64	170	1	2	119	0	1953125	12	0.0	0	0.92	0	0	V0.2	0	0	157	69	166	73	171	96	163	130	143	163	114	191	76	204	52	206	80	185	122	152	163	110	188	70	200	41	214	66	227	101	229	143	243	146	186	240	114	350	154	356	352	419	522	477	765	633	1000	711	844	579	727	797	832	970	803	915	654	753	436	617	459	545	434	409	410	257	391	168	355	151	301	203	233	247	159	275	82	273	42	251	87	220	139	167	170
64	170	1	2	119	0	1953125	12	0.0	0	0.92	0	0	V0.2	0	0	88	17	93	24	89	48	76	68	67	78	63	87	70	93	75	106	76	120	74	141	83	147	113	145	142	121	186	117	230	139	234	174	227	173	174	241	219	346	290	324	451	454	602	602	778	809	978	968	776	814	691	885	898	935	1000	828	801	614	623	497	595	525	510	483	371	394	300	331	275	251	267	202	244	186	212	185	167	182	140	166	125	149	125	122	124
64	170	1	2	119	0	1953125	12	0.0	0	0.92	0	0	V0.2	0	0	101	123	84	145	61	164	53	171	72	163	106	143	149	107	178	56	193	17	194	63	173	112	151	154	116	183	88	217	82	244	87	253	116	246	154	192	280	168	382	178	473	366	551	592	659	828	808	1000	604	790	573	907	806	807	852	742	777	532	635	419	623	388	537	345	402	329	281	346	173	335	125	303	150	256	199	189	229	118	247	55	236	52	213	95	174
64	170	1	2	119	0	1953125	12	0.0	0	0.92	0	0	V0.2	0	0	155	68	163	77	166	102	156	136	136	164	106	192	68	205	54	200	88	177	128	142	164	98	190	58	201	43	217	78	221	108	226	159	229	167	183	225	97	330	149	316	375	365	512	487	806	637	1000	714	843	612	765	781	795	846	674	827	622	746	440	595	475	532	463	402	440	259	412	179	362	168	298	218	224	256	145	276	66	270	49	248	99	206	147	155	175
64	170	1	2	119	0	1953125	12	0.0	0	0.92	0	0	V0.2	0	0	155	68	163	77	166	102	156	136	136	164	106	192	68	205	54	200	88	177	128	142	164	98	190	58	201	43	217	78	221	108	226	159	229	167	183	225	97	330	149	316	375	365	512	487	806	637	1000	714	843	612	765	781	795	846	674	827	622	746	440	595	475	532	463	402	440	259	412	179	362	168	298	218	224	256	145	276	66	270	49	248	99	206	147	155	175
64	170	1	2	119	0	1953125	12	0.0	0	0.92	0	0	V0.2	0	0	99	17	94	43	83	68	67	83	58	88	59	93	73	99	78	114	78	125	81	138	101	138	137	127	165	107	203	129	226	150	204	192	195	206	146	228	228	283	290	268	487	424	565	608	764	889	958	1000	707	828	722	916	908	850	942	789	866	647	700	575	620	580	508	518	391	418	340	339	317	248	291	215	254	209	208	207	162	196	143	176	137	148	141	121	133
64	170	2	2	119	0	1953125	12	0.0	0	0.92	0	0	V0.2	0	0	131	134	113	160	91	183	73	198	74	195	104	183	149	147	186	96	212	41	220	40	207	95	189	144	152	179	120	231	97	246	74	265	81	255	100	195	282	190	364	136	513	311	592	542	767	843	936	1000	631	823	562	956	754	871	839	779	771	603	675	461	705	412	608	337	482	325	355	359	223	367	125	354	124	314	176	248	221	169	251	90	261	23	247	58	220
64	170	2	2	119	0	1953125	12	0.0	0	0.92	0	0	V0.2	0	0	25	87	19	85	46	74	69	56	82	47	87	60	90	71	91	81	103	81	114	94	123	116	123	151	101	180	96	214	126	206	150	195	211	140	238	92	287	225	295	348	353	513	464	711	724	880	1000	910	789	612	805	847	978	862	823	778	650	645	539	595	623	553	573	412	485	331	389	328	283	315	212	287	195	238	201	184	191	148	180	136	155	136	131	132	116
64	170	2	2	119	0	1953125	12	0.0	0	0.92	0	0	V0.2	0	0	9	88	27	79	54	63	74	46	85	38	84	52	86	62	84	74	97	76	104	90	111	119	109	155	80	172	81	206	129	200	162	166	201	115	223	87	266	227	251	351	341	546	470	684	649	827	1000	921	772	598	767	888	967	884	825	830	670	663	576	615	663	562	594	408	484	333	384	340	273	325	209	289	201	239	212	184	202	149	186	142	157	141	135	134	118
64	170	2	2	119	0	1953125	12	0.0	0	0.93	0	0	V0.2	0	0	128	163	114	181	103	199	98	209	104	206	128	194	157	166	182	129	209	81	218	37	222	48	209	87	184	124	167	171	163	178	117	207	102	155	43	239	183	300	230	247	495	339	653	409	740	563	1000	688	719	623	582	822	639	855	621	816	533	661	499	592	588	538	535	367	490	221	450	172	378	189	294	242	208	278	125	289	39	277	29	258	92	218	140	168	166
64	170	2	2	119	0	1953125	12	0.0	0	0.93	0	0	V0.2	0	0	94	52	77	71	51	79	30	88	24	83	36	80	47	83	48	96	54	109	72	117	114	107	147	86	181	64	200	111	199	132	135	185	87	107	37	195	303	252	320	256	527	444	628	650	716	870	892	1000	620	748	627	804	846	737	901	632	745	557	636	608	622	651	495	545	401	419	376	319	347	227	291	205	231	219	173	213	128	191	123	163	128	120	128	96	121
64	170	2	2	119	0	1953125	12	0.0	0	0.93	0	0	V0.2	0	0	183	135	177	157	171	188	155	213	133	232	122	241	116	235	129	223	161	188	188	146	219	95	230	47	240	12	247	63	252	89	221	148	217	123	179	297	138	413	94	392	340	525	545	570	731	662	1000	706	833	442	774	637	850	723	665	701	435	639	355	653	436	661	392	512	374	362	387	243	385	116	354	86	316	139	263	192	194	224	132	243	72	243	32	227	60
64	170	1	2	119	0	1953125	12	0.0	0	0.92	0	0	V0.2	0	0	79	68	52	85	19	95	23	86	53	67	72	54	84	61	87	70	97	70	114	75	129	95	133	145	103	187	70	234	101	210	148	167	196	127	241	108	346	295	215	349	326	571	501	651	677	794	1000	898	792	662	692	839	793	850	790	737	677	542	642	496	720	540	598	473	408	438	283	394	267	293	276	204	275	177	237	181	179	181	140	172	138	141	135	118	128
64	170	1	2	119	0	1953125	12	0.0	0	0.93	0	0	V0.2	0	0	104	191	94	200	97	211	114	209	145	192	179	166	208	129	230	84	243	60	237	83	220	128	190	170	152	210	115	251	97	243	49	266	23	211	81	284	366	303	381	158	581	324	712	503	813	742	1000	897	725	810	555	930	605	891	717	820	691	645	661	533	733	500	680	346	570	257	466	287	351	323	221	349	112	349	45	324	88	278	147	226	192	168	222	102	226
64	170	1	2	119	0	1953125	12	0.0	0	0.93	0	0	V0.2	0	0	189	90	199	95	208	110	207	136	199	173	175	203	145	228	106	247	70	250	72	242	114	221	156	189	202	144	241	119	274	74	282	41	286	36	286	206	376	367	253	457	309	706	408	825	526	938	783	1000	686	612	671	515	819	545	968	697	876	646	748	657	664	673	509	581	323	499	236	442	237	345	269	248	300	155	314	70	299	30	276	86	236	138	185	169	138
64	170	1	2	119	0	1953125	12	0.0	0	0.93	0	0	V0.2	0	0	85	42	97	10	100	22	90	47	78	69	70	83	70	87	75	97	86	115	85	146	83	169	85	186	126	181	189	168	239	107	262	109	250	86	215	282	319	429	230	442	469	623	652	703	775	793	1000	854	758	608	588	742	658	883	922	978	888	799	817	679	808	609	698	487	524	430	380	420	284	359	248	290	253	221	249	178	218	158	180	154	144	150	123	136	114
64	170	2	2	119	0	1953125	12	0.0	0	0.93	0	0	V0.2	0	0	151	149	137	173	122	198	106	218	92	226	100	223	129	200	163	167	203	119	223	62	244	5	240	56	231	113	220	169	205	188	166	242	120	201	44	347	195	424	233	328	485	451	658	489	759	546	925	582	719	440	526	638	560	903	762	1000	656	820	525	701	515	630	482	459	444	289	431	187	400	139	341	183	278	231	204	262	120	271	49	266	22	247	80	207	122
64	170	2	2	119	0	1953125	12	0.0	0	0.93	0	0	V0.2	0	0	60	63	80	37	92	21	92	35	89	58	78	73	76	80	80	88	96	99	100	128	103	156	90	186	107	195	157	199	207	143	237	106	228	60	207	240	363	414	234	444	403	637	590	746	726	798	914	790	721	555	596	676	653	864	898	1000	854	809	711	647	707	575	641	433	505	356	385	365	279	340	216	296	215	242	222	184	208	149	191	143	158	138	132	132	112
64	170	2	2	119	0	1953125	12	0.0	0	0.93	0	0	V0.2	0	0	62	62	83	32	91	16	94	33	85	57	75	69	74	78	79	85	92	99	95	130	97	158	83	187	105	199	163	198	212	141	251	121	249	53	205	226	354	421	234	432	383	587	569	728	777	845	1000	828	771	624	654	722	642	808	785	866	779	785	745	656	722	577	660	449	515	376	386	381	278	347	224	297	226	232	227	180	209	145	185	142	151	142	127	130	108
64	170	2	2	119	0	1953125	12	0.0	0	0.93	0	0	V0.2	0	0	62	62	83	32	91	16	94	33	85	57	75	69	74	78	79	85	92	99	95	130	97	158	83	187	105	199	163	198	212	141	251	121	249	53	205	226	354	421	234	432	383	587	569	728	777	845	1000	828	771	624	654	722	642	808	785	866	779	785	745	656	722	577	660	449	515	376	386	381	278	347	224	297	226	232	227	180	209	145	185	142	151	142	127	130	108
64	170	2	2	119	0	1953125	12	0.0	0	0.93	0	0	V0.2	0	0	165	123	155	146	143	177	124	203	98	218	87	227	94	217	121	200	161	159	194	115	226	62	234	21	243	59	251	122	249	142	232	216	196	181	123	314	169	438	148	362	381	471	577	575	783	649	1000	661	839	531	771	685	730	752	688	794	580	731	477	682	463	641	431	509	404	353	402	241	393	140	357	127	311	171	252	212	177	236	109	251	44	245	19	220	64
64	170	2	2	119	0	1953125	12	0.0	0	0.92	0	0	V0.2	0	0	63	66	86	39	99	18	101	35	91	56	84	74	83	86	87	97	89	111	87	145	75	168	76	184	119	179	186	161	236	122	262	127	258	87	200	245	262	375	185	280	378	436	596	645	823	810	1000	888	780	808	742	923	771	828	842	842	811	665	727	540	692	533	593	485	431	436	323	391	285	310	280	239	276	201	247	193	198	191	160	181	136	163	138	136	135
64	170	2	2	119	0	1953125	12	0.0	0	0.92	0	0	V0.2	0	0	44	100	20	100	42	92	70	76	90	64	97	71	102	85	103	95	111	94	130	102	145	118	145	157	129	198	118	246	138	244	177	220	225	137	249	138	406	283	295	303	303	534	467	777	732	934	1000	968	873	758	898	858	908	772	808	843	727	758	599	648	611	595	594	445	510	330	420	325	308	318	221	306	198	265	207	207	201	159	193	142	170	140	146	134	124
64	170	2	2	119	0	1953125	12	0.0	0	0.92	0	0	V0.2	0	0	62	80	35	87	19	88	37	79	62	66	71	68	79	75	81	88	93	89	111	90	135	84	150	108	149	148	137	210	124	230	124	238	148	168	190	160	423	265	348	279	371	513	496	790	706	968	927	999	804	762	844	771	834	611	756	699	660	648	536	621	549	622	526	472	461	320	415	275	331	266	240	276	183	266	170	220	167	174	175	132	165	120	147	114	122
64	170	2	2	119	0	1953125	12	0.0	0	0.92	0	0	V0.2	0	0	3	94	37	83	66	63	85	41	92	38	89	55	90	67	92	77	99	80	110	104	108	132	92	168	73	193	98	209	142	181	193	136	234	68	235	143	348	350	233	337	290	514	481	703	758	853	1000	815	795	649	763	758	681	675	651	733	605	638	587	550	641	522	607	401	469	333	352	343	239	306	195	265	208	210	219	161	199	136	175	136	137	142	118	131	107
64	170	2	2	119	0	1953125	12	0.0	0	0.92	0	0	V0.2	0	0	17	96	19	88	51	73	73	52	87	43	87	53	87	66	91	76	99	75	116	93	123	111	118	154	97	188	91	222	118	218	168	181	217	130	244	111	379	312	273	321	274	531	462	748	733	894	1000	885	849	708	870	844	877	778	776	792	639	700	598	622	631	593	636	450	521	340	417	348	297	332	219	307	207	258	221	199	212	158	195	141	160	148	137	133	115
64	170	1	2	119	0	1953125	12	0.0	0	0.92	0	0	V0.2	0	0	18	97	28	92	57	75	80	57	92	50	96	64	98	76	101	84	107	84	121	103	126	127	120	168	102	199	104	227	143	226	190	181	233	126	258	136	354	296	251	293	276	510	492	732	770	860	1000	883	871	751	875	872	897	825	784	804	634	686	583	575	609	540	608	428	503	347	392	348	278	325	216	289	210	237	220	183	206	150	184	145	156	144	130	134	116
64	170	1	2	119	0	1953125	12	0.0	0	0.92	0	0	V0.2	0	0	34	84	15	87	35	76	57	63	74	53	82	59	83	69	87	80	96	80	112	84	127	100	134	134	121	173	113	224	129	234	144	210	199	176	251	135	361	234	311	275	325	519	477	738	734	923	1000	918	822	728	885	855	941	795	817	766	637	691	585	623	569	573	576	450	506	343	423	326	320	312	235	299	202	261	200	210	197	167	188	138	164	133	139	127	118
64	170	1	2	119	0	1953125	12	0.0	0	0.92	0	0	V0.2	0	0	47	87	27	92	38	89	60	76	77	66	86	71	93	79	97	91	104	90	121	97	139	105	148	137	137	177	128	230	135	249	162	246	224	203	262	162	372	242	338	291	335	505	454	716	710	900	943	934	853	740	901	894	1000	835	821	771	689	715	560	618	577	593	561	460	493	345	419	319	322	306	238	292	198	257	196	208	192	163	185	136	162	131	136	124	117
64	170	2	2	119	0	1953125	12	0.0	0	0.92	0	0	V0.2	0	0	93	19	93	44	79	67	67	83	62	87	68	90	79	96	86	111	85	125	90	137	112	136	145	132	181	119	207	159	215	201	215	270	204	253	217	303	381	284	380	262	477	457	581	764	851	990	865	1000	821	968	959	912	919	733	895	825	797	647	567	577	565	648	504	502	450	392	415	297	359	273	283	266	227	275	183	233	166	194	168	154	166	129	151	117	133
64	170	2	2	119	0	1953125	12	0.0	0	0.92	0	0	V0.2	0	0	93	19	93	44	79	67	67	83	62	87	68	90	79	96	86	111	85	125	90	137	112	136	145	132	181	119	207	159	215	201	215	270	204	253	217	303	381	284	380	262	477	457	581	764	851	990	865	1000	821	968	959	912	919	733	895	825	797	647	567	577	565	648	504	502	450	392	415	297	359	273	283	266	227	275	183	233	166	194	168	154	166	129	151	117	133
64	170	2	2	119	0	1953125	12	0.0	0	0.92	0	0	V0.2	0	0	53	69	28	68	35	78	40	71	64	67	65	74	82	74	81	97	102	87	115	105	140	96	148	130	152	152	149	202	160	206	148	224	233	211	241	158	360	290	383	326	439	453	387	575	417	543	568	760	682	522	658	888	1000	654	536	778	851	632	340	514	496	433	265	292	330	239	265	203	270	212	180	219	177	194	139	185	148	132	141	128	130	99	129	109	103
64	170	2	2	119	0	1953125	12	0.0	0	0.92	0	0	V0.2	0	0	31	45	49	29	55	19	61	29	59	40	51	48	55	57	55	57	61	73	58	78	47	97	58	90	61	103	124	79	104	70	161	107	51	59	237	297	224	151	71	296	362	238	141	381	550	586	469	239	414	585	516	330	241	759	1000	934	597	132	384	419	478	293	260	222	203	220	138	169	139	144	152	117	150	100	117	89	97	101	79	93	69	85	72	71	70
64	170	2	2	119	0	1953125	12	0.0	0	0.94	0	0	V0.2	0	0	36	49	21	56	9	50	8	49	23	39	27	36	30	32	28	36	26	36	30	37	41	48	67	24	58	41	87	16	85	30	156	145	24	59	254	280	149	49	315	450	531	495	241	268	442	666	643	79	453	646	943	937	553	181	740	1000	847	530	380	570	616	439	364	282	410	291	273	193	189	226	137	185	95	158	90	112	80	84	85	68	81	47	59	48	61
64	170	2	2	119	0	1953125	12	0.0	0	0.93	0	0	V0.2	0	0	170	111	171	125	172	150	160	172	153	193	131	211	108	224	85	231	94	209	104	196	149	167	194	132	215	104	265	78	274	138	424	301	373	261	418	435	283	487	507	669	293	650	502	691	478	366	730	793	797	301	1000	780	751	361	899	639	532	308	276	336	299	501	196	413	168	291	158	265	200	164	187	128	216	75	204	61	201	68	195	92	169	100	157	115	140
64	170	2	2	119	0	1953125	12	0.0	0	0.92	0	0	V0.2	0	0	10	80	42	65	57	55	83	32	80	43	80	50	82	71	76	72	91	78	86	94	96	111	78	148	69	137	74	186	143	135	167	114	222	55	243	132	230	243	171	286	260	404	393	434	556	793	959	668	636	807	1000	884	696	690	665	658	592	710	626	475	471	450	521	304	322	270	303	289	188	281	184	223	171	206	202	141	181	134	161	117	136	131	108	111	103
64	170	2	2	119	0	1953125	12	0.0	0	0.92	0	0	V0.2	0	0	53	84	34	91	41	88	60	78	78	71	90	76	93	85	102	96	108	98	125	103	142	111	151	135	143	171	138	218	141	234	169	232	206	169	268	205	395	280	348	336	421	576	505	700	716	939	1000	997	866	847	981	939	961	804	800	805	752	758	599	609	521	528	493	415	439	316	374	298	304	291	231	277	201	253	196	202	185	164	180	136	163	131	142	127	124
64	170	2	2	119	0	1953125	12	0.0	0	0.92	0	0	V0.2	0	0	97	25	97	49	87	73	72	90	64	98	67	102	78	107	86	118	88	129	95	144	117	144	146	135	175	115	205	135	226	154	197	199	169	198	155	278	282	326	305	301	497	468	603	653	798	879	937	1000	779	890	783	892	855	862	951	830	870	707	727	583	616	549	486	480	368	399	324	327	306	249	291	221	260	209	216	205	169	195	150	177	139	153	140	128	134
64	170	2	2	119	0	1953125	12	0.0	0	0.92	0	0	V0.2	0	0	97	25	97	49	87	73	72	90	64	98	67	102	78	107	86	118	88	129	95	144	117	144	146	135	175	115	205	135	226	154	197	199	169	198	155	278	282	326	305	301	497	468	603	653	798	879	937	1000	779	890	783	892	855	862	951	830	870	707	727	583	616	549	486	480	368	399	324	327	306	249	291	221	260	209	216	205	169	195	150	177	139	153	140	128	134
64	170	2	2	119	0	1953125	12	0.0	0	0.92	0	0	V0.2	0	0	157	42	161	67	157	105	140	145	111	175	70	199	28	206	52	195	108	164	152	124	188	84	210	62	218	68	220	116	218	137	198	192	181	201	120	295	182	373	218	329	440	411	603	519	849	688	999	717	804	673	764	774	724	914	805	975	740	864	576	657	515	547	457	380	421	253	395	192	344	197	286	239	218	267	145	273	82	263	80	234	114	191	155	142	176
64	170	2	2	119	0	1953125	12	0.0	0	0.92	0	0	V0.2	0	0	32	89	57	76	82	62	96	56	101	63	99	81	99	93	107	102	114	109	120	132	121	157	115	181	111	189	140	191	187	154	218	139	253	111	242	227	299	371	265	415	420	558	563	662	810	844	1000	873	849	770	778	795	762	914	930	997	897	863	750	638	655	503	537	393	418	359	321	347	251	307	237	261	244	214	235	174	206	163	179	162	152	158	136	142	129
64	170	2	2	119	0	1953125	12	0.0	0	0.92	0	0	V0.2	0	0	98	122	132	95	166	59	188	46	189	90	170	146	126	188	68	213	14	210	81	184	144	144	188	97	207	66	220	95	226	120	205	182	185	181	97	292	214	378	287	324	501	383	626	498	827	760	1000	874	765	786	603	823	634	919	906	993	886	827	757	569	664	411	543	307	417	308	301	343	190	347	147	321	184	260	229	175	259	90	267	61	240	110	197	161	132
64	170	2	2	119	0	1953125	12	0.0	0	0.92	0	0	V0.2	0	0	19	87	38	76	65	61	83	50	91	55	90	68	93	78	98	90	102	104	98	135	90	155	90	163	120	143	162	131	201	104	199	142	175	147	132	244	251	313	295	322	478	466	563	615	702	823	805	855	647	729	632	682	780	771	1000	887	911	745	684	606	529	527	400	404	345	305	325	251	283	240	231	243	196	224	180	186	177	150	172	133	153	132	131	133	112
64	170	2	2	119	0	1953125	12	0.0	0	0.92	0	0	V0.2	0	0	94	103	121	82	145	57	165	36	173	55	169	95	151	137	117	172	67	191	15	200	44	192	89	175	130	149	167	129	199	96	211	81	230	49	217	166	281	298	203	391	282	560	376	668	587	818	756	797	666	570	632	518	801	725	1000	850	888	697	661	561	487	480	324	408	223	345	210	288	234	217	265	156	273	106	259	94	224	123	187	155	136	179	87	185	44
64	170	2	2	119	0	1953125	12	0.0	0	0.92	0	0	V0.2	0	0	50	61	71	42	84	33	88	45	83	61	78	76	80	85	84	94	91	107	89	129	87	148	90	154	111	144	151	133	191	93	196	117	197	121	157	250	257	338	231	349	414	461	525	538	709	725	860	784	679	653	553	679	689	882	1000	950	918	775	728	554	605	436	445	365	322	338	255	302	235	249	243	208	236	179	208	165	169	163	145	156	127	142	127	122	124
64	170	2	2	119	0	1953125	12	0.0	0	0.92	0	0	V0.2	0	0	53	45	68	26	77	22	77	39	70	56	65	67	66	74	69	81	75	97	75	117	73	130	75	132	101	126	141	112	169	69	172	89	165	117	141	245	238	312	202	310	357	411	453	464	637	652	780	681	567	538	390	526	612	871	999	980	941	796	723	558	593	416	420	340	301	315	232	283	218	234	226	194	222	165	196	153	161	151	137	147	116	132	116	114	112
64	170	1	2	119	0	1953125	12	0.0	0	0.92	0	0	V0.2	0	0	35	66	58	51	75	37	83	40	81	53	78	67	76	76	81	84	87	92	87	111	82	130	75	139	86	138	119	126	152	84	163	83	172	87	140	209	223	278	153	284	288	387	413	461	588	598	700	598	498	457	363	530	578	877	984	1000	881	783	675	522	542	368	388	279	279	267	205	254	179	217	189	181	194	146	180	130	152	129	129	130	106	123	105	106	99
64	170	1	2	119	0	1953125	12	0.0	0	0.92	0	0	V0.2	0	0	35	56	55	42	67	28	74	35	73	48	69	63	68	70	73	76	79	87	82	106	79	126	74	132	84	132	118	123	150	84	164	77	165	83	135	196	224	297	205	339	332	442	466	486	600	607	716	610	560	500	445	577	653	938	988	999	878	787	672	540	549	387	413	298	301	282	229	272	196	241	202	204	205	162	192	142	166	137	144	140	121	133	114	117	107
64	170	1	2	119	0	1953125	12	0.0	0	0.92	0	0	V0.2	0	0	41	60	63	43	77	30	84	38	79	53	75	69	73	76	78	84	82	95	85	116	81	133	74	139	89	133	129	119	160	74	164	69	159	89	118	214	211	300	163	308	334	424	471	498	664	673	802	694	605	538	424	583	631	921	999	1000	914	791	727	556	603	416	444	330	314	306	232	287	207	245	217	204	223	169	206	150	172	147	146	147	124	141	120	121	114
64	170	1	2	119	0	1953125	12	0.0	0	0.92	0	0	V0.2	0	0	51	63	70	39	85	24	88	33	81	49	74	65	72	74	77	82	82	97	80	118	70	140	66	151	86	144	133	129	174	82	191	81	198	64	138	195	213	311	154	293	347	438	499	518	727	750	919	815	723	643	515	606	613	877	1000	989	982	843	795	599	685	476	511	381	348	345	258	321	232	264	243	215	244	179	220	164	179	165	147	164	128	147	124	123	119
64	170	1	2	119	0	1953125	12	0.0	0	0.92	0	0	V0.2	0	0	22	75	47	59	68	42	80	35	82	42	78	58	77	68	80	73	87	83	94	103	88	125	76	145	71	154	104	159	150	119	169	99	188	44	162	177	253	291	154	289	280	426	418	502	625	660	800	679	637	533	467	571	605	863	944	1000	914	840	721	591	621	439	477	319	346	289	254	291	204	260	201	221	212	175	203	145	178	140	151	140	125	138	114	121	107
64	170	1	2	119	0	1953125	12	0.0	0	0.92	0	0	V0.2	0	0	132	113	117	140	100	165	75	184	65	187	84	178	121	153	159	112	188	58	203	12	201	57	187	103	164	144	137	194	121	212	100	253	83	222	68	247	296	262	297	126	452	262	538	388	670	640	811	782	584	682	344	667	542	879	983	1000	932	807	728	539	656	393	527	253	417	224	321	271	220	304	131	316	90	291	119	242	166	179	208	115	225	50	225	23	204
64	170	1	2	119	0	1953125	12	0.0	0	0.92	0	0	V0.2	0	0	68	37	54	57	40	66	31	70	38	66	52	65	59	68	64	76	68	82	85	84	106	76	121	74	127	96	125	144	117	163	93	188	100	141	133	160	313	200	257	215	317	388	350	487	460	650	620	703	542	515	457	478	669	823	1000	979	901	812	638	616	516	494	402	344	349	247	307	224	249	230	195	235	165	209	154	169	153	133	154	115	139	110	123	110	103
64	170	1	2	119	0	1953125	12	0.0	0	0.92	0	0	V0.2	0	0	21	67	25	64	41	58	58	47	66	48	69	54	71	65	74	70	87	75	97	84	105	98	101	122	93	144	94	172	118	157	140	154	170	94	192	158	299	246	217	283	281	434	367	517	538	649	697	667	635	546	538	598	716	902	971	1000	877	828	639	591	538	457	438	324	365	265	298	267	239	261	199	245	188	204	183	166	171	136	160	128	138	124	124	119	108
64	170	1	2	119	0	1953125	12	0.0	0	0.92	0	0	V0.2	0	0	21	67	25	64	41	58	58	47	66	48	69	54	71	65	74	70	87	75	97	84	105	98	101	122	93	144	94	172	118	157	140	154	170	94	192	158	299	246	217	283	281	434	367	517	538	649	697	667	635	546	538	598	716	902	971	1000	877	828	639	591	538	457	438	324	365	265	298	267	239	261	199	245	188	204	183	166	171	136	160	128	138	124	124	119	108
64	170	1	2	119	0	1953125	12	0.0	0	0.92	0	0	V0.2	0	0	123	55	139	39	149	45	151	74	141	109	119	142	85	167	43	181	16	180	63	165	109	142	143	117	170	91	195	83	219	83	227	110	229	122	189	243	221	331	115	310	235	440	384	504	607	632	791	629	711	482	624	580	754	869	944	999	882	852	615	640	451	533	338	403	293	293	303	218	311	155	299	146	266	165	217	192	151	209	98	214	53	203	63	179	90
64	170	1	2	119	0	1953125	12	0.0	0	0.92	0	0	V0.2	0	0	34	74	26	74	41	67	57	60	71	55	75	60	79	70	84	78	93	83	107	89	117	100	119	125	111	155	108	188	124	186	147	185	187	130	222	179	341	256	250	275	300	446	391	554	572	720	766	750	696	596	616	618	748	853	956	1000	911	868	676	623	547	490	454	347	382	275	320	270	256	267	207	254	190	221	185	178	176	144	167	130	147	126	129	121	112
64	170	1	2	119	0	1953125	12	0.0	0	0.92	0	0	V0.2	0	0	127	78	149	59	165	50	172	70	167	105	148	142	119	174	75	195	26	199	43	190	92	169	130	142	163	112	195	89	225	70	234	77	242	75	211	219	248	322	114	314	183	452	332	539	577	706	815	704	743	504	677	562	830	839	1000	978	924	839	655	654	482	569	343	445	267	335	277	254	303	170	312	131	294	132	256	164	194	194	136	211	73	215	38	199	56
64	170	1	2	119	0	1953125	12	0.0	0	0.92	0	0	V0.2	0	0	13	82	34	73	60	56	78	43	83	45	84	57	84	68	89	75	94	91	94	113	87	137	74	153	88	154	133	148	182	109	190	101	187	100	151	228	236	289	175	244	335	370	464	476	626	676	775	764	618	681	525	689	750	833	1000	902	959	749	737	556	591	498	430	414	313	342	286	276	284	224	263	211	226	211	181	198	152	173	146	146	147	122	139	111	122
64	170	1	2	119	0	1953125	12	0.0	0	0.92	0	0	V0.2	0	0	16	73	41	61	58	45	72	36	76	41	75	54	74	63	77	70	87	80	95	96	95	116	84	139	75	155	96	170	138	139	156	113	179	48	186	170	280	260	160	294	273	440	388	511	575	667	792	714	695	595	570	639	715	878	929	1000	904	854	694	616	612	478	502	346	395	302	307	309	242	291	214	258	217	210	211	169	193	150	169	141	140	140	126	130	115
64	170	1	2	119	0	1953125	12	0.0	0	0.92	0	0	V0.2	0	0	19	71	41	58	63	43	74	35	79	42	76	55	74	66	78	74	87	82	93	100	90	119	78	141	73	155	104	164	146	129	162	99	178	42	180	174	261	258	146	287	267	424	382	493	566	643	770	672	640	540	512	628	693	869	928	1000	912	847	703	603	615	466	504	346	388	305	294	305	229	284	211	248	217	202	211	162	187	146	163	146	137	142	125	128	114
64	170	1	2	119	0	1953125	12	0.0	0	0.92	0	0	V0.2	0	0	38	63	60	43	74	23	79	26	77	41	70	56	68	65	72	73	75	92	73	115	61	133	60	142	89	135	140	121	184	86	188	86	180	87	136	219	212	270	151	224	316	351	444	443	602	638	763	717	557	592	425	631	702	810	1000	932	996	774	767	578	636	511	471	430	330	361	279	297	277	231	268	204	238	200	193	194	152	178	139	155	137	128	139	109	125
64	170	1	2	119	0	1953125	12	0.0	0	0.92	0	0	V0.2	0	0	43	78	15	80	43	62	72	39	81	43	79	60	74	74	75	85	71	104	72	118	86	111	121	85	148	90	150	158	120	194	94	210	120	139	197	117	325	205	216	251	267	421	411	502	603	676	783	754	579	641	451	631	743	730	1000	855	985	757	715	617	546	565	431	415	375	295	332	263	256	267	210	239	211	190	208	152	178	156	138	157	119	141	124	112	123
64	170	1	2	119	0	1953125	12	0.0	0	0.92	0	0	V0.2	0	0	139	59	151	52	160	67	158	98	144	133	117	165	81	185	41	193	40	186	87	163	128	133	159	101	180	68	200	63	222	74	232	107	229	116	173	254	189	335	98	306	238	433	406	497	628	617	840	625	724	467	607	590	727	836	853	1000	838	881	597	680	466	573	377	430	332	293	336	199	336	144	312	160	265	191	206	221	134	234	70	230	44	213	81	180	115
64	170	1	2	119	0	1953125	12	0.0	0	0.92	0	0	V0.2	0	0	26	75	25	72	45	62	62	53	74	49	78	60	79	69	83	77	91	81	105	91	110	106	108	129	95	156	98	182	127	171	150	158	179	86	209	167	316	247	218	282	273	444	368	550	557	691	743	703	646	562	577	663	765	875	932	1000	886	845	653	613	555	479	470	341	385	275	316	277	246	273	203	256	192	217	191	173	178	143	165	128	144	130	126	124	114
64	170	1	2	119	0	1953125	12	0.0	0	0.92	0	0	V0.2	0	0	84	140	113	127	145	103	173	75	191	64	196	87	184	126	156	170	106	199	50	214	15	213	65	201	118	175	170	150	219	123	241	97	266	23	253	175	302	281	179	317	156	492	278	612	530	772	789	765	719	517	670	526	828	787	1000	972	968	854	682	671	500	588	360	465	273	352	289	265	319	170	326	136	306	149	259	190	186	221	116	231	52	227	53	202	91
64	170	1	2	119	0	1953125	12	0.0	0	0.92	0	0	V0.2	0	0	29	78	12	79	34	68	57	55	72	47	75	54	76	64	78	73	86	73	99	77	106	87	102	114	87	149	77	182	97	174	112	164	151	80	188	99	303	166	176	201	191	387	285	530	515	726	770	747	605	472	477	504	653	808	907	1000	901	866	653	639	570	505	481	337	390	241	321	251	236	257	175	254	164	218	171	166	169	129	163	111	142	116	123	113	106
64	170	1	2	119	0	1953125	12	0.0	0	0.92	0	0	V0.2	0	0	38	71	11	73	19	66	39	54	56	43	62	47	64	55	68	68	75	68	93	66	108	72	114	94	105	133	91	185	99	188	99	193	138	114	184	107	338	170	227	192	240	388	309	551	516	769	758	785	567	472	470	500	723	812	948	1000	932	877	671	682	585	559	488	383	407	260	354	251	279	259	204	268	171	242	168	193	166	147	169	119	152	112	133	109	110
64	170	1	2	119	0	1953125	12	0.0	0	0.92	0	0	V0.2	0	0	24	76	10	76	34	64	56	49	68	37	73	46	73	58	73	66	82	65	94	73	104	84	99	116	84	151	71	190	101	186	122	178	164	94	197	99	323	192	211	216	211	397	290	530	521	730	780	741	573	427	432	482	651	800	890	1000	903	869	655	647	593	517	504	349	410	252	333	262	242	267	180	261	168	220	177	168	170	128	165	117	139	117	118	113	103
64	170	1	2	119	0	1953125	12	0.0	0	0.92	0	0	V0.2	0	0	16	75	12	69	35	58	53	40	65	31	67	39	66	52	66	58	76	62	90	69	96	81	95	110	76	144	67	183	95	175	113	169	155	87	185	93	318	186	202	225	224	414	303	537	528	744	790	758	593	452	449	491	673	808	896	1000	903	865	647	648	590	526	506	356	413	255	342	268	254	272	188	265	173	231	176	176	173	137	166	118	141	118	124	115	104
64	170	1	2	119	0	1953125	12	0.0	0	0.92	0	0	V0.2	0	0	36	78	13	77	24	72	48	59	65	48	70	52	75	61	72	71	82	70	98	73	110	77	111	103	96	137	80	183	89	173	89	166	120	92	160	76	302	146	185	219	232	407	296	533	496	731	743	753	559	455	447	487	720	812	937	1000	918	856	631	648	557	537	472	368	395	244	340	239	262	251	194	261	161	230	164	185	162	140	167	120	145	115	128	110	106
64	170	1	2	119	0	1953125	12	0.0	0	0.92	0	0	V0.2	0	0	10	74	20	68	43	53	59	38	69	31	68	43	67	54	66	59	76	62	88	73	91	87	82	113	62	142	63	169	94	145	105	128	131	53	147	78	258	161	125	235	193	400	272	493	479	657	723	667	536	403	419	515	693	835	902	1000	890	850	623	619	567	492	479	328	389	238	317	259	235	265	180	259	172	218	179	168	175	132	162	116	137	118	120	114	102
64	170	1	2	119	0	1953125	12	0.0	0	0.92	0	0	V0.2	0	0	67	56	48	70	27	73	24	70	38	64	53	61	57	68	60	78	62	82	85	79	106	61	120	60	127	86	118	141	108	143	70	159	49	92	84	92	259	99	178	156	287	343	332	486	485	720	673	751	445	471	381	472	763	754	1000	930	974	803	668	618	530	547	401	410	327	274	315	211	288	196	235	225	184	225	144	203	131	170	142	135	141	109	138	98	116
64	170	1	2	119	0	1953125	12	0.0	0	0.92	0	0	V0.2	0	0	18	77	10	73	35	60	55	44	66	33	67	42	67	53	66	60	77	61	90	67	96	80	92	106	71	139	56	171	79	157	89	146	119	75	141	55	266	140	138	220	205	400	267	507	490	703	750	718	543	407	415	483	702	814	905	1000	898	867	629	640	560	522	479	352	399	237	335	245	249	260	185	261	163	227	170	177	168	135	167	115	145	115	123	111	103
64	170	1	2	119	0	1953125	12	0.0	0	0.92	0	0	V0.2	0	0	5	83	24	73	49	58	70	34	78	29	77	41	74	55	74	62	81	63	89	78	89	100	77	129	50	152	53	175	99	161	120	144	159	92	159	61	247	145	123	194	164	383	266	489	531	687	818	731	607	435	432	485	618	792	840	1000	889	878	650	625	602	499	521	341	418	255	321	274	224	271	172	256	175	208	185	157	177	125	163	122	133	124	112	116	99
64	170	1	2	119	0	1953125	12	0.0	0	0.92	0	0	V0.2	0	0	29	75	52	58	71	36	81	10	79	20	73	38	69	49	70	56	74	67	74	90	65	115	49	146	34	161	74	166	136	153	170	127	217	74	199	91	238	187	151	170	170	376	327	484	628	689	909	777	672	525	489	544	574	758	810	1000	949	903	734	620	668	489	567	372	434	325	315	327	222	293	204	251	219	197	215	154	187	141	158	140	121	138	110	119	105
64	170	1	2	119	0	1953125	12	0.0	0	0.92	0	0	V0.2	0	0	86	11	87	13	82	37	67	57	55	65	49	73	53	76	58	88	52	100	48	121	50	129	78	128	119	107	161	88	203	85	210	127	218	130	141	191	167	249	127	156	271	280	423	410	672	695	861	837	600	632	448	605	609	660	835	871	1000	823	801	580	643	505	502	438	351	374	277	319	254	237	255	193	244	176	207	170	155	174	127	164	109	141	113	111	110
64	170	1	2	119	0	1953125	12	0.0	0	0.92	0	0	V0.2	0	0	129	131	155	118	178	105	195	99	203	108	201	133	183	164	152	198	104	214	59	221	48	219	77	206	125	181	173	145	232	138	267	115	312	58	289	114	297	231	275	244	154	474	228	621	535	807	851	843	736	517	712	498	848	607	881	864	1000	866	756	686	536	624	395	529	278	427	269	338	299	228	331	143	335	103	311	128	253	175	192	216	121	230	52	226	14
64	170	1	2	119	0	1953125	12	0.0	0	0.92	0	0	V0.2	0	0	20	81	17	78	42	67	65	51	75	44	83	53	83	65	84	72	92	75	105	86	114	104	116	144	106	179	93	216	130	221	166	221	230	148	250	116	329	202	266	190	240	416	351	588	647	808	921	872	777	659	717	736	823	804	835	1000	934	955	725	687	630	559	574	415	481	326	387	320	282	309	221	294	208	248	210	196	198	158	185	142	153	138	134	128	117
64	170	2	2	119	0	1953125	12	0.0	0	0.92	0	0	V0.2	0	0	83	44	69	65	55	78	43	81	49	80	61	80	71	87	76	101	78	111	92	115	114	110	144	110	171	118	184	164	194	198	176	244	174	224	170	224	314	232	275	147	349	340	436	543	644	848	867	1000	768	824	769	824	933	778	943	871	963	831	732	628	562	582	469	482	394	368	369	285	334	242	287	248	232	249	189	228	158	194	156	161	153	134	147	114	132
64	170	2	2	119	0	1953125	12	0.0	0	0.92	0	0	V0.2	0	0	83	44	69	65	55	78	43	81	49	80	61	80	71	87	76	101	78	111	92	115	114	110	144	110	171	118	184	164	194	198	176	244	174	224	170	224	314	232	275	147	349	340	436	543	644	848	867	1000	768	824	769	824	933	778	943	871	963	831	732	628	562	582	469	482	394	368	369	285	334	242	287	248	232	249	189	228	158	194	156	161	153	134	147	114	132
64	170	2	2	119	0	1953125	12	0.0	0	0.92	0	0	V0.2	0	0	106	119	128	106	159	83	176	64	186	71	190	100	172	134	146	176	99	200	43	211	11	216	66	210	119	195	170	173	227	159	256	138	305	78	294	142	324	256	250	268	181	454	249	614	538	835	850	923	832	719	874	710	1000	716	963	790	933	743	707	586	527	569	406	502	291	426	260	356	279	268	305	188	320	129	304	113	264	142	213	181	155	202	95	210	44
64	170	2	2	119	0	1953125	12	0.0	0	0.92	0	0	V0.2	0	0	61	73	41	82	36	84	48	78	66	70	78	73	86	83	91	95	96	99	116	103	132	105	153	128	159	164	153	212	159	243	161	260	204	218	238	182	363	229	321	210	332	402	389	589	635	867	907	991	853	825	885	858	1000	864	948	938	920	878	691	672	572	591	520	463	461	343	410	299	338	291	264	291	213	270	194	226	185	183	183	150	168	132	148	123	128
64	170	2	2	119	0	1953125	12	0.0	0	0.92	0	0	V0.2	0	0	94	138	119	124	147	105	172	81	191	69	198	83	192	118	170	162	128	192	76	214	18	224	39	229	96	218	152	200	214	193	260	170	316	111	318	115	352	241	309	260	227	460	261	638	544	885	847	974	817	762	874	712	1000	699	978	775	951	725	731	589	563	577	437	513	303	442	257	384	270	294	300	213	320	140	317	106	282	129	234	167	175	199	116	209	60
64	170	2	2	119	0	1953125	12	0.0	0	0.92	0	0	V0.2	0	0	102	148	125	141	156	121	179	100	200	87	210	93	206	119	184	162	145	196	90	220	37	231	22	236	82	228	140	207	209	201	254	179	323	118	334	100	379	218	325	239	239	456	245	636	502	897	820	1000	792	744	805	623	920	599	943	758	990	743	774	594	597	589	451	522	299	451	234	392	255	304	292	218	323	137	321	86	288	112	247	161	186	193	127	213	63
64	170	2	2	119	0	1953125	12	0.0	0	0.92	0	0	V0.2	0	0	59	73	35	84	30	84	44	75	63	66	76	69	82	78	87	90	93	94	112	94	128	95	150	120	155	162	147	218	152	249	162	280	216	227	255	188	389	231	340	190	331	400	378	600	637	889	922	1000	832	768	796	740	879	750	858	915	909	908	707	701	594	615	542	466	469	330	411	290	329	285	251	290	200	265	184	217	177	173	179	140	164	127	142	118	120
64	170	2	2	119	0	1953125	12	0.0	0	0.92	0	0	V0.2	0	0	129	146	158	130	188	108	207	95	222	99	221	124	209	165	174	206	122	234	61	249	27	250	73	246	136	222	199	193	266	178	312	152	369	94	362	173	389	318	328	324	228	537	263	692	592	947	946	1000	903	723	918	659	990	622	921	805	985	833	767	685	574	668	440	577	309	471	291	386	324	272	352	179	362	116	338	122	284	170	226	209	151	239	82	242	23
64	170	2	2	119	0	1953125	12	0.0	0	0.92	0	0	V0.2	0	0	64	70	39	85	30	85	40	78	59	70	75	72	82	79	86	91	92	96	112	97	130	98	157	121	168	163	162	224	161	261	165	291	215	245	259	205	397	236	359	206	371	425	429	632	679	923	928	1000	836	795	855	775	909	702	814	851	858	872	695	704	602	627	544	470	472	335	418	294	337	286	256	293	200	268	181	221	172	173	176	140	163	122	143	115	120
64	170	2	2	119	0	1953125	12	0.0	0	0.92	0	0	V0.2	0	0	139	128	164	111	188	96	202	96	210	112	203	143	181	182	143	215	86	232	42	236	60	224	107	210	162	183	213	147	273	134	310	121	358	83	323	195	294	332	228	335	157	505	269	651	660	880	985	891	909	637	931	697	1000	674	828	765	806	792	630	693	503	676	405	558	324	426	338	323	365	206	371	137	353	138	309	182	234	223	163	248	86	254	25	238	50
64	170	2	2	119	0	1953125	12	0.0	0	0.92	0	0	V0.2	0	0	79	33	68	57	52	71	39	77	45	71	58	72	71	78	75	89	77	100	89	107	111	100	142	109	167	127	171	181	172	221	156	268	182	242	203	197	350	218	340	196	378	374	415	591	673	914	901	1000	786	781	831	809	940	723	797	765	786	787	643	664	588	615	536	467	465	336	409	298	331	289	248	291	198	263	184	213	179	164	178	133	161	124	141	120	119
64	170	2	2	119	0	1953125	12	0.0	0	0.92	0	0	V0.2	0	0	103	148	131	136	160	116	186	94	204	83	212	93	206	127	184	170	138	203	85	226	27	235	35	241	94	229	153	208	220	195	263	171	326	113	326	106	354	251	317	306	271	498	282	679	565	961	858	1000	784	715	867	708	992	593	869	661	891	701	736	620	595	628	459	547	306	464	258	398	274	299	307	212	333	133	326	94	289	124	241	171	179	201	117	218	59
64	170	2	2	119	0	1953125	12	0.0	0	0.92	0	0	V0.2	0	0	64	70	42	84	33	85	44	79	63	69	75	72	84	80	88	92	95	97	112	96	130	98	153	119	160	155	155	210	151	235	147	265	197	222	234	174	362	214	323	227	374	429	417	625	684	947	938	1000	805	764	830	805	936	744	836	854	870	878	715	722	619	643	548	483	473	347	419	298	341	288	263	292	210	269	187	226	180	179	180	143	166	131	148	122	126
64	170	2	2	119	0	1953125	12	0.0	0	0.92	0	0	V0.2	0	0	150	91	170	75	186	77	190	96	183	130	163	167	129	197	86	220	41	221	57	209	106	183	150	160	190	127	227	95	260	83	280	102	307	111	257	238	216	342	130	344	191	493	326	581	695	798	1000	803	876	591	849	705	910	753	799	873	811	880	634	729	504	664	417	520	357	375	363	267	372	167	358	149	323	180	265	220	185	245	114	256	43	247	52	221	94
64	170	1	2	119	0	1953125	12	0.0	0	0.92	0	0	V0.2	0	0	21	85	49	73	74	52	88	41	93	45	91	64	92	75	98	86	103	93	111	117	104	142	99	177	95	199	122	207	181	184	218	165	276	121	267	204	306	307	215	310	317	470	425	573	742	826	1000	908	838	770	769	865	839	852	817	925	881	862	760	635	688	532	589	427	452	377	339	362	265	319	242	268	245	219	234	178	201	165	171	161	141	154	130	136	124
64	170	1	2	119	0	1953125	12	0.0	0	0.92	0	0	V0.2	0	0	14	88	39	80	68	60	83	44	93	43	94	60	94	74	99	85	103	92	113	113	109	138	108	176	95	201	107	216	166	207	208	186	278	122	277	174	327	290	238	309	332	519	438	621	740	843	998	920	858	761	793	833	878	911	892	1000	923	918	780	690	716	563	607	425	477	373	367	368	277	334	241	291	242	235	239	188	214	164	183	155	154	156	135	142	126
64	170	2	2	119	0	1953125	12	0.0	0	0.92	0	0	V0.2	0	0	14	88	39	80	68	60	83	44	93	43	94	60	94	74	99	85	103	92	113	113	109	138	108	176	95	201	107	216	166	207	208	186	278	122	277	174	327	290	238	309	332	519	438	621	740	843	998	920	858	761	793	833	878	911	892	1000	923	918	780	690	716	563	607	425	477	373	367	368	277	334	241	291	242	235	239	188	214	164	183	155	154	156	135	142	126
64	170	2	2	119	0	1953125	12	0.0	0	0.92	0	0	V0.2	0	0	155	69	168	71	174	89	171	122	152	155	126	186	83	207	49	212	61	196	106	167	146	133	183	99	206	67	220	68	249	91	253	139	267	160	197	259	158	349	93	317	289	460	434	491	747	659	988	728	848	598	765	724	818	875	785	1000	799	931	612	742	538	628	458	451	414	294	408	202	387	170	337	212	274	252	196	278	108	279	54	259	77	229	128	182	162
64	170	2	2	119	0	1953125	12	0.0	0	0.92	0	0	V0.2	0	0	19	86	29	81	56	66	74	53	85	48	90	62	91	72	95	84	101	85	112	101	115	123	114	159	102	189	101	212	151	209	179	192	245	120	256	148	326	259	256	290	330	497	405	607	676	799	907	850	762	659	708	761	856	889	878	1000	915	924	753	697	681	563	581	408	466	340	366	337	278	319	229	288	221	238	221	187	202	159	182	147	153	146	134	135	120
64	170	1	2	119	0	1953125	12	0.0	0	0.92	0	0	V0.2	0	0	20	84	44	74	70	56	84	45	89	49	92	65	89	75	98	87	102	93	110	113	106	141	102	174	99	197	119	206	182	192	215	170	268	119	268	200	313	309	237	322	338	488	430	585	698	757	906	814	732	665	666	807	831	893	872	1000	943	917	779	658	685	534	582	412	450	360	338	349	264	314	236	271	236	219	228	181	200	165	172	158	145	154	132	134	124
64	170	1	2	119	0	1953125	12	0.0	0	0.92	0	0	V0.2	0	0	20	84	44	74	70	56	84	45	89	49	92	65	89	75	98	87	102	93	110	113	106	141	102	174	99	197	119	206	182	192	215	170	268	119	268	200	313	309	237	322	338	488	430	585	698	757	906	814	732	665	666	807	831	893	872	1000	943	917	779	658	685	534	582	412	450	360	338	349	264	314	236	271	236	219	228	181	200	165	172	158	145	154	132	134	124
64	170	1	2	119	0	1953125	12	0.0	0	0.92	0	0	V0.2	0	0	94	132	119	118	149	95	172	70	191	63	196	83	186	121	162	167	116	196	64	215	7	219	48	220	102	202	156	182	214	173	243	148	292	80	295	124	338	251	293	316	299	538	328	688	533	858	749	875	663	628	728	652	975	693	979	804	1000	762	775	602	586	571	437	497	297	425	239	364	252	286	280	208	301	138	299	98	269	114	230	156	175	186	122	201	68
64	170	1	2	119	0	1953125	12	0.0	0	0.92	0	0	V0.2	0	0	31	81	59	64	81	43	92	36	93	48	92	65	92	76	97	89	100	105	94	133	86	163	84	182	107	178	154	167	220	144	240	144	257	134	198	236	241	327	249	334	430	470	552	561	740	745	873	846	662	766	682	890	913	912	968	913	1000	802	797	591	660	546	517	479	380	408	319	333	304	262	287	227	256	220	212	212	168	194	153	171	151	140	152	118	140
64	170	2	2	119	0	1953125	12	0.0	0	0.92	0	0	V0.2	0	0	116	120	143	103	169	80	188	68	197	82	193	117	173	157	138	195	83	214	30	221	40	214	90	200	140	171	185	144	236	135	263	108	297	47	272	165	289	294	245	369	274	583	342	703	580	826	803	797	697	560	784	636	1000	722	957	809	922	748	672	615	512	580	385	496	277	403	260	322	286	231	310	155	313	110	293	117	246	157	193	196	131	215	72	214	32
64	170	2	2	119	0	1953125	12	0.0	0	0.92	0	0	V0.2	0	0	18	95	31	89	63	73	84	56	97	50	100	67	99	80	103	91	112	97	123	113	124	138	121	177	105	206	113	232	173	224	203	197	269	129	298	200	374	347	287	392	386	570	457	686	752	875	1000	893	799	727	778	872	936	928	869	982	877	895	721	674	685	546	595	407	479	347	367	347	269	327	222	291	222	236	225	184	209	160	188	150	154	152	135	141	126
64	170	2	2	119	0	1953125	12	0.0	0	0.92	0	0	V0.2	0	0	35	83	15	86	36	75	58	63	75	51	84	61	86	71	87	85	98	85	115	90	128	105	139	140	127	175	112	223	138	231	151	222	212	157	259	155	414	312	370	388	443	565	441	680	677	889	920	907	760	687	790	811	1000	892	909	945	848	858	667	701	635	593	561	425	478	314	403	304	306	305	227	299	197	263	197	211	191	166	191	138	168	134	146	130	124
64	170	2	2	119	0	1953125	12	0.0	0	0.92	0	0	V0.2	0	0	14	99	28	91	61	74	84	53	97	48	102	66	98	79	103	90	109	91	120	108	123	137	117	176	96	199	96	229	162	213	188	175	241	91	255	137	366	340	320	429	429	603	449	674	719	839	960	852	748	628	729	833	975	1000	933	996	844	856	700	675	707	569	613	404	479	333	372	343	265	329	214	294	216	240	225	186	208	154	190	151	159	151	136	138	121
64	170	2	2	119	0	1953125	12	0.0	0	0.92	0	0	V0.2	0	0	8	87	31	80	61	63	78	45	88	41	89	58	87	70	92	82	101	85	111	99	111	125	106	162	88	186	93	211	149	183	169	159	222	64	233	156	340	314	259	380	362	528	407	634	676	810	922	808	645	573	648	765	924	994	914	1000	849	872	672	672	669	559	577	387	453	314	360	328	263	317	210	286	209	237	220	186	206	153	187	146	156	147	136	136	118
64	170	2	2	119	0	1953125	12	0.0	0	0.92	0	0	V0.2	0	0	21	79	47	66	72	44	84	32	88	40	84	60	81	72	86	79	92	88	96	108	92	133	80	163	78	167	106	171	163	134	177	94	204	25	167	168	246	270	183	356	353	496	430	567	617	635	783	662	516	497	562	784	876	1000	903	952	808	783	650	576	633	477	534	349	392	300	286	311	216	285	199	245	212	194	214	160	191	144	165	147	137	146	123	130	117
64	170	2	2	119	0	1953125	12	0.0	0	0.92	0	0	V0.2	0	0	12	81	31	72	57	56	72	43	82	42	81	56	81	70	84	76	92	80	103	95	107	119	100	152	86	168	93	189	139	160	158	126	194	33	183	139	304	275	240	382	370	509	391	571	558	650	746	690	570	515	632	779	916	1000	938	988	826	810	618	597	591	487	509	340	397	264	309	286	234	284	189	259	192	219	201	172	189	141	175	134	145	136	128	128	113
64	170	2	2	119	0	1953125	12	0.0	0	0.92	0	0	V0.2	0	0	69	67	45	78	36	84	40	82	56	72	69	77	78	82	82	94	88	95	105	95	127	89	145	101	147	123	135	176	126	180	95	188	113	124	139	125	314	193	298	302	437	461	395	569	506	710	672	765	518	550	636	726	956	893	1000	916	874	756	605	591	502	528	416	397	344	257	316	215	279	217	225	233	173	227	154	203	147	167	156	132	151	117	142	108	122
64	170	2	2	119	0	1953125	12	0.0	0	0.92	0	0	V0.2	0	0	55	70	33	77	25	77	38	74	55	64	66	68	71	74	74	86	84	86	102	87	125	82	138	100	138	126	127	178	120	179	94	185	118	120	147	127	322	196	298	310	432	476	398	586	514	722	700	794	542	554	631	715	949	888	1000	942	886	781	616	607	515	535	433	403	362	263	327	225	288	230	226	244	177	234	157	208	153	169	159	138	154	119	144	110	124
64	170	2	2	119	0	1953125	12	0.0	0	0.92	0	0	V0.2	0	0	67	72	41	81	30	85	37	80	57	72	69	74	77	80	79	92	88	91	105	90	129	84	144	101	140	124	127	179	118	184	88	183	104	117	134	117	313	179	283	291	408	457	374	575	506	726	703	782	503	531	619	731	965	891	1000	941	875	772	614	611	502	530	422	391	351	248	320	213	275	220	218	240	167	230	149	201	148	161	158	131	156	116	144	111	122
64	170	2	2	119	0	1953125	12	0.0	0	0.92	0	0	V0.2	0	0	65	69	41	80	26	83	31	78	51	67	63	72	71	75	72	89	83	89	100	86	125	78	143	90	142	115	131	175	125	181	87	188	95	131	123	127	322	185	293	290	430	461	395	589	532	767	733	829	523	574	645	763	988	878	1000	914	864	754	614	608	504	546	427	414	359	269	333	220	294	222	232	240	178	236	154	209	146	171	158	137	157	119	149	108	125
64	170	2	2	119	0	1953125	12	0.0	0	0.92	0	0	V0.2	0	0	49	83	18	89	24	83	46	71	71	58	76	62	81	70	81	84	94	80	110	82	128	84	131	116	115	145	96	194	92	185	81	175	123	126	158	78	336	187	266	343	390	491	328	585	520	785	790	846	579	537	654	753	978	943	1000	993	841	797	582	632	540	546	476	389	403	245	349	241	278	256	200	265	160	241	165	202	167	154	177	125	162	122	145	121	120
64	170	1	2	119	0	1953125	12	0.0	0	0.92	0	0	V0.2	0	0	5	78	35	67	55	48	72	31	78	30	74	45	72	58	73	65	82	68	91	86	88	107	73	140	52	149	70	168	118	133	123	97	152	63	163	93	262	213	158	331	283	429	285	480	496	637	770	683	515	425	527	708	791	921	893	1000	787	771	580	563	572	455	499	313	383	242	289	277	210	274	166	241	175	194	188	148	177	124	165	122	132	128	116	121	104
64	170	1	2	119	0	1953125	12	0.0	0	0.93	0	0	V0.2	0	0	22	86	9	81	33	70	54	58	66	49	70	57	71	65	76	74	91	71	106	71	128	80	129	108	118	139	101	196	96	169	73	160	94	82	143	106	339	180	287	311	390	439	325	559	476	752	719	795	463	483	589	692	921	855	1000	977	897	812	638	659	544	588	469	448	397	289	365	240	314	231	240	242	178	238	147	214	140	176	148	135	148	114	136	101	116
64	170	1	2	119	0	1953125	12	0.0	0	0.92	0	0	V0.2	0	0	38	83	14	86	26	77	50	63	66	53	74	57	75	68	77	77	89	79	107	76	125	85	128	114	112	149	95	199	98	186	94	182	136	122	175	91	345	189	286	332	376	474	319	568	501	774	777	789	528	487	656	724	935	903	991	1000	857	837	639	673	561	575	506	419	424	262	363	249	290	268	211	271	169	249	166	206	174	160	173	132	163	122	140	121	120
64	170	1	2	119	0	1953125	12	0.0	0	0.92	0	0	V0.2	0	0	31	88	15	85	39	76	61	59	78	50	83	60	86	71	88	80	98	78	111	86	119	98	117	133	94	158	86	197	104	177	116	156	157	102	192	91	311	201	233	335	311	457	306	554	533	742	790	728	522	435	606	745	929	982	990	1000	797	790	596	617	539	515	507	372	411	246	330	252	245	269	184	258	164	226	178	177	180	140	173	122	151	125	131	121	111
64	170	1	2	119	0	1953125	12	0.0	0	0.92	0	0	V0.2	0	0	40	76	15	75	24	70	45	60	64	52	68	54	72	65	74	73	83	72	101	72	112	78	119	105	105	136	91	174	83	167	84	156	121	113	165	90	292	162	231	293	309	422	293	518	472	691	697	707	497	438	571	660	887	908	1000	954	804	752	581	595	491	503	452	379	381	243	324	226	258	240	197	245	158	225	157	187	162	148	164	119	150	114	133	110	113
64	170	1	2	119	0	1953125	12	0.0	0	0.92	0	0	V0.2	0	0	45	80	19	84	26	79	49	68	66	55	76	61	81	71	82	78	92	77	108	80	122	86	126	114	112	142	94	186	93	182	92	172	131	124	180	95	317	173	239	283	299	423	293	548	517	745	758	757	519	466	594	684	900	912	1000	971	827	789	609	620	510	522	473	390	401	249	338	232	261	249	199	255	158	232	161	192	164	151	171	125	158	120	140	114	116
64	170	1	2	119	0	1953125	12	0.0	0	0.92	0	0	V0.2	0	0	61	72	32	80	18	80	32	73	53	61	65	67	71	70	71	81	81	81	102	79	119	72	134	90	129	120	115	171	99	183	85	191	112	158	161	109	317	155	254	250	331	391	309	541	523	787	769	823	534	530	625	693	920	857	1000	920	832	765	623	636	519	556	461	431	396	277	351	228	289	235	223	249	169	240	152	207	155	167	164	131	157	114	142	111	121
64	170	1	2	119	0	1953125	12	0.0	0	0.92	0	0	V0.2	0	0	76	59	58	78	37	84	32	83	47	75	62	77	71	82	74	93	79	94	98	93	122	79	141	82	147	103	139	157	127	172	100	194	100	171	133	128	285	145	252	221	357	366	348	525	528	768	742	820	497	540	597	705	926	826	1000	876	839	727	640	615	516	557	439	446	369	300	338	226	294	209	238	226	180	227	146	205	138	171	150	139	150	112	140	104	123
64	170	1	2	119	0	1953125	12	0.0	0	0.92	0	0	V0.2	0	0	70	62	50	77	28	80	28	77	43	70	60	70	66	76	69	86	79	90	94	87	121	76	138	80	147	102	139	161	127	170	100	195	100	165	138	132	294	153	259	220	366	381	377	567	577	813	775	835	510	576	639	748	965	839	1000	885	858	746	658	635	538	577	460	469	392	320	357	244	314	223	254	241	196	239	159	223	148	185	154	146	154	123	149	113	127
64	170	1	2	119	0	1953125	12	0.0	0	0.92	0	0	V0.2	0	0	84	54	63	76	46	85	36	86	46	80	60	81	70	88	74	97	78	104	96	103	122	87	146	84	158	99	158	155	147	172	117	201	113	186	138	153	279	144	242	191	370	358	391	559	586	806	776	851	511	594	641	763	970	831	999	856	842	705	652	618	536	569	448	465	375	327	349	242	308	210	253	224	195	229	152	213	139	182	145	144	150	118	143	106	127
64	170	1	2	119	0	1953125	12	0.0	0	0.92	0	0	V0.2	0	0	55	80	27	84	22	82	41	72	58	62	70	67	74	71	75	82	86	82	103	83	125	76	140	97	136	128	126	186	115	190	98	203	126	168	181	130	323	141	251	237	364	417	374	589	561	798	776	833	563	601	717	786	1000	849	982	911	857	774	646	648	547	589	492	469	431	324	386	257	320	246	248	257	188	250	161	220	156	182	160	140	156	120	144	111	125
64	170	1	2	119	0	1953125	12	0.0	0	0.92	0	0	V0.2	0	0	94	35	80	60	62	78	44	87	41	85	51	87	61	90	67	101	70	111	83	115	108	102	142	87	164	82	183	126	180	145	156	196	141	204	121	202	251	194	218	146	392	319	430	511	615	769	778	840	488	636	630	831	983	852	1000	851	870	668	673	560	553	545	454	485	358	364	324	268	303	203	274	201	221	211	172	211	135	191	132	162	137	133	139	108	131
64	170	1	2	119	0	1953125	12	0.0	0	0.92	0	0	V0.2	0	0	121	94	137	82	155	72	164	71	171	87	166	110	150	138	126	166	83	185	41	195	29	191	61	182	105	164	149	147	183	133	201	104	243	54	265	75	300	150	241	257	245	464	275	617	442	764	609	760	463	537	643	677	999	740	994	730	870	549	641	432	543	446	443	434	309	388	205	359	171	305	193	246	225	174	248	107	247	54	235	55	207	96	171	127	131
64	170	1	2	119	0	1953125	12	0.0	0	0.92	0	0	V0.2	0	0	92	18	93	30	88	54	76	75	65	83	63	90	72	95	80	105	75	121	79	133	96	136	131	123	161	104	187	122	205	145	184	193	163	190	139	230	244	244	257	182	424	366	473	518	616	726	754	830	540	694	677	865	1000	896	985	866	899	707	661	536	527	529	439	462	351	343	321	258	298	213	262	212	209	219	165	208	139	183	140	152	145	123	139	104	127
64	170	1	2	119	0	1953125	12	0.0	0	0.92	0	0	V0.2	0	0	150	63	161	63	167	76	166	104	155	135	135	164	103	187	66	203	34	203	59	192	108	170	146	145	177	108	210	94	245	82	256	87	274	90	252	207	263	291	186	380	245	533	340	627	563	734	791	738	667	502	802	689	1000	791	990	823	860	704	645	581	488	575	389	510	293	420	263	336	277	245	297	164	300	107	286	96	249	126	207	161	155	185	100	193	50
64	170	1	2	119	0	1953125	12	0.0	0	0.92	0	0	V0.2	0	0	70	71	51	84	40	89	47	86	64	78	77	81	84	89	90	99	96	103	114	100	133	100	151	114	152	138	144	190	143	215	136	223	161	184	214	180	332	194	306	241	378	436	406	577	563	768	778	824	636	668	773	824	999	901	971	915	874	765	603	589	506	543	456	433	395	302	353	247	300	238	239	246	187	236	161	207	157	173	158	137	154	120	140	110	121
64	170	1	2	119	0	1953125	12	0.0	0	0.92	0	0	V0.2	0	0	137	88	152	75	169	66	179	74	180	101	170	132	149	164	116	192	64	210	21	215	52	206	96	188	140	160	184	147	228	125	243	90	281	50	293	150	340	277	295	375	292	553	329	677	491	822	738	858	616	624	779	702	994	737	1000	765	919	671	734	548	578	550	465	513	314	436	232	383	220	309	251	238	276	161	287	94	273	73	250	99	211	139	162	165	116
64	170	1	2	119	0	1953125	12	0.0	0	0.92	0	0	V0.2	0	0	34	87	66	70	89	51	102	44	103	57	100	76	100	89	103	98	110	110	113	141	107	165	97	189	99	194	149	192	205	157	236	130	267	106	256	213	295	368	257	336	332	495	556	602	700	766	996	868	704	669	708	915	875	1000	918	973	882	886	783	598	657	524	607	459	449	383	324	370	255	318	248	255	249	208	242	181	208	172	171	165	144	161	132	138	132
64	170	2	2	119	0	1953125	12	0.0	0	0.92	0	0	V0.2	0	0	74	54	67	85	36	88	47	86	47	88	72	76	77	96	78	94	91	104	93	105	138	80	136	107	161	92	154	194	138	159	122	261	156	192	245	173	232	135	466	417	405	349	608	717	432	516	768	940	467	464	699	933	806	565	937	1000	835	622	651	664	438	462	409	421	305	254	328	219	254	182	232	213	158	220	148	187	127	174	143	119	146	116	123	88	124
64	170	2	2	119	0	1953125	12	0.0	0	0.92	0	0	V0.2	0	0	73	124	100	113	126	93	152	68	171	50	180	61	175	99	154	143	111	171	66	199	9	198	44	197	86	176	134	172	199	126	202	139	301	90	251	80	339	303	322	388	237	490	361	603	336	613	664	853	582	500	668	796	1000	669	724	590	952	733	673	444	468	468	372	387	205	336	188	305	184	238	225	177	241	115	256	77	237	82	209	120	169	155	118	168	74
64	170	2	2	119	0	1953125	12	0.0	0	0.92	0	0	V0.2	0	0	81	63	65	82	54	91	53	93	67	89	82	92	93	102	100	112	104	121	122	125	145	122	170	125	167	144	173	195	163	213	171	272	205	211	236	237	438	347	458	319	492	525	538	599	575	825	840	942	684	748	775	872	1000	798	795	838	914	873	699	593	476	556	456	432	364	292	340	237	291	211	233	222	185	221	157	203	146	173	150	143	148	122	139	111	124
64	170	2	2	119	0	1953125	12	0.0	0	0.92	0	0	V0.2	0	0	45	78	28	82	39	79	56	68	73	62	83	69	87	78	88	90	97	93	115	100	128	104	138	137	130	164	119	206	143	202	150	190	204	131	243	132	349	286	335	355	361	496	430	590	492	697	777	772	533	537	756	849	954	753	729	922	1000	912	590	536	503	570	514	359	366	261	352	269	250	249	193	255	169	230	169	189	169	151	167	125	153	119	136	117	117
64	170	2	2	119	0	1953125	12	0.0	0	0.92	0	0	V0.2	0	0	37	67	20	69	31	65	46	56	62	52	69	59	71	68	75	76	81	76	98	83	108	84	112	111	103	134	98	174	109	166	113	165	159	97	170	111	299	225	229	245	253	406	319	434	358	619	701	616	390	460	672	797	847	720	797	1000	992	822	544	547	547	551	490	340	358	259	333	255	236	243	188	243	161	218	165	179	161	141	160	118	145	114	128	110	112
64	170	2	2	119	0	1953125	12	0.0	0	0.92	0	0	V0.2	0	0	34	73	20	73	32	68	51	57	64	51	72	59	73	69	78	77	85	80	103	86	117	94	130	120	116	149	117	189	117	196	143	203	175	98	212	198	401	271	217	165	326	517	415	516	385	735	802	806	497	477	706	848	968	853	877	1000	977	890	603	567	527	576	507	397	401	285	361	258	277	250	218	254	175	236	167	199	161	160	162	132	150	118	133	115	117
64	170	2	2	119	0	1953125	12	0.0	0	0.92	0	0	V0.2	0	0	78	54	61	71	49	83	46	85	56	80	70	84	80	90	86	102	89	108	107	112	127	103	153	110	162	120	152	168	153	197	144	240	196	212	186	175	327	299	383	225	331	371	467	600	536	675	797	934	701	665	666	724	1000	850	877	754	881	776	671	531	433	489	422	421	354	297	318	224	265	199	221	208	171	205	145	192	134	163	140	134	140	112	131	100	115
64	170	2	2	119	0	1953125	12	0.0	0	0.92	0	0	V0.2	0	0	86	49	71	67	57	81	45	86	51	84	60	87	69	92	79	107	82	117	99	125	121	118	155	114	177	109	195	161	202	178	180	249	193	218	172	248	354	344	360	237	423	454	553	598	603	820	917	1000	650	710	665	904	982	837	919	882	966	752	687	551	549	568	460	463	352	360	324	273	292	210	264	203	221	208	182	205	144	190	136	164	134	133	133	113	127
64	170	2	2	119	0	1953125	12	0.0	0	0.92	0	0	V0.2	0	0	47	85	31	90	45	84	63	72	83	66	91	73	94	85	101	95	105	96	125	104	133	115	145	147	126	174	128	219	133	217	170	231	231	113	242	167	386	280	252	251	326	534	419	568	524	821	948	850	660	613	777	905	979	893	871	1000	937	858	633	624	544	543	501	391	425	296	351	268	260	270	201	263	175	234	179	194	179	157	177	135	158	128	137	126	120
64	170	2	2	119	0	1953125	12	0.0	0	0.92	0	0	V0.2	0	0	53	152	52	161	67	158	102	145	138	119	170	83	194	40	208	46	194	93	171	150	128	180	99	210	51	214	65	239	106	237	135	257	209	158	227	139	415	200	361	171	390	422	464	602	500	844	799	1000	495	736	582	972	941	852	876	862	935	689	722	432	612	395	526	333	376	312	266	331	157	325	124	305	146	265	191	204	220	140	243	74	240	43	224	75	194
64	170	2	2	119	0	1953125	12	0.0	0	0.92	0	0	V0.2	0	0	81	66	62	84	51	94	50	92	69	89	82	90	94	102	102	112	105	120	126	121	144	119	174	130	174	153	184	214	169	231	184	289	210	198	241	252	434	286	327	245	443	525	467	593	621	950	983	964	655	739	824	940	1000	829	911	948	921	765	628	608	516	573	449	425	384	318	354	243	289	225	238	238	184	232	158	211	151	179	158	147	153	124	143	113	124
64	170	2	2	119	0	1953125	12	0.0	0	0.92	0	0	V0.2	0	0	90	134	116	121	149	96	174	68	195	54	201	76	190	124	163	169	114	201	55	221	4	224	66	210	113	198	175	160	215	163	277	127	296	49	314	184	363	299	227	341	291	579	306	594	526	919	899	861	666	707	878	803	1000	734	989	859	950	650	661	523	501	529	363	456	251	395	213	322	231	245	270	176	283	114	285	91	257	120	220	161	164	193	109	206	56
64	170	2	2	119	0	1953125	12	0.0	0	0.92	0	0	V0.2	0	0	74	71	56	87	50	92	56	90	73	85	86	88	94	98	101	108	107	115	126	114	143	117	165	130	164	159	166	208	158	235	188	259	199	185	264	242	396	243	322	288	448	508	411	551	613	892	888	864	687	771	846	891	945	872	990	999	903	780	647	638	517	546	438	417	397	309	348	243	283	236	232	243	183	233	165	208	160	173	162	141	157	125	142	117	124
64	170	2	2	119	0	1953125	12	0.0	0	0.92	0	0	V0.2	0	0	83	121	111	107	141	81	164	53	183	39	187	72	178	117	151	161	105	193	51	211	21	217	73	205	116	192	173	160	211	166	273	134	279	67	313	200	349	281	256	344	330	567	306	582	537	900	859	836	665	742	858	800	962	750	1000	866	918	632	659	528	499	505	367	441	261	385	215	314	221	249	255	184	270	128	273	96	248	112	216	148	168	175	116	188	67
64	170	2	2	119	0	1953125	12	0.0	0	0.92	0	0	V0.2	0	0	89	57	77	77	68	91	61	98	72	97	83	100	96	108	102	122	108	132	124	136	146	136	176	134	188	153	202	195	194	233	212	279	197	228	258	299	395	272	339	288	510	512	476	565	669	935	919	923	726	885	905	967	959	868	1000	980	926	746	668	610	525	551	425	443	374	342	343	256	295	224	257	229	209	227	175	215	153	189	152	156	150	134	145	118	130
64	170	2	2	119	0	1953125	12	0.0	0	0.92	0	0	V0.2	0	0	67	79	53	91	50	94	62	89	80	84	91	90	102	100	107	113	114	118	133	121	150	125	168	145	165	177	163	218	158	250	207	260	220	194	304	252	402	253	334	320	468	544	407	586	660	939	927	886	774	862	936	913	918	839	949	1000	887	803	651	651	528	546	465	421	421	311	359	258	283	252	227	255	183	240	174	206	167	171	170	141	157	130	142	121	123
64	170	2	2	119	0	1953125	12	0.0	0	0.92	0	0	V0.2	0	0	67	79	53	91	50	94	62	89	80	84	91	90	102	100	107	113	114	118	133	121	150	125	168	145	165	177	163	218	158	250	207	260	220	194	304	252	402	253	334	320	468	544	407	586	660	939	927	886	774	862	936	913	918	839	949	1000	887	803	651	651	528	546	465	421	421	311	359	258	283	252	227	255	183	240	174	206	167	171	170	141	157	130	142	121	123
64	170	2	2	119	0	1953125	12	0.0	0	0.92	0	0	V0.2	0	0	124	50	154	72	119	138	55	177	80	137	159	48	194	86	144	179	28	197	95	142	197	44	200	109	163	215	66	218	129	227	251	122	257	126	249	315	204	310	278	238	559	346	465	566	580	988	716	934	704	802	893	753	857	831	839	1000	785	731	628	478	579	410	421	412	270	395	247	249	299	151	299	210	180	273	108	253	181	139	241	77	206	159	112	212	59
64	170	2	2	119	0	1953125	12	0.0	0	0.92	0	0	V0.2	0	0	53	86	43	94	54	90	71	84	89	79	99	86	105	98	110	108	119	113	136	120	149	135	157	158	150	195	145	219	163	251	219	225	233	181	324	244	372	269	362	383	458	529	405	622	700	900	896	861	857	877	912	852	865	871	942	1000	834	801	641	635	518	495	467	390	420	298	339	266	262	264	209	254	183	229	180	190	177	159	170	135	155	132	136	126	118
64	170	2	2	119	0	1953125	12	0.0	0	0.92	0	0	V0.2	0	0	131	89	156	65	176	46	188	58	186	99	171	146	135	187	88	216	24	225	40	217	101	200	154	169	195	142	228	104	269	131	306	131	288	142	315	314	254	361	258	469	377	540	395	634	757	861	991	824	957	814	981	774	930	836	999	997	862	811	655	685	454	576	368	493	328	362	317	260	326	178	331	145	307	157	268	191	208	222	144	235	84	238	59	220	81
64	170	1	2	119	0	1953125	12	0.0	0	0.92	0	0	V0.2	0	0	58	83	44	93	52	90	68	85	86	79	97	87	102	96	107	108	116	111	133	118	150	132	157	152	153	184	140	214	161	252	206	222	218	192	320	232	355	253	389	379	455	500	382	634	704	889	873	863	854	858	835	773	835	874	960	1000	829	796	651	649	515	507	471	406	422	295	339	260	266	259	213	253	181	230	174	192	174	161	167	135	154	129	135	123	119
64	170	2	2	119	0	1953125	12	0.0	0	0.92	0	0	V0.2	0	0	108	107	137	87	162	59	180	41	188	68	182	113	157	157	119	194	62	214	7	219	64	211	117	188	162	162	200	123	249	136	288	102	284	112	322	269	272	323	294	447	346	532	334	650	692	858	907	843	905	796	913	709	916	788	1000	923	863	750	669	634	456	548	355	489	296	374	271	282	291	198	311	143	300	127	277	151	228	184	173	212	114	223	65	215	55
64	170	1	2	119	0	1953125	12	0.0	0	0.92	0	0	V0.2	0	0	93	33	100	41	98	62	89	83	83	94	83	105	92	112	98	126	101	141	102	161	118	172	144	168	181	156	212	145	251	188	263	212	231	249	269	340	285	337	369	389	543	424	495	587	813	884	909	935	900	990	798	879	815	949	1000	987	896	752	765	600	592	505	488	476	382	388	292	315	271	250	268	212	246	196	215	191	176	188	150	174	135	155	133	131	130
64	170	1	2	119	0	1953125	12	0.0	0	0.92	0	0	V0.2	0	0	82	33	73	55	60	71	48	79	51	76	63	78	74	76	77	89	77	91	83	92	104	87	126	89	136	105	116	133	123	198	108	167	124	184	230	134	261	156	354	299	403	434	342	630	670	886	845	947	915	920	849	764	890	892	999	965	812	758	620	584	424	442	380	343	334	209	266	185	207	209	165	217	139	195	146	158	149	125	148	103	132	106	117	106	101
64	170	1	2	119	0	1953125	12	0.0	0	0.92	0	0	V0.2	0	0	85	32	76	57	62	76	48	82	50	79	65	77	75	78	81	88	78	91	89	90	105	83	126	89	133	109	112	139	115	200	101	165	134	183	232	104	247	159	358	308	367	418	330	635	660	857	850	966	947	921	860	773	905	921	1000	977	803	784	626	586	422	428	383	323	326	190	248	185	187	211	148	213	139	184	153	143	155	115	147	103	125	111	110	107	97
64	170	2	2	119	0	1953125	12	0.0	0	0.92	0	0	V0.2	0	0	84	31	78	51	65	72	52	80	52	79	62	78	71	79	79	91	76	94	84	98	103	90	127	90	141	100	128	132	137	194	110	179	139	203	217	128	257	191	391	304	393	399	362	639	660	860	844	1000	916	917	835	771	908	876	965	904	790	747	640	588	423	450	375	350	314	204	262	177	213	197	169	211	137	194	140	159	142	126	145	104	130	105	117	103	99
64	170	1	2	119	0	1953125	12	0.0	0	0.92	0	0	V0.2	0	0	82	33	87	38	83	58	70	75	62	80	67	85	75	83	83	96	76	102	82	113	92	107	121	101	145	95	145	112	160	177	120	170	134	215	192	140	229	191	387	283	410	369	378	633	674	866	826	999	887	913	795	775	926	899	992	871	779	696	629	554	405	436	348	349	284	201	242	157	210	177	169	193	132	188	128	156	129	125	137	96	125	95	114	96	95
64	170	2	2	119	0	1953125	12	0.0	0	0.92	0	0	V0.2	0	0	84	31	86	41	80	65	64	77	60	81	67	84	76	82	83	97	77	101	84	110	97	103	126	99	143	99	144	125	149	186	120	177	136	207	203	131	250	195	395	289	390	380	368	640	666	866	840	999	905	915	858	814	968	911	994	886	782	718	624	555	398	428	349	338	291	190	241	158	201	182	160	196	128	187	134	152	136	120	142	96	129	100	110	98	96
64	170	2	2	119	0	1953125	12	0.0	0	0.92	0	0	V0.2	0	0	84	31	86	41	80	65	64	77	60	81	67	84	76	82	83	97	77	101	84	110	97	103	126	99	143	99	144	125	149	186	120	177	136	207	203	131	250	195	395	289	390	380	368	640	666	866	840	999	905	915	858	814	968	911	994	886	782	718	624	555	398	428	349	338	291	190	241	158	201	182	160	196	128	187	134	152	136	120	142	96	129	100	110	98	96
64	170	2	2	119	0	1953125	12	0.0	0	0.93	0	0	V0.2	0	0	119	35	132	18	141	32	145	64	138	99	121	135	95	163	58	183	25	193	48	193	98	184	136	171	177	159	209	150	256	161	284	155	304	180	357	274	352	358	414	488	406	547	400	720	650	854	801	925	865	844	858	751	952	828	999	809	841	672	707	564	525	507	437	481	328	401	252	350	226	286	224	234	232	178	238	131	235	99	223	90	201	104	174	123	143
64	170	2	2	119	0	1953125	12	0.0	0	0.92	0	0	V0.2	0	0	32	87	58	70	82	52	91	47	93	56	91	72	89	77	98	89	95	96	94	120	78	139	78	158	97	151	128	121	191	120	200	105	229	170	199	215	174	309	327	342	432	341	462	569	763	788	890	951	896	935	780	906	891	999	968	915	780	688	671	470	466	355	377	332	244	255	170	209	185	164	199	141	185	144	158	147	121	145	105	131	103	113	109	92	104
64	170	2	2	119	0	1953125	12	0.0	0	0.92	0	0	V0.2	0	0	73	32	77	33	76	52	65	68	59	73	63	79	68	78	77	91	72	96	76	106	86	103	112	99	137	92	138	104	154	162	122	169	139	205	193	164	241	221	387	297	420	369	396	611	653	815	766	913	809	848	782	790	926	907	1000	871	778	669	600	506	374	394	314	327	265	200	229	157	208	170	173	184	137	183	127	159	127	129	132	102	125	97	114	94	98
64	170	2	2	119	0	1953125	12	0.0	0	0.92	0	0	V0.2	0	0	78	34	82	41	78	60	65	73	61	79	66	82	73	83	82	94	78	99	83	107	94	103	120	98	140	97	138	114	147	167	116	169	134	193	193	147	239	200	370	296	405	376	386	611	640	801	757	892	810	840	808	806	942	914	1000	887	782	682	585	504	361	382	307	308	260	183	224	151	195	171	159	182	127	176	126	147	125	118	130	97	120	94	106	91	88
64	170	2	2	119	0	1953125	12	0.0	0	0.92	0	0	V0.2	0	0	69	37	79	34	77	49	69	64	61	71	64	76	69	78	76	88	73	96	73	106	84	106	106	103	133	92	137	97	154	147	123	156	129	186	170	158	220	206	358	291	422	355	400	594	645	796	746	883	781	847	790	824	932	915	1000	871	780	650	584	481	366	375	297	319	251	199	219	156	206	163	175	177	139	176	125	157	121	129	127	106	122	94	114	90	96
64	170	2	2	119	0	1953125	12	0.0	0	0.92	0	0	V0.2	0	0	74	35	77	37	75	54	64	67	58	72	63	79	70	78	77	90	73	96	76	104	88	101	113	98	136	93	135	106	148	160	117	158	123	182	176	147	226	190	345	283	407	365	378	593	641	807	750	882	795	847	810	825	933	902	1000	896	807	688	587	492	368	383	306	315	262	195	227	159	203	171	169	184	136	178	128	153	127	124	132	100	122	95	111	93	95
64	170	2	2	119	0	1953125	12	0.0	0	0.92	0	0	V0.2	0	0	79	46	64	66	51	80	43	83	54	77	69	74	80	78	87	87	87	86	100	87	114	85	129	106	131	130	104	156	112	193	114	161	166	148	233	113	252	216	355	379	389	442	387	669	711	838	859	903	894	825	841	827	953	991	999	989	799	797	615	558	422	389	383	292	314	198	231	210	181	223	156	208	156	175	168	138	159	118	144	116	122	119	106	110	98
64	170	2	2	119	0	1953125	12	0.0	0	0.92	0	0	V0.2	0	0	77	30	80	39	73	59	62	72	55	76	61	80	70	79	77	90	75	95	81	102	92	97	118	94	140	93	132	111	143	165	109	164	125	184	180	124	216	177	355	306	415	373	368	612	646	822	751	876	787	807	758	755	897	889	999	895	790	708	610	539	389	401	324	326	281	195	236	161	204	181	166	192	132	183	131	153	130	121	135	98	123	95	110	93	92
64	170	2	2	119	0	1953125	12	0.0	0	0.92	0	0	V0.2	0	0	26	76	49	63	70	47	79	42	82	48	82	62	81	69	87	80	87	85	89	107	76	126	75	147	91	145	112	117	172	117	185	95	204	140	182	190	150	268	281	350	424	354	446	551	745	764	841	854	823	850	744	879	876	1000	979	959	811	731	670	489	474	350	384	325	265	262	186	229	189	190	203	160	192	149	171	149	137	148	116	137	107	119	111	99	107
64	170	1	2	119	0	1953125	12	0.0	0	0.92	0	0	V0.2	0	0	81	35	77	52	69	70	57	79	56	80	66	81	76	81	84	92	82	95	90	101	104	93	127	99	141	113	131	134	133	184	111	172	138	179	201	111	226	177	357	329	400	401	380	637	671	828	795	886	823	807	809	805	960	942	1000	907	774	735	600	544	393	395	343	309	298	192	237	177	197	198	158	198	137	180	143	145	140	116	139	102	120	103	104	99	90
64	170	1	2	119	0	1953125	12	0.0	0	0.92	0	0	V0.2	0	0	75	31	74	46	65	64	54	74	54	74	62	77	72	77	79	90	78	92	85	97	100	94	123	95	140	108	131	129	137	182	114	170	134	179	200	125	228	176	350	323	406	401	383	626	670	831	789	880	815	820	818	811	947	924	999	907	779	726	594	540	395	401	340	314	296	201	243	181	204	199	166	200	141	183	144	150	144	122	141	106	123	104	109	102	94
64	170	1	2	119	0	1953125	12	0.0	0	0.92	0	0	V0.2	0	0	72	61	54	80	41	85	46	81	62	73	78	73	86	76	92	84	95	82	108	85	116	92	125	122	119	150	90	166	115	194	142	151	190	128	242	129	228	237	340	414	395	444	395	647	747	831	892	873	885	798	806	835	926	999	971	976	764	799	642	564	471	381	412	297	321	229	219	232	172	228	169	196	176	159	180	134	158	124	138	126	111	122	104	107	99
64	170	1	2	119	0	1953125	12	0.0	0	0.92	0	0	V0.2	0	0	76	27	73	42	66	62	53	73	50	73	59	75	68	76	76	89	75	92	81	97	97	90	119	90	139	101	126	121	134	176	111	170	127	171	185	113	228	183	357	338	420	409	371	627	669	850	794	872	777	761	749	754	911	898	1000	905	790	755	637	576	419	425	351	332	305	205	247	178	208	200	171	204	143	187	143	155	145	123	144	107	127	105	111	101	96
64	170	1	2	119	0	1953125	12	0.0	0	0.92	0	0	V0.2	0	0	77	40	67	61	54	75	46	80	52	75	67	75	76	76	82	87	82	87	93	88	108	84	124	98	132	122	109	144	112	187	114	164	147	152	209	95	218	175	331	360	387	429	354	626	677	830	823	841	813	735	759	765	917	958	1000	946	774	782	629	582	435	400	375	305	317	200	234	199	183	216	156	201	149	172	159	135	152	114	143	110	116	112	103	104	91
64	170	1	2	119	0	1953125	12	0.0	0	0.92	0	0	V0.2	0	0	62	39	72	27	75	38	68	54	61	63	60	72	65	74	72	85	68	92	66	106	73	110	96	106	126	95	137	83	161	131	146	143	132	166	139	156	175	167	287	274	444	365	411	561	673	822	775	845	718	775	695	784	875	892	1000	881	829	702	662	537	436	412	324	353	261	241	229	181	226	168	201	175	162	180	136	168	122	142	126	117	122	100	117	92	103
64	170	1	2	119	0	1953125	12	0.0	0	0.92	0	0	V0.2	0	0	81	29	76	48	66	69	53	76	51	77	62	79	72	79	78	90	76	93	85	96	101	89	124	89	140	104	126	128	126	181	110	173	122	169	191	104	220	133	314	320	423	440	372	625	658	854	810	854	773	740	758	753	899	896	1000	946	824	804	666	626	448	444	362	333	317	205	252	185	207	208	166	209	143	187	150	150	150	118	144	102	126	105	110	103	92
64	170	1	2	119	0	1953125	12	0.0	0	0.92	0	0	V0.2	0	0	77	38	65	59	51	74	40	77	48	71	61	72	72	73	79	85	79	84	89	84	107	79	123	90	133	120	108	143	109	189	111	168	137	156	217	103	228	152	308	352	407	450	348	623	668	850	821	826	780	711	746	724	869	916	1000	979	814	840	688	660	489	447	398	332	346	218	257	209	200	232	167	220	157	185	167	147	162	117	151	114	125	116	109	110	97
64	170	1	2	119	0	1953125	12	0.0	0	0.92	0	0	V0.2	0	0	83	37	69	60	54	76	41	80	47	74	63	75	74	74	79	87	81	85	88	84	108	77	123	85	135	121	109	144	107	197	114	178	138	170	226	102	237	152	302	345	391	442	325	614	652	837	833	875	829	731	753	682	843	919	1000	962	779	847	705	698	518	455	399	336	358	228	262	215	199	238	167	219	157	181	169	141	161	114	149	110	121	115	106	110	94
64	170	1	2	119	0	1953125	12	0.0	0	0.92	0	0	V0.2	0	0	75	18	71	38	61	58	48	70	44	69	49	69	59	69	65	81	67	85	72	82	85	76	112	66	123	83	120	108	107	156	103	176	109	191	182	144	224	104	271	258	426	426	285	487	561	818	748	782	648	761	751	687	672	739	1000	995	816	683	579	632	505	493	355	327	312	222	267	184	209	202	167	205	138	182	137	145	140	114	138	95	120	96	106	97	86
