34928	35048	35167	35286	35405	35524	35644	35763	35882	36001	36120	36240	36359	36478	36597	36716	36836	36955	37074	37193	37313	37432	37551	37670	37789	37909	38028	38147	38266	38385	38505	38624	38743	38862	38981	39101	39220	39339	39458	39577	39697	39816	39935	40054	40174	40293	40412	40531	40650	40770	40889	41008	41127	41246	41366	41485	41604	41723	41842	41962	42081	42200	42319	42439	42558	42677	42796	42915	43035	43154	43273	43392	43511	43631	43750	43869	43988	44107	44227	44346	44465	44584	44703	44823	44942
64	170	1	2	119	0	1953125	12	0.0	0	0.93	0	0	V0.2	0	0	13	77	39	68	58	52	74	43	77	47	77	60	77	71	84	78	97	80	112	94	119	112	110	140	90	159	93	182	104	154	130	140	145	65	200	146	286	207	206	326	308	479	392	633	576	772	811	711	625	574	694	750	823	883	941	1000	883	885	667	672	558	554	517	414	450	307	370	271	277	270	210	266	177	241	170	199	172	160	172	133	159	122	140	121	121
64	170	1	2	119	0	1953125	12	0.0	0	0.93	0	0	V0.2	0	0	147	88	142	114	132	144	114	172	87	194	63	204	60	202	87	186	130	157	166	116	199	73	209	43	212	42	221	82	220	82	213	130	199	143	157	307	154	361	65	386	307	476	481	576	705	693	953	626	740	490	786	748	847	880	912	1000	878	908	646	724	489	641	411	524	356	394	347	270	343	167	343	123	318	127	279	158	224	197	169	223	109	233	47	226	25
64	170	1	2	119	0	1953125	12	0.0	0	0.93	0	0	V0.2	0	0	10	84	31	74	53	61	73	49	80	49	80	62	80	72	86	77	103	84	120	93	130	108	123	137	100	164	98	197	104	174	124	166	145	86	215	158	324	218	241	340	346	507	424	682	623	848	864	771	635	584	738	769	859	854	937	1000	920	924	712	718	584	597	527	441	462	321	388	276	295	270	228	273	185	250	170	209	169	171	174	141	166	124	146	120	126
64	170	1	2	119	0	1953125	12	0.0	0	0.93	0	0	V0.2	0	0	53	85	32	92	25	90	44	82	62	76	75	76	80	85	87	93	100	95	124	93	147	84	157	96	147	127	139	177	113	174	89	197	78	141	153	183	304	184	252	259	401	448	458	643	603	842	800	807	580	650	717	762	866	791	1000	937	977	856	746	676	565	593	461	483	397	360	358	258	310	217	266	227	213	229	168	215	144	192	143	161	148	132	145	112	134
64	170	1	2	119	0	1953125	12	0.0	0	0.93	0	0	V0.2	0	0	22	88	15	86	36	74	60	63	72	58	77	62	79	77	87	83	103	85	125	88	143	94	143	121	127	155	115	199	98	184	100	192	108	123	203	175	339	206	273	309	388	503	462	713	642	899	877	848	662	656	783	774	894	824	1000	984	975	911	739	726	589	633	520	493	460	359	404	274	330	256	266	264	207	258	172	227	158	194	163	160	162	132	151	120	133
64	170	1	2	119	0	1953125	12	0.0	0	0.93	0	0	V0.2	0	0	38	89	19	92	32	85	54	74	70	67	78	73	83	81	89	88	104	90	127	91	147	90	150	112	134	146	122	195	99	182	89	196	98	131	188	177	329	188	257	278	376	473	435	679	614	874	833	817	613	620	722	722	863	812	1000	966	971	890	739	712	578	615	485	475	428	344	381	258	314	236	255	250	200	243	160	218	146	187	156	156	157	126	148	115	132
64	170	1	2	119	0	1953125	12	0.0	0	0.93	0	0	V0.2	0	0	37	82	17	84	22	79	44	70	60	63	68	66	73	73	80	83	93	83	116	83	140	78	145	95	137	129	127	181	102	170	86	189	79	130	164	182	309	183	248	252	371	427	422	619	571	824	788	790	579	608	703	732	868	795	1000	950	981	856	731	671	557	587	457	470	398	345	359	253	309	220	259	231	206	233	166	214	143	190	147	158	149	130	141	112	131
64	170	1	2	119	0	1953125	12	0.0	0	0.93	0	0	V0.2	0	0	11	84	27	77	50	64	69	52	78	52	80	62	80	73	88	80	101	81	120	91	129	105	122	134	103	162	99	192	97	164	118	155	131	84	205	150	311	199	215	319	322	479	387	628	568	797	812	729	620	556	707	715	826	848	957	1000	922	900	684	675	539	544	479	401	427	294	359	253	275	253	212	258	174	237	159	199	158	164	163	136	158	118	142	116	122
64	170	1	2	119	0	1953125	12	0.0	0	0.93	0	0	V0.2	0	0	25	84	14	84	35	74	56	63	70	59	75	62	78	74	84	81	100	80	121	86	139	88	140	115	125	150	113	191	93	175	94	188	105	118	192	168	325	196	256	294	368	480	430	672	604	848	814	782	599	578	707	726	881	839	1000	985	965	887	717	702	559	590	477	454	424	329	374	250	305	238	249	249	195	244	163	216	150	186	157	152	155	125	147	114	130
64	170	1	2	119	0	1953125	12	0.0	0	0.93	0	0	V0.2	0	0	41	88	22	90	30	85	54	76	69	69	78	72	83	83	90	90	104	91	125	91	146	88	150	109	137	142	125	188	100	174	87	190	93	128	178	176	314	185	251	267	365	455	426	651	605	848	808	796	608	617	731	738	880	815	1000	954	969	860	715	676	555	588	463	460	407	337	364	250	306	226	254	238	198	236	160	212	146	187	150	153	152	127	145	113	130
64	170	1	2	119	0	1953125	12	0.0	0	0.93	0	0	V0.2	0	0	87	52	68	70	51	89	38	89	45	87	56	87	70	92	74	107	85	108	106	114	134	92	156	82	163	91	170	148	144	149	112	189	81	150	132	225	282	208	252	235	402	411	459	616	619	836	795	809	571	653	679	729	837	750	983	923	1000	842	753	669	579	586	452	465	385	348	349	255	301	219	254	228	201	228	160	210	139	183	145	147	149	122	145	108	129
64	170	1	2	119	0	1953125	12	0.0	0	0.93	0	0	V0.2	0	0	87	52	68	70	51	89	38	89	45	87	56	87	70	92	74	107	85	108	106	114	134	92	156	82	163	91	170	148	144	149	112	189	81	150	132	225	282	208	252	235	402	411	459	616	619	836	795	809	571	653	679	729	837	750	983	923	1000	842	753	669	579	586	452	465	385	348	349	255	301	219	254	228	201	228	160	210	139	183	145	147	149	122	145	108	129
64	170	1	2	119	0	1953125	12	0.0	0	0.93	0	0	V0.2	0	0	54	149	52	157	69	158	98	146	130	124	158	94	182	55	194	29	191	60	179	106	152	137	125	159	88	179	72	207	61	200	51	227	41	193	117	225	276	200	272	120	450	264	526	462	683	689	810	711	519	666	482	835	627	879	828	1000	832	863	658	592	590	447	533	291	459	208	383	211	293	252	214	285	139	296	70	282	52	260	100	224	142	177	174	126	193
64	170	1	2	119	0	1953125	12	0.0	0	0.93	0	0	V0.2	0	0	138	61	151	58	161	71	163	96	153	127	134	155	103	181	66	195	28	198	45	192	93	168	125	145	156	115	189	103	200	72	211	52	220	15	254	177	307	256	214	374	226	531	300	695	489	830	709	764	578	550	688	566	854	659	1000	801	974	689	743	546	584	512	442	463	296	419	203	363	178	298	213	234	245	171	258	100	257	49	248	51	223	96	187	128	147
64	170	1	2	119	0	1953125	12	0.0	0	0.93	0	0	V0.2	0	0	72	59	52	74	34	84	31	81	44	77	56	76	67	84	71	94	82	99	104	100	134	84	151	80	154	104	155	157	127	158	99	198	84	152	152	218	308	214	275	248	392	423	445	639	609	836	787	795	578	629	679	709	864	795	1000	941	971	832	722	670	571	586	463	454	401	337	364	257	306	232	249	243	196	238	159	211	147	182	152	143	156	120	146	109	131
64	170	1	2	119	0	1953125	12	0.0	0	0.93	0	0	V0.2	0	0	48	73	76	47	92	28	97	39	92	59	84	76	83	86	88	102	88	119	86	148	78	156	91	157	127	130	181	111	198	68	200	106	186	117	155	272	207	307	190	297	402	394	508	548	684	759	843	765	574	689	615	810	817	825	1000	911	989	767	777	591	622	544	463	472	346	387	307	287	288	214	266	205	223	206	179	198	146	178	145	151	149	124	146	113	129
64	170	1	2	119	0	1953125	12	0.0	0	0.93	0	0	V0.2	0	0	66	68	45	81	26	88	26	84	42	79	58	78	67	84	72	95	85	99	105	102	135	86	156	78	162	92	169	142	147	149	119	196	90	164	125	249	272	237	263	250	444	418	510	602	641	803	808	796	563	700	656	810	831	807	1000	915	985	790	760	620	607	576	479	493	374	397	330	297	304	226	283	204	243	205	195	199	155	193	134	171	133	146	131	120	128
64	170	1	2	119	0	1953125	12	0.0	0	0.93	0	0	V0.2	0	0	19	90	27	83	52	71	75	60	84	59	88	70	89	83	96	88	110	89	127	99	139	111	134	141	112	164	106	200	105	176	128	177	154	100	225	172	325	223	262	350	364	524	443	683	602	827	840	764	638	618	725	769	823	828	948	1000	921	881	674	680	569	584	511	432	448	315	382	266	289	262	224	267	181	244	162	203	162	167	168	139	160	124	143	117	124
64	170	1	2	119	0	1953125	12	0.0	0	0.93	0	0	V0.2	0	0	36	69	59	50	76	36	83	36	83	52	78	65	78	77	83	82	96	92	103	111	104	132	94	154	83	158	112	173	139	132	169	112	182	46	224	203	286	280	208	379	331	508	453	626	625	757	860	702	654	612	699	801	757	866	885	1000	871	873	670	640	610	533	553	396	455	324	353	308	249	293	200	268	191	229	194	177	187	147	178	135	155	132	129	127	116
64	170	1	2	119	0	1953125	12	0.0	0	0.93	0	0	V0.2	0	0	87	57	71	78	51	92	38	95	42	94	55	93	68	99	77	111	86	118	103	123	133	107	158	90	176	79	189	123	179	129	152	190	113	170	108	277	255	281	277	283	469	412	549	600	691	822	848	827	588	771	660	850	793	791	980	914	1000	794	791	612	666	583	514	502	372	419	317	329	291	246	282	206	256	192	215	189	172	189	141	173	132	154	132	130	133
64	170	1	2	119	0	1953125	12	0.0	0	0.93	0	0	V0.2	0	0	20	82	46	68	67	51	81	42	86	51	82	62	80	74	89	82	104	89	119	106	121	124	111	152	89	166	99	196	120	161	160	152	182	73	243	193	339	276	265	405	356	535	439	674	628	829	879	776	680	646	739	759	776	829	899	1000	898	922	712	719	641	604	564	427	478	329	389	301	286	298	221	285	192	251	186	198	182	160	183	138	166	131	142	128	121
64	170	1	2	119	0	1953125	12	0.0	0	0.93	0	0	V0.2	0	0	22	85	49	71	71	54	87	45	89	53	89	70	87	81	93	88	107	92	118	111	122	131	109	158	87	169	101	193	126	154	162	144	181	62	237	187	325	274	246	404	350	534	430	653	610	799	851	731	628	586	673	729	743	831	882	1000	879	919	705	708	630	582	553	408	466	312	369	291	263	286	203	271	181	236	182	185	180	151	174	130	160	128	137	126	118
64	170	1	2	119	0	1953125	12	0.0	0	0.93	0	0	V0.2	0	0	36	68	61	50	74	35	85	35	81	50	79	65	76	75	84	82	96	91	106	111	106	133	95	156	82	163	109	177	138	134	174	120	189	52	228	196	301	289	224	405	347	529	451	644	632	783	861	723	650	615	692	792	769	860	881	1000	856	889	683	672	629	559	573	416	476	330	369	312	261	298	205	277	194	235	194	186	190	152	180	138	160	132	133	128	117
64	170	1	2	119	0	1953125	12	0.0	0	0.93	0	0	V0.2	0	0	87	63	68	81	48	94	36	97	45	93	59	93	73	99	79	111	89	115	109	120	138	103	163	85	175	82	186	136	168	139	137	196	99	172	113	261	265	260	278	264	461	414	526	596	659	831	831	848	563	751	636	829	821	801	1000	907	985	787	772	608	639	592	504	514	372	410	320	310	297	231	282	198	250	197	204	192	160	192	135	170	130	154	131	125	131
64	170	1	2	119	0	1953125	12	0.0	0	0.93	0	0	V0.2	0	0	23	81	48	65	67	50	83	41	84	50	83	63	82	76	88	82	104	88	115	103	119	125	108	152	87	164	99	194	121	155	154	141	173	64	232	183	319	271	259	389	342	521	433	663	624	819	881	774	680	639	727	773	792	857	911	1000	884	892	671	683	617	583	557	419	467	322	381	299	279	293	211	279	187	243	182	194	181	157	178	136	162	129	138	127	121
64	170	1	2	119	0	1953125	12	0.0	0	0.93	0	0	V0.2	0	0	13	90	35	84	59	70	80	56	86	58	88	69	92	82	98	90	114	94	129	105	138	119	132	148	104	170	102	208	110	178	136	166	157	84	236	183	345	262	302	387	371	537	449	706	638	868	887	803	668	650	741	790	847	862	955	1000	930	916	698	715	608	619	541	442	464	323	395	283	300	278	228	278	189	255	173	212	174	173	176	142	170	129	147	125	129
64	170	1	2	119	0	1953125	12	0.0	0	0.93	0	0	V0.2	0	0	19	75	64	39	88	28	81	64	56	85	49	85	64	83	80	86	97	86	122	85	131	115	106	154	71	166	131	141	175	79	184	119	142	151	101	246	292	228	342	273	436	497	404	677	563	820	807	731	620	647	639	818	771	820	958	868	999	743	768	625	583	628	434	485	408	321	375	269	279	284	205	254	216	195	218	156	186	167	142	163	131	140	136	114	123
64	170	1	2	119	0	1953125	12	0.0	0	0.93	0	0	V0.2	0	0	85	69	68	88	47	98	37	99	47	95	63	97	75	102	82	112	93	119	115	121	145	104	171	88	180	88	188	143	169	152	139	208	102	178	123	271	287	285	328	296	498	451	558	652	707	859	879	859	586	773	650	826	819	789	994	884	1000	802	809	650	661	624	514	525	386	419	338	314	312	234	290	204	253	206	204	201	158	197	135	177	134	152	138	126	134
64	170	1	2	119	0	1953125	12	0.0	0	0.93	0	0	V0.2	0	0	93	38	80	61	66	79	50	91	41	90	47	94	61	96	70	110	76	123	90	134	113	129	142	112	172	83	201	99	199	100	188	163	157	167	124	306	227	334	250	332	479	448	586	603	765	806	937	805	639	755	636	889	788	876	978	968	1000	833	814	612	704	561	579	492	417	430	314	361	269	286	269	228	262	195	233	176	195	176	161	175	137	162	125	142	125
64	170	1	2	119	0	1953125	12	0.0	0	0.93	0	0	V0.2	0	0	21	95	24	90	50	80	73	66	84	63	88	72	92	85	97	93	115	94	133	100	145	108	143	140	117	163	107	205	96	184	112	182	137	110	228	175	341	222	297	338	378	532	442	709	640	886	886	826	686	679	769	774	869	850	981	1000	953	911	694	697	588	619	530	462	461	326	397	266	312	260	239	270	188	254	164	219	164	178	171	146	167	126	151	121	133
64	170	1	2	119	0	1953125	12	0.0	0	0.93	0	0	V0.2	0	0	21	91	16	85	41	78	64	63	78	61	81	67	85	76	88	87	107	89	128	94	145	96	144	127	123	156	112	205	94	185	100	192	123	118	226	191	357	233	322	336	398	530	460	729	663	913	900	855	691	702	768	763	875	848	1000	998	979	912	709	712	600	641	532	480	458	340	407	275	330	260	256	273	201	264	169	226	161	191	168	154	167	126	153	121	136
64	170	1	2	119	0	1953125	12	0.0	0	0.93	0	0	V0.2	0	0	46	87	24	90	27	88	49	79	65	71	78	74	82	83	87	94	103	94	125	93	148	84	156	105	145	138	134	189	106	179	88	198	95	141	193	206	345	229	321	295	416	479	456	679	644	893	847	831	603	659	682	712	856	820	1000	953	995	888	739	701	592	631	491	484	413	350	379	258	323	228	268	241	210	243	165	220	146	195	151	160	155	136	148	114	136
64	170	1	2	119	0	1953125	12	0.0	0	0.93	0	0	V0.2	0	0	75	65	58	80	37	90	29	91	40	86	54	87	66	90	71	101	82	111	106	111	135	95	160	80	172	85	183	135	163	139	134	190	98	172	125	271	282	280	302	277	464	411	513	595	685	835	852	818	572	724	611	783	819	841	1000	908	999	817	786	626	637	580	492	487	360	398	318	304	299	229	283	198	250	199	204	195	160	195	137	173	133	151	133	126	132
64	170	1	2	119	0	1953125	12	0.0	0	0.93	0	0	V0.2	0	0	94	50	81	75	62	91	46	97	45	100	56	99	69	104	76	115	86	127	101	132	133	116	159	97	181	79	199	115	184	114	159	175	124	167	111	284	250	294	278	287	462	400	532	574	705	819	887	822	606	763	619	839	800	896	1000	921	985	813	788	601	652	549	509	473	364	403	300	320	276	241	272	197	252	187	215	181	170	181	138	174	127	154	126	130	128
64	170	1	2	119	0	1953125	12	0.0	0	0.93	0	0	V0.2	0	0	29	83	61	62	81	38	93	31	93	46	86	66	84	78	90	93	97	107	101	138	87	157	80	176	101	161	158	144	185	83	211	76	208	85	208	271	244	351	215	386	405	477	532	592	746	805	964	802	670	764	619	876	755	944	1000	967	993	832	813	609	699	556	556	494	388	434	307	352	285	264	286	213	262	201	221	195	175	193	152	171	146	145	146	120	135
64	170	1	2	119	0	1953125	12	0.0	0	0.93	0	0	V0.2	0	0	55	68	78	46	93	28	96	42	90	61	83	78	83	88	89	102	87	122	86	149	78	156	97	155	132	126	184	103	195	64	194	110	173	135	153	269	219	306	244	306	426	408	518	566	687	794	852	799	564	732	558	770	748	836	1000	879	954	752	733	598	601	565	464	476	348	372	320	277	291	210	262	207	213	210	172	199	143	175	146	144	148	119	144	107	126
64	170	1	2	119	0	1953125	12	0.0	0	0.93	0	0	V0.2	0	0	60	53	80	31	89	26	88	44	83	63	75	76	74	86	80	94	90	109	94	132	91	147	88	161	105	153	151	146	175	91	198	86	198	83	219	251	258	336	219	390	348	482	482	605	703	769	923	723	665	657	624	810	714	965	927	1000	867	854	697	617	638	505	559	390	425	349	319	329	232	294	212	250	216	207	213	164	195	148	170	143	145	142	122	131	114
64	170	1	2	119	0	1953125	12	0.0	0	0.93	0	0	V0.2	0	0	33	79	60	61	79	44	91	40	91	57	87	72	85	84	91	90	103	99	114	120	113	136	97	161	88	168	119	177	139	131	178	112	189	51	243	207	307	314	256	401	326	513	429	643	656	809	912	740	664	623	657	772	726	953	922	1000	859	905	690	681	622	551	560	393	453	316	359	305	251	292	200	269	191	232	193	180	189	150	180	133	160	135	135	130	121
64	170	1	2	119	0	1953125	12	0.0	0	0.93	0	0	V0.2	0	0	37	75	62	57	79	40	88	41	88	56	84	70	83	81	89	87	101	97	113	117	110	139	99	161	88	170	116	175	142	132	181	112	195	56	239	204	303	313	245	399	331	513	437	643	671	817	918	763	717	647	679	784	754	965	922	1000	863	899	696	680	638	554	567	400	464	329	362	313	257	301	205	275	197	232	196	183	193	150	179	139	157	136	133	130	117
64	170	1	2	119	0	1953125	12	0.0	0	0.93	0	0	V0.2	0	0	61	152	84	150	115	138	146	115	176	83	198	51	210	39	207	78	191	121	166	166	126	189	91	205	61	211	64	233	66	212	80	227	94	185	196	211	365	190	394	201	518	349	560	564	716	830	857	855	553	812	497	928	673	971	889	1000	890	877	736	611	681	483	607	325	506	253	417	257	308	287	221	314	138	320	73	300	64	275	110	234	157	185	184	133	201
64	170	1	2	119	0	1953125	12	0.0	0	0.93	0	0	V0.2	0	0	82	58	63	76	44	88	31	90	38	88	51	88	64	93	71	104	82	115	101	117	129	103	156	84	171	78	188	118	169	124	144	178	106	164	110	270	257	281	292	287	454	396	517	568	684	814	858	831	600	747	621	845	804	885	1000	929	987	810	779	607	638	558	504	486	367	407	309	321	286	241	279	203	257	193	216	189	174	187	143	179	131	156	128	130	128
64	170	1	2	119	0	1953125	12	0.0	0	0.93	0	0	V0.2	0	0	62	83	41	92	29	95	42	89	61	84	74	84	83	91	87	99	100	104	124	102	149	87	164	95	159	121	154	171	124	174	100	198	85	156	165	217	319	230	325	290	435	450	468	643	638	859	817	842	588	718	656	773	843	835	1000	919	954	823	719	650	571	601	466	484	378	360	352	260	314	213	275	216	222	222	174	210	144	193	138	166	144	137	141	116	132
64	170	1	2	119	0	1953125	12	0.0	0	0.93	0	0	V0.2	0	0	39	85	18	87	26	82	47	74	65	67	73	69	79	79	83	87	100	90	121	87	142	81	152	103	136	131	125	179	94	171	89	191	100	138	184	192	327	220	327	318	423	486	439	656	606	841	795	827	580	686	618	696	805	830	1000	941	932	839	695	678	567	619	479	479	402	345	371	255	320	225	264	234	209	237	167	217	146	192	145	155	148	129	142	112	129
64	170	1	2	119	0	1953125	12	0.0	0	0.93	0	0	V0.2	0	0	55	80	33	86	26	88	42	81	59	76	69	75	76	85	83	95	97	96	119	93	143	84	156	93	147	118	140	168	112	168	92	196	91	149	164	203	306	221	323	292	418	456	442	626	602	799	760	808	543	659	572	681	806	818	1000	905	919	776	681	634	556	600	457	471	369	344	343	252	301	208	261	212	210	219	168	205	137	186	134	160	141	131	138	112	127
64	170	1	2	119	0	1953125	12	0.0	0	0.93	0	0	V0.2	0	0	57	76	33	85	23	85	36	79	54	73	65	75	72	82	79	93	93	95	113	92	138	81	153	87	148	111	143	164	119	164	97	198	85	151	161	212	306	226	323	284	406	440	442	618	600	791	764	811	545	661	579	683	805	800	1000	896	922	762	682	626	561	596	453	468	363	347	335	255	300	208	261	205	215	212	170	200	139	187	133	155	135	132	134	110	125
64	170	1	2	119	0	1953125	12	0.0	0	0.93	0	0	V0.2	0	0	58	81	37	90	30	92	43	86	62	79	73	81	81	90	87	99	100	99	120	98	147	87	160	95	152	121	145	172	122	169	96	200	88	148	175	210	313	221	322	295	398	442	431	622	598	802	770	816	558	652	608	702	836	810	1000	887	912	765	674	630	550	587	436	454	358	335	330	242	293	203	255	205	204	212	163	199	133	184	136	155	139	127	134	108	125
64	170	1	2	119	0	1953125	12	0.0	0	0.93	0	0	V0.2	0	0	57	75	35	85	23	86	33	81	51	74	63	75	71	82	76	92	93	97	114	94	139	81	156	82	153	107	152	157	127	157	95	192	73	149	153	213	297	228	325	291	417	424	447	603	606	799	777	818	558	666	609	721	848	812	1000	875	928	756	693	618	568	584	445	466	354	355	330	263	299	211	267	202	222	209	176	201	142	190	129	160	132	135	134	112	126
64	170	1	2	119	0	1953125	12	0.0	0	0.93	0	0	V0.2	0	0	55	86	34	95	30	94	49	87	67	78	77	81	86	90	91	100	105	100	128	98	152	91	165	101	152	130	146	183	122	178	96	201	92	144	189	201	328	225	335	320	416	469	447	652	615	842	807	852	613	688	661	716	861	808	1000	910	949	820	706	672	575	617	459	472	384	343	355	252	310	218	263	223	209	226	164	212	139	189	142	158	147	130	140	111	130
64	170	1	2	119	0	1953125	12	0.0	0	0.93	0	0	V0.2	0	0	48	81	27	89	25	86	43	77	59	71	69	73	76	80	82	90	97	93	119	92	143	84	156	95	145	123	139	177	116	173	94	199	89	143	182	206	322	223	331	310	411	463	447	638	604	819	784	828	572	652	608	668	814	782	1000	927	966	830	726	673	576	612	459	469	379	343	351	252	307	215	264	222	211	224	167	211	142	190	138	161	144	132	139	113	128
64	170	1	2	119	0	1953125	12	0.0	0	0.93	0	0	V0.2	0	0	47	85	25	90	24	88	47	78	64	71	74	73	82	82	86	92	101	92	124	91	146	83	156	101	142	127	130	182	107	178	93	203	96	140	185	196	332	225	336	313	405	468	427	641	595	822	790	833	564	644	599	663	816	788	1000	930	950	833	712	673	565	620	462	470	383	333	352	244	305	212	256	223	203	227	161	212	138	189	138	155	147	129	141	111	128
64	170	1	2	119	0	1953125	12	0.0	0	0.93	0	0	V0.2	0	0	32	86	16	86	32	79	54	69	67	63	76	67	79	76	86	86	102	86	122	88	143	88	149	111	132	138	116	187	100	180	98	196	115	132	202	183	331	229	333	332	392	490	416	656	602	825	798	823	585	646	616	675	826	824	1000	943	931	846	693	678	554	619	479	464	403	325	367	245	307	226	251	238	197	235	160	211	146	183	151	150	153	126	141	111	126
64	170	1	2	119	0	1953125	12	0.0	0	0.93	0	0	V0.2	0	0	70	78	49	90	31	95	37	92	54	85	68	86	77	92	85	104	98	106	120	107	147	91	166	89	164	107	161	164	139	172	110	210	88	172	156	231	304	245	344	293	438	440	465	623	638	817	808	853	566	713	577	704	817	793	1000	876	926	768	715	628	575	599	463	482	356	359	328	260	300	203	268	196	222	206	176	197	138	187	132	163	132	134	134	112	126
64	170	1	2	119	0	1953125	12	0.0	0	0.93	0	0	V0.2	0	0	87	50	72	71	52	86	38	92	37	91	49	90	61	96	71	107	78	117	97	125	123	113	154	96	178	78	195	112	187	122	162	184	125	181	115	292	248	324	316	325	469	416	530	576	720	781	887	838	605	752	554	798	797	874	1000	909	937	765	769	593	657	566	531	484	369	406	298	330	273	254	271	202	254	184	220	176	178	183	144	171	128	155	123	132	124
64	170	1	2	119	0	1953125	12	0.0	0	0.93	0	0	V0.2	0	0	38	95	24	97	39	89	62	78	81	72	89	78	92	87	98	97	115	98	135	100	154	102	159	127	139	156	127	204	105	192	108	201	134	132	216	188	348	246	355	354	412	517	436	696	640	868	858	868	648	701	686	735	868	851	1000	946	918	856	693	699	576	632	504	475	427	330	386	255	318	241	256	251	196	246	164	217	149	186	159	156	157	127	148	118	131
64	170	1	2	119	0	1953125	12	0.0	0	0.93	0	0	V0.2	0	0	53	83	31	91	22	90	42	82	59	75	71	77	78	87	84	94	101	99	123	96	148	85	165	97	159	123	148	178	120	181	103	216	101	168	185	227	331	243	357	317	459	473	469	665	645	864	849	880	606	735	659	762	861	811	1000	906	943	820	735	674	589	629	487	503	397	368	368	267	325	223	278	224	222	229	178	219	145	196	141	165	147	138	143	117	133
64	170	1	2	119	0	1953125	12	0.0	0	0.93	0	0	V0.2	0	0	41	93	20	94	33	89	58	80	74	72	83	76	89	86	93	94	110	96	135	95	153	94	163	120	145	147	125	196	101	191	100	205	122	146	212	194	340	226	348	346	438	515	448	694	632	879	870	884	643	713	690	751	880	860	1000	937	922	861	712	700	579	639	506	497	432	344	388	257	327	238	266	249	205	246	167	223	150	194	156	159	158	132	152	119	134
64	170	1	2	119	0	1953125	12	0.0	0	0.93	0	0	V0.2	0	0	46	85	25	90	27	87	47	78	63	70	73	75	79	83	86	93	102	95	124	93	147	89	161	107	154	134	142	184	115	187	102	206	110	158	193	207	320	211	328	319	450	492	467	667	624	850	837	872	656	747	708	781	887	845	1000	911	925	810	688	654	564	608	479	488	406	352	370	260	324	228	274	235	215	233	171	217	148	196	149	163	149	134	145	115	131
64	170	1	2	119	0	1953125	12	0.0	0	0.93	0	0	V0.2	0	0	65	82	43	92	29	95	42	91	57	84	74	85	82	92	88	102	102	105	123	104	150	89	169	98	165	116	160	172	133	180	110	206	98	170	169	230	302	209	301	279	443	450	470	626	620	834	820	853	623	736	667	771	865	830	1000	895	933	782	687	613	551	576	453	481	375	359	340	258	309	210	270	211	220	216	171	207	142	191	132	161	140	136	138	114	129
64	170	1	2	119	0	1953125	12	0.0	0	0.93	0	0	V0.2	0	0	36	83	18	84	28	79	48	70	64	64	73	68	77	77	83	86	99	88	120	86	142	86	151	107	140	136	128	182	103	179	98	194	111	145	195	202	323	205	292	300	406	470	428	629	588	830	818	834	644	692	684	753	880	859	1000	922	917	810	653	628	528	575	461	461	397	333	363	250	313	223	259	234	204	232	163	211	143	185	148	157	148	128	142	112	127
64	170	1	2	119	0	1953125	12	0.0	0	0.93	0	0	V0.2	0	0	86	23	93	27	92	48	82	70	72	82	66	91	71	96	81	105	87	120	90	141	93	151	105	153	130	135	174	125	196	86	203	96	197	102	192	274	228	319	173	346	356	439	489	555	690	717	927	736	694	651	631	834	769	955	904	1000	869	847	659	574	599	471	535	376	417	328	310	310	225	282	200	243	199	203	198	158	185	139	167	137	145	137	118	131	110
64	170	1	2	119	0	1953125	12	0.0	0	0.93	0	0	V0.2	0	0	43	85	24	89	27	84	50	76	65	70	75	73	81	82	86	91	102	94	124	92	146	87	157	107	146	135	136	188	112	185	100	202	107	153	198	220	341	226	312	300	414	477	455	671	635	877	857	865	644	704	682	749	870	849	1000	934	947	842	698	662	550	591	462	469	392	341	365	252	317	224	265	230	209	234	168	216	148	192	148	156	149	132	143	114	131
64	170	1	2	119	0	1953125	12	0.0	0	0.93	0	0	V0.2	0	0	26	91	17	87	41	80	65	69	78	63	84	71	89	79	94	89	110	90	131	94	148	100	147	128	125	155	112	198	96	181	104	183	126	120	220	195	352	228	298	343	385	513	425	676	606	866	869	840	668	668	674	689	821	884	1000	986	943	908	693	697	552	592	480	445	420	312	375	246	306	242	239	252	186	245	160	216	152	182	161	148	161	127	149	116	129
64	170	1	2	119	0	1953125	12	0.0	0	0.93	0	0	V0.2	0	0	31	87	16	88	32	79	55	70	70	61	76	68	81	77	87	86	103	87	125	88	144	89	150	113	133	145	119	192	95	178	94	185	102	128	194	193	340	218	302	312	387	487	431	674	601	867	842	834	617	649	641	698	814	881	1000	955	941	880	704	682	545	597	471	464	405	324	370	245	310	228	253	241	200	240	164	215	148	187	154	153	155	128	145	113	129
64	170	1	2	119	0	1953125	12	0.0	0	0.93	0	0	V0.2	0	0	25	85	51	71	74	54	87	47	92	56	93	73	91	85	96	91	109	98	124	116	126	134	115	161	97	175	114	191	135	158	166	132	186	72	244	200	319	282	238	380	329	515	427	655	644	816	914	785	723	651	690	767	769	945	930	1000	862	888	656	655	575	529	522	384	442	301	357	284	255	279	201	266	179	232	180	184	179	150	175	131	158	127	135	126	119
64	170	1	2	119	0	1953125	12	0.0	0	0.93	0	0	V0.2	0	0	53	77	31	85	21	85	35	79	53	72	64	73	72	83	77	90	93	96	115	93	141	83	158	89	156	115	152	169	127	168	102	197	84	158	155	223	309	222	296	272	417	436	458	629	610	846	828	862	630	733	659	774	819	839	1000	900	947	797	704	627	549	571	446	473	369	356	344	264	308	215	273	211	223	216	176	206	144	190	138	164	137	136	139	116	127
64	170	1	2	119	0	1953125	12	0.0	0	0.93	0	0	V0.2	0	0	145	53	157	48	165	67	168	99	152	135	132	168	97	191	55	208	19	207	56	199	110	174	146	148	173	115	205	101	220	68	229	52	229	39	261	217	306	304	210	423	250	554	322	690	517	847	793	825	689	675	737	651	848	719	1000	803	952	706	717	555	552	515	414	466	282	415	208	355	196	286	228	219	255	154	266	87	261	50	246	71	217	115	174	141	132
64	170	1	2	119	0	1953125	12	0.0	0	0.93	0	0	V0.2	0	0	40	86	21	88	29	85	49	74	67	70	75	73	82	82	86	90	103	94	124	92	148	88	154	109	145	138	132	188	108	179	98	198	100	142	187	204	341	228	315	323	413	482	446	663	600	866	851	870	662	723	692	762	833	849	1000	941	943	850	703	671	542	583	455	464	395	337	367	253	313	223	263	232	207	236	168	215	145	190	150	156	150	133	146	116	132
64	170	1	2	119	0	1953125	12	0.0	0	0.93	0	0	V0.2	0	0	47	83	25	88	25	86	46	78	63	72	74	75	81	82	85	92	101	92	121	91	144	83	154	102	144	130	133	179	103	171	90	191	88	143	170	192	322	214	300	298	408	469	434	646	584	841	818	829	617	696	637	698	771	831	1000	902	905	815	686	653	526	573	443	460	381	333	352	243	303	212	256	223	202	226	163	208	139	188	142	150	146	129	142	112	131
64	170	1	2	119	0	1953125	12	0.0	0	0.93	0	0	V0.2	0	0	85	49	69	70	52	82	38	90	38	87	51	89	62	93	72	104	77	115	96	122	121	110	151	93	171	81	193	113	183	121	159	173	122	173	118	278	244	283	255	267	438	402	527	585	684	793	876	835	621	754	582	819	759	892	1000	927	947	768	736	567	603	523	492	464	357	392	294	317	271	244	267	198	246	184	213	176	171	178	142	167	129	153	124	127	123
64	170	1	2	119	0	1953125	12	0.0	0	0.93	0	0	V0.2	0	0	53	145	45	158	52	161	75	157	105	143	137	117	165	81	185	36	197	13	197	59	184	100	163	131	140	157	127	196	110	190	91	220	59	209	81	297	223	284	256	229	459	302	572	436	731	619	920	672	669	649	572	840	614	937	762	1000	718	853	520	620	474	515	453	381	414	249	387	164	339	146	296	180	242	210	183	232	119	241	63	235	27	223	59	196	93
64	170	1	2	119	0	1953125	12	0.0	0	0.93	0	0	V0.2	0	0	29	85	17	84	34	77	54	65	68	61	75	66	77	74	85	85	102	85	121	86	141	90	147	114	132	143	119	188	98	178	97	188	115	128	191	183	318	203	296	314	391	490	420	650	590	825	819	832	629	695	665	725	837	861	1000	950	904	811	646	633	520	572	460	453	397	319	363	246	308	224	251	236	199	234	163	211	147	182	152	152	152	127	143	112	127
64	170	1	2	119	0	1953125	12	0.0	0	0.93	0	0	V0.2	0	0	63	75	43	88	30	90	40	88	56	82	71	82	76	90	85	97	96	103	120	98	142	89	161	93	159	114	152	166	128	170	102	201	87	157	149	219	282	204	294	268	413	433	449	612	606	788	787	811	571	714	620	700	808	809	1000	889	913	755	679	589	535	553	432	454	345	341	318	249	292	201	257	197	215	207	171	195	137	181	129	157	136	130	132	112	126
64	170	1	2	119	0	1953125	12	0.0	0	0.93	0	0	V0.2	0	0	43	85	21	88	26	83	48	75	63	68	75	72	80	81	84	88	100	90	121	91	144	87	157	108	144	133	132	184	108	184	99	207	106	142	178	195	315	212	319	306	401	476	444	665	628	831	821	848	614	726	683	710	837	816	1000	914	916	800	691	655	553	598	464	467	390	337	362	255	313	223	263	229	209	233	168	213	145	191	147	155	148	130	143	112	129
64	170	1	2	119	0	1953125	12	0.0	0	0.93	0	0	V0.2	0	0	44	88	25	93	30	89	51	80	69	73	79	77	85	86	91	95	108	95	127	94	150	92	161	112	147	138	133	190	112	189	102	206	109	138	185	193	327	215	321	312	393	482	439	673	638	852	834	863	627	734	711	733	853	818	1000	923	931	818	701	672	558	604	469	469	399	333	366	255	314	225	262	235	208	236	166	218	146	190	147	158	154	132	145	114	132
64	170	1	2	119	0	1953125	12	0.0	0	0.93	0	0	V0.2	0	0	60	81	39	88	24	90	36	87	54	80	67	78	75	84	84	95	96	99	118	98	144	87	166	90	164	112	159	166	135	175	108	210	85	159	139	221	295	226	322	285	424	436	475	636	662	834	831	876	611	776	693	795	857	811	1000	887	943	773	727	639	579	593	469	489	374	371	345	280	315	218	282	212	234	218	187	209	149	199	139	169	140	144	140	120	133
64	170	1	2	119	0	1953125	12	0.0	0	0.93	0	0	V0.2	0	0	27	97	25	96	50	86	76	71	88	68	94	76	97	90	102	96	119	97	139	104	156	114	155	144	132	174	119	216	110	195	126	199	146	111	224	181	356	242	321	375	371	534	445	716	662	888	927	914	744	775	842	828	913	875	1000	976	929	890	709	741	600	638	532	468	468	338	411	281	324	269	252	276	198	262	173	223	167	188	177	154	172	132	158	125	138
64	170	1	2	119	0	1953125	12	0.0	0	0.93	0	0	V0.2	0	0	21	88	51	74	72	55	89	45	91	54	89	68	89	81	94	88	114	93	126	110	134	134	126	166	100	183	107	206	130	170	165	159	189	66	246	180	346	287	285	427	356	562	459	718	702	873	989	889	802	767	871	870	908	931	966	1000	882	914	717	767	660	637	602	460	523	351	429	328	315	316	236	301	203	269	200	217	198	179	199	152	179	139	155	137	131
64	170	1	2	119	0	1953125	12	0.0	0	0.93	0	0	V0.2	0	0	20	94	46	84	74	65	90	55	97	59	96	77	95	86	104	99	118	99	134	115	138	134	132	165	104	185	110	206	127	174	164	157	185	73	242	174	337	266	265	414	349	552	446	702	676	841	955	865	775	742	831	849	903	932	981	1000	875	892	695	741	637	620	585	448	507	341	416	313	302	304	231	292	195	262	191	209	189	171	190	143	175	138	150	131	131
64	170	1	2	119	0	1953125	12	0.0	0	0.93	0	0	V0.2	0	0	18	84	44	70	67	55	84	45	85	51	85	67	86	78	92	86	108	91	122	105	127	127	119	155	97	171	105	198	126	166	159	154	176	65	231	170	323	253	257	391	329	524	426	667	644	804	904	819	724	716	813	866	916	937	975	1000	877	870	658	696	608	594	566	439	490	330	401	302	300	299	229	285	192	255	189	209	186	171	185	143	172	134	149	130	128
64	170	1	2	119	0	1953125	12	0.0	0	0.93	0	0	V0.2	0	0	31	79	56	64	78	49	91	45	91	55	86	73	87	82	92	89	107	98	117	117	118	140	108	166	93	173	114	187	145	147	177	128	195	52	234	186	304	268	227	396	323	513	422	622	643	759	910	794	725	714	779	842	837	932	934	1000	853	873	659	668	619	559	572	412	475	324	375	313	270	301	209	277	193	239	195	190	192	156	183	139	165	136	140	133	123
64	170	1	2	119	0	1953125	12	0.0	0	0.93	0	0	V0.2	0	0	36	75	63	59	78	41	88	36	88	52	84	68	81	79	90	88	102	96	111	116	111	138	101	165	91	172	114	185	148	143	183	127	206	53	238	185	308	283	240	412	334	527	429	639	654	765	914	792	712	701	735	816	828	966	946	1000	840	869	689	700	645	577	587	422	486	334	384	324	274	312	212	283	198	244	200	191	197	156	187	141	168	136	141	132	123
64	170	1	2	119	0	1953125	12	0.0	0	0.93	0	0	V0.2	0	0	20	87	46	75	69	59	86	51	90	57	91	71	89	83	97	90	112	96	123	109	128	128	120	158	102	174	110	198	129	167	163	155	189	74	235	171	311	245	254	375	328	516	414	644	619	764	863	773	678	672	739	812	871	961	971	1000	853	849	638	664	587	573	547	416	463	312	378	290	280	287	213	273	185	243	182	196	180	158	175	133	163	127	139	126	122
64	170	1	2	119	0	1953125	12	0.0	0	0.93	0	0	V0.2	0	0	37	68	60	53	73	37	83	37	82	52	78	67	77	75	83	83	96	93	106	111	105	133	97	160	94	164	118	175	145	138	177	122	197	60	222	189	281	261	219	375	319	492	416	599	627	726	867	740	691	681	731	816	825	960	938	1000	843	841	634	624	589	525	551	399	459	320	360	309	264	296	207	270	194	231	194	183	190	151	179	133	158	132	135	129	116
64	170	1	2	119	0	1953125	12	0.0	0	0.93	0	0	V0.2	0	0	153	53	160	66	162	94	154	129	134	161	105	187	68	203	35	210	53	198	99	180	144	146	175	115	198	78	222	71	230	45	240	69	241	89	238	246	258	313	166	416	226	538	352	646	563	761	829	743	693	607	782	666	898	787	1000	842	907	725	668	590	514	573	401	510	283	423	245	341	256	255	281	175	291	111	288	69	263	88	230	128	189	164	137	183	89
64	170	1	2	119	0	1953125	12	0.0	0	0.93	0	0	V0.2	0	0	24	77	51	64	68	46	82	41	84	51	82	64	82	76	86	82	103	89	114	107	119	127	108	156	92	168	110	192	131	156	165	148	194	78	244	192	318	261	253	369	323	516	416	648	629	797	908	787	678	667	714	829	820	951	923	1000	850	881	660	663	589	555	551	416	467	316	378	298	275	292	212	277	189	242	188	193	185	158	183	136	161	131	138	128	119
64	170	1	2	119	0	1953125	12	0.0	0	0.93	0	0	V0.2	0	0	10	89	35	80	60	66	80	53	89	54	88	68	88	79	94	86	110	89	127	103	136	118	127	153	107	173	103	201	110	172	141	171	172	104	241	173	336	235	275	367	359	537	412	683	614	851	916	840	691	683	735	830	873	993	990	999	869	893	678	706	595	604	549	449	478	323	405	288	305	285	229	283	191	258	180	213	181	175	181	146	171	133	150	128	131
64	170	1	2	119	0	1953125	12	0.0	0	0.93	0	0	V0.2	0	0	43	64	65	45	80	32	86	36	81	52	75	69	75	77	82	83	94	94	100	116	98	136	89	157	91	159	124	165	152	122	181	105	202	57	234	207	276	273	189	365	320	489	422	586	613	723	896	741	691	660	672	831	772	986	923	1000	838	847	661	617	614	513	560	396	457	331	349	319	249	299	205	265	200	222	201	171	192	146	177	139	154	137	129	131	115
64	170	1	2	119	0	1953125	12	0.0	0	0.93	0	0	V0.2	0	0	24	81	50	68	73	52	85	45	88	55	86	69	85	81	91	87	104	93	116	110	119	131	110	157	92	169	112	189	135	153	164	135	183	67	236	187	305	251	228	355	311	487	399	610	586	752	873	743	674	638	704	832	827	971	935	999	846	866	644	638	577	531	534	396	452	304	362	287	260	282	203	267	180	232	183	184	180	149	174	130	157	128	136	125	117
64	170	1	2	119	0	1953125	12	0.0	0	0.93	0	0	V0.2	0	0	26	75	51	62	69	44	82	39	84	50	82	65	80	75	85	83	101	90	115	108	119	127	107	156	92	169	111	190	132	153	164	140	182	72	240	195	324	266	243	377	332	511	414	639	599	787	904	780	711	663	744	870	878	1000	958	999	857	889	672	675	600	561	555	421	476	325	387	303	283	295	219	282	192	249	189	201	186	162	183	140	166	133	142	128	124
64	170	1	2	119	0	1953125	12	0.0	0	0.93	0	0	V0.2	0	0	79	58	63	75	45	87	33	88	41	86	55	87	65	90	72	101	80	107	101	110	128	93	152	79	168	79	179	124	162	132	136	178	104	160	104	247	233	231	237	231	407	355	449	511	563	724	769	767	540	693	580	802	805	876	1000	868	919	734	716	553	572	515	451	452	335	369	289	285	270	212	258	182	232	181	191	177	150	174	124	158	120	140	122	117	119
64	170	1	2	119	0	1953125	12	0.0	0	0.93	0	0	V0.2	0	0	23	73	46	59	66	45	77	39	79	47	76	62	77	72	82	78	94	83	109	99	111	118	101	145	86	158	103	177	125	143	153	126	165	62	223	177	297	239	210	339	297	470	379	588	547	723	825	708	650	598	667	780	803	954	955	1000	867	870	645	628	552	512	511	382	435	294	353	279	258	275	200	260	178	231	179	185	175	149	172	132	155	126	133	122	114
64	170	1	2	119	0	1953125	12	0.0	0	0.93	0	0	V0.2	0	0	80	51	66	69	47	81	33	86	37	84	47	85	60	88	66	99	77	107	93	111	121	95	144	78	162	72	179	114	166	118	143	163	110	153	102	260	233	257	238	239	400	353	459	503	567	712	781	757	524	674	530	787	762	872	1000	890	938	760	734	554	580	503	461	447	334	368	277	290	259	218	256	182	233	175	198	171	156	171	130	164	121	146	120	122	121
64	170	1	2	119	0	1953125	12	0.0	0	0.93	0	0	V0.2	0	0	30	70	56	54	70	35	80	34	80	47	76	62	73	72	79	78	93	86	102	105	102	126	91	151	83	161	106	170	129	131	164	126	183	49	228	171	279	253	211	382	321	496	397	581	557	724	830	712	632	606	645	768	710	922	930	1000	855	870	665	646	585	516	532	388	443	301	343	291	248	282	196	262	183	225	186	178	181	145	175	132	153	129	130	122	111
64	170	1	2	119	0	1953125	12	0.0	0	0.93	0	0	V0.2	0	0	40	85	20	87	32	83	54	70	68	65	76	70	82	80	85	88	101	87	120	87	140	85	145	107	132	136	119	183	104	176	93	188	91	122	180	173	319	184	267	283	357	472	419	616	533	799	790	817	586	602	646	679	817	792	999	953	890	804	665	651	525	575	455	454	394	315	355	235	297	217	244	230	190	229	154	206	139	179	146	146	147	122	140	108	124
64	170	1	2	119	0	1953125	12	0.0	0	0.93	0	0	V0.2	0	0	32	77	13	77	22	72	42	64	58	57	63	60	68	67	71	76	89	77	106	75	128	74	139	95	129	120	119	169	92	157	75	184	83	129	154	164	282	179	278	281	400	443	400	541	499	730	732	766	536	593	647	701	802	778	1000	905	879	747	635	614	513	555	438	449	379	328	344	242	295	208	247	217	198	217	154	200	134	178	135	145	138	121	133	104	119
64	170	1	2	119	0	1953125	12	0.0	0	0.93	0	0	V0.2	0	0	139	71	153	61	169	61	175	80	170	111	156	142	129	172	92	196	45	208	18	210	64	191	104	171	143	143	182	138	201	100	209	75	212	14	252	120	322	195	283	389	284	508	246	664	456	860	659	817	531	679	715	728	952	739	1000	765	979	682	754	493	600	488	495	459	340	413	223	376	160	326	183	270	217	211	243	137	251	76	253	33	238	62	208	101	172
64	170	1	2	119	0	1953125	12	0.0	0	0.93	0	0	V0.2	0	0	25	79	11	78	29	70	48	60	63	54	68	58	71	68	77	74	90	75	111	74	127	77	134	101	120	130	112	173	86	170	96	185	95	115	184	168	276	125	249	285	402	455	336	560	579	813	726	701	579	654	699	663	703	692	1000	932	821	680	591	632	536	547	429	440	406	322	354	235	296	221	236	226	185	228	151	197	137	172	143	139	142	116	136	104	117
64	170	1	2	119	0	1953125	12	0.0	0	0.93	0	0	V0.2	0	0	76	142	99	138	127	124	155	102	179	74	196	53	202	60	195	97	176	136	146	176	103	193	69	207	47	213	60	234	75	217	83	224	100	191	203	199	353	143	354	191	529	384	510	556	668	829	761	854	513	837	572	997	787	921	899	1000	945	846	731	516	662	474	641	344	508	277	418	299	295	314	197	330	119	328	76	300	91	268	137	219	176	167	205	113	215
64	170	1	2	119	0	1953125	12	0.0	0	0.93	0	0	V0.2	0	0	27	85	10	85	32	75	54	64	68	57	74	62	77	71	82	79	96	79	121	79	138	87	145	109	128	144	113	189	95	183	87	194	98	121	184	177	332	190	294	307	406	484	395	638	578	840	801	818	621	645	725	827	925	833	1000	930	940	814	651	660	563	605	488	479	434	338	387	265	328	242	253	249	199	246	163	219	151	187	155	148	157	126	148	114	131
64	170	1	2	119	0	1953125	12	0.0	0	0.93	0	0	V0.2	0	0	57	81	35	90	25	91	41	84	58	77	73	77	80	85	86	94	97	95	119	96	146	85	160	96	157	125	157	181	121	173	99	216	83	150	153	196	303	206	321	279	420	420	458	631	610	814	772	828	581	675	705	824	936	827	1000	861	939	798	711	667	585	609	469	511	407	382	375	281	333	224	279	221	220	225	175	211	142	192	141	166	143	135	141	116	133
64	170	1	2	119	0	1953125	12	0.0	0	0.93	0	0	V0.2	0	0	124	88	145	69	166	56	178	65	177	91	167	128	140	161	103	190	56	202	11	206	54	190	96	172	131	143	169	136	188	103	205	88	220	27	257	122	308	225	234	377	261	509	266	649	453	803	680	792	542	567	699	691	901	690	1000	701	879	582	681	495	565	492	433	452	287	410	200	362	178	292	210	226	245	157	260	83	257	39	242	62	216	112	173	144	130
64	170	1	2	119	0	1953125	12	0.0	0	0.93	0	0	V0.2	0	0	48	89	27	93	28	90	51	79	68	74	80	75	84	86	91	94	103	95	128	96	153	92	160	108	153	144	142	196	122	198	105	214	112	154	175	169	325	231	326	309	424	502	481	681	595	858	845	848	575	665	736	875	937	820	1000	888	876	742	639	636	555	607	477	485	416	349	378	264	327	227	262	232	204	234	161	212	139	188	145	158	148	131	143	113	131
64	170	1	2	119	0	1953125	12	0.0	0	0.93	0	0	V0.2	0	0	25	88	18	84	38	77	61	64	75	60	80	65	83	75	88	85	105	84	123	88	142	97	143	124	128	155	116	210	108	192	112	207	132	123	202	170	357	201	291	326	426	520	432	664	616	854	821	794	636	671	801	871	900	858	1000	897	868	788	635	637	544	599	493	460	438	333	394	265	321	245	248	250	190	242	163	213	151	180	158	147	158	126	148	115	128
64	170	1	2	119	0	1953125	12	0.0	0	0.93	0	0	V0.2	0	0	70	65	52	78	34	85	31	86	43	80	56	79	66	83	71	94	83	99	102	99	132	85	155	77	161	88	167	142	146	150	119	193	89	158	104	221	237	218	254	230	392	366	454	548	588	722	722	741	474	659	658	854	867	852	1000	844	887	676	659	554	557	540	436	460	341	367	311	277	291	207	264	182	225	186	184	184	143	178	127	163	125	137	125	114	122
64	170	1	2	119	0	1953125	12	0.0	0	0.93	0	0	V0.2	0	0	97	106	120	95	142	77	162	61	174	62	176	84	164	117	139	152	100	174	54	192	4	191	41	183	79	167	123	169	140	148	160	132	184	78	228	64	321	118	264	270	293	459	264	593	415	795	541	761	444	690	646	750	831	727	999	758	920	600	711	436	604	402	481	380	344	360	220	350	141	317	141	277	181	223	214	155	233	92	242	37	230	45	209	86	175
64	170	1	2	119	0	1953125	12	0.0	0	0.93	0	0	V0.2	0	0	104	102	126	87	148	69	168	56	175	66	174	93	159	129	131	162	90	183	40	197	10	195	56	177	87	163	135	162	151	152	181	128	199	61	243	75	340	153	258	309	266	472	297	632	407	777	605	826	524	690	638	683	818	691	1000	753	942	636	747	480	622	447	489	410	340	382	217	361	145	322	163	274	198	215	227	145	240	80	246	34	231	58	205	97	169
64	170	1	2	119	0	1953125	12	0.0	0	0.93	0	0	V0.2	0	0	102	120	90	141	73	160	55	172	55	176	80	164	113	142	146	105	175	62	192	18	197	35	191	77	171	111	163	152	152	153	132	193	110	188	64	297	142	283	183	273	444	304	517	382	686	571	863	580	619	577	616	810	645	906	783	1000	775	901	569	657	518	546	482	384	430	249	396	179	344	171	283	204	222	235	156	247	87	251	39	238	57	212	98	174	132
64	170	1	2	119	0	1953125	12	0.0	0	0.93	0	0	V0.2	0	0	40	61	61	44	74	31	80	35	78	51	73	64	73	74	79	79	90	90	96	109	96	129	88	149	85	151	118	167	150	122	168	96	181	46	213	183	259	248	186	370	326	463	402	548	607	700	793	656	604	584	628	759	714	861	907	1000	881	866	642	595	574	489	519	366	417	302	321	298	234	279	191	248	186	209	189	163	180	138	166	126	144	127	122	124	107
64	170	1	2	119	0	1953125	12	0.0	0	0.93	0	0	V0.2	0	0	53	69	30	78	18	79	34	71	51	64	62	63	66	71	71	82	88	84	107	81	129	75	140	89	129	121	123	171	96	159	82	184	90	119	164	170	293	186	278	316	368	427	348	590	499	769	710	746	536	588	619	676	768	832	1000	981	966	883	689	686	561	586	480	435	418	303	365	253	292	246	225	252	178	236	160	201	157	163	163	135	157	116	140	113	121
64	170	1	2	119	0	1953125	12	0.0	0	0.93	0	0	V0.2	0	0	53	69	30	78	18	79	34	71	51	64	62	63	66	71	71	82	88	84	107	81	129	75	140	89	129	121	123	171	96	159	82	184	90	119	164	170	293	186	278	316	368	427	348	590	499	769	710	746	536	588	619	676	768	832	1000	981	966	883	689	686	561	586	480	435	418	303	365	253	292	246	225	252	178	236	160	201	157	163	163	135	157	116	140	113	121
64	170	1	2	119	0	1953125	12	0.0	0	0.93	0	0	V0.2	0	0	15	87	24	82	49	72	72	59	81	56	85	66	87	79	91	85	108	87	126	95	138	108	131	132	108	160	107	202	104	182	124	182	150	120	238	190	364	257	305	382	383	535	413	678	569	811	775	750	604	561	619	662	747	828	985	1000	963	975	755	753	603	616	520	454	464	321	392	269	301	261	231	265	184	247	167	211	164	171	166	138	162	125	146	121	126
64	170	1	2	119	0	1953125	12	0.0	0	0.93	0	0	V0.2	0	0	126	80	145	61	161	50	174	62	172	94	160	129	135	163	96	188	46	202	8	203	61	190	103	171	137	144	176	135	202	111	225	86	235	29	269	164	324	251	249	403	282	561	298	671	451	793	704	784	592	587	663	603	809	668	1000	781	917	699	768	578	590	534	442	479	300	415	211	359	198	289	232	222	261	154	268	84	261	54	241	81	209	124	166	153	121
64	170	1	2	119	0	1953125	12	0.0	0	0.93	0	0	V0.2	0	0	52	143	69	145	98	134	132	112	159	83	183	50	193	42	192	79	174	121	145	163	105	188	68	198	43	204	70	227	89	215	105	215	121	164	219	183	372	167	377	285	519	443	458	608	557	831	692	864	435	744	528	847	748	829	1000	876	980	743	806	534	709	450	603	395	461	364	322	368	198	355	131	330	136	288	170	229	205	168	232	105	240	43	233	31	211
64	170	1	2	119	0	1953125	12	0.0	0	0.93	0	0	V0.2	0	0	80	126	105	110	133	89	160	65	176	51	182	71	174	109	150	149	109	181	59	199	10	202	48	191	93	175	141	168	165	150	202	121	216	49	265	111	344	202	293	370	311	525	294	654	426	799	650	782	572	587	661	641	887	701	999	801	995	706	736	538	571	520	430	481	291	418	211	354	215	274	252	198	280	126	281	69	260	78	230	122	185	162	133	185	80
64	170	1	2	119	0	1953125	12	0.0	0	0.93	0	0	V0.2	0	0	65	116	86	109	112	92	138	71	156	46	169	43	168	75	153	113	125	146	90	175	50	187	35	190	60	181	100	192	126	179	152	154	165	100	238	114	357	153	337	285	389	470	377	616	455	801	625	795	461	673	568	716	781	718	1000	799	959	667	748	471	608	433	502	413	364	379	241	359	159	322	154	276	185	222	214	155	229	95	235	46	223	51	198	88	166
64	170	1	2	119	0	1953125	12	0.0	0	0.93	0	0	V0.2	0	0	53	134	77	131	106	115	138	90	163	60	180	44	183	65	172	110	144	148	105	180	57	192	29	197	53	189	97	190	120	186	158	165	171	100	235	97	375	174	344	310	355	462	340	642	436	799	614	811	474	686	629	705	810	669	1000	799	987	690	776	475	591	447	476	432	323	387	203	360	160	310	193	250	228	183	252	107	257	51	246	58	220	105	179	143	133
64	170	1	2	119	0	1953125	12	0.0	0	0.93	0	0	V0.2	0	0	93	16	95	38	88	62	75	83	64	93	64	98	71	104	80	110	84	126	88	145	103	149	125	139	154	118	200	112	208	94	221	137	193	136	174	281	240	350	235	360	398	421	496	535	671	704	844	745	607	670	583	829	688	871	945	1000	937	842	751	596	644	510	555	432	413	373	302	329	237	275	226	225	223	185	213	154	182	149	156	149	132	147	114	132	112
64	170	1	2	119	0	1953125	12	0.0	0	0.93	0	0	V0.2	0	0	131	80	125	109	110	137	87	163	60	177	43	183	63	175	100	150	140	115	170	73	191	39	198	42	190	74	191	120	188	137	179	186	157	195	130	326	148	330	166	315	399	405	530	443	691	564	883	600	670	552	605	771	652	912	825	1000	717	800	529	646	471	544	434	393	397	264	378	174	337	155	291	186	233	220	168	237	99	242	47	233	53	210	94	176	129
64	170	1	2	119	0	1953125	12	0.0	0	0.93	0	0	V0.2	0	0	150	54	160	58	168	81	165	110	151	142	127	174	92	192	51	208	29	206	66	194	115	168	153	139	178	109	214	100	233	79	254	71	249	46	281	215	338	343	255	460	271	556	300	674	532	825	802	819	684	606	753	630	847	680	1000	827	951	760	736	635	585	604	443	538	315	453	242	369	240	287	267	206	284	138	287	71	270	64	245	101	212	141	164	165	117
64	170	1	2	119	0	1953125	12	0.0	0	0.93	0	0	V0.2	0	0	132	82	128	109	113	137	94	165	67	179	50	184	64	178	101	152	140	117	174	70	192	34	196	35	186	69	188	122	193	139	181	188	156	184	120	309	153	369	190	342	395	330	480	400	703	596	948	655	677	538	603	758	645	852	778	1000	738	875	563	685	493	566	457	418	428	276	388	174	350	158	299	191	240	228	172	246	103	254	48	243	55	217	100	183	138
64	170	1	2	119	0	1953125	12	0.0	0	0.93	0	0	V0.2	0	0	142	60	154	52	166	62	169	89	160	124	143	154	115	182	73	203	25	208	36	206	91	185	128	162	159	131	202	126	221	97	239	87	249	41	297	189	342	285	275	422	291	575	324	711	479	857	751	898	624	666	691	682	912	689	1000	793	998	720	780	571	621	554	483	502	337	445	240	390	196	318	221	256	248	189	266	117	263	64	255	57	233	91	195	126	157
64	170	1	2	119	0	1953125	12	0.0	0	0.93	0	0	V0.2	0	0	144	67	160	56	173	68	176	92	165	130	146	163	111	189	71	207	27	209	55	199	104	175	145	144	166	113	205	100	222	72	238	56	242	37	273	210	313	309	203	429	214	524	293	626	524	778	796	760	677	565	742	615	845	706	1000	800	877	741	711	627	540	586	412	522	283	427	243	346	257	251	286	167	302	105	293	68	266	101	229	144	182	181	126	196	74
64	170	1	2	119	0	1953125	12	0.0	0	0.93	0	0	V0.2	0	0	151	82	149	109	140	140	123	170	94	193	67	205	52	209	77	193	122	166	162	130	196	85	215	54	215	42	233	88	241	94	240	142	221	162	208	322	209	412	147	471	345	516	440	556	671	707	1000	713	776	509	751	726	855	868	903	984	844	887	635	736	520	670	431	553	383	411	361	282	356	176	348	121	324	124	285	154	229	194	174	220	113	231	52	226	20
64	170	1	2	119	0	1953125	12	0.0	0	0.93	0	0	V0.2	0	0	149	62	163	58	171	75	171	108	157	145	132	175	98	199	54	209	35	207	76	189	124	160	159	130	180	95	213	83	234	55	243	60	252	64	265	228	269	317	187	435	232	510	306	594	522	756	827	728	649	500	707	593	857	747	1000	820	864	725	671	618	493	585	387	520	279	411	252	319	271	223	294	140	300	84	286	78	252	120	211	163	159	191	103	203	47
64	170	1	2	119	0	1953125	12	0.0	0	0.93	0	0	V0.2	0	0	142	53	150	54	159	71	157	102	145	132	125	161	92	184	52	197	25	195	60	186	106	162	141	137	168	108	203	100	217	71	229	65	233	41	260	191	314	292	249	422	243	513	264	622	479	777	736	741	572	556	696	635	880	724	1000	767	904	688	717	566	544	545	431	500	295	420	219	356	212	281	238	207	262	141	265	75	257	52	237	78	205	122	164	147	122
64	170	1	2	119	0	1953125	12	0.0	0	0.93	0	0	V0.2	0	0	157	57	166	68	170	95	162	132	142	163	109	192	72	210	40	211	66	198	109	174	156	137	184	99	202	64	227	62	234	49	244	86	244	104	245	283	251	362	130	399	228	488	390	585	623	699	871	678	705	521	776	690	861	855	1000	949	909	834	653	667	473	613	385	526	312	401	303	291	324	190	331	118	318	105	288	134	237	180	182	210	121	227	59	224	22
64	170	1	2	119	0	1953125	12	0.0	0	0.93	0	0	V0.2	0	0	138	54	144	69	145	95	136	124	118	151	92	174	60	186	37	189	57	178	99	160	139	128	164	98	185	66	207	67	217	51	232	70	223	92	240	241	242	292	157	380	213	497	342	575	511	695	764	689	610	460	684	618	854	774	1000	857	888	720	640	582	490	557	381	502	289	409	244	323	254	238	273	162	282	103	273	70	250	93	217	127	178	160	128	177	82
64	170	1	2	119	0	1953125	12	0.0	0	0.93	0	0	V0.2	0	0	152	56	164	63	166	88	160	125	141	158	112	185	75	202	41	206	57	196	102	173	147	137	176	102	194	68	218	66	234	52	245	85	241	97	226	255	225	331	145	424	236	473	341	532	549	684	854	688	690	483	750	693	891	854	1000	930	897	807	643	654	481	587	361	504	298	397	282	288	306	191	315	117	309	96	281	119	237	162	185	194	127	216	67	218	22
64	170	1	2	119	0	1953125	12	0.0	0	0.93	0	0	V0.2	0	0	132	93	126	119	115	146	94	171	69	185	54	191	68	182	102	161	141	125	171	86	195	45	201	27	196	58	209	107	203	116	199	167	172	173	141	319	158	361	129	360	321	395	465	470	652	572	899	625	730	510	666	735	705	858	817	1000	787	848	550	673	465	601	402	470	374	334	362	216	346	135	324	122	285	152	239	184	178	213	118	225	61	227	21	209	51
64	170	1	2	119	0	1953125	12	0.0	0	0.93	0	0	V0.2	0	0	157	64	171	62	180	83	178	116	164	152	135	184	100	208	54	220	39	215	80	196	131	162	164	130	188	92	222	77	235	53	255	60	248	57	269	241	282	323	168	410	200	522	346	643	537	746	852	785	719	513	713	635	867	786	1000	886	919	760	684	650	545	625	396	533	290	428	262	328	284	227	310	142	315	87	299	86	261	129	222	169	163	202	103	212	45
64	170	2	2	119	0	1953125	12	0.0	0	0.93	0	0	V0.2	0	0	151	62	156	78	159	106	148	138	126	169	99	193	62	205	41	205	69	191	110	169	156	133	180	101	199	69	228	70	234	50	242	75	233	89	256	264	260	329	150	431	247	537	372	627	552	735	847	749	724	526	726	662	900	826	1000	873	889	749	668	662	545	638	408	537	309	435	278	338	288	238	306	153	308	97	295	80	262	112	224	154	177	186	121	198	70
64	170	2	2	119	0	1953125	12	0.0	0	0.92	0	0	V0.2	0	0	161	69	166	90	161	126	146	161	118	189	82	209	53	215	71	198	116	171	162	125	195	79	208	41	211	37	222	86	228	99	225	152	222	163	180	333	145	348	101	360	355	389	505	437	678	568	939	639	751	539	678	805	752	965	825	1000	757	886	557	718	498	622	426	447	401	291	387	173	365	133	325	173	264	219	196	247	119	263	48	260	37	237	91	199	136
64	170	1	2	119	0	1953125	12	0.0	0	0.92	0	0	V0.2	0	0	170	80	177	88	182	112	176	148	156	180	126	208	89	225	60	225	78	211	125	180	171	139	197	101	213	53	241	55	258	48	265	93	277	114	262	321	226	368	99	442	286	513	471	587	662	702	981	722	812	524	777	771	923	969	974	1000	891	907	667	770	532	702	408	550	360	405	363	271	377	163	372	117	342	147	295	194	226	235	153	256	76	264	17	247	57
64	170	1	2	119	0	1953125	12	0.0	0	0.92	0	0	V0.2	0	0	67	161	90	158	123	143	156	118	188	85	208	56	217	64	208	111	181	155	140	195	86	213	47	221	30	218	74	234	108	222	137	222	162	175	270	140	394	96	364	238	439	451	389	667	498	871	692	972	473	782	529	882	861	843	1000	828	945	708	806	515	730	430	581	362	431	347	294	364	166	360	114	332	138	288	187	224	224	159	250	85	258	19	244	46	218
64	170	1	2	119	0	1953125	12	0.0	0	0.92	0	0	V0.2	0	0	90	145	77	166	64	179	71	181	99	168	137	141	171	103	199	50	210	28	206	83	181	127	155	161	112	187	87	228	82	230	72	258	69	233	163	256	313	187	337	159	513	327	523	558	641	783	814	936	536	813	498	1000	786	963	904	915	853	766	732	550	718	439	605	328	482	300	357	334	228	354	134	347	104	318	145	262	192	201	234	126	250	51	248	22	229
64	170	1	2	119	0	1953125	12	0.0	0	0.93	0	0	V0.2	0	0	170	61	183	71	186	101	178	140	157	179	124	208	82	229	44	232	63	220	117	191	167	153	194	115	215	70	244	72	259	51	268	86	275	103	270	299	254	356	159	468	268	539	416	632	618	765	941	777	797	561	840	808	1000	888	976	896	915	842	682	724	537	676	405	557	325	435	316	320	337	207	348	125	338	99	310	127	259	175	203	209	140	233	73	234	21
64	170	1	2	119	0	1953125	12	0.0	0	0.93	0	0	V0.2	0	0	70	140	92	136	120	123	149	100	175	71	191	47	198	53	194	92	175	130	146	171	103	192	72	204	47	211	69	233	82	216	96	229	107	189	210	202	337	155	361	206	510	356	475	554	604	773	763	891	526	805	523	1000	791	981	877	914	853	816	708	561	678	454	601	335	505	275	404	284	292	305	198	317	120	314	76	290	88	260	130	213	167	164	193	110	205
64	170	2	2	119	0	1953125	12	0.0	0	0.93	0	0	V0.2	0	0	163	72	166	99	158	132	141	168	111	195	79	214	53	219	71	204	118	176	163	132	198	88	216	49	219	35	232	83	236	91	237	144	233	164	189	331	163	366	100	411	347	431	471	493	675	630	944	663	791	560	767	837	869	976	903	1000	867	943	611	734	489	643	409	498	382	354	375	229	374	143	353	133	313	172	254	212	186	245	118	254	50	252	35	232	82
64	170	2	2	119	0	1953125	12	0.0	0	0.93	0	0	V0.2	0	0	158	98	155	124	143	157	122	187	94	209	70	218	67	218	97	199	140	165	183	123	212	77	227	41	230	42	242	93	244	100	240	151	232	179	195	354	185	399	128	468	365	485	482	564	713	721	1000	710	810	562	787	849	919	974	933	993	912	991	691	797	542	706	446	565	399	422	386	288	383	178	375	127	343	140	300	176	240	215	177	238	109	252	45	241	27
64	170	2	2	119	0	1953125	12	0.0	0	0.93	0	0	V0.2	0	0	160	82	160	112	148	145	130	178	100	199	71	213	62	213	90	192	134	162	178	114	203	68	217	30	215	41	225	95	227	108	225	160	216	183	158	337	143	368	112	387	372	385	465	455	698	614	952	626	740	523	684	846	825	994	849	1000	832	970	602	732	485	636	432	485	404	330	391	201	377	134	346	151	296	199	233	233	160	259	88	263	29	251	57	224	106
64	170	2	2	119	0	1953125	12	0.0	0	0.93	0	0	V0.2	0	0	156	88	152	116	144	149	123	178	95	201	66	213	58	212	87	198	129	168	172	129	203	83	219	50	224	45	240	87	241	98	240	143	230	173	202	346	199	390	125	448	350	481	446	540	679	707	963	692	791	542	767	799	901	967	949	1000	927	982	687	759	516	674	431	552	378	408	361	277	363	176	359	122	329	130	290	166	233	203	174	228	109	241	47	234	23
64	170	2	2	119	0	1953125	12	0.0	0	0.92	0	0	V0.2	0	0	155	71	159	97	150	131	133	165	105	190	71	206	51	208	83	189	127	156	170	110	194	65	210	32	206	45	212	98	216	120	218	170	209	190	144	331	135	358	130	343	391	343	469	408	704	602	950	626	723	561	657	849	743	978	799	1000	798	973	601	710	482	586	440	430	413	272	386	160	358	148	315	192	252	233	181	257	103	269	40	255	54	230	108	188	148
64	170	2	2	119	0	1953125	12	0.0	0	0.92	0	0	V0.2	0	0	158	69	165	89	162	118	150	152	124	182	93	204	60	213	60	204	98	181	146	144	181	100	205	64	211	35	226	73	237	88	248	141	245	166	190	322	155	371	114	395	357	416	456	483	712	669	982	649	761	539	716	849	857	992	883	1000	847	967	620	729	477	630	423	484	389	328	381	203	372	140	345	154	294	199	233	235	157	259	85	260	30	246	65	217	110
64	170	2	2	119	0	1953125	12	0.0	0	0.93	0	0	V0.2	0	0	148	70	166	62	177	67	182	96	172	132	151	167	117	195	71	214	28	217	54	204	105	181	143	151	175	116	210	103	232	77	255	70	268	47	281	219	300	299	225	435	234	529	275	642	522	830	805	781	668	586	741	692	952	770	1000	818	987	816	753	620	540	586	411	524	285	430	234	346	256	256	291	176	304	106	299	68	274	99	236	144	191	183	135	202	79
64	170	2	2	119	0	1953125	12	0.0	0	0.93	0	0	V0.2	0	0	138	69	152	58	166	61	172	80	169	112	152	142	128	172	87	195	42	206	18	206	67	189	107	173	144	146	181	139	203	113	222	100	244	40	291	153	339	230	299	403	307	529	250	668	459	880	703	857	574	676	671	727	941	737	1000	732	980	726	799	542	626	514	498	479	350	430	229	387	174	332	195	274	223	212	247	142	257	81	255	43	245	67	210	103	176
64	170	2	2	119	0	1953125	12	0.0	0	0.93	0	0	V0.2	0	0	147	69	164	59	177	64	180	94	171	129	148	165	117	194	71	209	24	215	53	203	103	179	142	152	173	119	207	103	228	78	250	68	270	53	286	220	297	293	214	433	242	527	272	627	507	808	797	777	691	594	748	685	963	767	1000	797	962	782	734	612	543	575	404	513	283	427	233	344	253	256	285	177	298	108	294	68	269	95	235	139	186	177	133	197	80
64	170	2	2	119	0	1953125	12	0.0	0	0.93	0	0	V0.2	0	0	130	88	147	72	167	61	178	63	182	91	173	123	153	158	117	187	73	204	19	214	34	204	77	190	118	171	159	167	187	144	207	129	229	70	303	133	373	192	333	367	355	513	270	668	445	882	681	908	543	732	611	755	911	752	1000	744	995	718	811	523	669	481	536	444	386	409	250	383	160	350	155	303	183	249	217	184	238	119	249	61	248	30	227	65	200
64	170	2	2	119	0	1953125	12	0.0	0	0.93	0	0	V0.2	0	0	140	77	160	63	175	58	182	81	177	113	161	151	130	182	88	206	37	214	31	210	81	189	121	166	157	133	195	121	220	97	240	77	261	31	298	191	318	270	247	408	242	518	251	639	461	820	754	811	626	585	680	652	942	743	1000	767	973	739	751	584	569	551	419	495	286	423	207	355	216	279	256	204	277	131	284	65	270	62	245	104	206	149	156	176	105
64	170	2	2	119	0	1953125	12	0.0	0	0.93	0	0	V0.2	0	0	129	88	145	74	167	59	180	62	183	87	174	118	154	154	121	184	79	203	25	216	30	206	71	195	115	175	158	172	185	153	207	138	225	76	307	132	380	184	334	349	354	501	277	672	442	889	693	923	527	709	588	747	911	773	999	758	1000	723	816	523	675	482	544	443	393	405	253	381	160	349	149	305	179	253	212	187	234	125	248	63	244	26	226	59	198
64	170	1	2	119	0	1953125	12	0.0	0	0.93	0	0	V0.2	0	0	124	89	144	73	163	59	177	61	178	88	168	124	148	158	109	188	62	203	10	208	49	193	90	178	131	152	171	141	199	121	222	106	240	43	302	161	353	218	277	370	262	498	227	630	422	838	698	837	566	624	632	649	910	725	1000	759	982	717	763	537	591	505	446	462	301	403	196	356	181	296	216	233	246	165	262	96	261	50	250	67	221	115	181	147	135
64	170	1	2	119	0	1953125	12	0.0	0	0.93	0	0	V0.2	0	0	146	99	140	125	128	154	108	180	83	198	66	206	71	199	104	180	143	147	179	103	203	55	217	31	214	47	224	103	223	105	217	155	212	184	175	348	180	388	122	415	347	425	441	504	701	673	958	648	767	532	725	761	831	951	904	1000	876	990	665	754	505	660	429	522	383	373	370	247	366	153	351	121	317	145	272	185	214	216	152	236	89	243	30	232	38
64	170	1	2	119	0	1953125	12	0.0	0	0.93	0	0	V0.2	0	0	164	62	176	69	181	97	175	134	157	169	127	199	85	220	48	224	59	215	110	190	153	153	189	116	207	78	238	72	252	53	268	88	274	108	265	288	273	362	160	440	252	498	355	626	636	790	914	739	738	532	725	702	933	875	1000	958	986	924	727	701	520	648	397	544	306	415	292	302	319	199	338	124	329	95	303	123	256	169	203	208	139	230	72	233	22
64	170	1	2	119	0	1953125	12	0.0	0	0.93	0	0	V0.2	0	0	154	72	154	97	148	130	131	159	108	185	77	203	49	207	62	199	103	176	147	146	181	104	202	71	212	46	234	75	242	77	244	113	242	134	227	303	220	355	121	424	291	498	428	574	634	717	919	707	753	505	703	709	873	872	975	1000	950	903	674	714	502	638	391	541	329	411	308	292	322	194	333	124	320	99	292	121	247	159	196	196	140	215	82	219	31
64	170	1	2	119	0	1953125	12	0.0	0	0.92	0	0	V0.2	0	0	65	143	53	155	58	161	77	155	112	138	142	110	171	71	190	29	192	40	187	89	158	125	132	152	101	174	79	211	76	216	71	234	64	217	131	253	260	205	264	106	424	262	468	457	607	680	785	774	528	685	432	834	598	910	860	1000	810	834	641	558	565	411	516	283	435	184	355	210	271	253	193	281	115	289	61	271	68	245	116	200	157	151	182	98	197
64	170	1	2	119	0	1953125	12	0.0	0	0.92	0	0	V0.2	0	0	155	69	166	74	171	94	170	125	154	158	127	187	89	207	55	211	59	202	100	178	145	140	176	104	197	66	226	60	243	49	244	74	259	89	253	278	228	325	103	386	268	498	391	542	605	688	914	703	753	473	710	626	813	901	1000	972	890	901	686	701	469	613	366	511	299	367	309	254	331	155	339	108	315	120	278	166	221	202	156	229	88	240	24	228	42
64	170	1	2	119	0	1953125	12	0.0	0	0.92	0	0	V0.2	0	0	74	147	99	139	131	121	160	96	187	67	200	56	204	83	188	129	154	165	109	201	56	210	22	213	45	206	97	216	136	200	160	186	178	150	281	113	375	104	330	256	377	453	321	668	449	874	684	950	479	704	530	727	842	772	1000	756	937	695	800	472	657	406	530	367	372	348	237	354	134	337	131	302	167	248	209	179	234	113	252	44	244	32	222	80	192
64	170	2	2	119	0	1953125	12	0.0	0	0.92	0	0	V0.2	0	0	63	161	74	166	96	160	126	148	160	119	188	86	208	58	215	61	204	97	184	147	143	179	105	204	64	219	59	252	71	246	83	253	98	238	209	235	347	151	358	164	518	365	493	583	626	868	841	1000	578	836	498	936	791	994	977	950	924	867	788	570	710	438	622	325	506	283	388	315	259	346	161	353	95	340	103	296	151	246	196	183	231	114	242	50	239
64	170	2	2	119	0	1953125	12	0.0	0	0.93	0	0	V0.2	0	0	130	112	121	139	99	166	78	186	61	192	71	189	105	167	145	131	178	84	201	30	207	25	204	70	184	110	181	170	170	182	148	218	133	224	95	322	152	315	208	260	453	281	536	386	725	618	962	719	689	622	563	888	689	1000	763	987	737	925	592	652	538	523	506	363	465	226	416	175	345	208	274	252	194	280	116	284	50	276	60	244	112	205	155	154	183
64	170	2	2	119	0	1953125	12	0.0	0	0.93	0	0	V0.2	0	0	143	63	158	58	169	68	171	91	165	123	145	156	118	182	76	201	32	208	35	204	84	184	126	161	157	138	197	130	223	94	230	73	248	36	301	160	328	240	265	396	264	532	267	670	466	855	754	867	603	612	705	676	942	736	1000	747	951	699	748	533	590	517	456	480	310	428	216	373	186	312	214	244	241	178	260	107	260	53	252	51	230	94	194	126	154
64	170	2	2	119	0	1953125	12	0.0	0	0.92	0	0	V0.2	0	0	106	114	128	100	155	80	176	62	186	69	187	100	170	137	140	173	94	198	40	208	17	204	66	190	104	175	154	162	185	135	205	118	240	64	294	105	337	178	276	345	249	489	219	639	409	834	693	858	540	605	673	681	921	722	1000	741	950	660	716	479	570	460	432	435	286	393	179	349	167	295	209	228	245	161	261	86	264	42	251	69	217	118	174	151	128
64	170	2	2	119	0	1953125	12	0.0	0	0.92	0	0	V0.2	0	0	62	150	62	160	69	163	94	157	126	137	153	107	182	69	195	32	199	53	190	99	161	137	133	167	98	189	81	227	68	219	64	253	69	228	142	248	272	207	309	138	464	258	473	478	643	742	809	829	505	719	477	950	741	1000	879	994	836	848	635	547	603	430	557	291	474	215	381	240	285	285	195	307	113	312	66	288	88	258	137	210	178	152	204	94	213
64	170	1	2	119	0	1953125	12	0.0	0	0.92	0	0	V0.2	0	0	135	86	131	114	114	143	91	168	64	184	50	187	75	173	116	143	155	100	183	51	194	18	195	50	181	92	175	148	166	150	165	210	140	206	83	284	122	288	174	227	390	239	484	367	682	568	873	637	615	590	543	888	709	1000	794	977	711	841	495	573	477	476	463	319	414	188	369	155	312	199	241	242	166	265	92	264	37	251	71	220	121	175	157	126	182
64	170	2	2	119	0	1953125	12	0.0	0	0.92	0	0	V0.2	0	0	104	103	124	93	144	77	162	66	172	71	172	95	160	127	132	158	90	182	45	196	11	191	52	181	94	162	140	156	165	147	201	121	208	53	270	97	341	167	261	312	260	472	237	646	385	798	622	818	495	603	629	681	898	737	1000	721	898	637	723	450	565	434	433	399	283	367	184	345	149	297	186	240	219	179	246	107	249	50	243	47	220	92	181	128	143
64	170	2	2	119	0	1953125	12	0.0	0	0.93	0	0	V0.2	0	0	139	75	159	63	169	66	177	88	169	121	152	154	122	182	78	200	36	206	42	198	90	176	128	149	159	117	195	102	217	80	233	56	233	21	259	157	311	244	209	391	198	480	252	618	446	743	719	740	579	468	644	584	857	718	1000	820	981	694	682	523	507	505	379	473	255	391	189	325	219	251	254	175	270	106	277	51	258	65	229	113	190	154	139	176	90
64	170	2	2	119	0	1953125	12	0.0	0	0.93	0	0	V0.2	0	0	133	51	143	52	153	64	156	91	147	121	126	151	96	173	59	188	22	191	47	186	95	164	128	137	156	114	193	105	211	76	214	60	216	39	262	168	300	246	199	359	219	482	269	651	453	745	659	748	572	577	655	638	901	748	999	742	909	653	681	490	525	496	415	449	281	391	205	339	186	279	215	217	235	155	247	91	245	51	232	61	207	98	169	129	132
64	170	2	2	119	0	1953125	12	0.0	0	0.93	0	0	V0.2	0	0	52	157	69	161	104	147	139	126	168	97	196	57	210	36	211	74	195	122	164	164	126	194	86	211	56	211	63	246	92	229	100	253	117	200	199	200	333	147	359	182	468	349	463	583	615	838	774	881	494	821	550	990	767	978	1000	998	902	821	738	538	662	418	587	311	486	258	374	283	263	318	169	329	97	319	81	287	118	243	164	192	199	131	218	75	221
64	170	1	2	119	0	1953125	12	0.0	0	0.93	0	0	V0.2	0	0	144	54	152	58	159	78	156	109	145	138	121	168	90	187	50	201	33	197	66	187	112	162	147	133	175	103	209	95	226	71	238	63	227	52	266	213	298	259	188	390	229	521	273	616	467	802	778	769	595	510	689	654	918	754	1000	787	922	701	721	558	535	533	414	491	281	405	209	346	216	273	246	204	265	137	269	72	258	55	241	85	207	126	165	153	121
64	170	1	2	119	0	1953125	12	0.0	0	0.93	0	0	V0.2	0	0	135	64	153	51	166	55	169	84	160	119	140	153	108	179	66	199	19	202	47	194	95	172	133	146	165	117	202	100	219	75	238	69	247	44	273	217	275	269	186	381	237	524	283	582	465	769	782	768	622	510	680	653	928	763	999	784	873	679	661	567	515	526	371	460	253	382	209	317	231	241	260	169	274	105	273	66	249	83	219	124	177	159	128	179	79
64	170	1	2	119	0	1953125	12	0.0	0	0.93	0	0	V0.2	0	0	84	115	106	107	129	90	152	68	172	50	180	54	177	81	162	121	136	152	101	181	60	193	40	199	53	198	93	211	112	194	134	186	141	140	239	165	343	106	316	214	462	405	421	577	493	814	708	904	455	719	451	826	804	917	1000	926	919	734	739	497	665	419	580	322	449	280	343	303	229	317	150	319	97	301	98	267	129	227	167	179	194	121	206	69	209
64	170	1	2	119	0	1953125	12	0.0	0	0.92	0	0	V0.2	0	0	106	90	127	75	148	58	163	53	167	75	160	107	139	143	106	172	58	187	11	192	45	179	86	161	121	135	162	122	188	97	207	75	227	19	257	132	279	190	209	350	198	454	208	583	412	758	638	706	508	503	620	574	840	689	1000	774	886	607	628	471	487	439	355	398	228	342	161	296	182	240	219	175	241	112	248	58	234	57	214	97	175	137	132	160	85
64	170	1	2	119	0	1953125	12	0.0	0	0.92	0	0	V0.2	0	0	101	101	120	89	141	73	159	61	169	68	167	90	154	124	129	154	88	176	43	193	11	187	56	177	96	152	135	149	169	130	190	103	214	51	265	98	306	154	253	326	237	456	201	601	411	845	638	787	471	566	571	603	836	668	999	742	899	609	676	445	542	429	415	386	266	349	173	327	151	281	187	228	221	165	241	96	242	46	234	52	209	98	173	132	131
64	170	1	2	119	0	1953125	12	0.0	0	0.92	0	0	V0.2	0	0	105	97	131	81	150	64	167	58	171	76	165	107	148	143	115	172	69	190	19	196	37	186	80	170	120	146	158	135	192	113	206	83	233	21	263	106	292	177	222	334	192	468	224	641	440	802	667	762	548	571	640	612	813	684	1000	758	889	610	678	488	522	458	385	427	253	364	173	322	184	262	221	198	251	131	258	66	247	51	228	93	193	133	150	158	101
64	170	1	2	119	0	1953125	12	0.0	0	0.92	0	0	V0.2	0	0	109	92	128	81	149	65	161	62	169	77	163	108	144	141	114	168	70	185	21	195	36	185	79	169	114	149	160	129	179	113	202	79	217	30	253	117	300	201	192	339	221	471	251	617	414	781	672	807	529	542	634	631	866	730	1000	748	885	598	679	473	522	452	394	420	254	372	176	327	180	270	224	204	246	135	260	71	251	51	229	89	198	130	150	157	107
64	170	1	2	119	0	1953125	12	0.0	0	0.92	0	0	V0.2	0	0	83	139	66	156	52	168	56	172	83	162	118	141	153	104	179	56	196	8	198	50	186	96	167	129	139	161	124	209	110	203	92	244	65	209	80	267	207	239	251	143	432	229	524	452	709	644	824	717	596	671	491	897	667	1000	814	985	754	836	563	580	500	451	477	307	424	182	379	170	311	212	244	255	170	275	96	272	44	258	67	226	113	189	152	142	176
64	170	1	2	119	0	1953125	12	0.0	0	0.92	0	0	V0.2	0	0	120	85	137	75	156	64	167	68	168	90	159	120	139	153	104	179	59	193	15	198	51	187	93	167	129	143	177	130	196	104	217	85	241	14	258	125	308	220	192	360	194	477	279	667	469	785	695	804	598	577	712	681	933	694	1000	790	909	618	647	489	518	491	386	446	258	390	193	334	205	271	243	198	266	127	272	66	257	62	234	100	198	144	145	167	100
64	170	1	2	119	0	1953125	12	0.0	0	0.92	0	0	V0.2	0	0	115	82	135	66	154	54	163	62	164	89	154	122	128	155	92	179	43	189	18	188	63	173	105	150	136	125	180	110	197	82	212	65	240	18	242	130	264	217	160	346	170	444	225	581	457	719	693	706	580	509	689	642	846	707	1000	758	817	562	561	482	448	465	331	421	228	348	186	291	215	221	246	150	259	88	255	59	231	89	197	127	156	158	107	174	60
64	170	1	2	119	0	1953125	12	0.0	0	0.92	0	0	V0.2	0	0	93	111	115	97	140	80	161	62	173	65	172	92	157	129	127	163	80	184	30	197	29	186	77	173	118	146	162	134	194	100	210	75	232	16	265	138	275	208	177	388	211	460	230	594	480	764	718	698	612	522	730	635	907	792	1000	782	841	664	611	525	433	504	332	450	233	352	231	280	266	190	285	117	284	85	261	110	222	153	167	187	109	203	50	200	22
64	170	1	2	119	0	1953125	12	0.0	0	0.93	0	0	V0.2	0	0	43	77	25	82	20	81	38	73	55	67	65	69	71	76	79	87	93	89	113	90	139	84	154	95	152	123	151	180	135	189	106	205	91	159	165	205	279	170	276	284	421	421	441	614	577	786	750	806	558	630	624	796	949	878	1000	858	938	817	703	592	522	563	444	466	360	341	338	260	307	213	269	208	216	212	173	201	143	188	137	157	139	137	136	111	126
64	170	1	2	119	0	1953125	12	0.0	0	0.93	0	0	V0.2	0	0	132	104	123	128	108	155	88	177	64	189	59	193	78	180	115	155	154	116	183	75	206	33	210	37	206	73	210	127	209	140	188	185	157	187	125	308	118	325	119	356	360	401	538	488	680	585	920	604	689	473	641	840	847	980	851	1000	800	889	550	664	449	588	404	456	379	313	368	199	355	137	331	140	284	172	233	205	170	229	106	240	48	235	30	216	71
64	170	1	2	119	0	1953125	12	0.0	0	0.92	0	0	V0.2	0	0	147	71	165	60	176	69	179	100	167	136	144	172	108	199	61	212	33	211	71	196	124	163	159	129	185	91	219	77	239	57	245	62	244	63	246	223	233	282	122	371	192	500	379	616	531	709	837	702	669	457	741	733	964	852	1000	923	919	784	633	615	460	565	339	484	260	373	255	279	295	187	316	111	305	89	281	120	233	165	180	198	122	220	61	218	19
64	170	1	2	119	0	1953125	12	0.0	0	0.92	0	0	V0.2	0	0	153	64	163	71	170	91	164	123	150	154	124	183	88	202	51	210	55	200	94	183	142	144	174	110	193	71	225	65	241	51	244	81	240	88	242	246	215	302	94	379	225	512	424	620	572	710	896	717	710	478	769	777	983	898	1000	936	883	786	605	646	464	592	352	503	291	384	291	278	325	186	337	118	320	106	288	141	237	183	177	215	116	233	52	225	22
64	170	1	2	119	0	1953125	12	0.0	0	0.92	0	0	V0.2	0	0	114	91	137	75	157	58	169	59	173	84	164	119	141	154	105	183	53	196	9	200	57	183	98	162	132	136	176	121	199	98	215	61	223	8	255	134	271	202	173	333	191	502	284	613	397	731	691	752	567	524	675	664	909	731	1000	779	895	615	626	490	494	461	354	425	234	364	175	311	204	246	240	176	259	108	262	57	245	70	215	113	179	153	130	173	81
64	170	1	2	119	0	1953125	12	0.0	0	0.92	0	0	V0.2	0	0	153	63	162	69	167	88	165	121	147	154	120	183	85	202	49	208	56	197	98	178	146	139	176	104	193	67	225	63	238	50	241	88	237	93	230	251	201	304	74	375	247	501	416	555	566	679	894	700	712	483	760	747	925	903	1000	954	867	786	587	640	444	572	340	482	288	358	291	256	324	166	332	109	309	113	276	154	219	193	163	221	97	233	36	223	35
64	170	1	2	119	0	1953125	12	0.0	0	0.92	0	0	V0.2	0	0	145	64	161	58	169	75	168	107	154	142	129	174	93	198	48	207	41	201	86	182	134	149	165	114	187	75	219	69	234	48	237	81	234	84	228	235	213	297	90	363	225	499	392	562	549	681	853	690	676	473	734	703	894	866	1000	901	840	742	590	621	439	552	328	466	266	356	270	260	302	171	316	110	301	99	270	135	223	175	164	205	106	221	47	217	27
64	170	1	2	119	0	1953125	12	0.0	0	0.92	0	0	V0.2	0	0	113	85	132	74	149	61	162	62	164	83	157	114	137	146	104	173	58	186	13	194	48	181	90	160	125	140	169	123	191	99	211	71	223	10	254	127	287	209	187	328	205	495	273	608	415	754	681	767	561	559	679	643	857	713	999	722	833	567	629	487	497	452	364	416	240	362	180	318	197	258	231	188	252	120	259	63	246	63	222	104	184	140	138	162	93
64	170	1	2	119	0	1953125	12	0.0	0	0.92	0	0	V0.2	0	0	83	119	108	108	134	88	159	64	175	53	182	69	173	106	151	146	111	175	64	197	15	199	38	189	77	176	128	172	153	149	182	129	205	74	246	71	317	140	245	287	275	459	278	600	373	787	610	828	481	643	613	700	826	713	1000	701	835	526	655	421	555	388	429	363	289	339	181	331	133	296	160	246	197	187	224	120	236	57	231	30	214	74	183	111	148
64	170	1	2	119	0	1953125	12	0.0	0	0.92	0	0	V0.2	0	0	63	135	81	134	108	123	134	104	160	78	178	52	187	57	182	90	161	127	130	166	89	187	51	196	29	197	69	216	94	200	121	202	145	145	214	132	329	88	299	202	391	388	414	578	481	800	670	875	434	750	538	886	797	873	1000	856	850	627	667	435	618	360	525	301	406	288	293	320	186	328	118	316	107	285	143	232	182	178	212	111	227	52	224	16	208
64	170	1	2	119	0	1953125	12	0.0	0	0.92	0	0	V0.2	0	0	126	84	145	68	165	58	175	71	172	103	158	139	131	170	90	195	38	202	28	199	79	176	121	151	151	121	192	103	211	75	227	56	238	26	255	164	272	253	162	349	177	484	269	568	430	695	713	713	607	513	718	642	873	738	999	762	832	602	596	518	464	490	331	436	222	362	195	295	231	215	263	141	275	80	266	63	238	101	200	142	154	175	100	187	50
64	170	1	2	119	0	1953125	12	0.0	0	0.92	0	0	V0.2	0	0	132	74	147	64	159	65	165	84	161	113	146	145	115	172	77	192	35	196	41	190	90	168	129	139	156	106	194	90	214	63	227	52	232	41	240	183	260	276	157	359	179	482	288	574	461	694	736	699	612	497	729	662	885	766	1000	783	830	620	591	533	459	506	331	447	231	369	215	297	249	214	277	138	285	83	272	77	242	114	201	153	150	185	93	193	43
64	170	1	2	119	0	1953125	12	0.0	0	0.92	0	0	V0.2	0	0	124	86	144	71	161	60	171	69	171	100	157	134	132	166	92	190	43	199	24	197	73	178	116	155	146	124	186	107	209	78	222	55	233	24	247	155	278	246	171	347	174	482	265	590	436	712	706	722	603	534	719	639	861	722	1000	753	833	587	601	508	474	487	341	436	228	369	193	307	224	229	259	155	272	90	268	59	242	91	212	133	164	168	113	185	62
64	170	1	2	119	0	1953125	12	0.0	0	0.92	0	0	V0.2	0	0	156	69	164	85	161	114	148	147	127	176	97	199	64	208	57	202	93	180	136	148	176	104	201	64	206	35	227	76	237	72	233	141	222	144	186	284	160	347	63	339	307	424	473	500	668	613	946	650	752	542	766	823	841	966	957	1000	772	797	513	666	442	599	382	465	354	323	363	209	362	132	341	139	295	183	237	220	165	246	96	251	32	245	49	217	97
64	170	1	2	119	0	1953125	12	0.0	0	0.92	0	0	V0.2	0	0	105	98	128	82	150	63	166	54	172	72	167	103	147	141	115	170	69	188	18	195	35	186	81	168	114	144	159	134	184	112	203	82	225	20	251	103	290	188	203	318	197	463	243	584	378	714	632	745	544	553	676	643	846	691	1000	731	853	549	605	443	492	440	366	405	238	355	168	315	177	254	215	188	241	121	249	58	239	50	220	89	184	131	140	155	96
64	170	1	2	119	0	1953125	12	0.0	0	0.92	0	0	V0.2	0	0	120	82	136	73	152	66	163	71	165	93	155	122	132	152	100	176	55	188	19	191	55	176	97	158	130	132	169	120	196	95	212	68	234	3	257	130	293	220	199	338	194	484	257	597	395	709	658	728	574	547	720	656	863	693	999	745	858	582	616	480	489	472	360	433	240	374	182	321	201	251	237	181	259	114	264	59	248	67	219	108	183	147	134	168	88
64	170	1	2	119	0	1953125	12	0.0	0	0.92	0	0	V0.2	0	0	169	66	179	77	181	106	171	145	149	180	116	208	73	224	51	224	81	203	131	169	173	127	203	84	215	46	237	66	252	59	254	132	252	132	218	283	183	355	67	374	290	457	463	537	655	636	954	652	759	534	813	860	915	954	984	1000	808	810	536	677	438	617	370	485	341	344	352	223	362	130	348	121	312	164	254	210	184	243	113	255	46	253	34	229	84
64	170	1	2	119	0	1953125	12	0.0	0	0.92	0	0	V0.2	0	0	76	129	95	123	123	110	148	89	169	71	181	60	183	79	171	116	142	148	104	179	57	194	20	194	36	187	87	197	115	184	143	176	169	123	229	84	338	88	299	245	343	416	350	593	414	778	607	851	426	702	579	814	816	764	1000	789	871	582	669	406	606	376	503	341	369	325	246	338	143	325	116	296	145	251	187	189	216	126	232	58	233	22	215	58	187
64	170	1	2	119	0	1953125	12	0.0	0	0.93	0	0	V0.2	0	0	24	73	48	60	66	43	78	36	80	46	78	59	78	71	83	78	97	84	109	103	114	125	107	151	89	169	112	199	139	166	172	156	198	67	239	166	316	242	236	352	314	486	408	599	550	723	836	763	685	636	756	864	857	915	964	1000	839	823	612	629	569	528	523	393	451	301	363	288	267	280	204	264	178	233	180	187	177	151	170	130	154	123	132	121	114
64	170	1	2	119	0	1953125	12	0.0	0	0.92	0	0	V0.2	0	0	121	114	142	100	166	84	185	76	190	96	183	129	159	164	122	196	70	210	26	214	65	196	113	167	150	132	195	106	222	84	242	55	257	24	266	181	292	284	174	390	180	505	310	596	478	695	800	722	691	512	801	701	901	783	1000	883	869	743	608	620	458	585	341	492	276	377	284	267	316	162	327	105	312	114	272	160	210	202	145	229	77	237	17	219	55
64	170	1	2	119	0	1953125	12	0.0	0	0.93	0	0	V0.2	0	0	12	84	34	75	55	60	72	48	80	50	81	61	82	72	85	80	102	85	118	95	130	116	129	143	104	170	108	210	122	186	145	184	178	92	233	154	327	219	270	346	337	490	399	621	541	764	824	798	686	658	778	829	860	879	992	1000	878	841	638	670	571	570	511	419	451	304	380	273	293	269	224	269	182	243	168	203	168	162	167	133	157	118	139	116	118
64	170	1	2	119	0	1953125	12	0.0	0	0.92	0	0	V0.2	0	0	161	75	163	96	161	125	149	157	127	182	98	204	69	211	67	204	101	179	145	145	178	100	203	58	208	27	227	69	236	70	234	139	233	142	193	287	166	355	79	366	304	422	468	499	659	598	948	633	764	542	789	807	810	896	908	999	786	836	545	699	464	622	389	475	359	332	365	212	364	128	345	136	302	180	245	221	171	246	103	257	36	251	46	220	94
64	170	1	2	119	0	1953125	12	0.0	0	0.93	0	0	V0.2	0	0	13	86	26	78	46	68	67	55	75	52	80	61	82	73	85	80	101	81	119	90	136	102	135	131	112	159	112	212	115	192	132	196	159	109	229	157	336	202	285	325	337	473	401	634	544	790	823	816	647	640	761	830	891	872	1000	981	891	820	620	657	560	585	497	431	440	306	380	262	303	254	230	260	183	244	163	207	159	168	164	138	154	118	139	113	117
