34928	35048	35167	35286	35405	35524	35644	35763	35882	36001	36120	36240	36359	36478	36597	36716	36836	36955	37074	37193	37313	37432	37551	37670	37789	37909	38028	38147	38266	38385	38505	38624	38743	38862	38981	39101	39220	39339	39458	39577	39697	39816	39935	40054	40174	40293	40412	40531	40650	40770	40889	41008	41127	41246	41366	41485	41604	41723	41842	41962	42081	42200	42319	42439	42558	42677	42796	42915	43035	43154	43273	43392	43511	43631	43750	43869	43988	44107	44227	44346	44465	44584	44703	44823	44942
64	170	1	2	119	0	1953125	12	0.0	1933	1.35	0	0	V0.2	0	0	44	73	45	69	57	74	52	75	68	72	48	89	65	80	58	103	76	78	96	97	102	66	128	95	104	86	117	106	74	123	86	111	92	165	136	108	192	153	205	109	239	220	126	40	156	225	63	291	448	531	338	678	846	815	580	730	1000	846	530	280	351	290	177	187	186	219	140	239	229	204	181	184	211	127	176	157	165	109	141	148	108	108	116	121	78
64	170	2	2	119	0	1953125	12	0.0	1981	1.36	0	0	V0.2	0	0	57	65	65	61	86	67	78	77	92	77	77	101	88	97	96	122	103	113	131	125	130	128	160	139	156	162	166	171	175	204	172	217	223	244	239	280	316	258	323	367	446	334	365	458	483	398	433	615	580	607	735	999	836	514	402	423	237	125	363	435	398	293	367	331	263	210	224	250	176	221	218	228	176	198	191	157	163	167	168	131	155	143	128	118	131
64	170	2	2	119	0	1953125	12	0.0	1993	1.36	0	0	V0.2	0	0	61	72	64	90	53	94	77	95	70	103	93	97	91	117	101	108	113	128	118	122	153	133	156	137	189	143	188	180	201	179	187	224	180	218	240	298	257	261	327	269	199	162	363	395	397	462	520	474	244	333	387	437	528	896	1000	769	460	358	358	164	141	254	342	249	182	234	235	216	177	265	244	210	196	209	202	148	180	166	153	124	143	132	107	115	121
64	170	1	2	119	0	1953125	12	0.0	1938	1.35	0	0	V0.2	0	0	43	66	77	57	67	68	92	54	76	83	87	74	83	98	85	79	100	101	94	102	115	128	93	151	112	149	100	173	147	121	135	125	145	87	189	199	129	101	135	224	91	167	380	557	541	482	647	633	493	182	568	781	691	605	896	1000	627	194	118	267	194	15	108	158	195	78	127	166	133	109	131	199	126	137	140	158	124	103	143	118	105	95	116	95	77
64	170	1	2	119	0	1953125	12	0.0	2036	1.37	0	0	V0.2	0	0	78	80	79	78	95	94	86	94	111	89	109	107	127	95	141	129	137	136	166	170	146	199	174	208	172	260	211	258	248	285	274	282	345	331	437	420	457	340	425	444	433	481	697	833	689	680	741	811	598	673	955	1000	753	521	781	637	259	343	533	388	287	373	481	406	289	379	357	329	257	330	290	240	250	246	225	187	234	187	175	164	181	140	144	155	133
64	170	2	2	119	0	1953125	12	0.0	2021	1.37	0	0	V0.2	0	0	58	92	55	81	51	114	48	92	82	109	64	101	109	111	91	135	131	119	128	155	166	120	203	165	203	132	247	201	216	256	308	327	241	358	364	336	288	399	510	347	307	335	495	429	500	717	685	560	430	686	530	273	556	999	909	433	421	618	535	196	360	460	421	271	238	423	346	271	254	335	308	175	255	247	237	148	218	206	148	151	173	172	109	152	156
64	170	2	2	119	0	1953125	12	0.0	1965	1.36	0	0	V0.2	0	0	66	82	71	94	52	108	72	97	70	109	88	94	93	117	93	107	112	127	109	108	143	109	142	108	177	113	143	126	130	111	111	181	141	175	194	218	226	120	233	221	293	246	333	399	355	424	418	486	363	599	776	850	746	809	1000	816	451	311	466	329	120	20	174	229	117	80	129	197	165	125	212	174	171	126	178	157	125	150	142	139	98	131	122	101	95
64	170	2	2	119	0	1953125	12	0.0	1958	1.36	0	0	V0.2	0	0	52	45	60	64	49	68	61	69	58	72	75	60	78	73	81	62	83	85	76	87	95	98	89	92	114	84	110	89	130	79	84	72	75	88	89	145	97	160	107	121	94	165	267	311	386	355	467	430	382	438	633	797	863	1000	934	855	687	545	326	63	58	67	72	46	75	104	133	93	101	162	124	138	114	169	135	116	127	124	125	100	128	106	102	100	112
64	170	2	2	119	0	1953125	12	0.0	2076	1.38	0	0	V0.2	0	0	55	69	49	101	71	83	64	98	44	94	67	94	50	115	74	94	96	129	95	95	145	106	143	129	223	97	201	141	225	109	203	203	150	181	140	276	161	348	197	239	158	314	185	291	468	655	747	558	815	600	504	428	828	895	821	825	937	1000	626	530	347	346	254	230	248	156	165	187	228	125	236	153	191	115	205	148	136	145	132	118	95	139	87	100	105
64	170	2	2	119	0	1953125	12	0.0	1996	1.36	0	0	V0.2	0	0	87	92	80	113	115	92	115	122	126	108	126	146	124	133	147	160	144	154	189	187	159	201	195	231	150	252	211	238	198	256	282	192	224	226	309	296	316	424	379	423	359	483	413	322	462	641	773	624	872	1000	990	786	778	929	766	615	616	742	428	176	232	317	350	174	270	328	351	290	241	341	273	259	240	299	279	209	254	242	234	178	208	212	171	164	174
64	170	2	2	119	0	1953125	12	0.0	2053	1.37	0	0	V0.2	0	0	71	86	110	75	95	98	125	82	111	128	111	116	125	150	110	152	159	151	154	184	206	166	220	222	221	204	250	267	224	297	308	325	275	376	398	352	405	447	553	464	586	557	518	442	550	614	430	595	850	1000	643	634	829	803	350	562	804	646	412	507	678	457	305	330	470	414	305	408	390	361	278	353	311	243	252	262	241	185	240	208	181	167	190	154	143
64	170	2	2	119	0	1953125	12	0.0	2071	1.38	0	0	V0.2	0	0	75	75	78	89	70	101	72	89	90	101	99	85	124	98	116	102	137	120	125	160	151	162	157	202	204	170	215	197	244	183	263	249	257	278	284	397	305	412	330	481	442	438	374	272	442	405	386	383	799	837	729	595	783	999	710	474	445	630	423	477	534	572	533	360	473	415	403	310	332	348	255	287	238	279	200	244	224	206	197	189	196	140	162	147	144
64	170	2	2	119	0	1953125	12	0.0	2016	1.37	0	0	V0.2	0	0	76	78	93	60	112	72	101	74	120	91	104	104	131	98	116	121	143	115	131	162	136	151	137	203	142	162	164	185	165	160	246	215	196	190	208	202	49	187	230	323	284	443	506	379	282	324	510	391	394	701	992	1000	637	691	811	766	438	473	474	320	189	245	375	264	208	214	294	295	186	244	242	251	200	229	250	191	192	184	205	159	154	172	154	134	125
64	170	2	2	119	0	1953125	12	0.0	2076	1.38	0	0	V0.2	0	0	84	98	116	86	122	97	131	101	124	123	110	147	124	164	121	177	155	172	179	179	215	175	254	207	266	223	285	287	287	324	282	377	328	413	364	489	566	577	681	694	841	671	751	810	856	769	565	807	801	753	402	803	936	933	627	869	1000	884	754	628	699	460	555	546	665	592	495	526	425	448	342	415	337	338	302	284	278	244	272	212	239	209	224	183	199
64	170	2	2	119	0	1953125	12	0.0	2121	1.38	0	0	V0.2	0	0	62	60	69	61	75	80	62	65	87	69	76	67	108	57	103	87	108	85	116	139	97	157	130	176	106	190	167	164	167	185	204	160	300	280	321	325	450	484	419	557	584	674	543	546	574	400	218	280	558	327	111	334	516	237	421	856	999	829	570	745	621	482	319	513	537	381	361	357	396	228	239	257	221	174	174	215	127	157	158	163	98	132	139	105	101
64	170	2	2	119	0	1953125	12	0.0	1778	1.32	0	0	V0.2	0	0	30	30	78	28	69	44	59	58	36	52	52	56	33	56	42	62	11	63	74	46	53	41	98	119	38	127	68	166	109	81	192	176	187	227	207	404	348	346	303	311	445	269	369	414	548	510	351	477	546	468	583	607	654	965	1000	940	614	629	748	585	491	256	337	355	241	220	135	128	239	137	97	79	120	175	57	81	78	94	85	24	103	92	72	51	67
64	170	2	2	119	0	1953125	12	0.0	1745	1.32	0	0	V0.2	0	0	15	38	21	55	38	40	21	51	28	31	7	53	8	44	18	59	12	48	54	24	57	20	96	32	108	67	101	65	99	115	59	159	140	200	46	160	164	87	215	167	248	279	287	474	542	708	628	999	994	914	589	576	406	250	477	547	529	780	546	520	517	592	334	214	205	223	189	13	126	70	97	50	102	110	23	71	38	74	13	62	49	44	42	53	60
64	170	2	2	119	0	1953125	12	0.0	2101	1.38	0	0	V0.2	0	0	62	79	44	96	47	91	71	88	83	72	96	70	109	86	104	104	107	111	131	126	154	131	190	122	209	149	239	182	261	207	259	216	237	248	325	294	370	433	528	497	553	663	673	716	618	646	413	499	563	671	359	407	427	451	421	922	1000	803	436	765	807	668	371	487	510	423	338	382	372	278	317	291	285	231	270	200	219	190	197	159	190	146	154	148	154
64	170	2	2	119	0	1953125	12	0.0	2053	1.37	0	0	V0.2	0	0	81	86	63	104	52	100	60	104	64	100	90	109	91	117	108	122	102	126	124	115	147	133	187	128	214	163	198	159	197	218	176	243	248	312	260	223	283	210	254	179	342	368	520	599	528	461	302	359	261	342	551	953	999	893	892	823	803	464	101	199	318	269	191	332	341	368	276	254	293	214	221	183	252	201	189	197	180	177	134	169	145	138	129	137	126
64	170	2	2	119	0	1953125	12	0.0	2001	1.36	0	0	V0.2	0	0	44	51	50	60	64	49	73	60	68	62	74	77	62	82	81	82	75	92	102	90	89	122	94	115	81	155	86	122	96	132	101	80	156	121	149	103	240	222	192	225	215	265	213	370	394	345	380	527	827	731	650	657	948	1000	643	348	295	367	145	117	136	135	53	104	183	157	169	107	164	167	117	153	132	171	116	145	138	118	120	115	138	100	107	105	105
64	170	2	2	119	0	1953125	12	0.0	1996	1.36	0	0	V0.2	0	0	66	76	74	63	97	76	86	76	105	84	83	101	103	95	96	121	115	105	127	137	123	129	140	159	115	165	145	170	120	167	158	138	167	172	208	152	244	237	220	166	203	251	160	215	287	345	284	501	741	774	687	723	1000	950	607	278	514	474	172	185	298	285	144	218	264	278	204	175	242	189	173	158	211	173	153	177	162	144	122	159	134	119	122	130	108
64	170	2	2	119	0	1953125	12	0.0	1991	1.36	0	0	V0.2	0	0	76	63	96	88	78	86	102	95	92	104	120	93	124	120	134	103	139	143	130	143	154	169	141	182	200	174	189	192	231	156	206	228	240	246	264	355	256	293	269	380	356	420	535	512	478	405	560	483	235	391	723	733	470	767	1000	979	603	673	698	510	261	204	369	280	208	208	349	315	223	276	285	291	204	272	254	223	205	220	218	156	182	178	166	135	157
64	170	2	2	119	0	1953125	12	0.0	1993	1.36	0	0	V0.2	0	0	58	87	72	90	55	110	81	96	85	123	94	106	109	136	101	127	133	138	124	141	173	133	175	159	199	134	193	188	186	177	200	236	168	234	251	285	258	343	447	389	421	461	556	441	430	653	694	537	274	613	609	374	483	1000	989	671	558	654	549	165	110	204	265	157	165	278	252	212	182	273	230	202	226	230	211	164	216	183	163	149	168	147	126	147	137
64	170	2	2	119	0	1953125	12	0.0	2036	1.37	0	0	V0.2	0	0	83	85	59	102	88	85	81	116	90	99	105	130	89	127	127	137	111	155	161	137	173	177	201	144	226	199	203	181	245	245	213	282	282	295	258	360	365	302	340	405	457	360	487	537	514	468	655	785	610	613	812	1000	698	470	599	691	430	406	496	390	331	387	525	415	327	319	369	339	245	313	291	281	232	283	252	207	219	219	204	161	194	169	151	145	159
64	170	2	2	119	0	1953125	12	0.0	2058	1.37	0	0	V0.2	0	0	97	69	91	89	101	77	109	104	102	92	136	112	125	120	164	125	148	164	170	166	170	226	179	217	213	265	224	248	289	269	287	292	366	323	342	394	394	393	334	492	481	549	540	589	553	478	626	620	609	595	943	1000	865	729	885	979	704	525	483	479	282	324	419	419	348	307	426	365	320	296	343	319	249	294	266	257	206	251	217	184	189	195	179	148	170
64	170	2	2	119	0	1953125	12	0.0	2016	1.37	0	0	V0.2	0	0	82	78	72	88	82	93	79	106	94	96	104	114	115	108	132	135	130	140	157	159	157	171	203	168	198	183	234	185	233	240	243	243	241	301	243	305	334	390	354	316	399	390	426	504	706	758	669	686	779	850	595	608	856	999	782	572	702	684	513	314	408	400	347	314	329	372	273	269	290	313	277	251	293	252	246	218	246	214	190	200	188	173	151	171	156
64	170	2	2	119	0	1953125	12	0.0	1963	1.36	0	0	V0.2	0	0	56	76	66	84	48	97	72	86	65	101	82	88	82	111	83	97	100	116	103	101	135	109	124	104	143	109	115	131	123	115	98	156	135	150	197	229	271	217	316	306	323	292	296	379	314	304	323	370	222	331	587	694	594	669	999	941	627	396	541	489	282	176	172	250	163	105	171	205	190	133	216	196	171	147	175	176	119	142	143	139	104	122	127	99	92
64	170	2	2	119	0	1953125	12	0.0	1981	1.36	0	0	V0.2	0	0	75	61	76	80	75	75	89	92	85	88	107	92	106	101	125	104	122	129	130	134	136	164	145	173	172	178	181	191	218	186	226	223	227	206	225	274	210	266	298	386	287	246	292	323	308	334	521	475	423	442	642	593	541	780	1000	940	615	583	559	467	269	307	376	318	264	251	323	250	219	243	271	244	209	255	219	209	187	214	184	166	177	167	149	138	156
64	170	2	2	119	0	1953125	12	0.0	1863	1.34	0	0	V0.2	0	0	18	53	26	31	8	59	45	23	22	52	35	24	17	55	31	32	38	44	24	16	46	57	20	51	19	67	45	58	24	27	53	91	14	130	167	134	151	239	382	222	180	183	269	139	295	400	243	157	367	419	251	740	979	964	548	880	1000	894	719	855	739	408	289	246	339	256	131	168	176	215	129	141	181	138	140	106	169	128	108	126	129	129	89	122	118
64	170	2	2	119	0	1953125	12	0.0	1948	1.35	0	0	V0.2	0	0	71	61	63	62	77	69	74	75	81	68	90	79	93	77	107	86	98	100	108	110	101	138	104	132	102	152	110	140	131	146	145	131	163	131	186	154	212	220	272	248	191	293	368	418	380	535	569	470	387	526	547	431	698	1000	995	635	581	570	410	153	221	241	199	162	167	244	167	151	166	208	183	177	212	174	176	161	190	144	154	154	141	121	128	134	107
64	170	2	2	119	0	1953125	12	0.0	1963	1.36	0	0	V0.2	0	0	86	94	72	118	77	106	87	124	84	111	109	131	93	132	124	138	116	152	154	131	158	148	187	130	201	170	205	178	198	200	168	212	186	219	211	222	238	120	197	216	279	162	308	406	428	380	413	544	407	551	763	999	763	741	958	943	577	505	725	621	506	365	449	386	262	255	285	332	226	265	274	259	217	215	250	183	195	190	205	158	161	175	144	130	136
64	170	2	2	119	0	1953125	12	0.0	2011	1.36	0	0	V0.2	0	0	79	70	79	87	75	82	88	94	87	92	108	94	113	109	129	111	136	139	139	151	154	180	159	201	187	208	205	238	244	227	269	260	272	251	322	331	317	376	411	428	317	412	474	518	502	592	670	557	533	534	596	505	737	956	999	803	719	739	587	424	319	445	395	355	336	376	351	282	332	324	322	270	298	274	239	233	230	219	180	197	179	167	157	169	152
64	170	2	2	119	0	1953125	12	0.0	2021	1.37	0	0	V0.2	0	0	94	112	118	94	121	113	130	107	136	133	129	146	150	159	147	176	179	174	185	202	210	207	227	252	222	265	265	321	270	335	350	349	334	317	402	333	404	420	513	439	410	498	516	543	502	642	622	556	607	644	583	506	844	977	868	673	948	1000	777	560	533	624	495	464	438	498	438	360	411	378	367	297	351	324	288	283	278	270	213	235	216	198	179	196	185
64	170	2	2	119	0	1953125	12	0.0	1981	1.36	0	0	V0.2	0	0	80	77	80	116	58	109	86	122	79	124	121	122	115	149	141	138	141	174	164	151	194	178	208	160	267	207	246	222	285	270	210	283	276	307	256	337	363	241	293	370	489	337	455	628	714	658	556	753	654	567	567	891	895	716	840	999	897	540	568	593	565	411	288	399	302	265	232	345	323	240	304	296	310	215	282	269	233	218	225	236	169	189	190	182	150
64	170	2	2	119	0	1953125	12	0.0	2003	1.36	0	0	V0.2	0	0	102	72	72	83	107	84	93	114	113	79	129	119	126	85	165	129	129	146	183	175	138	220	192	200	190	260	244	200	274	251	260	235	367	346	338	470	528	584	456	742	774	712	605	720	832	507	495	691	844	525	649	976	1000	689	368	789	561	284	76	298	238	65	208	347	337	131	318	345	307	200	254	317	187	218	215	252	147	176	196	153	133	151	173	108	130
64	170	2	2	119	0	1953125	12	0.0	2056	1.37	0	0	V0.2	0	0	62	63	23	40	64	74	36	59	58	32	64	56	65	17	105	69	58	65	97	84	46	149	104	116	88	189	128	130	192	194	180	162	310	237	214	307	400	363	220	510	510	415	246	554	670	387	386	517	589	254	350	540	522	156	610	1000	707	359	98	411	349	41	230	424	369	109	279	296	255	86	192	219	85	92	126	153	27	120	107	71	49	112	98	35	77
64	170	2	2	119	0	1953125	12	0.0	2033	1.37	0	0	V0.2	0	0	98	98	80	127	86	116	93	135	98	125	127	143	120	150	154	161	147	181	187	172	197	198	233	180	262	236	267	231	292	309	270	308	308	344	287	361	424	402	433	484	647	579	592	652	709	686	595	741	649	527	434	661	630	391	608	1000	981	601	522	552	574	366	291	394	390	364	303	408	384	313	305	314	330	235	265	246	236	195	204	210	163	170	170	173	138
64	170	2	2	119	0	1953125	12	0.0	1981	1.36	0	0	V0.2	0	0	47	51	81	45	74	57	96	53	81	80	95	63	92	93	101	73	112	112	97	109	121	145	91	150	145	154	113	137	166	108	115	133	180	142	148	227	208	221	171	329	337	290	292	349	410	258	383	501	557	560	766	1000	892	665	494	591	390	134	105	174	187	43	73	91	115	55	115	193	153	144	133	190	154	120	159	154	148	110	154	139	108	111	125	122	86
64	170	2	2	119	0	1953125	12	0.0	1960	1.36	0	0	V0.2	0	0	57	22	67	57	73	20	90	62	56	42	89	61	43	69	98	51	55	93	98	61	66	130	73	83	71	149	77	66	92	96	55	68	166	129	80	89	155	168	17	181	239	248	136	99	214	68	186	407	511	384	725	1000	949	518	583	927	705	364	212	483	436	232	90	87	213	117	66	155	179	102	92	180	115	86	96	160	106	76	128	116	85	70	123	95	60
64	170	2	2	119	0	1953125	12	0.0	1996	1.36	0	0	V0.2	0	0	58	59	63	68	77	59	81	78	77	78	84	98	70	100	87	99	85	113	115	97	130	126	142	119	156	157	131	150	147	174	122	170	167	173	182	120	172	160	278	218	256	246	281	272	111	112	180	341	455	716	679	673	760	1000	913	613	643	738	645	289	169	202	243	154	137	245	213	186	157	264	215	182	203	221	210	159	213	178	169	151	179	153	127	145	140
64	170	2	2	119	0	1953125	12	0.0	2013	1.37	0	0	V0.2	0	0	60	69	64	106	41	98	69	101	56	102	87	87	82	117	94	95	108	130	105	104	145	110	126	100	177	79	129	124	176	105	154	223	179	182	162	288	255	114	103	141	212	42	154	182	246	240	362	392	225	438	648	768	509	779	1000	913	489	497	615	485	345	291	408	303	273	247	285	286	197	250	213	241	190	218	201	186	201	178	188	156	177	153	144	139	136
64	170	2	2	119	0	1953125	12	0.0	2096	1.38	0	0	V0.2	0	0	75	59	111	53	101	62	118	58	110	95	104	89	114	118	102	124	138	127	135	157	159	142	172	199	163	187	201	244	170	247	245	285	271	350	392	304	350	336	451	371	526	518	578	596	612	613	332	444	514	549	257	640	811	758	451	737	1000	895	747	674	751	530	399	314	353	340	310	383	331	353	274	314	257	274	263	235	229	203	217	163	187	167	168	140	158
64	170	2	2	119	0	1953125	12	0.0	2066	1.37	0	0	V0.2	0	0	62	57	90	61	80	76	94	68	88	91	99	68	108	100	108	85	126	121	103	121	132	138	105	150	161	136	146	166	207	146	176	200	202	192	164	271	226	222	168	232	236	110	141	164	262	326	512	514	385	360	423	428	267	658	946	1000	690	594	595	470	311	272	418	348	299	267	319	312	196	238	247	261	195	222	240	192	179	176	198	145	147	161	149	121	125
64	170	2	2	119	0	1953125	12	0.0	1868	1.34	0	0	V0.2	0	0	8	36	38	15	28	34	57	6	21	34	55	10	18	42	62	12	22	42	46	25	14	79	56	30	29	96	103	19	103	108	117	67	124	180	50	139	185	288	140	163	206	171	140	79	27	271	416	513	502	624	934	859	636	634	999	846	243	246	361	191	220	187	104	17	181	178	18	111	125	132	46	82	100	41	26	47	89	37	37	57	59	39	27	68	51
64	170	2	2	119	0	1953125	12	0.0	2108	1.38	0	0	V0.2	0	0	83	94	52	110	70	96	76	114	74	98	117	87	111	114	124	91	148	132	110	153	152	144	129	205	134	181	187	227	168	269	244	232	248	305	252	231	337	271	232	294	373	136	281	426	447	368	762	786	462	490	924	851	323	704	1000	670	314	584	404	123	218	406	234	167	230	288	157	234	264	210	210	250	238	160	235	195	160	156	197	119	131	152	127	84	136
64	170	2	2	119	0	1953125	12	0.0	0	0.98	0	0	V0.2	0	0	43	30	34	68	87	74	37	20	54	57	36	10	33	45	37	20	16	7	14	27	11	25	72	114	98	81	58	97	118	174	198	119	138	211	188	136	339	321	88	257	398	226	349	629	421	240	668	763	214	703	907	370	439	1000	754	182	997	742	220	606	527	155	385	342	138	140	277	288	193	222	188	122	124	168	179	145	114	88	74	75	86	77	55	36	26
64	170	2	2	119	0	1953125	12	0.0	2111	1.38	0	0	V0.2	0	0	45	59	58	40	53	74	61	49	62	72	73	68	63	75	85	82	81	87	90	99	112	92	97	126	129	111	118	149	152	138	159	155	155	135	188	139	158	238	211	221	303	227	244	419	317	332	409	573	297	249	472	448	18	831	1000	262	562	731	270	255	374	75	210	225	128	182	187	194	185	209	218	162	174	179	142	139	148	128	122	125	114	108	104	99	93
64	170	2	2	119	0	1953125	12	0.0	2076	1.38	0	0	V0.2	0	0	91	89	99	112	79	120	92	119	97	128	121	113	131	136	136	127	145	159	147	154	180	165	194	154	235	147	231	183	262	213	211	271	206	219	120	249	210	254	295	373	462	367	467	441	465	448	517	647	639	887	910	1000	850	862	754	538	605	784	877	625	511	426	516	477	292	340	339	393	295	319	358	292	292	248	329	250	246	241	248	222	178	216	179	163	147
64	170	2	2	119	0	1953125	12	0.0	2068	1.37	0	0	V0.2	0	0	102	97	95	98	110	115	97	118	122	113	117	126	142	113	144	149	150	141	165	179	153	164	189	182	180	180	245	194	224	209	239	195	183	261	230	263	207	329	274	225	287	418	470	389	553	635	595	442	529	675	508	478	761	1000	737	583	666	779	630	504	504	409	379	259	324	303	256	262	273	310	236	273	254	246	217	218	235	182	191	182	187	150	153	159	140
64	170	2	2	119	0	1953125	12	0.0	2081	1.38	0	0	V0.2	0	0	99	83	101	104	125	79	137	115	118	114	144	140	106	157	158	146	135	184	185	150	192	226	189	185	210	271	165	243	235	285	199	284	355	258	311	333	503	307	295	362	463	373	408	695	705	757	798	984	834	606	828	999	914	489	800	851	684	584	789	675	453	459	489	552	302	258	330	340	272	276	413	306	288	273	342	262	217	277	246	207	179	242	185	154	179
64	170	2	2	119	0	1953125	12	0.0	2083	1.38	0	0	V0.2	0	0	103	70	110	88	118	65	137	100	113	99	141	111	113	133	158	120	136	161	161	144	160	212	145	187	172	250	157	224	219	216	183	215	308	223	279	300	362	263	218	384	427	446	420	633	643	508	533	610	671	627	944	1000	842	499	674	747	543	506	522	507	289	195	220	257	169	181	315	271	227	178	288	248	185	230	241	229	145	208	192	159	143	175	163	108	132
64	170	2	2	119	0	1953125	12	0.0	2071	1.38	0	0	V0.2	0	0	46	50	74	27	73	52	67	30	81	61	59	50	92	60	65	71	99	61	65	102	78	81	76	147	78	99	98	140	93	109	170	120	96	95	182	155	90	190	198	186	10	181	203	163	200	371	410	179	352	514	599	500	838	1000	809	477	336	473	234	32	152	249	207	74	139	169	165	60	179	173	123	109	161	179	95	142	147	143	89	123	136	91	86	104	107
64	170	2	2	119	0	1953125	12	0.0	1650	1.30	0	0	V0.2	0	0	17	34	59	6	58	22	57	48	27	36	38	54	19	50	17	62	37	34	41	54	43	72	5	100	53	93	86	57	134	79	80	116	97	124	221	111	247	235	320	340	299	420	311	241	141	194	215	559	749	959	913	822	1000	766	492	53	471	401	498	627	751	488	283	213	124	174	87	26	60	22	81	88	21	100	67	74	80	25	73	54	39	49	33	58	39
64	170	2	2	119	0	1953125	12	0.0	10581	2.84	0	0	V0.2	0	0	5	16	22	29	30	21	17	32	33	14	12	31	26	15	12	24	18	19	11	4	17	27	29	70	31	57	48	41	23	75	82	29	79	128	165	142	82	57	234	210	299	365	286	297	390	253	66	232	303	181	145	952	642	596	820	346	639	1000	770	136	311	115	78	91	89	20	81	52	80	20	62	29	31	59	19	56	21	5	16	8	24	14	12	5	7
64	170	2	2	119	0	1953125	12	0.0	10586	2.84	0	0	V0.2	0	0	71	93	2	86	24	106	21	74	17	53	36	68	40	42	76	84	39	74	110	89	69	117	206	77	157	97	246	97	167	201	205	149	156	420	333	258	150	390	470	143	150	412	628	417	144	468	773	904	504	44	400	969	999	761	544	125	302	298	275	219	76	135	185	290	141	185	67	213	205	131	158	108	203	75	116	74	120	84	96	123	67	92	87	126	81
64	170	2	2	119	0	1953125	12	0.0	2764	1.49	0	0	V0.2	0	0	156	243	340	398	425	419	387	302	286	236	225	255	279	268	284	237	164	105	40	170	254	373	467	540	573	551	588	498	462	419	308	445	410	647	655	640	780	811	720	804	583	547	682	571	646	577	764	781	822	1000	526	974	466	735	706	522	979	592	712	649	842	514	713	557	670	516	492	469	456	488	437	443	417	429	406	343	319	255	241	209	184	179	175	104	105
64	170	2	2	119	0	1953125	12	0.0	2731	1.49	0	0	V0.2	0	0	20	28	20	47	47	28	35	34	30	36	32	37	9	55	32	30	15	49	42	8	61	52	55	34	83	81	52	71	65	117	78	140	132	127	209	188	249	69	169	219	307	219	96	266	355	492	379	245	190	287	491	348	217	429	888	999	739	337	253	542	553	440	223	104	214	144	126	95	175	123	98	136	76	63	39	116	63	29	43	70	52	25	66	50	31
64	170	2	2	119	0	1953125	12	0.0	11967	3.07	0	0	V0.2	0	0	6	11	22	31	33	17	31	21	14	19	13	10	20	20	21	12	11	12	10	26	11	8	16	23	61	48	58	26	22	99	74	11	69	167	159	100	62	111	157	221	191	79	125	584	277	405	149	188	353	445	301	135	783	287	999	865	608	785	884	501	159	203	233	146	51	29	70	35	43	39	78	26	63	9	48	29	36	41	15	26	13	18	11	27	17
64	170	2	2	119	0	1953125	12	0.0	644	1.13	0	0	V0.2	0	0	149	262	349	429	428	425	412	358	281	226	232	268	264	278	277	248	186	98	53	146	263	381	473	586	581	578	593	553	471	410	370	382	500	578	677	787	802	744	718	827	664	586	617	591	601	673	769	794	833	707	898	1000	588	583	810	496	674	708	598	723	678	747	713	614	598	558	529	476	480	475	445	470	459	463	402	354	320	255	272	215	181	183	157	136	98
64	170	2	2	119	0	1953125	12	0.0	2071	1.38	0	0	V0.2	0	0	31	40	27	37	57	9	37	55	25	43	33	50	21	61	40	35	59	41	55	40	58	65	53	57	94	38	91	76	46	114	65	104	47	56	112	182	161	172	214	197	299	196	283	345	51	277	68	410	228	296	604	192	905	1000	467	401	747	901	647	414	223	357	410	276	77	157	189	186	196	124	140	101	116	136	65	113	83	83	92	79	77	80	71	63	76
64	170	2	2	119	0	1953125	12	0.0	0	0.99	0	0	V0.2	0	0	109	165	194	134	102	199	233	160	95	187	215	128	72	185	206	134	136	224	228	157	143	182	141	72	152	170	90	148	296	280	114	110	345	313	142	130	377	263	115	269	552	394	321	377	693	512	549	645	750	598	731	860	995	628	1000	987	848	734	678	629	412	450	242	279	416	449	237	217	387	396	183	157	322	310	133	106	249	246	99	97	190	167	104	148	181
64	170	2	2	119	0	1953125	12	0.0	2006	1.36	0	0	V0.2	0	0	23	24	43	38	13	43	55	35	29	46	52	45	30	44	61	54	45	58	60	72	86	66	64	106	114	69	107	138	109	155	145	138	130	260	122	229	296	232	279	304	418	461	108	359	82	530	373	383	596	238	675	873	1000	397	500	562	386	328	166	403	568	347	102	145	270	152	107	193	136	111	120	141	105	107	117	68	89	94	73	75	92	64	69	78	65
64	170	2	2	119	0	1953125	12	0.0	0	0.99	0	0	V0.2	0	0	140	143	129	138	159	143	141	177	179	126	109	159	156	91	127	201	194	136	162	203	173	112	128	115	82	143	186	106	130	258	310	144	44	261	361	165	182	498	416	184	353	743	623	193	357	770	400	330	528	614	242	607	1000	758	632	756	901	665	578	407	346	436	369	199	273	359	293	55	210	283	182	33	172	195	123	115	162	135	93	157	162	84	114	205	189
64	170	2	2	119	0	1953125	12	0.0	349	1.08	0	0	V0.2	0	0	26	29	28	39	34	28	44	14	42	8	35	29	30	39	13	48	22	39	37	29	47	31	55	60	67	87	84	109	116	124	156	145	186	107	280	296	381	188	277	329	460	207	172	268	343	346	345	382	43	283	584	340	547	1000	718	189	287	548	627	377	140	166	162	130	51	111	54	99	80	92	54	76	58	47	37	55	38	58	42	43	45	40	36	31	25
64	170	2	2	119	0	1953125	12	0.0	497	1.10	0	0	V0.2	0	0	26	51	28	61	11	82	32	63	35	73	37	57	70	64	64	69	76	59	78	99	79	103	93	120	82	150	126	146	170	186	195	194	280	248	284	347	509	409	290	494	668	594	299	223	380	637	500	81	220	124	676	900	694	312	386	144	716	1000	790	407	445	534	496	367	287	372	270	227	175	230	147	130	152	145	118	119	140	77	91	86	98	57	100	83	72
64	170	2	2	119	0	1953125	12	0.0	2141	1.39	0	0	V0.2	0	0	41	4	46	39	13	46	62	13	30	44	40	19	31	57	24	30	41	35	34	47	14	92	38	36	77	122	70	174	107	64	165	117	261	220	117	262	103	235	343	281	525	415	407	256	200	138	674	737	197	676	607	498	880	590	428	648	1000	812	318	229	462	233	183	226	83	218	40	165	134	97	97	113	50	78	50	44	92	63	58	54	59	37	68	41	45
64	170	2	2	119	0	1953125	12	0.0	2386	1.43	0	0	V0.2	0	0	37	21	70	16	77	22	58	14	68	27	40	65	42	60	36	66	18	67	70	34	79	42	84	56	131	59	131	84	137	74	210	198	262	235	292	246	241	303	346	394	440	558	346	337	332	484	333	567	643	549	398	180	302	744	910	942	1000	729	618	406	265	64	255	249	251	182	119	137	144	216	106	126	51	126	49	128	68	86	49	99	57	70	67	68	51
64	170	2	2	119	0	1953125	12	0.0	0	0.80	0	0	V0.2	0	0	83	82	92	114	107	98	93	58	38	14	30	64	86	103	117	120	115	113	109	112	118	151	152	181	203	213	221	209	216	196	233	242	156	304	162	282	216	238	438	236	236	27	110	244	430	389	215	349	260	247	500	497	803	996	293	818	646	1000	718	363	959	761	626	501	524	466	328	314	283	257	196	176	167	167	135	141	133	129	98	75	54	42	44	73	92
64	170	2	2	119	0	1953125	12	0.0	2609	1.47	0	0	V0.2	0	0	18	20	40	44	25	4	30	35	41	35	22	12	24	35	35	39	22	30	44	25	34	56	75	68	30	72	121	118	95	80	178	115	115	111	184	224	302	371	408	518	214	319	53	315	155	701	437	1000	767	488	869	286	150	272	132	289	261	201	285	445	43	469	194	285	158	145	115	135	107	117	116	58	40	70	80	61	38	51	50	46	22	26	35	32	28
64	170	2	2	119	0	1953125	12	0.0	19411	4.35	0	0	V0.2	0	0	33	19	17	15	29	29	26	32	17	9	25	22	24	21	45	33	34	13	21	25	15	39	40	44	59	20	67	58	114	115	133	38	174	85	128	79	92	80	185	63	566	306	106	238	185	275	127	461	618	522	275	211	247	938	999	272	684	739	902	871	326	82	187	163	186	76	28	94	40	48	56	100	75	70	10	47	2	42	43	25	32	9	18	33	34
64	170	2	2	119	0	1953125	12	0.0	2614	1.47	0	0	V0.2	0	0	185	270	384	451	441	462	444	356	326	275	241	265	289	331	298	259	189	116	59	151	293	415	521	612	628	648	624	553	501	444	401	430	520	622	711	787	882	826	874	796	688	682	629	544	703	747	754	858	1000	931	790	728	852	809	591	513	706	773	847	753	626	754	734	691	649	578	519	547	525	499	518	505	485	461	428	376	325	297	250	239	226	212	184	137	91
64	170	2	2	119	0	1953125	12	0.0	0	0.83	0	0	V0.2	0	0	54	62	70	78	88	87	88	70	43	21	20	36	50	69	67	71	61	52	44	45	68	73	89	99	107	112	87	98	77	105	74	141	130	104	72	110	210	181	352	222	247	243	261	371	172	390	383	311	264	291	576	915	380	734	1000	604	159	211	406	180	394	162	193	73	163	121	68	102	63	78	97	89	93	99	111	100	106	110	104	100	89	74	44	30	5
64	170	2	2	119	0	1953125	12	0.0	21531	4.71	0	0	V0.2	0	0	8	15	16	22	23	25	12	16	15	9	14	19	11	18	12	7	15	3	9	6	22	28	27	33	23	16	35	29	10	16	16	39	25	70	130	43	128	107	56	152	104	69	161	141	433	154	478	166	366	93	567	556	720	723	481	1000	98	136	529	126	285	102	159	133	19	66	59	40	66	57	6	29	14	5	10	14	22	27	25	22	11	18	12	13	7
64	170	2	2	119	0	1953125	12	0.0	2624	1.47	0	0	V0.2	0	0	175	289	421	489	509	481	451	391	315	246	281	286	319	335	304	284	202	111	59	172	308	447	530	627	700	692	664	632	537	467	437	458	582	656	791	820	928	919	897	844	778	730	713	621	666	857	881	843	1000	927	961	914	881	689	862	565	749	766	748	891	791	829	750	776	695	629	585	562	558	526	549	542	516	518	474	405	350	349	287	227	217	220	171	168	110
64	170	2	2	119	0	1953125	12	0.0	2519	1.45	0	0	V0.2	0	0	44	14	64	55	40	46	57	64	38	57	74	55	46	54	84	57	45	79	85	60	76	85	120	39	135	65	123	58	185	171	105	187	218	278	129	190	292	313	295	147	465	546	476	284	109	375	361	287	85	475	712	919	1000	731	242	381	878	862	546	361	469	631	499	198	94	302	397	210	89	170	200	156	64	194	143	104	53	121	116	49	96	91	83	44	97
64	170	2	2	119	0	1953125	12	0.0	2371	1.43	0	0	V0.2	0	0	39	66	29	78	58	55	44	70	67	43	21	80	55	51	23	76	60	33	66	84	53	55	97	156	22	124	102	239	134	128	198	202	269	125	256	324	427	493	220	273	300	568	594	249	127	474	942	854	561	463	680	1000	715	489	323	559	572	260	426	440	607	508	273	402	292	300	158	166	223	107	162	104	188	115	74	114	92	106	48	126	91	63	67	86	85
64	170	2	2	119	0	1953125	12	0.0	2353	1.42	0	0	V0.2	0	0	21	12	90	69	43	33	69	55	59	56	73	27	74	45	53	25	88	63	8	71	67	65	38	154	72	99	88	194	155	57	203	158	117	126	364	424	190	349	404	490	189	245	397	384	261	525	1000	924	649	433	714	831	342	43	365	696	643	679	687	447	391	322	564	433	113	100	284	307	40	199	211	177	67	160	175	42	54	122	145	35	100	109	64	16	108
64	170	2	2	119	0	1953125	12	0.0	2316	1.42	0	0	V0.2	0	0	20	48	60	35	69	33	77	22	54	45	52	47	44	61	44	45	45	43	40	49	81	71	81	89	98	128	124	206	112	205	188	205	191	180	387	275	357	257	563	639	492	339	155	382	256	215	453	785	853	680	857	869	1000	842	405	238	112	202	431	718	491	292	261	330	418	174	155	136	211	158	122	198	105	135	47	137	68	89	90	95	88	59	103	67	61
64	170	2	2	119	0	1953125	12	0.0	2303	1.41	0	0	V0.2	0	0	30	46	67	31	75	24	68	33	69	43	46	58	55	56	34	65	60	47	54	57	82	62	84	84	119	128	128	208	142	228	162	227	215	235	339	295	478	377	623	622	497	331	226	540	461	262	212	794	996	823	598	538	1000	787	502	116	523	643	260	383	470	665	418	179	254	289	286	67	238	191	161	119	165	180	34	116	86	112	32	124	103	59	67	93	88
64	170	2	2	119	0	1953125	12	0.0	2361	1.42	0	0	V0.2	0	0	17	47	15	38	34	79	31	20	30	65	3	22	51	54	31	42	37	16	33	54	50	55	56	12	36	134	88	64	109	133	96	77	268	205	125	210	440	468	130	276	399	403	74	401	560	338	224	634	971	690	109	483	973	740	461	821	1000	957	412	328	545	495	318	65	254	131	62	117	200	112	92	149	58	8	104	141	36	77	84	67	13	99	90	15	46
64	170	2	2	119	0	1953125	12	0.0	0	0.81	0	0	V0.2	0	0	220	222	214	208	198	197	198	202	204	212	213	210	204	191	184	184	203	223	247	255	255	241	219	157	126	120	169	207	285	321	344	296	285	142	205	75	151	181	245	207	407	250	404	209	221	262	194	376	257	439	674	418	832	1000	371	797	62	652	316	245	199	122	212	312	271	301	261	216	166	165	120	156	183	230	234	239	222	184	159	136	136	165	199	230	242
64	170	2	2	119	0	1953125	12	0.0	717	1.14	0	0	V0.2	0	0	12	46	12	51	42	41	54	5	49	39	36	53	17	54	44	33	43	35	48	51	42	49	79	3	99	55	114	80	122	155	128	107	231	272	201	176	201	355	254	236	476	622	620	430	173	577	475	660	390	705	799	112	199	890	1000	506	142	170	677	610	330	218	535	487	454	219	288	198	250	164	178	87	107	83	94	94	57	87	55	77	28	63	55	62	49
64	170	2	2	119	0	1953125	12	0.0	2408	1.43	0	0	V0.2	0	0	46	48	80	52	48	95	69	38	78	77	59	55	85	87	46	94	84	86	82	98	98	146	93	121	184	132	179	202	134	215	272	135	305	121	331	323	366	520	98	435	272	497	191	441	321	556	1000	287	862	786	397	536	564	913	324	977	444	650	869	278	598	524	487	471	151	243	413	258	243	234	198	275	172	123	150	130	108	133	93	107	127	78	92	104	89
64	170	2	2	119	0	1953125	12	0.0	2376	1.43	0	0	V0.2	0	0	55	100	47	86	40	123	45	90	72	114	51	105	96	112	58	130	115	102	105	141	162	70	174	124	186	97	237	206	150	152	187	248	147	273	274	261	232	284	416	326	458	389	339	95	550	903	901	860	555	744	696	394	445	860	1000	820	733	485	266	187	570	652	525	393	191	409	348	228	218	265	280	119	244	210	218	141	196	182	103	141	149	153	91	151	141
64	170	2	2	119	0	1953125	12	0.0	2564	1.46	0	0	V0.2	0	0	47	46	42	48	76	19	34	73	56	43	51	76	8	79	63	50	59	97	57	68	123	85	67	126	159	47	121	162	156	103	237	173	98	151	263	148	245	379	377	290	254	405	218	294	396	465	188	338	433	379	540	931	1000	565	233	448	442	233	331	324	306	202	375	364	143	175	260	262	95	210	151	117	101	184	99	84	118	97	42	98	111	38	80	92	64
64	170	2	2	119	0	1953125	12	0.0	10551	2.83	0	0	V0.2	0	0	7	12	14	20	29	23	25	21	16	23	18	15	23	24	16	13	9	9	8	0	15	25	32	51	55	42	59	29	10	74	30	22	43	83	164	25	90	59	92	127	255	218	256	248	436	336	186	435	364	212	487	420	290	902	999	698	356	322	594	567	206	78	142	95	85	131	11	78	16	62	27	39	28	22	7	37	14	18	25	13	8	21	12	20	3
64	170	2	2	119	0	1953125	12	0.0	0	0.84	0	0	V0.2	0	0	697	651	657	678	734	754	772	774	750	711	655	601	599	628	688	763	819	850	856	830	774	677	601	536	512	566	670	770	872	893	934	839	840	663	572	486	525	517	625	750	821	931	963	718	875	763	669	470	486	663	451	924	708	886	651	999	712	633	694	598	600	497	654	614	732	714	723	700	695	664	652	642	650	647	675	653	641	638	601	597	593	606	651	682	709
64	170	2	2	119	0	1953125	12	0.0	2544	1.46	0	0	V0.2	0	0	27	37	51	51	20	15	47	56	50	37	31	27	51	61	63	40	41	51	53	56	79	96	87	49	84	136	142	91	120	189	160	147	145	248	132	132	281	214	127	346	262	448	565	87	523	104	231	210	323	150	632	623	185	1000	718	459	646	415	589	192	251	334	255	194	390	278	211	264	223	191	143	143	183	118	110	101	116	78	72	81	99	85	66	80	73
64	170	2	2	119	0	1953125	12	0.0	2371	1.43	0	0	V0.2	0	0	53	70	69	66	92	42	96	49	99	50	85	72	94	63	100	73	107	83	101	120	72	135	78	152	106	137	149	109	176	132	213	167	82	174	151	299	133	273	212	368	436	439	597	461	401	564	688	949	813	637	387	274	465	715	1000	738	617	531	728	953	878	876	647	452	427	226	297	225	285	263	215	299	202	242	149	168	167	125	160	127	165	118	136	144	135
64	170	2	2	119	0	1953125	12	0.0	2366	1.43	0	0	V0.2	0	0	24	58	42	55	62	53	56	51	57	53	30	71	38	72	33	79	42	53	71	63	81	50	99	76	80	67	76	75	70	122	60	83	21	159	113	177	199	143	167	167	339	329	431	350	193	289	412	702	606	481	264	84	157	474	839	995	1000	697	685	750	771	652	312	317	209	261	204	314	316	191	213	165	226	110	146	123	115	90	116	137	76	107	101	114	73
64	170	2	2	119	0	1953125	12	0.0	2296	1.41	0	0	V0.2	0	0	34	42	93	13	82	26	106	19	69	46	82	25	75	67	88	36	90	72	53	87	100	148	36	169	105	180	100	209	208	119	203	245	353	270	252	389	286	318	71	332	214	207	299	599	780	670	714	559	360	163	557	870	835	1000	793	736	582	306	407	460	640	434	198	197	212	258	103	218	159	130	114	155	196	58	122	86	123	52	95	106	53	63	75	104	54
64	170	2	2	119	0	1953125	12	0.0	2286	1.41	0	0	V0.2	0	0	33	51	87	15	83	35	96	16	81	56	67	56	74	68	53	80	88	61	67	94	97	97	129	185	101	178	119	219	101	217	213	274	355	367	499	315	428	336	297	174	358	527	382	345	475	897	793	745	939	1000	973	423	430	653	781	603	459	710	400	75	246	513	417	168	119	271	327	116	256	231	173	60	179	205	78	129	131	155	37	118	123	73	48	110	110
64	170	2	2	119	0	1953125	12	0.0	2221	1.40	0	0	V0.2	0	0	40	82	81	73	72	86	107	58	71	99	94	77	63	128	91	73	84	113	94	79	136	141	88	138	132	197	95	249	190	248	215	235	286	118	221	149	311	219	397	428	381	543	693	956	866	806	1000	902	875	358	361	535	556	394	537	720	466	434	582	890	711	349	359	431	529	295	375	407	349	277	169	336	225	207	179	237	199	98	180	160	146	87	152	137	93
64	170	2	2	119	0	1953125	12	0.0	2296	1.41	0	0	V0.2	0	0	36	28	79	10	66	18	78	22	62	37	44	51	47	56	21	79	63	41	45	54	58	29	94	66	73	24	128	60	119	148	118	139	40	140	23	243	179	341	316	357	342	309	613	723	880	805	775	897	669	433	152	359	100	257	613	905	681	678	981	1000	901	399	537	529	488	359	347	417	192	178	167	254	127	166	169	95	61	96	113	20	92	76	72	52	113
64	170	2	2	119	0	1953125	12	0.0	2221	1.40	0	0	V0.2	0	0	55	13	77	34	68	38	67	43	51	21	69	16	65	15	71	10	59	45	51	71	48	114	65	126	110	119	144	83	154	70	147	102	196	249	231	395	240	370	278	209	154	300	535	525	562	484	253	256	158	216	498	727	492	609	653	815	949	843	1000	907	790	626	294	374	288	348	241	169	220	91	150	100	217	135	105	102	73	82	35	101	57	63	44	81	65
64	170	2	2	119	0	1953125	12	0.0	2166	1.39	0	0	V0.2	0	0	84	62	57	63	76	72	57	79	74	57	84	84	88	46	107	93	81	84	123	128	94	138	164	139	155	155	225	124	188	181	220	169	214	345	292	346	276	405	340	218	262	385	525	552	726	750	559	427	184	228	98	416	579	668	360	574	935	999	944	658	689	604	438	331	324	442	311	269	252	255	208	156	253	198	189	132	186	150	106	138	138	128	82	127	112
64	170	2	2	119	0	1953125	12	0.0	2143	1.39	0	0	V0.2	0	0	85	96	56	85	73	115	42	97	94	103	78	105	115	88	108	130	122	107	140	168	146	135	207	173	200	144	270	178	212	204	267	230	203	375	353	409	319	470	446	290	317	466	653	659	844	906	734	607	431	571	320	324	495	592	208	345	818	999	903	556	619	530	412	266	362	473	338	317	282	322	223	190	266	229	218	165	240	177	149	157	170	144	113	158	133
64	170	2	2	119	0	1953125	12	0.0	2091	1.38	0	0	V0.2	0	0	92	106	51	106	73	126	41	122	100	116	78	128	114	109	115	161	125	121	154	170	169	126	237	169	209	134	272	209	197	228	245	241	161	350	363	350	335	380	473	252	354	468	692	733	847	1000	777	712	640	873	773	676	861	852	678	101	594	803	726	365	371	444	290	205	212	425	341	285	314	317	314	166	282	249	236	187	234	240	155	182	182	186	129	161	163
64	170	2	2	119	0	1953125	12	0.0	2063	1.37	0	0	V0.2	0	0	84	111	70	114	70	136	70	126	103	133	90	126	120	133	108	153	139	140	146	165	182	129	212	161	207	123	233	195	181	182	194	211	115	245	260	290	254	255	336	157	164	237	467	521	686	812	699	710	648	870	781	809	931	1000	848	351	516	713	675	370	417	446	365	263	167	316	249	262	240	300	287	203	265	226	255	184	230	202	167	169	166	173	127	152	137
64	170	2	2	119	0	1953125	12	0.0	2086	1.38	0	0	V0.2	0	0	65	89	70	101	69	103	80	101	80	120	94	115	92	133	96	127	120	138	127	132	172	130	185	152	223	149	212	201	220	211	205	252	172	199	198	283	246	266	328	273	261	124	290	352	556	646	687	703	701	859	798	863	875	1000	881	482	248	518	494	367	439	446	479	302	297	313	299	286	255	331	256	266	232	262	227	203	219	181	193	163	182	143	149	145	138
64	170	2	2	119	0	1953125	12	0.0	2058	1.37	0	0	V0.2	0	0	77	82	72	97	62	107	70	104	87	115	96	101	112	114	109	114	127	131	124	143	161	139	173	155	212	132	213	178	228	190	216	248	185	214	170	271	225	253	285	290	324	140	150	196	429	526	649	730	753	887	828	913	877	1000	959	617	230	313	314	227	317	338	411	291	239	258	239	257	195	284	252	246	226	227	242	186	222	187	195	162	171	166	141	143	132
64	170	2	2	119	0	1953125	12	0.0	2036	1.37	0	0	V0.2	0	0	64	60	71	72	60	82	67	77	75	88	86	72	96	85	93	81	105	100	91	111	116	115	116	130	155	100	149	129	173	114	158	165	125	135	102	200	123	170	159	237	266	125	80	55	219	294	479	528	655	722	759	822	840	1000	977	768	366	296	214	113	150	229	321	215	204	177	201	192	139	216	188	214	160	198	182	158	166	153	171	137	158	139	131	121	121
64	170	2	2	119	0	1953125	12	0.0	2083	1.38	0	0	V0.2	0	0	85	88	90	93	108	87	105	102	105	109	111	130	106	139	122	139	124	149	149	135	168	154	182	153	213	190	192	203	224	242	204	279	264	259	230	284	326	264	343	392	516	396	333	295	253	221	298	456	493	623	629	760	752	930	1000	877	607	497	447	290	329	363	465	365	349	331	323	303	247	315	273	286	232	255	225	210	214	195	197	165	181	150	149	135	136
64	170	2	2	119	0	1953125	12	0.0	2056	1.37	0	0	V0.2	0	0	81	93	78	120	65	122	82	118	81	124	108	121	111	141	122	135	139	163	150	144	183	154	191	148	239	167	210	181	232	211	191	265	234	248	189	302	310	312	396	488	635	518	492	486	514	519	525	722	697	815	696	726	651	802	1000	917	687	414	363	183	166	184	338	330	276	313	277	316	236	277	298	272	271	227	275	210	220	200	208	189	172	190	158	154	139
64	170	2	2	119	0	1953125	12	0.0	2106	1.38	0	0	V0.2	0	0	73	91	78	91	93	95	89	100	95	101	91	120	98	127	114	139	116	139	148	136	159	148	189	139	207	182	216	187	240	253	219	272	275	312	230	280	297	292	308	438	596	566	595	569	572	447	221	215	260	360	446	621	621	785	937	1000	776	613	530	380	285	214	363	347	394	366	400	363	283	308	273	287	220	257	223	207	191	195	191	158	174	154	150	130	140
64	170	2	2	119	0	1953125	12	0.0	2081	1.38	0	0	V0.2	0	0	101	97	99	128	80	127	102	138	99	133	136	134	135	148	156	145	157	182	173	170	202	202	219	175	267	203	256	207	307	263	245	300	298	334	214	347	317	316	286	447	568	476	518	518	613	503	520	696	790	951	905	1000	726	674	720	779	646	701	774	679	641	484	601	560	520	479	441	472	340	364	351	372	325	301	340	276	275	242	282	236	218	221	207	188	174
64	170	2	2	119	0	1953125	12	0.0	2058	1.37	0	0	V0.2	0	0	86	99	72	121	76	108	87	122	84	121	110	132	94	146	121	137	114	155	152	129	178	162	192	140	224	203	184	193	216	246	153	230	248	228	196	223	343	207	259	300	485	419	335	445	441	381	162	435	473	636	745	1000	996	846	963	898	730	425	509	493	406	268	275	395	310	344	327	390	346	254	313	277	291	215	279	249	209	209	216	224	168	194	184	170	142
64	170	1	2	119	0	1953125	12	0.0	1478	1.27	0	0	V0.2	0	0	13	28	49	18	54	24	44	43	23	41	31	56	4	50	24	63	47	24	43	69	37	57	30	79	108	24	78	38	90	167	135	124	180	180	291	189	114	154	98	209	401	362	409	548	653	733	457	210	80	150	389	889	871	902	1000	959	614	152	224	128	90	349	456	303	300	218	245	246	123	87	93	70	133	95	32	87	70	102	80	35	83	76	69	57	31
64	170	1	2	119	0	1953125	12	0.0	1525	1.28	0	0	V0.2	0	0	16	21	26	36	48	9	21	39	39	15	8	46	16	37	21	49	6	41	51	25	37	19	64	24	72	47	53	36	82	97	67	149	92	139	137	239	68	130	138	200	346	197	299	504	549	443	538	419	34	97	65	654	873	574	754	1000	551	188	308	154	148	251	208	302	243	234	171	203	88	109	91	76	49	59	88	22	51	45	68	23	61	58	39	35	51
64	170	1	2	119	0	1953125	12	0.0	1503	1.28	0	0	V0.2	0	0	21	27	22	48	8	35	15	45	6	26	26	35	24	31	34	29	28	41	30	20	37	30	45	45	81	9	56	17	111	55	102	150	104	100	170	248	49	72	112	212	366	232	285	455	542	403	529	351	32	167	114	729	979	744	687	1000	594	96	299	190	171	354	209	269	254	237	128	197	125	83	70	80	94	5	76	46	60	34	79	71	28	56	52	50	17
64	170	1	2	119	0	1953125	12	0.0	2031	1.37	0	0	V0.2	0	0	59	58	77	38	85	55	64	83	66	81	77	82	83	87	87	72	103	79	92	109	94	106	124	93	143	111	133	106	148	92	127	90	101	109	119	51	228	162	109	193	349	208	199	288	260	145	226	55	362	484	502	718	1000	789	659	762	561	117	314	291	148	178	177	118	150	172	171	197	217	161	187	172	155	159	169	136	147	141	120	132	128	107	116	112	94
64	170	1	2	119	0	1953125	12	0.0	2056	1.37	0	0	V0.2	0	0	76	99	92	90	105	98	102	105	118	114	102	138	113	135	115	157	130	145	163	154	171	158	212	169	204	208	217	208	205	263	190	216	221	274	232	239	362	294	305	240	428	350	279	354	512	508	345	537	602	702	651	1000	994	883	755	796	683	462	625	705	714	428	426	421	369	303	284	394	310	317	300	348	289	264	302	263	253	219	264	210	198	198	194	163	154
64	170	1	2	119	0	1953125	12	0.0	2078	1.38	0	0	V0.2	0	0	102	109	120	91	146	99	133	114	153	123	134	153	143	143	146	174	157	167	197	191	188	208	225	225	207	278	228	264	239	331	260	268	331	332	344	277	474	370	351	293	450	415	287	493	639	710	559	709	762	677	541	699	770	611	784	960	969	740	926	1000	940	691	505	568	414	345	287	417	378	331	386	368	365	270	348	293	271	243	259	237	187	221	200	186	166
64	170	1	2	119	0	1953125	12	0.0	2076	1.38	0	0	V0.2	0	0	85	103	68	120	97	114	90	134	110	119	108	151	105	138	127	163	126	164	186	162	181	174	233	160	224	218	239	206	244	299	232	276	297	361	302	302	430	355	348	260	448	371	342	475	667	729	592	704	698	641	369	502	522	493	700	991	1000	793	912	960	949	655	477	494	390	321	239	398	359	332	342	367	354	253	318	280	268	216	255	235	179	195	197	186	148
64	170	1	2	119	0	1953125	12	0.0	2101	1.38	0	0	V0.2	0	0	74	106	74	102	83	117	83	120	106	121	94	135	111	126	113	157	129	143	165	162	171	157	225	157	213	186	250	189	246	280	256	275	282	375	285	315	359	370	312	288	452	419	448	530	757	758	626	619	597	547	191	407	457	537	686	1000	963	787	780	848	852	534	410	359	351	252	259	375	329	324	292	358	278	244	259	246	216	177	221	174	160	160	181	145	141
64	170	1	2	119	0	1953125	12	0.0	2101	1.38	0	0	V0.2	0	0	74	76	53	95	87	73	79	107	92	85	94	121	80	111	111	130	99	140	162	134	150	168	195	156	179	221	188	200	216	295	237	262	318	323	312	241	397	318	317	310	504	526	490	646	724	796	651	547	581	373	183	369	575	578	788	919	1000	793	666	750	678	547	291	344	328	285	277	355	413	299	318	309	315	240	234	269	209	192	188	223	167	160	180	172	138
64	170	1	2	119	0	1953125	12	0.0	2098	1.38	0	0	V0.2	0	0	82	104	65	116	86	121	77	128	99	112	96	137	105	125	127	161	127	152	172	160	168	162	229	154	219	196	255	194	256	295	267	286	288	375	291	296	353	365	343	338	549	546	586	620	773	828	636	563	481	432	117	446	579	711	768	964	1000	759	660	645	694	456	299	313	325	304	249	389	357	325	284	321	311	218	260	238	234	167	211	198	156	154	170	166	127
64	170	2	2	119	0	1953125	12	0.0	2101	1.38	0	0	V0.2	0	0	78	99	57	102	73	117	62	119	96	112	89	128	110	115	119	149	126	140	168	170	169	167	232	168	218	190	271	194	264	288	300	303	308	412	318	343	343	419	358	382	557	611	672	677	859	887	742	633	540	504	176	453	618	778	758	973	1000	826	689	670	719	462	356	317	382	329	319	431	403	384	309	373	323	267	273	269	255	192	239	212	190	177	205	182	151
64	170	2	2	119	0	1953125	12	0.0	2121	1.38	0	0	V0.2	0	0	76	114	79	108	86	127	86	124	110	129	98	145	121	139	120	171	145	158	180	184	193	173	258	193	250	214	302	233	285	321	327	341	336	463	392	429	446	501	462	400	561	588	657	675	889	950	828	772	692	659	269	323	430	566	622	940	999	885	831	862	901	593	463	391	420	344	337	456	417	400	323	387	319	264	270	264	242	187	236	195	179	170	200	168	154
64	170	2	2	119	0	1953125	12	0.0	2121	1.38	0	0	V0.2	0	0	94	102	67	101	83	118	67	119	105	109	103	124	126	105	137	145	136	139	171	182	163	193	229	196	220	219	288	207	285	290	338	312	352	447	366	431	398	520	408	443	533	627	667	672	875	883	825	699	628	560	170	296	476	626	655	953	999	917	757	787	809	546	438	345	444	359	374	452	445	418	313	386	317	280	251	275	252	191	231	209	197	167	205	179	151
64	170	2	2	119	0	1953125	12	0.0	2121	1.38	0	0	V0.2	0	0	97	111	71	114	88	130	76	137	114	124	112	141	133	122	147	166	151	161	189	195	183	199	254	202	244	229	312	225	307	317	353	339	361	469	384	455	438	551	466	470	578	631	686	687	897	929	854	778	710	655	251	331	469	609	594	915	1000	908	781	801	853	585	474	384	455	385	355	452	435	420	317	383	332	276	264	268	260	187	227	206	191	165	198	184	157
64	170	2	2	119	0	1953125	12	0.0	2096	1.38	0	0	V0.2	0	0	115	92	90	100	117	108	101	127	128	106	136	136	148	108	172	156	155	162	200	205	171	235	247	230	229	263	309	227	311	314	366	316	382	462	371	447	429	580	436	486	556	651	671	703	967	999	987	879	892	819	373	365	525	634	497	872	985	911	701	791	852	594	473	335	449	356	320	421	451	444	321	416	366	318	274	302	302	210	243	236	227	180	217	212	177
64	170	2	2	119	0	1953125	12	0.0	2098	1.38	0	0	V0.2	0	0	103	136	85	141	100	158	92	158	129	154	123	173	147	157	157	202	173	188	215	218	223	212	303	224	293	248	354	266	325	355	360	369	351	489	410	481	519	611	593	490	639	621	661	636	886	1000	895	910	898	902	468	516	672	709	414	781	982	843	726	790	924	646	493	405	443	399	290	445	434	432	336	405	387	293	303	293	306	211	256	240	210	187	212	208	164
64	170	2	2	119	0	1953125	12	0.0	2096	1.38	0	0	V0.2	0	0	99	121	77	124	90	141	78	144	119	137	116	153	146	137	153	176	162	171	200	209	203	211	277	217	268	233	332	237	312	318	353	345	351	472	382	474	470	602	530	488	591	601	633	625	891	958	902	858	832	787	296	377	581	689	527	891	1000	868	662	741	827	561	448	341	438	354	329	447	454	447	333	415	357	304	280	299	292	208	251	230	218	184	220	203	171
64	170	2	2	119	0	1953125	12	0.0	2096	1.38	0	0	V0.2	0	0	101	118	85	127	101	149	89	146	122	137	121	150	149	138	161	180	175	178	200	210	200	209	265	220	263	235	327	237	314	315	359	346	347	452	365	447	424	562	482	478	573	613	654	648	899	956	893	803	749	700	225	389	659	819	627	891	999	857	559	555	656	455	370	274	406	339	321	412	428	423	302	378	325	286	253	275	272	195	227	208	199	161	197	184	158
64	170	2	2	119	0	1953125	12	0.0	2096	1.38	0	0	V0.2	0	0	96	111	84	119	90	139	86	135	116	136	117	137	147	138	152	166	169	173	193	209	205	212	259	234	270	236	326	254	320	306	369	364	367	460	399	487	444	589	520	538	600	664	711	690	918	1000	998	910	879	826	399	405	681	876	633	823	985	923	597	505	609	492	437	301	425	375	354	406	443	452	332	394	344	328	273	297	291	225	243	229	230	184	217	205	184
64	170	2	2	119	0	1953125	12	0.0	2066	1.37	0	0	V0.2	0	0	109	114	103	124	112	145	105	146	130	141	136	148	161	145	171	182	188	187	203	218	212	213	261	228	270	225	321	243	300	282	337	338	314	420	366	452	404	529	503	451	521	564	651	591	811	974	1000	980	928	980	618	440	552	759	450	556	823	838	572	388	535	451	427	275	321	349	257	305	330	401	296	310	322	293	271	235	286	221	218	206	212	177	160	184	163
64	170	2	2	119	0	1953125	12	0.0	2066	1.37	0	0	V0.2	0	0	95	95	99	116	91	125	102	123	117	135	132	123	152	140	154	148	177	175	176	202	201	216	220	245	255	233	286	261	301	257	339	327	339	383	393	479	410	545	484	522	469	561	599	568	724	856	999	915	999	965	775	603	638	740	435	480	719	840	547	514	529	553	497	331	394	335	329	280	375	377	315	344	320	341	249	290	265	247	220	222	221	177	196	188	182
64	170	2	2	119	0	1953125	12	0.0	2066	1.37	0	0	V0.2	0	0	98	124	98	139	92	155	110	149	121	160	132	157	151	174	156	187	187	200	198	209	236	204	264	226	294	224	311	272	307	294	326	369	320	405	384	465	441	501	542	469	525	521	633	584	734	909	954	990	932	1000	749	646	679	813	524	484	728	790	601	431	559	503	493	339	346	374	288	311	324	397	307	323	326	313	284	250	293	234	230	212	221	184	172	184	168
64	170	2	2	119	0	1953125	12	0.0	2066	1.37	0	0	V0.2	0	0	97	113	94	133	82	142	100	141	113	153	130	144	148	166	152	168	180	192	187	204	229	209	252	232	295	224	313	274	326	286	339	370	333	407	389	497	438	547	556	529	530	554	670	609	757	907	1000	964	913	979	787	705	728	911	600	493	706	864	645	485	579	577	582	372	398	395	353	327	366	432	333	356	338	359	292	285	306	255	241	225	248	197	197	203	195
64	170	2	2	119	0	1953125	12	0.0	2066	1.37	0	0	V0.2	0	0	110	123	116	149	98	159	124	158	130	171	154	156	171	183	176	184	207	215	205	225	249	230	261	250	308	235	323	291	344	286	347	370	320	387	382	515	441	568	584	566	538	552	690	614	736	884	1000	941	841	941	840	773	718	894	591	349	564	835	636	510	595	618	621	378	384	389	353	304	331	417	315	326	306	345	278	260	289	245	227	206	235	184	175	181	180
64	170	1	2	119	0	1953125	12	0.0	2066	1.37	0	0	V0.2	0	0	116	114	123	142	100	148	127	148	133	166	163	144	180	179	186	171	210	211	196	227	243	246	245	271	306	249	318	307	364	280	359	365	344	384	413	558	462	610	585	618	529	591	727	653	734	816	957	824	781	878	918	873	837	956	589	307	629	999	774	647	652	732	711	431	443	431	444	341	384	444	345	349	326	397	296	305	306	284	245	227	263	206	202	201	211
64	170	1	2	119	0	1953125	12	0.0	2066	1.37	0	0	V0.2	0	0	113	105	150	99	146	114	164	116	162	146	166	139	183	167	181	168	212	196	192	225	224	249	200	291	233	281	257	338	311	279	336	324	360	320	445	475	458	518	502	556	415	542	600	625	606	638	738	614	708	783	995	892	916	868	623	385	669	1000	850	673	546	688	631	444	400	415	468	327	358	374	349	300	288	361	278	276	257	287	229	212	237	206	184	170	193
64	170	1	2	119	0	1953125	12	0.0	2066	1.37	0	0	V0.2	0	0	91	95	91	125	74	123	102	131	99	138	128	127	131	156	145	141	159	177	161	172	209	195	207	196	261	196	257	248	301	245	281	332	311	352	348	461	390	395	391	374	348	355	525	499	522	541	647	662	696	870	929	921	767	784	562	463	702	1000	873	584	529	552	595	400	398	439	436	366	315	388	311	300	289	347	293	260	284	261	235	203	238	199	179	183	192
64	170	1	2	119	0	1953125	12	0.0	2041	1.37	0	0	V0.2	0	0	92	114	104	134	88	152	114	140	113	157	129	140	147	174	146	166	181	195	177	189	227	183	217	191	264	187	254	247	263	226	237	306	253	295	308	375	345	293	376	329	397	435	644	649	637	745	787	884	785	979	1000	925	704	608	507	377	712	947	873	432	330	370	420	322	205	350	340	308	228	314	317	228	260	275	299	205	245	247	216	186	195	212	152	153	160
64	170	1	2	119	0	1953125	12	0.0	2041	1.37	0	0	V0.2	0	0	83	69	112	73	102	82	125	85	113	106	126	91	134	124	136	109	154	147	137	160	163	186	133	210	178	205	180	235	232	168	205	198	223	178	252	291	235	275	256	333	256	408	483	497	469	525	695	658	775	846	1000	840	620	558	417	274	646	924	711	429	276	456	444	302	286	342	398	261	263	297	282	235	221	299	230	219	212	243	194	171	203	181	153	140	168
64	170	2	2	119	0	1953125	12	0.0	2091	1.38	0	0	V0.2	0	0	110	84	111	97	130	81	137	114	131	119	145	138	131	160	160	153	160	189	191	185	221	233	219	235	245	269	234	305	283	307	287	357	367	360	443	444	504	430	553	502	539	575	681	677	560	680	690	791	778	989	1000	802	631	543	417	275	748	962	832	464	535	593	572	446	425	527	422	366	337	393	318	276	327	308	284	242	293	232	213	211	219	177	164	185	164
64	170	2	2	119	0	1953125	12	0.0	2066	1.37	0	0	V0.2	0	0	81	113	89	111	77	130	92	117	107	141	106	132	131	160	121	158	155	162	156	176	212	168	216	197	236	184	241	259	245	252	261	323	283	328	381	387	402	356	466	374	414	451	577	560	465	553	500	580	643	934	999	931	895	826	679	356	632	835	784	452	444	543	533	462	343	460	410	334	300	341	358	257	312	305	307	235	260	269	215	204	206	217	162	170	178
64	170	2	2	119	0	1953125	12	0.0	2046	1.37	0	0	V0.2	0	0	82	117	91	110	84	131	103	118	110	139	109	138	131	161	122	162	155	161	158	170	201	162	204	190	211	185	220	254	218	246	245	296	259	271	341	312	363	306	425	346	396	479	580	615	528	619	501	378	338	611	698	734	943	1000	829	513	745	830	687	356	343	440	375	322	248	399	361	292	301	311	327	221	287	278	270	225	239	254	196	200	196	203	159	168	173
64	170	2	2	119	0	1953125	12	0.0	2066	1.37	0	0	V0.2	0	0	111	91	132	98	131	90	151	109	139	135	158	139	154	174	173	160	183	191	187	197	227	244	219	272	242	279	226	321	276	307	313	359	376	344	466	438	515	469	573	516	486	571	637	672	579	717	656	618	666	897	984	880	999	911	613	196	735	928	851	660	777	807	655	548	469	566	441	377	399	403	369	303	393	335	324	283	324	276	238	259	241	219	188	216	184
64	170	2	2	119	0	1953125	12	0.0	2068	1.37	0	0	V0.2	0	0	90	118	103	125	94	140	121	136	123	156	129	148	140	175	139	174	175	188	180	193	232	193	234	212	254	202	249	266	261	274	283	341	289	329	368	403	428	423	539	445	463	454	557	538	517	676	644	641	563	770	757	689	700	709	460	282	764	999	926	685	768	753	668	500	381	466	371	332	317	376	334	264	315	294	288	228	284	251	217	209	214	198	154	178	165
64	170	2	2	119	0	1953125	12	0.0	2091	1.38	0	0	V0.2	0	0	95	94	119	94	117	96	132	100	123	132	137	132	136	164	146	157	169	179	177	188	219	214	221	250	240	254	233	307	265	303	305	348	336	326	422	409	493	477	609	532	525	554	589	598	564	761	734	722	669	775	772	645	741	696	457	324	827	1000	942	764	839	852	694	555	432	509	407	374	393	403	367	296	366	316	306	263	302	260	222	232	217	199	173	202	178
64	170	2	2	119	0	1953125	12	0.0	2091	1.38	0	0	V0.2	0	0	108	142	128	142	121	157	141	150	149	182	152	182	171	210	168	215	213	225	224	243	284	245	306	292	324	292	331	366	337	382	388	443	385	417	483	498	581	599	761	648	677	668	714	688	694	947	928	956	872	999	955	842	936	858	546	188	759	992	987	834	973	968	818	661	503	587	468	428	435	459	425	327	403	357	352	291	340	307	254	256	243	232	187	220	201
64	170	2	2	119	0	1953125	12	0.0	2091	1.38	0	0	V0.2	0	0	104	118	133	104	133	114	141	110	144	147	147	155	165	180	162	186	197	194	202	225	245	245	261	308	272	310	283	369	310	365	383	399	400	368	487	454	575	599	732	691	631	683	644	662	656	910	952	931	958	960	1000	803	960	876	582	167	608	811	790	752	839	918	735	614	497	537	480	380	446	418	411	318	383	365	317	307	308	306	232	255	243	224	193	213	208
64	170	2	2	119	0	1953125	12	0.0	2066	1.37	0	0	V0.2	0	0	103	140	108	135	112	155	122	150	146	171	140	180	164	191	154	209	197	202	212	229	255	217	279	270	278	263	294	333	280	338	344	379	330	336	420	394	512	537	718	629	620	643	606	566	539	853	891	943	938	996	1000	772	924	880	626	142	520	681	649	588	773	818	660	559	432	510	433	331	381	375	383	268	341	326	296	268	281	298	221	234	224	214	169	182	187
64	170	2	2	119	0	1953125	12	0.0	2066	1.37	0	0	V0.2	0	0	91	106	129	99	121	107	141	104	136	144	143	143	154	178	152	170	188	189	185	205	231	224	226	279	249	278	242	334	270	309	328	361	357	300	416	369	469	483	671	656	631	705	678	657	561	803	873	890	890	930	996	776	962	1000	837	421	463	571	427	321	547	673	560	489	393	485	419	310	369	369	375	268	348	330	293	266	288	293	217	239	229	217	176	199	194
64	170	2	2	119	0	1953125	12	0.0	2041	1.37	0	0	V0.2	0	0	96	130	122	114	125	132	139	126	149	155	141	165	161	178	150	189	193	186	191	207	222	210	224	265	224	259	227	306	232	282	299	313	309	255	374	316	409	424	573	573	538	655	632	633	567	787	873	808	822	785	846	628	903	1000	865	535	556	622	351	199	387	548	451	384	318	377	379	232	295	303	326	244	268	307	244	242	226	268	201	198	212	197	169	155	179
64	170	2	2	119	0	1953125	12	0.0	2041	1.37	0	0	V0.2	0	0	96	100	133	94	129	102	149	102	138	135	145	131	152	164	154	156	184	180	175	188	202	211	183	254	206	250	196	291	235	249	274	290	302	222	337	299	360	371	512	551	503	620	624	644	556	709	803	723	704	656	736	539	833	1000	940	662	715	767	481	200	300	506	434	374	301	386	373	241	304	313	335	239	290	303	250	237	239	266	195	209	211	201	167	174	184
64	170	2	2	119	0	1953125	12	0.0	2041	1.37	0	0	V0.2	0	0	103	102	142	97	132	104	156	105	142	138	157	134	160	164	165	156	191	185	176	193	202	221	178	255	206	250	198	282	243	237	274	278	298	217	319	302	333	363	466	535	466	589	609	628	559	669	794	697	667	592	695	522	798	1000	972	736	730	822	548	268	259	500	455	375	314	372	390	249	296	312	329	253	271	310	249	242	228	260	195	198	210	194	166	163	181
64	170	2	2	119	0	1953125	12	0.0	2041	1.37	0	0	V0.2	0	0	94	100	133	103	126	105	152	105	134	139	149	134	148	172	159	157	185	190	177	187	212	217	183	247	218	251	193	293	243	250	262	294	305	215	324	293	349	330	492	531	497	602	643	698	600	738	838	784	685	563	637	434	704	954	1000	762	826	876	641	301	315	541	495	440	332	429	412	285	316	333	368	260	308	320	284	251	257	285	212	219	220	219	177	186	198
64	170	2	2	119	0	1953125	12	0.0	2063	1.37	0	0	V0.2	0	0	121	94	147	114	144	104	167	124	147	140	178	142	171	176	197	166	209	216	209	216	229	266	205	287	250	305	239	331	308	300	333	351	392	301	402	391	423	431	555	634	580	707	750	818	753	879	1000	911	811	629	670	411	668	914	960	742	847	941	691	388	432	684	613	534	439	523	488	341	391	399	412	302	362	363	312	287	292	302	221	243	241	224	186	209	206
64	170	1	2	119	0	1953125	12	0.0	2066	1.37	0	0	V0.2	0	0	96	96	132	105	127	106	157	109	136	145	157	139	150	186	168	169	198	210	196	205	241	244	214	277	261	294	233	342	297	314	326	383	406	322	438	404	467	426	606	630	612	699	768	857	775	925	1000	961	813	627	661	417	637	901	993	739	791	881	720	392	429	688	654	582	436	541	513	381	391	413	448	316	363	371	343	289	300	327	248	247	250	254	201	216	227
64	170	1	2	119	0	1953125	12	0.0	2063	1.37	0	0	V0.2	0	0	98	106	133	114	124	114	153	115	133	147	153	143	150	185	166	171	194	205	188	195	231	231	207	255	248	268	216	312	274	292	297	353	368	292	394	374	432	384	531	548	509	554	617	720	670	796	858	820	658	460	514	376	635	900	1000	737	661	741	636	356	378	608	588	518	367	453	444	329	323	347	392	274	296	309	294	244	244	278	212	203	205	214	167	171	188
64	170	1	2	119	0	1953125	12	0.0	2066	1.37	0	0	V0.2	0	0	81	70	108	81	102	75	124	84	105	107	127	101	118	140	140	124	153	162	149	152	177	197	155	214	196	230	171	261	242	243	254	289	324	251	341	346	385	361	430	476	390	417	465	587	578	641	703	613	455	280	456	461	718	917	1000	754	535	628	572	389	313	539	537	466	335	382	416	308	305	320	358	263	260	294	268	233	221	260	201	187	196	202	165	162	180
64	170	2	2	119	0	1953125	12	0.0	2063	1.37	0	0	V0.2	0	0	74	99	88	111	74	120	98	110	94	133	110	118	117	155	121	143	152	167	146	152	197	166	188	181	233	188	206	242	244	241	228	299	273	258	304	343	380	309	417	378	369	312	450	557	560	627	595	593	361	345	493	614	725	902	1000	734	444	501	595	397	284	402	470	439	259	325	351	322	255	277	339	244	230	235	274	209	192	225	199	168	157	193	156	134	147
64	170	2	2	119	0	1953125	12	0.0	2036	1.37	0	0	V0.2	0	0	88	85	126	79	109	92	129	87	123	119	132	98	148	140	148	121	171	160	139	165	178	195	143	215	203	196	182	238	264	192	230	243	260	226	262	369	299	327	280	378	303	297	461	587	668	563	609	525	341	336	642	759	773	944	1000	828	363	593	628	473	272	309	457	351	258	230	362	345	228	285	302	299	186	249	268	218	191	212	239	164	169	190	182	136	147
64	170	2	2	119	0	1953125	12	0.0	2033	1.37	0	0	V0.2	0	0	106	81	124	119	106	109	142	133	120	134	163	127	155	160	186	142	183	200	184	186	210	240	198	215	251	227	228	243	318	242	252	279	311	294	284	438	380	405	356	502	465	464	672	865	1000	868	911	906	745	649	807	989	787	758	812	658	35	526	566	417	192	317	447	328	238	219	376	351	228	290	314	314	186	262	272	225	193	222	240	160	179	193	182	132	155
64	170	2	2	119	0	1953125	12	0.0	2011	1.36	0	0	V0.2	0	0	69	58	99	63	82	61	114	72	93	94	117	80	107	117	126	89	127	133	115	121	141	172	107	172	158	185	133	201	217	162	150	142	176	104	145	208	207	210	218	347	282	280	360	512	551	410	477	458	451	482	847	966	914	907	1000	854	264	275	395	362	159	151	268	245	178	97	260	249	180	198	254	265	148	204	213	204	151	185	206	150	148	163	171	122	131
64	170	2	2	119	0	1953125	12	0.0	2038	1.37	0	0	V0.2	0	0	78	74	111	72	98	80	116	77	105	103	120	92	133	128	138	113	154	148	130	147	159	180	131	192	178	180	161	217	240	188	227	239	259	212	210	282	223	257	262	392	342	406	538	655	727	618	650	585	399	283	491	622	665	866	1000	912	448	426	495	419	253	88	259	216	147	122	272	278	188	235	260	268	161	207	232	197	164	176	206	142	137	157	158	118	121
64	170	2	2	119	0	1953125	12	0.0	2011	1.36	0	0	V0.2	0	0	74	71	68	114	56	94	82	113	66	108	106	109	85	134	121	116	111	151	135	109	160	148	160	111	203	156	152	150	203	186	115	193	185	173	138	245	274	182	246	277	351	206	341	495	555	534	542	710	550	520	638	845	709	745	1000	888	441	322	574	467	281	138	320	362	202	156	218	291	189	204	279	248	203	180	258	195	176	192	214	176	147	190	165	138	135
64	170	2	2	119	0	1953125	12	0.0	2036	1.37	0	0	V0.2	0	0	109	78	97	89	132	68	120	110	127	90	136	132	124	125	166	144	138	160	180	159	155	213	175	197	177	260	175	220	227	254	205	208	300	234	255	260	377	306	302	395	413	374	374	643	699	649	627	723	690	449	615	723	688	643	1000	900	468	421	681	623	318	272	357	421	235	206	303	306	247	242	349	263	222	224	270	213	188	235	204	173	165	204	155	139	160
64	170	2	2	119	0	1953125	12	0.0	2036	1.37	0	0	V0.2	0	0	94	62	90	86	100	67	105	99	96	82	124	101	105	107	153	114	126	146	152	134	134	192	149	166	171	214	170	176	232	213	199	197	283	257	212	277	293	302	200	347	341	302	316	537	663	547	575	593	596	389	492	643	649	690	959	1000	588	479	609	671	448	247	332	356	302	152	296	308	260	243	305	318	205	239	245	247	180	215	226	175	162	175	181	130	147
64	170	2	2	119	0	1953125	12	0.0	2036	1.37	0	0	V0.2	0	0	90	60	83	85	90	67	93	96	86	76	114	97	103	100	140	109	116	134	140	125	123	172	146	147	161	183	163	149	215	196	192	193	262	262	182	249	244	263	152	281	312	269	287	467	617	502	479	483	458	279	348	567	611	691	921	1000	629	396	473	552	409	148	228	263	247	104	221	264	211	198	234	274	173	187	205	207	156	164	194	146	133	143	157	115	119
64	170	2	2	119	0	1953125	12	0.0	2011	1.36	0	0	V0.2	0	0	81	78	61	111	66	86	73	116	72	98	104	119	86	125	127	128	103	143	144	113	147	150	175	109	189	160	164	141	216	224	158	205	222	232	155	201	262	189	202	252	387	283	344	527	663	602	451	569	466	386	474	827	812	825	1000	954	584	124	353	367	261	63	251	295	203	145	196	300	217	200	255	260	217	161	238	198	177	170	209	179	136	169	162	140	121
64	170	2	2	119	0	1953125	12	0.0	2031	1.37	0	0	V0.2	0	0	104	79	86	78	118	77	103	106	123	84	125	122	129	103	155	134	131	139	169	162	137	201	170	185	151	232	181	198	232	256	235	190	280	241	208	219	309	306	237	371	405	396	311	555	670	554	484	527	609	452	711	939	999	826	978	943	496	174	460	584	369	299	352	448	348	204	308	323	293	218	320	294	217	214	244	239	167	220	211	184	159	194	179	137	152
64	170	2	2	119	0	1953125	12	0.0	2011	1.36	0	0	V0.2	0	0	88	55	95	77	102	52	119	90	100	87	131	101	105	118	150	106	120	143	146	128	136	195	135	165	152	220	145	192	232	229	200	163	252	202	146	189	253	263	174	345	370	354	276	505	648	504	452	463	560	408	688	952	1000	855	942	950	494	115	367	541	353	203	275	361	357	160	244	295	274	199	242	309	206	195	203	248	175	175	217	195	164	158	196	155	133
64	170	2	2	119	0	1953125	12	0.0	2031	1.37	0	0	V0.2	0	0	110	91	81	91	112	92	94	114	119	91	125	125	130	99	156	135	127	135	164	158	131	195	179	173	160	215	198	175	242	249	244	191	264	262	160	199	237	285	160	325	367	354	282	491	653	498	420	421	513	339	616	905	978	852	969	1000	556	164	358	543	352	234	314	394	349	166	284	302	267	199	276	295	190	207	215	231	150	195	199	160	139	162	169	119	136
64	170	1	2	119	0	1953125	12	0.0	2011	1.36	0	0	V0.2	0	0	77	57	82	75	93	52	104	80	88	83	114	96	87	115	129	100	103	128	129	109	127	169	118	144	134	199	109	178	192	213	168	146	229	159	130	127	223	188	150	273	305	293	206	443	528	400	300	325	392	284	626	873	968	821	1000	965	522	167	399	543	337	231	273	392	342	166	252	286	274	172	251	277	193	178	201	239	153	177	198	184	142	154	184	140	125
64	170	1	2	119	0	1953125	12	0.0	2033	1.37	0	0	V0.2	0	0	96	87	63	94	87	92	74	116	99	91	110	121	112	97	137	127	111	127	149	139	128	170	179	140	168	178	197	144	234	230	218	192	229	257	128	193	206	266	168	306	374	305	234	349	517	366	285	337	408	314	567	863	889	837	940	1000	584	205	358	520	384	220	345	380	358	185	259	295	225	194	234	281	172	193	200	205	148	173	196	145	141	154	164	115	129
64	170	1	2	119	0	1953125	12	0.0	2011	1.36	0	0	V0.2	0	0	77	66	76	85	94	61	98	91	92	89	109	107	85	120	124	114	103	132	136	112	135	164	136	144	149	204	122	183	192	235	178	169	241	168	149	120	252	194	208	303	365	339	166	366	428	356	270	408	461	366	615	845	921	767	1000	965	575	174	390	515	320	225	270	419	344	190	239	280	270	148	254	258	202	165	205	229	144	175	190	187	137	164	180	137	123
64	170	1	2	119	0	1953125	12	0.0	2036	1.37	0	0	V0.2	0	0	87	86	75	81	113	68	86	103	117	85	100	133	105	109	121	143	108	129	159	140	136	158	182	155	162	205	170	184	201	272	207	214	261	240	208	164	299	223	277	323	468	388	264	414	471	408	260	475	430	400	564	880	842	761	1000	956	571	152	470	476	332	213	388	443	294	237	261	328	217	211	276	245	203	188	253	178	174	188	202	154	154	186	150	133	146
64	170	1	2	119	0	1953125	12	0.0	2036	1.37	0	0	V0.2	0	0	87	74	78	85	111	60	97	93	101	85	111	119	94	120	133	129	111	140	154	128	141	173	158	154	164	223	148	195	212	269	209	224	298	238	226	182	315	227	291	385	500	465	348	519	540	452	311	445	440	337	548	783	808	713	1000	933	543	181	460	498	288	241	369	474	321	245	298	335	270	193	308	263	220	185	257	218	161	201	205	180	142	194	169	135	137
64	170	1	2	119	0	1953125	12	0.0	2056	1.37	0	0	V0.2	0	0	101	87	91	83	130	71	106	103	127	90	122	138	123	127	150	153	133	157	184	167	166	208	200	198	191	265	195	236	250	322	263	278	359	311	299	254	400	308	383	479	624	587	486	653	656	555	396	562	550	455	624	839	830	714	1000	930	540	237	542	543	330	295	452	524	334	301	347	380	280	255	356	287	247	227	299	221	199	230	224	184	173	216	170	154	169
64	170	1	2	119	0	1953125	12	0.0	2031	1.37	0	0	V0.2	0	0	105	102	84	152	86	123	101	154	91	136	143	160	118	176	174	173	150	207	205	166	220	220	249	163	287	244	253	224	331	346	265	345	369	382	275	342	410	328	417	575	802	701	737	885	960	840	601	821	764	720	704	999	879	723	958	976	582	133	476	465	310	143	433	489	357	293	318	442	317	259	343	347	295	215	328	271	230	218	271	235	174	225	216	182	152
64	170	1	2	119	0	1953125	12	0.0	2006	1.36	0	0	V0.2	0	0	99	96	84	153	82	121	109	155	93	140	144	161	108	172	156	159	134	195	190	150	202	195	217	141	246	214	200	207	273	290	192	277	299	267	205	256	347	221	376	510	726	648	688	898	944	833	580	801	764	672	728	1000	913	627	874	831	422	136	360	274	66	133	335	334	183	150	208	322	238	144	267	248	222	142	257	217	160	173	206	193	119	177	168	139	120
64	170	1	2	119	0	1953125	12	0.0	2006	1.36	0	0	V0.2	0	0	95	98	54	112	78	105	62	127	92	100	110	138	113	117	146	151	118	145	169	151	150	173	205	133	201	180	222	150	259	245	213	216	251	294	146	257	248	292	254	506	629	605	660	799	976	771	615	714	728	644	676	999	865	720	823	916	480	47	184	270	189	172	247	235	216	97	264	303	183	183	231	278	150	204	221	203	151	184	213	145	157	169	169	115	144
64	170	1	2	119	0	1953125	12	0.0	2006	1.36	0	0	V0.2	0	0	96	93	71	124	109	90	99	136	111	111	126	158	105	148	145	160	118	167	183	148	174	184	205	151	200	216	181	195	229	273	178	224	259	229	185	208	312	203	337	452	653	603	660	877	937	844	612	778	733	658	742	1000	932	713	944	884	510	106	235	230	112	145	256	256	131	130	195	290	200	150	248	222	196	147	243	185	155	167	188	156	124	177	149	124	126
64	170	1	2	119	0	1953125	12	0.0	1970	1.36	0	0	V0.2	0	0	79	112	79	90	98	107	95	99	128	122	100	127	139	137	106	136	157	132	123	162	166	162	110	211	146	173	121	238	208	144	180	178	204	110	164	210	169	226	329	552	536	622	723	858	975	764	716	714	669	659	775	1000	822	789	871	861	433	102	97	97	171	281	218	125	127	86	102	249	197	126	124	214	226	97	168	183	190	115	146	192	142	122	137	177	129
64	170	1	2	119	0	1953125	12	0.0	1883	1.34	0	0	V0.2	0	0	11	66	70	31	41	66	92	12	45	70	75	23	44	88	69	37	78	88	52	43	87	109	20	104	77	126	15	152	109	43	51	119	105	69	195	152	164	85	222	435	441	479	484	730	1000	744	574	613	726	528	679	982	810	550	834	925	312	392	408	108	403	576	397	192	157	292	141	53	102	122	82	86	116	28	24	65	97	21	74	83	53	15	63	84	28
64	170	1	2	119	0	1953125	12	0.0	1883	1.34	0	0	V0.2	0	0	61	24	50	26	85	31	67	48	67	11	70	50	58	28	84	47	44	60	86	70	25	111	53	77	35	147	70	92	87	86	46	88	124	13	119	117	196	108	164	364	439	547	455	709	1000	800	586	591	836	535	674	949	891	419	841	856	228	482	538	122	406	503	413	92	253	243	62	42	127	110	59	109	48	30	49	108	38	61	76	55	10	72	87	22	44
64	170	1	2	119	0	1953125	12	0.0	1883	1.34	0	0	V0.2	0	0	64	20	50	25	81	23	70	42	61	12	70	43	50	40	89	44	46	64	82	58	33	111	44	74	47	149	61	95	90	86	46	95	129	13	132	126	201	112	175	372	428	535	474	729	1000	791	602	583	781	477	610	850	778	379	797	768	196	510	520	80	416	485	387	96	255	248	65	33	109	113	51	98	47	25	33	93	47	48	64	45	11	56	79	27	26
64	170	1	2	119	0	1953125	12	0.0	2006	1.36	0	0	V0.2	0	0	64	81	81	95	62	107	89	93	80	128	91	110	121	144	100	138	144	131	129	169	174	127	183	171	186	140	228	167	202	197	238	173	192	242	161	173	231	318	244	468	573	667	603	829	1000	808	665	711	844	586	767	940	867	555	915	910	361	132	396	388	166	88	216	265	74	192	255	234	153	222	269	162	209	211	221	144	219	188	148	161	191	155	123	171	150
64	170	2	2	119	0	1953125	12	0.0	2011	1.36	0	0	V0.2	0	0	90	93	85	141	77	119	109	142	87	138	137	148	106	170	147	148	136	187	175	141	199	186	199	141	236	202	182	202	245	249	152	236	241	196	162	247	300	198	370	471	623	573	705	900	918	840	682	845	743	704	845	1000	836	627	938	837	371	187	443	352	146	52	236	307	149	116	197	282	201	140	267	231	199	149	252	205	150	179	194	172	118	182	167	129	121
64	170	2	2	119	0	1953125	12	0.0	2011	1.36	0	0	V0.2	0	0	105	56	109	93	114	62	136	110	112	97	154	116	126	132	176	118	144	172	173	154	161	226	151	187	181	236	165	212	259	212	185	182	276	199	198	286	321	324	347	591	591	632	655	851	936	713	722	757	811	673	920	1000	761	560	792	758	132	393	499	412	129	178	267	287	199	97	282	253	174	163	277	275	149	222	228	222	140	211	213	160	161	184	185	121	152
64	170	2	2	119	0	1953125	12	0.0	2011	1.36	0	0	V0.2	0	0	106	69	119	102	125	71	150	116	122	111	162	129	129	148	178	131	153	183	183	161	174	230	156	196	182	251	157	230	246	222	183	192	277	177	217	268	345	301	375	571	589	640	647	852	891	704	693	736	797	677	954	1000	820	567	765	671	113	393	510	373	64	183	246	281	162	119	261	227	173	146	273	241	156	202	217	208	131	203	185	148	145	180	169	114	144
64	170	2	2	119	0	1953125	12	0.0	2011	1.36	0	0	V0.2	0	0	103	61	117	94	112	67	139	107	113	106	156	114	131	137	174	118	152	174	169	157	168	224	147	196	187	233	166	224	261	204	185	188	266	182	207	293	320	328	382	612	606	672	708	860	907	686	693	692	739	685	970	1000	762	608	761	644	96	478	495	344	86	212	258	245	150	132	290	234	162	177	273	252	147	232	223	210	144	216	206	149	159	179	172	116	151
64	170	2	2	119	0	1953125	12	0.0	2036	1.37	0	0	V0.2	0	0	106	130	76	126	109	142	83	155	131	129	128	171	150	136	174	186	153	176	214	203	181	217	247	186	227	238	272	200	298	270	246	223	303	311	225	363	376	434	390	642	675	694	729	856	931	684	698	740	768	696	969	1000	687	537	744	600	241	684	686	484	86	309	367	303	158	254	351	225	221	266	322	219	234	275	225	198	211	242	158	181	198	180	134	166	168
64	170	2	2	119	0	1953125	12	0.0	2061	1.37	0	0	V0.2	0	0	110	97	106	118	131	92	132	127	125	124	146	154	124	171	171	168	156	199	202	175	216	229	220	207	257	274	224	284	301	321	251	333	368	331	365	411	494	385	521	571	664	639	735	850	767	703	589	660	515	628	773	766	638	810	1000	780	646	840	905	576	283	353	498	439	269	415	436	394	288	379	394	286	291	313	329	222	270	270	238	199	227	226	166	183	195
64	170	1	2	119	0	1953125	12	0.0	2038	1.37	0	0	V0.2	0	0	93	122	115	139	94	149	133	136	115	166	145	151	143	197	150	168	178	205	180	181	241	204	209	206	270	231	223	286	280	267	221	313	302	240	288	315	364	245	426	464	545	547	656	773	661	622	552	622	535	688	862	820	739	817	1000	749	652	843	912	622	288	379	480	486	265	352	413	371	279	284	392	285	256	266	320	253	212	266	239	206	187	236	195	154	172
64	170	1	2	119	0	1953125	12	0.0	1783	1.33	0	0	V0.2	0	0	11	20	11	42	43	35	39	25	37	20	36	29	34	29	46	27	25	16	44	52	13	60	50	75	51	76	108	41	40	55	125	98	28	61	17	91	157	78	131	199	311	311	368	622	639	577	460	582	577	411	518	476	251	326	509	429	698	1000	944	440	172	280	308	186	81	150	111	86	62	94	126	72	12	29	85	82	26	46	58	65	35	35	68	50	20
64	170	2	2	119	0	1953125	12	0.0	2036	1.37	0	0	V0.2	0	0	80	99	105	81	112	107	92	117	118	112	102	152	116	130	148	154	129	164	170	151	167	194	160	193	203	200	174	246	228	196	244	241	254	233	328	217	282	272	315	263	493	519	457	560	739	652	310	544	554	403	555	862	578	608	1000	979	428	735	815	618	196	339	379	250	197	327	315	209	293	265	240	220	288	188	222	231	220	160	212	190	145	162	174	135	138
64	170	1	2	119	0	1953125	12	0.0	2036	1.37	0	0	V0.2	0	0	124	75	132	110	144	76	164	127	135	115	177	136	141	162	206	148	175	208	209	184	200	274	184	232	222	306	193	270	308	287	247	272	409	320	328	379	429	372	284	504	511	556	596	912	1000	828	830	875	958	727	879	886	715	561	960	991	666	777	914	876	451	285	402	474	347	246	443	405	329	277	407	376	250	310	328	320	217	296	282	223	206	243	235	163	198
64	170	1	2	119	0	1953125	12	0.0	2033	1.37	0	0	V0.2	0	0	122	77	131	115	146	81	165	127	135	117	174	141	143	166	203	151	173	208	209	182	194	262	178	222	211	297	185	262	290	279	234	254	379	290	295	331	398	336	244	438	453	477	487	801	884	757	787	885	1000	779	891	898	708	401	754	802	509	632	810	782	383	253	356	442	319	192	370	347	282	215	349	327	209	250	276	277	181	258	249	197	169	205	204	134	157
64	170	1	2	119	0	1953125	12	0.0	2036	1.37	0	0	V0.2	0	0	110	73	107	97	134	69	141	111	124	102	154	132	122	147	178	142	149	186	197	170	182	242	178	211	204	293	180	254	273	296	238	262	387	304	317	318	427	336	283	438	496	505	492	795	853	772	760	908	1000	795	904	896	750	410	768	806	523	543	766	751	386	251	343	467	315	213	357	356	295	226	378	327	242	252	304	280	192	267	253	211	171	222	204	146	169
64	170	1	2	119	0	1953125	12	0.0	2031	1.37	0	0	V0.2	0	0	110	70	107	96	133	65	138	111	124	96	151	130	125	137	174	138	147	178	190	165	166	232	167	201	185	277	176	234	256	274	233	237	363	292	277	281	373	323	234	416	472	486	390	650	736	635	649	820	999	820	881	899	786	405	593	704	433	376	581	653	362	196	267	401	326	153	287	304	270	172	297	301	205	212	241	257	157	215	222	191	147	177	189	127	135
64	170	1	2	119	0	1953125	12	0.0	2031	1.37	0	0	V0.2	0	0	112	109	85	134	131	101	115	145	127	120	138	169	114	160	164	179	137	191	210	168	192	213	230	178	241	277	217	228	268	336	233	289	366	342	293	253	418	271	303	397	612	520	386	594	688	660	564	926	1000	924	854	965	858	483	784	925	692	361	644	642	418	180	317	482	325	246	285	389	297	203	333	310	270	198	312	258	201	219	247	216	154	212	189	152	142
64	170	1	2	119	0	1953125	12	0.0	2033	1.37	0	0	V0.2	0	0	103	81	97	96	134	69	120	109	126	95	133	136	119	131	159	148	136	164	187	162	154	207	178	195	179	270	178	216	223	288	238	235	347	291	260	190	328	269	234	359	476	473	257	448	545	538	516	758	927	744	699	728	751	506	836	1000	802	474	511	624	392	205	228	435	364	225	289	337	318	176	296	302	246	203	255	272	176	206	215	207	148	182	190	141	133
64	170	1	2	119	0	1953125	12	0.0	2006	1.36	0	0	V0.2	0	0	74	58	72	77	92	48	93	78	83	73	102	96	77	105	119	103	95	120	129	101	107	151	115	131	123	196	104	144	155	200	156	138	233	178	129	79	203	180	108	229	306	309	72	289	415	409	382	541	719	498	401	507	631	492	803	1000	810	467	330	492	344	158	119	321	336	179	197	244	269	145	187	249	198	161	166	233	155	145	170	179	134	120	164	133	103
64	170	1	2	119	0	1953125	12	0.0	2008	1.36	0	0	V0.2	0	0	87	55	66	66	94	54	83	89	90	56	102	94	96	71	131	102	94	104	128	115	85	151	130	125	111	166	145	104	166	171	165	108	183	194	72	105	153	213	57	198	254	222	54	314	513	438	407	464	631	439	285	557	698	609	752	1000	780	424	256	454	380	148	152	271	331	171	158	227	220	149	154	247	170	150	154	204	146	129	173	153	121	110	152	116	95
64	170	1	2	119	0	1953125	12	0.0	2006	1.36	0	0	V0.2	0	0	79	85	45	100	89	75	59	110	90	76	80	126	76	99	108	140	88	116	146	118	111	125	176	121	139	173	150	126	149	245	177	158	201	216	185	56	247	201	164	79	301	284	27	279	537	607	391	550	682	553	266	620	847	693	753	985	1000	551	322	503	536	376	159	373	381	310	159	273	324	182	197	244	285	161	199	237	202	154	177	222	148	141	166	171	116
