34928	35048	35167	35286	35405	35524	35644	35763	35882	36001	36120	36240	36359	36478	36597	36716	36836	36955	37074	37193	37313	37432	37551	37670	37789	37909	38028	38147	38266	38385	38505	38624	38743	38862	38981	39101	39220	39339	39458	39577	39697	39816	39935	40054	40174	40293	40412	40531	40650	40770	40889	41008	41127	41246	41366	41485	41604	41723	41842	41962	42081	42200	42319	42439	42558	42677	42796	42915	43035	43154	43273	43392	43511	43631	43750	43869	43988	44107	44227	44346	44465	44584	44703	44823	44942
64	170	2	2	119	0	1953125	12	0.0	0	0.94	0	0	V0.2	0	0	115	100	102	100	100	117	101	136	84	125	69	122	61	116	60	129	83	154	99	136	103	114	117	79	106	80	130	94	201	38	224	47	270	168	151	155	208	171	194	215	215	310	169	450	426	476	246	358	586	551	430	167	461	416	476	639	1000	488	380	268	459	310	259	226	173	278	74	217	63	214	53	192	94	148	99	125	130	72	109	65	122	48	113	36	125
64	170	2	2	119	0	1953125	12	0.0	0	0.94	0	0	V0.2	0	0	181	105	171	101	179	116	190	132	169	137	148	139	125	134	130	162	142	209	113	219	83	222	62	191	46	196	71	247	139	234	231	215	395	98	325	140	341	52	246	124	329	164	416	470	408	680	343	724	875	1000	581	750	662	746	514	978	850	512	278	536	574	323	465	211	424	257	264	185	224	235	126	243	98	239	25	230	29	186	46	176	83	139	80	141	116
64	170	2	2	119	0	1953125	12	0.0	0	0.94	0	0	V0.2	0	0	37	47	2	61	39	43	52	26	52	18	55	20	51	13	59	26	41	47	38	41	61	39	91	24	114	95	51	130	68	129	137	185	285	205	227	311	177	175	35	176	172	100	339	412	338	431	468	656	1000	836	636	782	796	917	672	791	618	407	594	464	491	411	266	363	333	221	226	134	182	174	82	178	129	86	112	75	107	63	70	94	28	66	55	53	42
64	170	2	2	119	0	1953125	12	0.0	0	0.99	0	0	V0.2	0	0	21	36	16	59	33	43	22	51	40	31	26	50	28	46	45	37	28	32	47	34	35	75	25	89	14	127	79	67	100	81	126	100	113	215	115	91	68	82	16	190	149	197	263	233	282	279	638	622	681	831	648	857	965	1000	949	683	649	537	701	762	606	520	324	200	293	136	77	58	118	103	60	142	67	87	57	116	105	44	104	76	72	41	64	66	24
64	170	2	2	119	0	1953125	12	0.0	184	1.05	0	0	V0.2	0	0	23	51	37	50	37	55	29	56	27	55	24	58	34	50	48	55	39	50	54	59	57	90	72	78	66	99	80	118	114	96	151	158	231	161	195	140	122	102	246	206	193	314	348	328	201	482	603	577	277	73	211	498	586	947	1000	803	604	421	736	742	738	493	290	247	166	159	144	206	109	151	98	139	57	116	80	83	53	90	74	64	80	59	57	54	69
64	170	2	2	119	0	1953125	12	0.0	181	1.05	0	0	V0.2	0	0	46	28	58	45	54	49	50	45	56	44	56	24	74	38	72	35	69	51	53	83	63	101	66	112	86	112	125	113	141	97	193	188	240	271	212	274	109	230	161	246	167	290	328	303	468	654	1000	857	487	309	271	315	384	835	803	618	207	479	718	752	690	414	385	284	229	172	107	166	77	131	73	130	78	110	113	75	80	58	98	56	83	65	73	56	64
64	170	2	2	119	0	1953125	12	0.0	184	1.05	0	0	V0.2	0	0	43	30	51	51	42	54	40	47	48	47	49	29	70	39	67	36	65	51	50	79	67	97	74	102	99	108	142	111	154	103	201	202	230	278	205	272	113	232	186	300	245	324	383	350	566	703	1000	895	512	364	295	390	454	867	821	550	211	384	626	604	588	376	336	285	170	145	54	132	41	103	59	103	67	96	104	50	74	60	97	53	80	67	63	54	64
64	170	2	2	119	0	1953125	12	0.0	161	1.05	0	0	V0.2	0	0	36	22	60	6	62	5	66	12	64	22	50	31	70	31	58	31	62	37	52	78	53	91	29	120	44	132	87	126	108	113	179	150	213	193	170	192	45	163	153	315	221	340	307	392	594	727	1000	822	496	271	214	251	468	797	744	573	346	238	450	500	523	332	335	291	210	184	13	94	34	53	12	65	34	69	70	27	38	35	67	26	57	44	45	32	39
64	170	2	2	119	0	1953125	12	0.0	7722	2.34	0	0	V0.2	0	0	17	12	20	41	34	35	33	22	29	20	17	13	31	23	29	15	21	16	10	37	2	29	30	48	46	55	74	23	84	32	75	80	107	206	148	212	101	54	34	381	222	320	324	599	854	393	891	1000	565	328	223	170	736	908	627	336	627	220	622	529	441	485	398	273	250	253	64	93	89	32	61	9	77	28	42	36	23	45	13	16	38	9	9	13	18
64	170	2	2	119	0	1953125	12	0.0	7814	2.36	0	0	V0.2	0	0	23	56	7	75	19	78	19	62	4	54	15	42	39	43	45	42	34	29	14	44	32	59	24	135	85	100	107	132	169	39	52	47	153	161	63	183	251	136	175	176	112	59	166	122	348	628	753	962	744	338	250	418	528	164	256	636	1000	960	880	873	647	584	242	250	204	249	181	101	124	29	66	90	160	119	178	65	66	34	68	38	79	75	54	63	63
64	170	2	2	119	0	1953125	12	0.0	7608	2.33	0	0	V0.2	0	0	56	71	18	109	31	92	37	82	43	67	29	86	38	75	39	66	50	16	33	40	21	26	101	119	45	116	45	198	123	114	89	83	249	226	352	391	164	207	178	267	216	336	243	348	719	827	1000	982	512	281	169	418	518	368	429	717	962	883	886	934	719	741	470	184	214	153	245	101	153	169	81	125	41	106	27	79	37	64	78	46	82	30	66	52	60
64	170	2	2	119	0	1953125	12	0.0	7628	2.33	0	0	V0.2	0	0	64	18	81	47	92	74	63	52	58	32	64	21	66	12	93	35	40	22	36	52	37	36	91	120	14	122	48	166	119	80	51	135	232	173	369	301	285	326	132	55	239	240	168	397	529	916	999	795	661	141	589	648	660	605	497	495	690	830	759	1000	842	730	593	250	328	209	313	193	119	142	91	150	40	48	68	83	93	150	79	128	111	109	100	78	89
64	170	2	2	119	0	1953125	12	0.0	7607	2.33	0	0	V0.2	0	0	49	21	76	17	79	34	95	14	72	38	81	41	59	64	80	31	52	50	47	37	38	53	84	81	101	137	63	170	93	140	46	160	193	254	378	258	428	280	157	157	96	40	201	296	530	851	769	689	450	318	657	626	690	512	426	489	708	730	814	1000	798	800	541	337	330	185	269	93	168	96	168	126	72	89	78	86	71	141	119	177	124	134	119	123	128
64	170	2	2	119	0	1953125	12	0.0	7772	2.35	0	0	V0.2	0	0	65	9	75	17	103	28	86	22	60	23	58	44	45	72	64	38	31	45	26	16	83	25	126	67	112	57	125	131	19	28	110	163	116	105	239	174	349	373	255	366	194	267	130	60	219	633	744	769	657	435	828	821	791	340	302	517	760	806	865	1000	790	785	489	400	276	212	194	63	117	89	119	61	124	65	97	101	194	132	159	96	95	63	90	75	83
64	170	2	2	119	0	1953125	12	0.0	7687	2.34	0	0	V0.2	0	0	45	7	88	40	100	67	86	71	69	57	75	36	78	22	90	34	107	96	92	99	107	65	124	69	83	64	73	126	162	71	99	67	222	222	324	445	282	504	306	346	345	159	155	304	616	743	968	806	493	691	719	949	686	129	250	669	820	734	999	943	956	884	442	458	271	284	190	82	139	62	132	21	124	31	164	108	223	212	180	178	86	142	109	105	63
64	170	2	2	119	0	1953125	12	0.0	7687	2.34	0	0	V0.2	0	0	56	72	20	86	33	89	30	91	33	79	62	84	50	60	51	50	48	62	56	52	80	38	114	67	75	56	59	149	146	60	69	98	237	185	348	363	335	493	253	372	250	203	177	297	480	714	898	586	504	415	675	752	386	118	368	688	635	829	888	898	1000	686	612	400	334	326	145	175	40	187	81	138	55	129	94	55	60	120	140	55	101	61	91	50	89
64	170	2	2	119	0	1953125	12	0.0	7632	2.33	0	0	V0.2	0	0	56	21	90	70	76	69	72	73	54	49	64	44	53	5	86	15	74	58	48	50	41	41	61	142	57	97	23	196	196	76	65	95	300	229	351	390	310	473	213	373	281	222	175	348	574	771	997	701	531	471	638	837	517	220	230	562	522	665	817	799	1000	737	624	492	301	369	165	213	74	161	137	87	106	51	56	86	123	136	194	103	116	102	127	124	94
64	170	2	2	119	0	1953125	12	0.0	7648	2.33	0	0	V0.2	0	0	50	35	60	42	75	73	61	63	46	37	55	28	48	17	82	23	47	18	26	49	33	42	88	86	49	93	78	187	94	106	33	187	275	247	414	282	465	388	288	316	203	319	108	200	450	859	883	713	646	355	704	588	459	235	344	376	448	607	716	1000	880	830	666	354	382	198	291	138	128	94	138	126	87	129	103	147	31	107	46	108	73	106	87	93	96
64	170	2	2	119	0	1953125	12	0.0	7668	2.34	0	0	V0.2	0	0	35	50	56	78	96	68	99	62	87	60	69	61	43	73	27	72	31	76	78	53	54	70	55	54	128	85	132	74	210	163	53	181	210	403	297	482	500	402	483	223	435	273	137	135	584	765	833	902	449	538	539	631	603	189	290	489	594	490	910	916	1000	979	566	554	318	354	282	118	161	60	174	46	89	48	55	69	184	138	96	66	40	71	25	52	32
64	170	2	2	119	0	1953125	12	0.0	28733	5.95	0	0	V0.2	0	0	138	149	130	-5	-108	33	23	13	8	10	13	18	20	14	5	-13	-25	-32	-23	-14	-20	-20	-17	-16	-15	-24	-35	-36	-31	-38	-36	-36	-30	-25	-2	2	8	9	8	6	14	21	29	21	24	23	24	26	15	17	26	31	26	27	27	24	23	23	17	8	1	-6	-18	-20	-13	-7	-11	-22	-24	-37	-32	-34	-30	-12	-5	-5	-9	-8	-5	-7	1	10	23	10	-6
64	170	2	2	119	0	1953125	12	0.0	20260	4.50	0	0	V0.2	0	0	197	298	399	500	543	518	466	397	344	320	266	267	334	377	325	289	225	114	56	197	342	468	559	665	739	734	694	618	558	487	463	510	583	699	824	896	934	968	958	876	748	767	722	699	811	775	894	1000	944	979	958	948	868	870	828	590	806	785	730	907	887	883	779	728	714	710	617	584	573	572	558	539	588	521	486	413	387	329	277	300	246	204	185	158	122
64	170	1	2	119	0	1953125	12	0.0	16786	3.90	0	0	V0.2	0	0	186	285	366	439	493	491	437	367	322	243	239	284	328	307	302	287	194	91	47	166	306	418	540	602	657	666	629	587	512	439	415	434	555	649	750	806	859	885	888	775	719	657	673	668	671	779	818	859	1000	789	847	889	955	646	732	582	777	650	778	769	768	757	756	739	639	626	552	542	493	531	520	539	504	481	419	411	302	332	287	236	206	188	190	145	123
64	170	1	2	119	0	1953125	12	0.0	24924	5.30	0	0	V0.2	0	0	-408	-240	19	222	231	-59	42	158	207	137	40	-64	-76	-45	12	75	78	39	-44	-105	-119	-88	-41	4	4	-51	-118	-164	-181	-112	-19	70	56	-38	-115	-152	-105	-4	78	108	120	90	42	-21	6	54	130	167	136	60	-24	-68	5	100	200	186	127	16	-86	-114	-80	10	71	57	10	-70	-148	-185	-136	-15	38	-5	-121	-170	-192	-117	-54	10	28	18	-34	-106	-116	-51	30
64	170	1	2	119	0	1953125	12	0.0	16062	3.78	0	0	V0.2	0	0	160	308	392	455	496	482	428	399	318	250	271	286	318	318	317	267	215	97	53	170	287	434	535	636	676	687	650	592	523	430	428	457	525	664	753	838	898	897	880	838	735	654	622	679	700	764	902	794	1000	847	954	995	702	697	654	773	693	762	788	757	767	790	777	691	660	615	570	562	543	521	531	538	509	472	430	409	364	309	248	257	231	199	188	147	123
64	170	1	2	119	0	1953125	12	0.0	28291	5.87	0	0	V0.2	0	0	173	142	52	-39	33	8	4	10	40	33	13	-3	-11	-47	-71	-73	-55	-35	23	6	-21	-54	-54	-3	41	51	20	-2	-8	-12	-59	-15	26	67	45	-8	-3	-18	-28	-34	0	73	84	55	14	-50	-49	-48	-2	37	52	25	7	-42	-49	-28	4	11	-12	-44	-73	-85	-69	-53	-36	25	41	26	-62	-90	-49	-6	30	37	44	48	-20	-79	-65	-36	9	3	-17	8	41
64	170	1	2	119	0	1953125	12	0.0	19550	4.37	0	0	V0.2	0	0	176	278	381	456	494	466	430	387	323	264	251	271	317	317	316	264	200	83	59	162	308	425	512	606	678	662	630	576	511	449	414	462	528	629	756	842	852	875	871	774	734	645	726	623	705	712	822	862	901	1000	809	927	795	586	826	721	623	683	843	695	805	785	717	739	623	635	559	545	513	513	527	515	510	482	441	390	319	331	257	249	226	178	192	158	109
64	170	1	2	119	0	1953125	12	0.0	7638	2.33	0	0	V0.2	0	0	156	253	379	427	453	451	424	372	312	253	238	262	285	317	287	265	179	100	40	157	297	409	510	580	617	637	601	567	478	438	403	471	480	624	714	770	840	848	808	740	750	653	642	607	662	728	858	698	1000	732	868	799	903	728	594	740	582	687	623	784	818	710	723	705	635	570	555	505	504	482	495	494	483	477	448	366	332	284	252	248	200	185	175	138	113
64	170	2	2	119	0	1953125	12	0.0	7730	2.35	0	0	V0.2	0	0	45	55	103	35	120	40	122	36	88	58	71	113	90	111	71	112	86	79	79	64	110	85	164	152	95	117	153	238	64	63	49	212	305	205	395	381	255	361	160	545	579	694	696	342	293	571	823	515	317	158	781	868	668	415	238	562	566	779	700	953	1000	774	714	383	516	340	268	178	112	144	49	94	66	74	119	184	143	193	76	119	84	83	59	58	45
64	170	2	2	119	0	1953125	12	0.0	30005	6.17	0	0	V0.2	0	0	-176	24	189	184	41	5	13	18	23	37	45	54	63	66	60	54	64	67	61	57	51	38	30	21	21	15	22	22	14	5	-13	-31	-44	-47	-30	-44	-52	-75	-79	-72	-69	-61	-56	-47	-53	-46	-39	-35	-32	-15	-7	12	10	15	9	20	31	41	54	60	65	70	67	63	49	56	57	50	44	42	36	29	17	10	5	-2	-17	-31	-32	-37	-43	-48	-55	-62	-63
64	170	1	2	119	0	1953125	12	0.0	64	1.03	0	0	V0.2	0	0	35	29	37	50	33	55	28	50	22	38	34	29	45	32	47	32	37	32	31	50	49	63	72	69	109	53	129	33	100	32	104	95	121	205	157	278	177	294	308	346	376	277	337	226	65	27	310	442	576	615	522	550	341	731	848	1000	970	605	634	510	382	274	117	269	171	176	97	172	167	83	143	89	138	47	96	70	65	60	62	83	35	62	41	54	30
64	170	1	2	119	0	1953125	12	0.0	66	1.03	0	0	V0.2	0	0	38	37	28	55	24	59	23	53	16	35	37	36	39	29	48	37	33	33	38	52	45	74	78	70	105	65	134	28	100	34	112	91	146	214	164	277	159	300	268	339	339	261	327	175	36	78	378	450	631	613	590	644	362	674	743	1000	927	548	584	408	400	235	144	214	184	190	86	199	132	123	115	117	140	38	105	50	89	39	83	76	48	58	41	54	27
64	170	1	2	119	0	1953125	12	0.0	20409	4.52	0	0	V0.2	0	0	6	16	13	30	27	28	27	30	29	18	19	21	20	20	20	33	20	12	15	7	22	12	47	38	59	38	64	60	19	40	34	28	18	64	99	62	120	43	273	163	178	326	311	284	190	115	255	555	567	302	678	811	436	871	529	1000	861	63	335	57	246	105	156	105	35	30	16	60	78	32	58	5	69	34	27	7	19	12	17	24	29	19	15	8	19
64	170	1	2	119	0	1953125	12	0.0	26709	5.60	0	0	V0.2	0	0	-178	-235	-75	192	409	422	261	432	404	224	-84	-280	-258	-51	219	394	308	77	-238	-399	-341	-74	172	295	179	-118	-378	-440	-284	37	294	348	188	-91	-337	-416	-260	26	289	327	190	-19	-221	-248	-91	193	370	333	128	-126	-267	-265	-41	198	355	293	54	-224	-323	-230	2	280	421	301	10	-260	-359	-218	46	253	293	133	-164	-416	-432	-253	43	300	320	102	-198	-427	-398	-193	103
64	170	1	2	119	0	1953125	12	0.0	31640	6.45	0	0	V0.2	0	0	460	579	438	12	49	77	43	44	14	-7	21	43	54	31	15	-38	-51	-41	-11	27	-13	-44	-70	-58	-44	-86	-86	-21	-37	-36	-102	-80	-25	72	106	99	96	95	66	84	57	75	48	52	64	50	29	23	16	10	17	31	18	-11	-18	-51	-51	-36	-4	-23	-46	-21	6	-20	-44	-42	12	-7	-32	-70	-77	-74	-103	-75	-30	-13	-5	-10	-19	-47	-30	-9	43	45	14
64	170	1	2	119	0	1953125	12	0.0	32065	6.52	0	0	V0.2	0	0	4	6	5	4	333	-128	-491	-555	-280	139	493	532	263	-202	-506	-509	-183	259	520	438	29	-410	-662	-538	-126	327	563	423	-10	-418	-598	-417	-21	388	506	339	-57	-401	-497	-275	103	442	513	274	-174	-477	-462	-167	297	569	504	124	-325	-565	-459	-30	406	611	465	66	-348	-563	-396	-18	374	503	321	-94	-431	-586	-350	28	415	509	267	-173	-493	-534	-206	271	558	473	136	-292	-535
64	170	1	2	119	0	1953125	12	0.0	419	1.09	0	0	V0.2	0	0	180	291	370	430	484	479	425	374	315	263	251	265	312	308	315	265	191	80	50	160	292	420	529	595	623	670	650	572	516	427	406	438	539	640	756	809	861	811	889	786	736	691	606	633	677	785	775	1000	762	941	845	701	962	809	682	659	703	559	728	929	764	817	755	710	602	609	549	517	522	513	502	521	522	487	445	364	356	298	250	223	208	219	180	168	97
64	170	2	2	119	0	1953125	12	0.0	0	1.01	0	0	V0.2	0	0	88	157	92	154	80	171	111	163	114	145	133	119	115	118	152	105	168	104	218	77	195	44	201	69	153	31	220	108	219	183	184	255	87	236	70	275	94	208	38	244	106	372	206	503	542	513	695	482	645	496	816	660	876	771	1000	976	519	276	243	279	337	303	173	245	153	314	75	259	104	275	198	160	161	144	197	69	168	65	195	12	163	13	180	40	164
64	170	2	2	119	0	1953125	12	0.0	0	1.02	0	0	V0.2	0	0	19	49	11	71	34	63	22	68	23	60	20	63	19	77	30	69	35	74	65	42	99	47	122	30	147	68	140	120	185	205	102	185	152	231	179	183	255	145	204	143	426	374	551	586	714	901	790	847	651	832	1000	930	797	767	983	931	512	397	360	421	284	304	254	414	237	234	222	262	279	129	217	143	164	98	123	126	83	118	84	114	60	100	85	69	63
64	170	2	2	119	0	1953125	12	0.0	22994	4.97	0	0	V0.2	0	0	16	12	28	33	36	28	20	21	20	19	11	19	25	25	6	18	13	17	10	20	32	10	36	35	58	46	56	26	65	67	18	92	55	139	37	168	47	108	165	205	283	180	42	189	199	467	675	889	784	445	912	999	443	655	661	487	34	823	179	333	177	232	37	186	109	68	89	96	113	65	74	60	37	42	23	52	20	27	1	24	22	17	20	9	8
64	170	2	2	119	0	1953125	12	0.0	0	1.02	0	0	V0.2	0	0	168	252	391	448	493	472	421	368	331	274	250	279	310	316	313	268	215	117	65	167	303	435	519	608	658	670	638	570	515	422	424	487	520	626	741	794	896	873	853	752	829	610	692	630	661	741	857	793	941	1000	818	898	725	818	594	809	580	743	701	826	792	734	743	740	647	616	533	534	530	519	527	537	487	470	423	406	347	295	281	228	224	193	193	139	111
64	170	2	2	119	0	1953125	12	0.0	9431	2.64	0	0	V0.2	0	0	9	17	18	19	18	25	30	22	17	7	17	11	12	13	27	19	15	6	2	7	17	20	36	16	38	14	53	56	34	31	94	42	1	81	121	147	159	196	211	205	169	151	206	170	208	318	469	567	589	338	37	233	279	274	394	540	413	1000	577	193	314	72	2	46	34	70	83	5	43	14	58	32	55	14	30	10	25	8	25	12	9	2	23	19	16
64	170	2	2	119	0	1953125	12	0.0	31158	6.37	0	0	V0.2	0	0	-256	-47	200	408	407	-69	-64	-41	-28	-12	-3	-8	4	-4	10	24	39	69	92	104	107	84	76	47	65	70	79	89	72	61	37	6	-22	-21	-19	-16	-32	-36	-40	-40	-62	-78	-90	-66	-60	-71	-69	-65	-55	-45	-42	-44	-52	-59	-58	-41	-23	3	31	39	20	10	28	51	66	85	115	115	110	106	89	83	90	94	78	74	74	53	48	31	17	-9	-26	-28	-51
64	170	2	2	119	0	1953125	12	0.0	19279	4.33	0	0	V0.2	0	0	182	264	369	439	487	464	446	384	312	280	269	261	296	333	312	284	184	116	16	173	295	419	536	616	655	669	645	563	491	438	416	439	528	611	730	855	880	891	797	788	773	642	622	606	690	728	824	885	931	1000	804	778	779	793	668	587	668	758	890	733	704	713	737	717	652	586	563	537	519	538	515	505	480	462	445	364	371	280	263	245	231	203	168	154	88
64	170	2	2	119	0	1953125	12	0.0	11895	3.06	0	0	V0.2	0	0	191	260	373	458	482	482	427	381	314	263	251	286	294	319	307	275	189	85	52	149	305	427	539	589	667	671	641	573	490	425	431	422	538	675	717	794	892	833	912	789	717	719	537	534	858	729	780	1000	880	909	853	715	858	693	783	564	785	709	733	830	688	725	725	713	666	620	583	529	524	499	518	517	483	457	425	399	387	285	248	240	226	206	182	148	70
64	170	2	2	119	0	1953125	12	0.0	32233	6.55	0	0	V0.2	0	0	1	-14	67	193	265	228	119	60	-34	-55	15	79	135	112	41	-63	-137	-151	-125	-112	-135	-160	-172	-193	-217	-209	-188	-171	-160	-115	-110	-46	-25	-47	-54	-40	13	39	55	56	79	89	174	195	229	209	186	149	141	159	154	186	156	101	95	82	70	39	-3	6	-11	-52	-145	-168	-174	-141	-158	-166	-197	-189	-197	-214	-225	-241	-232	-194	-177	-135	-107	-58	1	20	51	69	109
64	170	2	2	119	0	1953125	12	0.0	9255	2.61	0	0	V0.2	0	0	147	265	341	419	423	434	408	337	301	240	226	248	292	288	303	224	187	89	35	170	276	397	454	565	602	612	585	508	470	411	378	393	491	597	695	728	805	746	818	695	751	557	579	606	612	661	755	821	820	841	741	1000	615	651	504	608	697	827	671	627	691	679	708	633	598	540	516	481	515	482	447	466	481	415	367	362	354	238	265	212	206	182	162	151	94
64	170	2	2	119	0	1953125	12	0.0	11996	3.08	0	0	V0.2	0	0	17	34	42	17	13	36	28	59	14	25	12	28	28	20	51	27	3	31	16	29	40	26	58	70	18	93	65	75	105	47	54	73	232	24	115	100	192	292	169	126	416	59	269	113	122	507	206	392	329	455	999	312	597	414	520	458	424	768	488	431	115	431	241	267	145	164	162	79	50	57	54	122	104	69	49	93	109	38	21	54	26	29	42	28	47
64	170	2	2	119	0	1953125	12	0.0	9350	2.62	0	0	V0.2	0	0	151	269	342	419	461	429	396	366	285	246	243	238	287	287	281	268	194	92	38	125	283	408	489	561	614	636	591	530	483	407	372	383	547	595	671	755	808	868	756	810	585	733	539	587	613	693	886	808	866	774	1000	420	872	863	561	708	495	757	626	815	626	760	660	676	642	533	511	503	489	490	492	464	463	423	423	385	311	263	254	224	207	184	173	138	98
64	170	2	2	119	0	1953125	12	0.0	9341	2.62	0	0	V0.2	0	0	53	67	59	97	17	61	60	95	40	2	64	72	56	34	105	77	51	72	82	62	57	112	86	143	57	135	65	206	262	103	31	111	277	224	191	361	137	249	206	240	598	681	598	441	139	600	863	597	586	495	888	803	322	154	414	439	384	950	1000	724	353	383	699	519	262	195	339	255	141	211	181	139	196	299	148	57	143	261	198	57	151	137	88	53	150
64	170	2	2	119	0	1953125	12	0.0	12062	3.09	0	0	V0.2	0	0	42	8	32	43	76	61	10	49	34	40	29	36	55	66	35	27	18	68	35	85	39	36	29	77	100	21	138	69	114	89	41	221	204	117	164	215	296	330	257	300	555	111	525	231	345	423	263	603	505	799	1000	519	539	81	548	316	311	942	738	573	46	394	410	440	272	212	185	135	129	220	111	118	21	74	162	128	164	121	40	70	50	108	90	53	91
64	170	2	2	119	0	1953125	12	0.0	12012	3.08	0	0	V0.2	0	0	10	42	18	75	60	74	30	58	25	72	12	50	30	70	18	34	29	64	44	57	71	8	73	54	133	76	91	15	89	29	241	326	214	211	59	337	367	173	230	164	432	308	125	47	333	525	459	518	532	536	672	1000	930	453	156	199	507	451	127	197	91	248	123	138	108	101	121	81	115	4	91	28	141	82	93	76	80	130	100	120	46	65	78	47	35
64	170	2	2	119	0	1953125	12	0.0	12052	3.09	0	0	V0.2	0	0	33	4	45	33	68	37	50	26	69	8	36	41	55	32	18	50	31	30	53	52	29	3	79	73	77	58	58	32	81	39	126	234	207	246	90	281	329	242	215	192	423	284	195	116	488	653	574	564	352	314	597	1000	925	641	403	12	308	229	218	136	126	150	70	143	37	127	75	60	15	105	52	56	38	79	69	30	44	53	94	41	49	19	43	36	49
64	170	2	2	119	0	1953125	12	0.0	29575	6.09	0	0	V0.2	0	0	76	-60	-116	-66	-75	-54	-159	-234	-265	-210	-136	-115	-117	-125	-143	-188	-179	-122	-17	50	117	105	71	12	6	76	141	133	116	92	74	89	96	148	204	218	187	125	51	6	5	14	56	35	2	-59	-90	-99	-90	-64	-60	-46	-70	-131	-165	-180	-179	-135	-75	-12	-19	-58	-89	-92	-37	1	85	114	86	7	-48	-52	-23	122	204	219	187	98	75	108	223	234	213	122	24
64	170	2	2	119	0	1953125	12	0.0	6908	2.21	0	0	V0.2	0	0	142	265	377	434	466	456	421	378	313	266	260	277	302	317	315	267	221	97	35	148	263	414	488	586	654	650	627	582	502	425	412	407	492	595	706	809	864	820	806	842	715	692	593	597	585	666	824	1000	916	813	711	871	719	846	698	641	635	622	630	760	799	787	767	712	615	565	532	498	514	484	488	488	462	479	471	400	312	303	261	224	205	163	163	127	99
64	170	2	2	119	0	1953125	12	0.0	496	1.10	0	0	V0.2	0	0	134	203	284	336	359	329	326	283	237	198	179	199	237	236	199	203	142	80	41	131	232	307	380	446	476	525	448	398	386	348	321	307	393	471	554	705	611	556	576	732	485	473	556	261	756	551	547	1000	556	494	447	951	466	794	376	705	504	272	864	327	784	505	598	489	503	448	434	395	377	364	404	369	365	331	327	318	252	206	202	188	169	137	128	100	67
64	170	2	2	119	0	1953125	12	0.0	414	1.09	0	0	V0.2	0	0	32	22	29	35	28	46	18	39	15	26	24	25	25	18	41	37	28	29	26	26	43	19	57	17	60	15	68	9	97	85	124	170	108	134	78	105	100	111	146	114	268	271	260	204	178	228	469	789	933	1000	829	636	789	921	962	708	408	124	245	262	255	306	243	135	126	28	115	55	83	80	95	118	31	78	31	51	24	49	48	18	39	30	50	24	40
64	170	2	2	119	0	1953125	12	0.0	314	1.07	0	0	V0.2	0	0	14	31	19	43	41	34	36	37	42	26	30	47	36	39	36	34	28	27	46	45	25	51	44	86	17	97	37	112	84	119	150	93	80	50	81	89	97	126	57	164	124	224	205	87	162	367	562	679	971	930	721	671	657	1000	980	716	548	183	93	79	257	195	225	217	77	109	70	94	62	62	101	56	100	49	101	68	41	61	49	64	25	51	40	30	29
64	170	2	2	119	0	1953125	12	0.0	339	1.08	0	0	V0.2	0	0	11	28	13	50	17	47	6	41	16	46	21	28	42	53	28	31	34	38	19	38	51	21	40	62	90	29	88	71	135	84	145	172	89	89	37	161	52	132	73	158	157	195	258	131	151	330	555	649	906	912	708	659	635	1000	981	702	485	103	60	103	278	224	278	176	83	124	86	102	31	122	68	92	79	97	88	34	77	44	55	28	62	38	32	42	46
64	170	2	2	119	0	1953125	12	0.0	512	1.11	0	0	V0.2	0	0	11	12	25	31	42	27	31	8	42	11	23	21	44	12	24	27	22	31	46	35	36	50	48	57	54	78	13	33	47	23	93	171	126	150	61	167	108	152	152	173	215	270	369	229	128	215	467	636	981	979	745	647	633	1000	915	560	304	170	171	220	356	297	277	54	130	80	103	53	124	111	55	91	39	50	42	82	21	46	37	61	22	61	49	32	27
64	170	2	2	119	0	1953125	12	0.0	6843	2.19	0	0	V0.2	0	0	1	12	15	20	31	19	23	14	14	17	9	6	12	20	21	10	17	0	3	15	12	30	22	14	37	22	28	55	19	71	74	73	102	91	46	67	68	96	104	137	150	342	278	122	203	180	204	530	1000	826	393	367	291	830	836	85	182	483	633	61	356	219	138	56	106	51	16	37	22	35	66	18	16	28	17	29	27	10	11	1	15	27	11	7	6
64	170	2	2	119	0	1953125	12	0.0	512	1.11	0	0	V0.2	0	0	141	221	314	360	389	373	366	312	250	223	204	233	247	263	255	232	154	73	29	138	221	345	445	497	503	567	507	492	385	369	340	314	381	573	628	740	608	683	615	840	482	686	376	523	846	329	884	640	820	1000	830	557	567	781	524	898	484	551	442	829	859	509	574	569	531	485	461	421	407	459	406	401	428	376	364	300	259	244	216	198	172	177	159	124	79
64	170	2	2	119	0	1953125	12	0.0	6893	2.20	0	0	V0.2	0	0	7	11	17	24	29	23	17	17	16	18	8	9	17	21	19	20	14	3	8	11	8	35	16	30	39	18	38	41	17	74	55	45	76	32	96	88	141	135	62	173	109	349	268	105	249	289	266	567	1000	733	251	168	63	678	823	551	382	646	736	116	417	229	191	56	132	33	8	39	36	33	54	24	15	37	19	36	28	7	11	0	22	25	12	7	8
64	170	2	2	119	0	1953125	12	0.0	494	1.10	0	0	V0.2	0	0	133	204	275	337	350	357	328	263	228	211	188	218	211	237	244	213	137	71	26	99	215	345	386	449	490	479	501	440	376	334	282	316	357	519	572	584	618	754	648	571	578	567	304	541	643	452	752	593	621	1000	763	338	563	461	560	555	755	381	563	561	890	393	503	513	473	447	418	414	374	405	420	385	375	338	302	279	258	210	192	194	164	155	148	119	82
64	170	2	2	119	0	1953125	12	0.0	492	1.10	0	0	V0.2	0	0	124	230	293	374	388	396	357	314	260	234	214	234	251	265	272	215	171	72	33	139	225	358	420	507	540	527	532	483	404	375	313	365	492	396	626	648	825	678	754	691	625	489	604	293	725	623	576	1000	633	897	689	670	578	563	592	608	668	688	404	798	662	644	684	551	532	458	442	433	461	424	398	449	393	394	331	322	281	243	209	213	173	161	146	116	85
64	170	2	2	119	0	1953125	12	0.0	0	1.02	0	0	V0.2	0	0	32	11	41	44	29	63	10	48	16	49	31	43	41	27	50	18	53	34	39	54	65	10	77	27	83	91	15	77	18	93	130	91	164	204	120	199	197	82	218	145	185	228	84	71	171	372	476	580	851	757	522	510	417	359	598	818	1000	997	789	499	450	255	252	173	114	204	160	160	176	75	133	141	80	132	73	75	104	53	74	65	58	93	65	49	51
64	170	2	2	119	0	1953125	12	0.0	0	1.01	0	0	V0.2	0	0	152	100	155	101	158	104	171	119	168	93	164	88	146	75	154	108	179	97	205	106	193	70	159	60	157	36	155	114	199	74	247	58	290	94	220	148	156	100	264	108	210	151	217	178	372	299	615	526	796	651	651	571	386	477	919	1000	919	806	558	536	286	333	120	265	207	286	81	256	90	262	23	221	51	232	17	187	2	188	26	167	6	172	29	161	27
64	170	2	2	119	0	1953125	12	0.0	0	1.02	0	0	V0.2	0	0	43	23	60	52	53	53	55	55	49	46	65	36	67	38	74	37	75	76	70	71	67	90	85	81	115	64	113	54	149	96	153	154	182	270	146	212	126	248	202	152	179	113	229	33	227	347	653	812	921	911	691	769	466	741	890	992	1000	638	631	365	302	213	159	249	174	197	111	222	166	132	149	117	160	64	136	78	93	73	96	102	60	96	72	81	51
64	170	2	2	119	0	1953125	12	0.0	17654	4.05	0	0	V0.2	0	0	15	11	20	23	16	31	21	21	13	13	13	13	6	19	16	30	9	5	10	3	26	12	38	23	33	19	45	67	4	34	34	36	70	55	61	170	99	188	9	101	95	167	245	202	291	471	407	611	1000	717	112	425	446	922	991	375	335	27	233	402	344	215	119	55	70	85	57	25	6	47	46	49	25	29	12	15	23	18	19	8	8	6	18	19	12
64	170	2	2	119	0	1953125	12	0.0	0	1.02	0	0	V0.2	0	0	151	264	348	414	479	453	426	375	304	259	255	281	290	323	309	287	190	89	27	135	287	387	509	589	635	626	629	547	507	398	358	388	509	627	711	753	846	775	867	784	674	577	576	624	740	664	772	798	775	1000	804	855	723	593	668	797	596	524	712	813	714	729	675	671	628	564	546	511	505	443	463	515	452	424	431	395	324	317	236	233	187	171	176	124	80
64	170	2	2	119	0	1953125	12	0.0	32811	6.65	0	0	V0.2	0	0	40	49	54	59	67	-274	-214	-150	-82	-8	63	128	191	259	317	359	401	427	452	460	454	433	409	376	329	276	223	159	91	18	-52	-119	-184	-244	-303	-350	-389	-415	-428	-435	-436	-425	-394	-358	-319	-263	-210	-152	-90	-28	39	103	160	209	256	295	330	354	370	372	361	351	332	301	264	223	180	131	76	21	-40	-90	-135	-183	-212	-236	-255	-274	-280	-285	-279	-264	-244	-215	-182
64	170	2	2	119	0	1953125	12	0.0	291	1.07	0	0	V0.2	0	0	166	274	385	425	470	465	433	378	309	262	272	278	276	327	308	258	191	92	44	161	284	426	537	563	644	673	632	564	520	425	401	428	536	632	740	772	865	877	847	812	673	687	681	557	629	808	832	873	815	1000	884	825	613	850	770	673	543	721	785	841	716	734	741	699	641	590	551	540	507	515	505	507	503	454	441	395	347	271	263	239	212	198	187	154	109
64	170	2	2	119	0	1953125	12	0.0	339	1.08	0	0	V0.2	0	0	7	28	1	56	24	49	9	47	2	46	14	33	29	56	18	32	29	39	22	40	65	18	53	40	98	23	65	30	89	19	67	65	57	68	184	252	187	317	238	369	336	385	414	150	68	271	530	697	1000	917	634	518	454	802	764	508	263	176	103	172	339	295	349	184	88	100	76	79	61	119	32	98	59	107	44	67	72	46	47	37	63	11	44	41	45
64	170	2	2	119	0	1953125	12	0.0	341	1.08	0	0	V0.2	0	0	25	14	43	30	48	34	37	23	46	27	35	12	61	22	40	13	48	21	32	61	34	48	20	84	55	61	44	76	75	49	94	42	46	54	191	188	218	279	209	339	265	344	321	75	151	383	559	685	999	849	610	502	532	809	707	423	168	246	210	258	377	303	343	186	103	103	85	96	56	134	61	103	70	105	78	48	78	52	63	27	66	37	34	40	49
64	170	2	2	119	0	1953125	12	0.0	487	1.10	0	0	V0.2	0	0	23	11	32	19	51	23	40	4	43	6	34	27	37	28	28	32	25	40	41	21	48	44	50	35	86	79	44	45	64	73	65	152	106	78	45	120	57	215	178	292	299	301	336	109	175	366	620	756	1000	879	565	532	557	755	550	93	241	569	520	444	497	322	270	73	186	110	120	89	135	127	46	93	25	49	40	86	13	57	41	63	30	65	51	31	36
64	170	2	2	119	0	1953125	12	0.0	512	1.11	0	0	V0.2	0	0	19	17	25	31	38	37	27	24	31	18	29	8	41	12	37	10	42	21	26	40	14	54	22	67	30	80	63	44	44	63	117	75	114	101	37	45	176	112	179	299	295	392	259	49	93	331	506	699	1000	725	505	445	576	672	397	81	294	562	476	402	434	277	220	35	160	110	115	99	108	144	34	77	21	60	8	72	46	42	48	55	65	27	59	38	41
64	170	2	2	119	0	1953125	12	0.0	7316	2.28	0	0	V0.2	0	0	6	5	12	19	18	20	14	15	14	17	9	7	16	14	11	20	6	8	2	12	9	18	13	24	28	34	19	16	20	29	55	37	77	46	36	103	128	36	22	185	139	286	186	56	148	191	140	486	1000	588	183	179	364	528	415	182	263	483	356	91	229	160	72	33	76	20	32	4	12	67	34	20	22	10	31	15	8	17	5	12	18	15	14	4	7
64	170	2	2	119	0	1953125	12	0.0	7293	2.27	0	0	V0.2	0	0	62	35	77	53	77	65	81	71	69	58	76	37	88	46	96	49	78	61	60	84	64	87	51	114	89	107	120	67	81	101	213	179	262	273	339	421	216	321	269	556	549	502	505	284	200	381	597	568	695	584	624	723	756	999	930	851	637	394	628	546	496	339	69	82	101	95	86	159	66	159	92	112	95	38	28	76	85	86	111	44	95	68	72	54	94
64	170	2	2	119	0	1953125	12	0.0	9882	2.72	0	0	V0.2	0	0	28	27	46	30	68	20	14	35	33	55	44	35	6	35	57	34	34	12	21	50	26	27	65	45	19	99	54	62	168	12	95	59	142	155	158	220	221	137	184	604	586	423	264	330	610	292	350	145	502	709	968	1000	918	182	656	801	310	744	962	584	283	372	361	409	200	110	165	88	20	43	22	119	29	15	31	51	84	29	28	59	32	49	30	45	43
64	170	1	2	119	0	1953125	12	0.0	21787	4.76	0	0	V0.2	0	0	8	12	29	60	28	28	9	49	32	20	1	47	23	42	14	27	51	41	45	58	48	12	48	64	130	71	74	68	60	62	127	22	109	121	273	33	181	221	37	320	183	173	456	552	552	406	406	639	270	664	577	284	457	1000	514	505	977	632	669	192	315	323	248	8	105	18	55	116	103	22	12	16	15	59	63	70	49	33	46	8	40	31	6	7	27
64	170	1	2	119	0	1953125	12	0.0	23776	5.10	0	0	V0.2	0	0	-5	1	3	4	4	93	-182	-390	-392	-145	166	404	417	182	-139	-328	-294	-50	212	418	325	115	-132	-245	-125	120	367	485	349	109	-181	-297	-183	83	343	409	232	-90	-352	-420	-229	52	269	273	63	-268	-497	-483	-268	71	268	211	-15	-274	-385	-338	-95	206	371	310	40	-257	-377	-232	39	326	463	359	53	-235	-306	-166	144	417	485	303	3	-233	-232	-93	200	352	329	109	-199
64	170	2	2	119	0	1953125	12	0.0	319	1.07	0	0	V0.2	0	0	182	295	387	460	507	472	455	400	325	278	278	262	320	334	330	282	196	107	74	166	298	448	535	626	661	693	678	599	530	451	411	467	560	669	754	822	926	881	896	838	779	677	685	642	603	860	868	869	973	999	853	879	771	825	763	541	745	787	800	718	850	797	773	710	661	621	587	552	535	545	552	533	519	472	432	426	363	298	280	248	225	213	186	146	110
64	170	2	2	119	0	1953125	12	0.0	456	1.10	0	0	V0.2	0	0	11	47	26	50	17	60	20	60	14	47	21	59	26	42	46	55	39	55	50	37	43	70	77	50	62	60	64	79	76	86	129	85	141	49	181	114	300	307	448	434	402	560	522	493	243	239	293	662	891	916	701	243	696	829	1000	557	220	483	655	542	366	479	301	291	162	233	136	123	123	95	110	67	110	23	90	61	96	37	97	54	69	64	74	46	54
64	170	2	2	119	0	1953125	12	0.0	499	1.11	0	0	V0.2	0	0	9	52	37	56	34	60	40	57	23	45	7	71	14	55	24	77	25	44	53	41	75	19	115	31	109	46	73	74	105	53	133	141	206	284	212	477	457	611	565	620	791	726	881	796	589	374	257	654	683	649	154	512	651	311	321	557	864	992	1000	732	727	564	377	423	318	363	167	202	168	70	69	66	85	66	134	86	115	35	110	85	52	57	60	63	38
64	170	2	2	119	0	1953125	12	0.0	21968	4.79	0	0	V0.2	0	0	11	21	18	34	43	34	33	23	30	24	10	11	29	38	19	10	11	12	17	12	37	15	39	35	57	57	54	30	58	50	80	99	91	209	72	134	265	325	594	353	420	322	186	388	203	629	795	715	473	633	515	778	817	161	869	708	376	805	872	1000	516	280	124	199	204	72	81	71	120	55	71	44	19	2	70	78	24	17	18	27	35	30	32	10	15
64	170	1	2	119	0	1953125	12	0.0	336	1.08	0	0	V0.2	0	0	155	279	350	435	450	458	426	357	298	243	268	254	290	298	303	249	208	88	51	140	281	396	529	598	625	620	623	568	483	404	384	420	532	623	706	787	820	833	785	830	665	637	594	591	802	639	759	771	1000	847	854	758	831	666	703	518	818	700	530	775	833	710	706	660	651	581	529	494	503	498	515	495	461	466	421	386	289	298	254	247	206	193	182	162	80
64	170	1	2	119	0	1953125	12	0.0	0	0.95	0	0	V0.2	0	0	21	24	10	42	21	43	54	2	33	5	46	28	27	28	25	52	18	25	36	37	2	36	3	67	62	28	89	46	48	81	67	133	176	123	205	243	100	176	192	241	348	292	137	282	331	323	230	153	393	697	729	883	1000	707	349	331	78	334	320	378	418	329	260	316	220	112	160	132	132	156	74	62	113	56	51	59	39	73	45	20	61	37	26	28	40
64	170	2	2	119	0	1953125	12	0.0	7004	2.22	0	0	V0.2	0	0	14	16	25	14	28	33	20	22	13	23	15	22	8	27	23	15	5	8	4	18	12	23	38	35	17	70	40	34	28	51	59	109	81	97	80	104	97	18	168	296	313	546	265	518	569	737	677	397	241	252	240	806	1000	701	393	776	40	613	516	557	535	538	311	188	115	56	116	13	21	53	29	39	45	30	2	23	25	30	15	12	11	14	14	15	19
64	170	2	2	119	0	1953125	12	0.0	18517	4.20	0	0	V0.2	0	0	9	14	15	18	22	28	22	15	21	24	24	8	9	28	17	5	4	17	17	25	21	10	37	31	22	52	67	52	94	38	44	43	75	71	126	56	93	50	107	179	284	151	340	335	288	249	286	394	96	273	368	356	312	155	288	835	1000	457	160	159	227	146	87	124	69	121	28	29	55	22	31	33	12	22	9	16	8	33	18	10	14	21	19	12	11
64	170	2	2	119	0	1953125	12	0.0	309	1.07	0	0	V0.2	0	0	175	276	364	444	467	478	416	388	316	257	264	280	308	314	299	272	205	87	48	165	292	428	533	579	636	649	636	593	489	416	406	473	534	601	745	800	852	845	863	741	771	617	686	672	619	803	786	726	841	934	999	916	854	633	632	629	681	715	855	679	794	761	727	694	674	572	557	517	511	513	519	495	514	471	424	402	323	322	238	236	212	220	158	152	102
64	170	2	2	119	0	1953125	12	0.0	7426	2.29	0	0	V0.2	0	0	15	11	15	20	26	21	21	15	9	14	10	10	11	16	19	11	11	7	0	17	15	31	17	29	35	16	22	27	19	26	16	86	94	90	51	66	43	95	96	54	62	26	210	61	146	283	173	512	933	1000	433	499	706	873	954	635	284	238	142	119	349	215	146	73	84	71	18	26	47	66	22	51	32	15	34	20	24	29	7	3	0	20	12	7	9
64	170	2	2	119	0	1953125	12	0.0	7398	2.29	0	0	V0.2	0	0	49	91	39	90	33	114	48	86	44	82	25	66	50	81	47	86	58	71	85	100	121	92	191	127	209	120	263	218	279	300	309	371	291	394	368	307	278	347	527	493	602	480	545	583	686	862	728	656	470	325	387	322	437	772	934	935	1000	861	699	536	425	587	459	404	191	253	243	192	227	234	303	188	254	193	181	145	180	199	133	153	139	160	112	141	145
64	170	2	2	119	0	1953125	12	0.0	0	0.95	0	0	V0.2	0	0	737	701	688	699	712	757	774	779	759	728	681	647	617	630	663	723	777	812	834	813	766	708	629	553	531	551	621	680	786	821	828	864	784	700	620	568	398	567	489	625	756	808	750	887	780	748	611	553	523	524	689	646	673	769	1000	462	901	523	741	443	532	534	544	539	599	609	600	622	628	574	555	563	547	565	558	562	559	536	530	502	482	490	506	534	567
64	170	2	2	119	0	1953125	12	0.0	0	1.02	0	0	V0.2	0	0	8	29	12	32	13	40	12	38	9	34	4	35	10	35	8	35	9	21	27	28	48	14	71	22	54	19	66	23	64	55	66	89	90	203	169	217	198	188	237	105	110	43	94	30	141	111	145	213	251	387	568	850	814	886	1000	668	411	223	292	357	338	371	255	229	159	56	68	29	20	45	69	21	73	18	46	19	46	35	25	34	22	38	24	45	28
64	170	2	2	119	0	1953125	12	0.0	0	0.99	0	0	V0.2	0	0	89	124	85	107	86	130	98	128	81	130	85	116	60	110	86	127	84	130	114	146	95	107	90	117	70	88	100	132	105	133	94	187	79	133	53	85	136	70	178	88	348	259	355	226	359	338	322	395	456	534	652	834	892	1000	653	295	231	175	130	189	130	354	208	233	50	173	14	90	115	145	57	85	103	142	59	86	79	116	72	75	64	86	86	69	79
64	170	2	2	119	0	1953125	12	0.0	0	0.94	0	0	V0.2	0	0	122	143	131	126	135	126	160	134	164	108	145	92	151	86	147	90	174	129	188	126	161	111	155	133	110	126	124	207	95	253	71	294	30	345	152	203	112	206	203	103	380	300	570	174	484	298	457	240	406	580	810	687	831	1000	449	292	408	725	508	216	100	401	177	233	161	236	297	36	216	68	248	36	210	77	152	91	150	122	95	93	103	131	80	121	71
64	170	2	2	119	0	1953125	12	0.0	0	0.94	0	0	V0.2	0	0	146	149	149	121	155	132	188	130	177	111	162	109	158	92	152	113	191	155	177	144	164	152	147	137	104	148	118	230	76	260	74	322	51	315	175	202	206	163	261	168	437	294	637	262	509	226	483	255	369	532	696	477	726	1000	469	553	577	889	677	393	50	438	253	262	194	238	350	49	221	49	289	73	197	68	188	134	141	122	101	117	109	145	72	126	85
64	170	2	2	119	0	1953125	12	0.0	0	0.94	0	0	V0.2	0	0	198	135	190	123	193	141	213	157	194	146	176	143	159	132	159	160	193	207	172	212	146	229	89	205	34	225	37	279	105	289	129	320	264	246	346	185	408	134	383	269	587	246	593	386	541	493	352	355	278	599	229	417	459	1000	600	810	841	893	855	488	375	332	374	230	358	81	408	225	257	168	255	241	139	200	121	247	48	203	25	191	50	190	63	170	87
64	170	2	2	119	0	1953125	12	0.0	0	0.94	0	0	V0.2	0	0	133	176	128	174	144	178	165	170	178	147	175	116	159	115	172	128	201	135	227	133	219	102	197	75	189	78	219	144	218	212	210	285	161	375	131	416	208	357	240	447	326	480	400	439	572	395	527	163	540	413	461	481	644	635	926	1000	803	770	642	665	232	260	230	427	124	333	173	324	278	176	225	149	235	88	238	20	207	44	194	52	170	55	170	82	172
64	170	2	2	119	0	1953125	12	0.0	0	0.94	0	0	V0.2	0	0	170	130	154	143	157	160	145	181	138	186	109	161	93	167	105	185	112	209	135	214	142	174	121	153	141	141	173	136	252	113	293	16	336	106	363	278	298	271	250	437	258	492	272	500	229	589	329	271	343	570	515	523	564	666	999	846	863	431	668	407	334	41	331	237	214	252	162	360	80	261	51	238	93	198	129	152	151	115	159	80	143	67	156	68	169
64	170	2	2	119	0	1953125	12	0.0	0	0.94	0	0	V0.2	0	0	160	106	166	109	159	107	175	140	167	131	127	122	131	135	116	135	140	187	147	191	97	172	80	184	39	163	24	236	118	224	138	220	221	208	336	178	317	119	381	227	389	223	495	278	361	442	290	283	183	635	414	674	268	900	817	1000	656	596	544	386	316	223	300	162	274	66	344	193	208	151	198	184	117	175	82	182	56	182	31	141	31	158	64	140	60
64	170	1	2	119	0	1953125	12	0.0	0	0.94	0	0	V0.2	0	0	141	102	149	99	144	96	158	123	156	110	124	99	129	109	118	108	140	156	144	164	101	148	84	167	34	146	34	216	92	214	103	212	186	210	299	171	287	114	303	133	325	171	424	175	336	387	280	146	211	632	370	462	229	1000	840	865	542	569	525	342	256	231	278	138	221	90	325	155	181	118	195	162	118	160	85	164	59	168	26	130	23	150	57	133	56
64	170	1	2	119	0	1953125	12	0.0	0	0.94	0	0	V0.2	0	0	19	21	52	22	46	44	18	34	19	48	6	32	21	49	11	49	48	24	34	51	30	58	32	99	80	56	134	73	75	87	92	139	102	155	262	180	205	211	132	228	175	257	331	122	251	339	230	101	138	562	469	161	481	1000	958	737	433	577	592	334	149	132	225	186	55	213	219	127	140	114	144	129	54	132	107	47	89	62	62	50	56	80	32	52	60
64	170	1	2	119	0	1953125	12	0.0	0	0.94	0	0	V0.2	0	0	95	92	106	88	106	77	117	96	126	79	96	65	108	75	103	67	117	105	133	112	98	87	98	113	65	100	66	160	63	180	33	171	62	216	173	134	172	165	197	48	264	141	335	60	329	224	200	107	241	469	277	127	463	1000	630	462	259	573	465	224	86	257	177	104	111	153	250	40	153	45	175	73	134	95	93	96	87	117	42	87	43	110	44	103	30
64	170	1	2	119	0	1953125	12	0.0	19549	4.37	0	0	V0.2	0	0	4	6	20	27	13	17	19	20	17	7	9	19	15	5	8	23	8	7	11	16	17	8	21	51	25	30	17	24	26	46	4	4	43	83	110	49	131	118	56	201	231	176	348	261	105	84	298	394	433	462	312	91	687	1000	692	102	526	580	459	157	174	202	222	141	81	43	16	54	59	47	52	6	22	50	20	1	3	7	19	23	16	10	4	17	13
64	170	1	2	119	0	1953125	12	0.0	1664	1.31	0	0	V0.2	0	0	163	274	395	440	483	463	441	390	307	250	271	254	315	311	309	258	191	105	47	152	306	419	535	616	645	669	643	571	503	417	425	456	528	637	766	826	828	838	936	768	688	743	583	554	757	845	872	742	835	982	1000	841	660	789	698	671	749	654	772	801	750	744	714	748	640	609	571	534	516	530	516	478	513	496	430	371	366	286	273	244	216	194	186	140	117
64	170	2	2	119	0	1953125	12	0.0	1648	1.30	0	0	V0.2	0	0	35	45	0	26	34	63	19	36	37	55	10	26	41	37	36	49	27	5	40	56	52	47	77	25	48	81	102	10	64	81	102	45	149	222	114	24	151	289	88	231	437	591	589	297	180	321	434	373	484	703	461	144	581	1000	861	611	704	868	998	699	275	254	398	351	77	134	138	114	35	170	184	39	58	85	114	29	78	72	35	18	64	66	6	57	55
64	170	2	2	119	0	1953125	12	0.0	1623	1.30	0	0	V0.2	0	0	19	35	41	35	54	14	41	32	63	17	18	41	43	17	17	45	38	15	49	55	5	21	58	85	59	66	53	75	45	148	112	17	106	174	212	57	193	168	132	131	516	664	571	364	201	390	418	337	492	585	652	361	488	826	960	861	805	1000	976	691	385	260	353	273	185	32	176	118	63	136	131	126	14	128	84	46	25	86	75	17	64	45	36	28	70
64	170	2	2	119	0	1953125	12	0.0	497	1.10	0	0	V0.2	0	0	27	44	43	45	63	26	46	69	24	27	5	56	73	27	57	47	9	47	65	80	47	59	67	53	126	101	50	123	99	38	105	164	169	227	315	224	42	93	129	375	687	763	765	753	685	443	190	130	385	666	1000	888	706	845	905	663	402	560	609	546	676	716	532	379	336	194	42	175	198	146	168	172	68	65	102	70	114	135	82	41	75	70	71	99	80
64	170	2	2	119	0	1953125	12	0.0	497	1.10	0	0	V0.2	0	0	34	16	35	20	49	29	41	25	33	6	44	9	45	10	58	15	43	30	42	55	25	60	23	73	26	104	69	54	54	41	52	69	188	169	214	188	29	47	153	301	381	560	569	591	529	277	267	221	234	321	792	867	825	1000	677	288	422	550	392	202	306	336	489	369	261	166	33	114	82	151	86	117	77	44	45	64	72	43	82	47	58	33	54	48	47
64	170	2	2	119	0	1953125	12	0.0	497	1.10	0	0	V0.2	0	0	30	13	33	18	48	23	44	20	32	2	41	8	39	17	52	13	38	26	39	53	19	63	21	67	14	110	56	57	37	47	38	78	175	146	231	166	63	29	186	300	423	596	590	645	555	324	324	236	248	288	789	835	832	1000	661	293	378	506	303	195	256	338	479	332	266	143	50	93	100	150	76	127	59	57	27	78	60	58	79	44	60	31	61	44	52
64	170	2	2	119	0	1953125	12	0.0	1594	1.29	0	0	V0.2	0	0	24	31	30	2	49	24	28	42	10	24	31	16	22	41	6	33	25	18	33	36	30	4	72	9	16	92	20	76	65	96	86	56	102	137	208	45	81	178	93	181	367	587	546	457	266	275	440	392	386	355	671	562	601	1000	861	599	623	773	547	470	271	143	250	264	209	21	140	88	53	102	82	125	18	74	80	50	63	29	64	40	37	40	27	39	32
64	170	2	2	119	0	1953125	12	0.0	1648	1.30	0	0	V0.2	0	0	27	4	44	31	30	15	49	24	35	16	45	4	34	23	49	5	36	21	13	35	26	48	21	76	23	32	35	76	14	105	100	41	26	172	247	91	59	124	187	58	424	593	632	504	278	382	439	421	359	604	737	427	377	840	1000	759	557	636	730	647	294	113	224	280	147	77	132	76	73	84	145	55	62	51	69	35	48	50	30	43	29	40	19	49	32
64	170	2	2	119	0	1953125	12	0.0	1625	1.30	0	0	V0.2	0	0	40	22	39	15	73	37	39	13	67	37	21	19	64	15	40	29	43	3	51	70	31	52	33	72	52	114	77	43	50	148	175	68	153	203	214	130	153	258	66	180	494	785	781	476	243	391	547	355	475	711	719	536	530	956	999	874	588	739	974	737	389	175	361	350	144	55	134	183	35	145	154	104	55	92	142	43	49	61	83	38	51	70	24	29	63
64	170	2	2	119	0	1953125	12	0.0	1648	1.30	0	0	V0.2	0	0	13	38	15	49	24	58	1	39	24	59	13	20	42	51	19	36	37	30	16	51	60	19	56	35	71	61	86	1	45	91	152	94	111	184	171	145	79	246	88	182	463	748	785	481	179	314	494	349	497	757	716	480	433	886	918	823	671	837	1000	694	302	160	373	314	95	81	143	155	19	165	129	78	30	102	104	6	53	43	52	19	71	39	32	45	57
64	170	2	2	119	0	1953125	12	0.0	1650	1.30	0	0	V0.2	0	0	32	31	27	29	51	57	22	30	51	55	18	15	57	34	37	31	43	13	36	63	48	43	51	53	63	90	85	24	56	115	162	71	131	185	157	107	141	286	85	191	476	757	765	432	99	275	458	302	486	755	720	479	331	794	847	832	746	859	999	686	265	126	361	323	83	109	147	164	12	167	154	75	50	99	128	13	73	66	68	17	66	63	14	48	65
64	170	2	2	119	0	1953125	12	0.0	497	1.10	0	0	V0.2	0	0	8	24	24	45	90	69	14	46	31	57	45	44	87	53	22	38	26	74	86	96	73	22	64	12	143	189	106	32	55	35	144	253	282	219	230	221	73	258	373	447	727	925	961	758	561	388	193	81	563	873	1000	981	784	855	736	596	360	567	800	687	594	667	636	421	189	136	67	123	251	260	158	109	112	26	111	149	107	92	105	60	30	91	100	85	94
64	170	2	2	119	0	1953125	12	0.0	499	1.11	0	0	V0.2	0	0	38	14	45	18	61	32	53	25	39	0	54	10	50	15	62	13	47	34	49	58	16	67	22	94	26	127	68	72	41	67	55	106	233	188	227	161	87	80	313	451	529	713	692	688	567	229	154	47	353	500	948	977	822	1000	682	183	507	695	484	332	372	391	524	360	233	116	108	154	128	184	82	131	69	63	42	85	79	58	91	47	67	35	67	51	54
64	170	2	2	119	0	1953125	12	0.0	497	1.10	0	0	V0.2	0	0	35	14	40	21	57	27	52	17	40	7	44	16	46	25	57	17	40	31	47	57	16	71	23	80	29	131	46	71	17	69	27	118	206	157	235	105	104	95	348	419	568	718	672	720	533	242	156	59	330	498	1000	977	862	935	585	259	580	717	426	334	306	416	492	293	224	56	143	130	159	163	79	132	20	75	33	108	56	78	72	53	60	37	69	41	56
64	170	2	2	119	0	1953125	12	0.0	499	1.11	0	0	V0.2	0	0	36	9	44	12	59	25	53	18	42	6	54	15	50	21	62	14	45	37	51	56	14	68	18	96	32	128	58	73	37	71	50	113	223	169	213	120	126	127	359	482	565	733	695	693	559	222	118	43	290	492	988	1000	801	886	592	184	517	690	456	383	392	423	512	318	197	69	135	157	140	185	84	125	51	69	41	96	76	59	83	41	63	35	69	46	56
64	170	2	2	119	0	1953125	12	0.0	497	1.10	0	0	V0.2	0	0	34	18	37	20	52	31	46	25	35	3	47	9	47	12	57	8	42	31	45	56	16	64	13	92	30	118	70	61	36	61	47	104	216	171	202	112	138	155	375	516	588	748	703	668	552	224	93	109	333	548	1000	975	737	804	538	133	521	725	512	437	434	443	512	305	161	33	161	177	145	181	74	111	32	79	46	96	73	62	78	40	64	36	71	46	55
64	170	2	2	119	0	1953125	12	0.0	499	1.11	0	0	V0.2	0	0	30	9	44	13	60	15	53	7	42	18	47	29	43	38	50	33	45	43	52	50	27	62	42	96	50	131	30	72	14	89	47	151	215	157	208	22	226	236	484	558	682	799	701	671	464	167	59	179	382	600	1000	871	667	697	365	209	714	832	564	521	444	495	494	257	162	19	190	161	181	173	79	114	2	84	45	110	56	69	62	51	59	42	70	43	57
64	170	2	2	119	0	1953125	12	0.0	477	1.10	0	0	V0.2	0	0	23	21	44	22	60	21	58	13	48	30	53	33	43	44	51	35	48	47	52	50	31	67	47	113	44	126	39	77	26	108	75	165	228	134	186	52	315	332	565	664	727	846	718	617	414	82	85	194	419	580	1000	891	609	666	390	357	839	931	615	514	481	459	490	254	115	16	201	190	168	189	71	114	18	99	58	109	81	71	90	52	74	42	80	57	61
64	170	2	2	119	0	1953125	12	0.0	499	1.11	0	0	V0.2	0	0	30	28	35	44	34	52	32	39	35	29	49	29	51	17	60	26	50	43	48	51	28	67	38	105	100	71	90	57	64	63	104	99	204	163	120	125	296	431	498	737	755	795	730	473	329	47	201	177	443	640	910	904	506	559	439	546	971	1000	729	459	504	396	406	258	22	47	190	220	129	167	67	73	17	100	75	80	77	51	83	32	64	39	65	44	49
64	170	2	2	119	0	1953125	12	0.0	477	1.10	0	0	V0.2	0	0	26	11	47	7	55	14	54	3	48	15	53	20	47	28	55	20	49	39	44	47	19	69	22	112	41	99	52	72	30	94	86	118	193	97	156	104	335	384	529	692	692	750	617	418	277	56	198	186	425	547	835	749	409	491	358	593	983	1000	696	466	492	391	405	233	43	44	180	205	135	168	67	82	27	94	79	79	82	46	82	45	67	43	69	57	50
64	170	2	2	119	0	1953125	12	0.0	483	1.10	0	0	V0.2	0	0	21	34	14	55	2	53	6	51	12	46	30	48	29	44	37	50	32	48	46	33	49	30	70	41	117	34	76	30	66	24	85	87	116	152	50	171	195	405	417	598	706	626	611	393	230	126	196	250	303	559	606	654	392	371	289	583	999	931	796	492	483	448	319	264	49	89	106	192	134	105	92	26	51	55	100	48	73	32	66	45	47	51	48	54	35
64	170	2	2	119	0	1953125	12	0.0	492	1.10	0	0	V0.2	0	0	13	16	25	25	37	17	30	19	24	24	16	34	14	36	16	37	18	30	35	23	36	23	56	43	71	86	9	29	45	51	36	96	74	104	73	156	215	290	420	434	581	523	414	325	113	163	154	300	319	433	516	387	254	285	229	576	1000	919	696	547	391	424	294	161	76	96	142	128	155	71	74	32	63	49	77	75	36	56	39	59	31	53	42	42	34
64	170	2	2	119	0	1953125	12	0.0	0	0.95	0	0	V0.2	0	0	9	41	58	27	44	51	5	49	29	30	39	17	38	12	51	49	14	18	27	32	29	47	17	98	109	20	104	105	83	135	83	17	130	167	85	117	237	206	324	435	347	394	437	234	204	239	143	174	440	528	369	298	345	733	634	837	1000	855	599	317	256	98	83	238	273	196	184	167	116	195	197	81	82	125	89	77	70	14	79	99	44	28	49	50	60
64	170	1	2	119	0	1953125	12	0.0	0	0.95	0	0	V0.2	0	0	5	34	18	31	24	48	63	9	30	26	48	15	43	24	25	2	47	47	8	41	63	20	50	26	69	35	97	154	59	75	85	57	64	32	134	231	115	262	301	278	329	301	363	198	87	339	372	149	170	530	582	308	85	751	708	1000	869	564	773	526	125	95	175	246	142	127	277	202	96	128	127	138	51	94	135	56	48	71	49	41	30	77	47	21	56
64	170	1	2	119	0	1953125	12	0.0	0	0.94	0	0	V0.2	0	0	131	94	136	114	123	111	123	142	128	138	83	113	93	140	82	130	86	174	119	172	94	129	73	152	103	115	84	171	206	112	188	44	206	49	234	198	243	182	315	330	250	251	255	325	46	392	323	333	118	547	438	456	367	535	684	986	999	320	666	440	284	144	233	180	157	126	211	299	44	173	52	217	61	158	71	138	97	126	125	61	84	89	134	65	116
64	170	1	2	119	0	1953125	12	0.0	0	0.94	0	0	V0.2	0	0	79	105	63	117	90	119	85	104	101	111	109	70	80	82	115	88	116	72	134	93	150	68	98	26	134	56	127	60	154	143	122	184	31	163	42	285	177	237	153	322	164	205	190	157	298	164	465	298	264	198	428	590	494	29	502	1000	763	374	327	529	246	112	61	254	166	128	121	197	224	37	156	51	151	27	160	65	102	44	119	92	72	64	77	95	81
64	170	2	2	119	0	1953125	12	0.0	0	0.94	0	0	V0.2	0	0	112	115	111	127	95	127	99	156	102	140	69	122	79	134	77	127	91	163	136	137	129	95	125	95	139	52	131	84	234	69	185	67	211	160	173	283	241	285	170	357	85	207	66	357	258	301	366	440	413	185	290	691	871	116	439	910	999	298	343	395	340	240	100	206	145	228	43	295	135	157	67	171	149	88	123	88	152	57	149	11	112	37	142	58	111
64	170	2	2	119	0	1953125	12	0.0	0	0.94	0	0	V0.2	0	0	85	126	84	141	102	131	97	136	130	123	118	80	105	101	131	92	129	101	171	110	165	63	123	52	149	61	129	59	188	185	117	192	72	229	42	324	209	301	144	337	169	179	134	211	386	140	450	380	446	35	290	700	806	350	373	1000	858	438	193	470	258	227	84	255	169	184	115	221	252	45	147	66	190	35	164	42	139	63	137	92	82	61	107	112	89
64	170	1	2	119	0	1953125	12	0.0	0	0.94	0	0	V0.2	0	0	32	9	48	31	25	23	35	55	7	34	25	39	10	49	29	18	19	40	32	10	41	74	27	71	58	41	54	49	127	85	30	127	102	90	157	192	303	213	201	302	122	125	142	190	271	169	378	491	293	167	207	653	750	196	354	999	851	387	207	430	378	152	55	153	185	174	74	198	214	66	96	105	80	72	45	109	83	22	79	55	35	33	52	50	14
64	170	1	2	119	0	1953125	12	0.0	0	0.95	0	0	V0.2	0	0	36	19	42	36	12	22	31	55	14	28	26	45	14	50	38	19	3	35	40	16	37	71	47	39	21	33	35	79	108	54	41	99	64	78	78	231	282	133	275	276	153	103	133	249	258	134	411	440	309	123	264	725	708	69	336	970	1000	432	259	525	384	133	25	172	267	144	101	228	167	82	49	116	126	25	90	102	31	29	46	64	27	50	73	28	19
64	170	1	2	119	0	1953125	12	0.0	0	0.96	0	0	V0.2	0	0	131	112	112	74	114	115	146	101	108	86	134	107	94	62	113	129	131	118	94	129	134	146	64	67	82	121	104	62	114	161	124	193	39	131	43	277	133	239	152	379	116	203	86	191	290	127	367	332	389	199	341	574	689	120	397	923	999	488	297	487	358	236	154	211	130	208	23	276	162	117	35	188	136	69	56	120	138	88	82	59	91	95	110	41	81
64	170	1	2	119	0	1953125	12	0.0	0	1.02	0	0	V0.2	0	0	14	22	10	43	33	26	13	37	18	30	18	44	4	41	17	32	10	45	42	12	54	37	72	19	102	83	50	42	52	80	33	114	97	101	99	189	283	186	244	210	273	169	130	144	42	37	160	348	168	182	193	539	517	320	469	846	1000	731	491	493	363	274	112	233	226	115	56	46	85	7	87	65	76	37	77	96	30	38	43	65	21	45	52	37	20
64	170	1	2	119	0	1953125	12	0.0	0	1.02	0	0	V0.2	0	0	19	27	12	57	18	39	7	50	4	41	30	47	18	47	30	37	28	55	44	22	64	48	85	22	127	68	71	28	76	74	53	125	87	113	75	234	273	209	265	250	353	197	220	188	94	58	181	362	160	213	182	518	446	424	454	828	999	685	516	510	373	271	140	289	222	118	57	53	73	39	91	53	74	16	102	90	27	43	52	64	8	59	50	33	21
64	170	1	2	119	0	1953125	12	0.0	1643	1.30	0	0	V0.2	0	0	14	15	20	19	41	19	4	27	41	12	13	26	31	17	24	23	12	30	10	34	22	20	36	28	53	64	32	20	27	89	42	95	21	46	124	168	261	116	147	300	507	432	417	225	77	205	359	500	278	301	58	301	310	534	197	564	1000	806	529	286	193	240	263	281	22	96	49	76	50	152	33	45	51	49	51	65	29	39	43	16	48	28	35	22	38
64	170	1	2	119	0	1953125	12	0.0	474	1.10	0	0	V0.2	0	0	19	5	47	58	15	45	40	21	52	26	48	58	12	45	32	24	54	43	40	16	43	38	45	118	107	32	91	79	37	57	49	20	57	88	38	210	329	299	373	547	614	527	514	469	330	153	226	322	371	496	442	98	115	83	308	709	1000	980	835	778	760	594	360	266	185	73	189	245	195	156	166	109	2	90	85	72	107	95	37	49	68	58	77	84	55
64	170	1	2	119	0	1953125	12	0.0	374	1.08	0	0	V0.2	0	0	22	28	57	11	60	9	68	9	54	17	51	17	52	25	55	17	56	41	42	55	33	90	44	89	66	56	33	109	129	76	130	108	178	166	136	264	267	437	369	486	562	458	500	350	309	243	90	189	231	523	461	496	319	306	228	536	1000	944	847	581	458	523	426	452	296	164	136	110	197	134	181	127	109	107	49	89	57	101	58	79	74	61	66	46	66
64	170	1	2	119	0	1953125	12	0.0	399	1.09	0	0	V0.2	0	0	27	50	4	66	6	69	7	71	18	53	20	53	27	51	37	56	33	50	49	43	62	48	109	25	104	17	81	52	152	91	136	153	169	232	119	282	255	443	431	533	669	552	594	444	382	316	110	200	185	448	471	608	374	423	269	521	977	1000	874	510	504	454	520	494	281	222	81	197	151	179	170	124	146	27	87	40	89	46	89	70	65	69	54	58	44
64	170	1	2	119	0	1953125	12	0.0	399	1.09	0	0	V0.2	0	0	34	23	48	51	42	54	35	49	40	43	39	22	53	22	51	20	56	45	51	69	48	65	53	79	83	44	39	94	106	95	165	156	261	265	251	310	219	347	267	460	488	520	565	403	363	216	122	236	141	249	840	1000	863	861	666	665	888	969	760	363	328	360	557	442	341	270	154	186	93	173	114	134	102	76	82	53	88	51	82	50	81	57	51	45	46
64	170	1	2	119	0	1953125	12	0.0	344	1.08	0	0	V0.2	0	0	31	14	40	23	34	19	38	25	33	19	37	16	44	20	45	21	43	36	37	38	23	43	32	65	65	53	72	55	99	61	100	100	128	171	134	212	153	152	143	73	136	125	204	168	167	101	49	149	80	58	449	682	719	982	999	667	465	392	483	427	284	169	82	184	159	201	153	131	130	46	70	39	97	57	69	56	49	56	37	60	35	50	42	49	41
64	170	1	2	119	0	1953125	12	0.0	0	0.94	0	0	V0.2	0	0	101	93	90	79	118	87	124	86	100	112	87	109	54	93	78	121	104	93	119	86	142	89	94	52	98	91	84	134	21	177	118	131	188	56	184	21	214	141	217	97	108	319	226	337	353	304	505	201	141	324	85	107	96	613	806	1000	647	492	370	145	351	271	236	142	171	262	83	168	65	153	177	32	132	9	155	112	61	88	52	120	40	96	33	95	97
64	170	2	2	119	0	1953125	12	0.0	0	0.96	0	0	V0.2	0	0	25	21	22	53	18	48	23	38	21	40	38	29	20	47	54	12	44	41	38	30	20	52	49	48	72	8	67	9	68	41	70	112	47	118	131	149	203	109	218	320	200	293	295	355	299	130	288	432	571	657	564	1000	833	381	224	255	189	27	161	501	402	206	187	211	256	122	71	153	86	48	26	66	77	31	81	44	16	30	42	53	4	62	54	24	31
64	170	2	2	119	0	1953125	12	0.0	1548	1.29	0	0	V0.2	0	0	38	26	24	52	31	28	50	38	8	34	48	25	18	48	47	26	44	44	41	47	33	86	60	71	93	71	97	87	81	140	110	55	148	102	181	177	220	496	414	222	262	501	498	248	201	716	828	623	172	229	633	926	585	605	1000	885	140	270	332	230	152	234	188	168	156	91	194	133	103	163	106	118	92	72	110	88	32	94	58	58	70	51	66	60	34
64	170	2	2	119	0	1953125	12	0.0	0	0.94	0	0	V0.2	0	0	172	144	144	155	129	139	196	191	132	129	164	142	127	143	118	122	201	217	146	128	185	166	116	146	125	40	184	258	183	42	251	274	162	90	215	133	42	294	449	239	295	525	490	291	278	509	534	302	263	222	316	400	573	700	799	999	872	721	555	459	388	357	177	264	254	84	151	227	120	85	237	243	96	95	199	165	72	130	126	48	130	174	109	50	148
64	170	2	2	119	0	1953125	12	0.0	308	1.07	0	0	V0.2	0	0	26	10	33	12	38	8	34	6	30	16	21	27	9	34	11	39	19	31	26	18	32	18	32	37	34	49	50	25	11	49	40	45	84	45	103	12	55	25	61	57	197	193	277	240	256	280	212	160	281	359	363	236	398	742	1000	969	702	620	388	225	107	161	93	125	107	155	139	105	100	44	63	47	70	51	77	42	59	29	53	32	51	28	42	26	38
64	170	2	2	119	0	1953125	12	0.0	339	1.08	0	0	V0.2	0	0	31	5	45	5	55	15	45	7	42	12	44	21	43	21	43	26	44	26	32	39	23	62	6	55	29	79	15	77	17	56	39	62	98	73	159	44	121	57	133	128	60	62	237	285	265	359	368	267	291	423	510	470	379	258	884	1000	961	881	539	383	314	423	319	268	219	146	180	116	174	104	134	102	89	91	62	92	47	76	37	72	49	57	49	45	46
64	170	2	2	119	0	1953125	12	0.0	8731	2.52	0	0	V0.2	0	0	5	7	16	14	12	23	6	16	11	11	7	14	6	18	3	14	10	5	1	8	14	9	30	12	24	24	38	17	24	51	26	17	33	74	94	43	104	87	119	165	35	23	98	117	146	273	498	414	298	161	147	306	245	464	1000	886	347	557	442	309	338	197	108	59	26	52	50	35	17	31	31	4	27	22	5	14	8	17	6	12	6	9	4	4	4
64	170	2	2	119	0	1953125	12	0.0	6990	2.22	0	0	V0.2	0	0	47	82	124	95	7	102	120	46	48	81	27	58	92	40	51	98	83	58	61	31	61	95	76	91	105	51	91	163	171	106	90	171	256	262	133	212	354	360	258	320	500	530	519	462	593	770	815	724	762	910	1000	967	724	766	935	884	629	438	610	677	507	318	330	419	338	175	176	260	260	168	117	201	233	148	66	123	139	83	28	80	99	70	65	106	116
64	170	2	2	119	0	1953125	12	0.0	0	0.94	0	0	V0.2	0	0	149	182	251	293	315	321	283	259	197	165	154	164	190	193	198	174	157	91	84	127	204	272	355	391	451	453	462	422	386	386	318	376	441	519	294	720	612	523	646	665	370	607	727	487	438	873	330	690	697	1000	546	552	854	499	687	413	857	476	445	759	324	619	526	538	465	505	435	432	416	414	361	349	328	330	265	263	285	247	245	200	202	172	137	96	60
64	170	2	2	119	0	1953125	12	0.0	8065	2.40	0	0	V0.2	0	0	10	13	26	24	24	22	25	21	13	12	10	21	14	10	18	15	17	6	11	19	24	12	47	23	19	30	32	38	28	38	80	52	33	114	180	236	95	115	107	42	101	227	333	544	447	262	112	245	108	390	512	643	465	376	1000	807	341	370	130	200	275	168	56	28	70	63	9	76	33	29	43	21	44	31	32	11	26	3	14	19	16	10	11	9	14
64	170	2	2	119	0	1953125	12	0.0	8007	2.39	0	0	V0.2	0	0	59	12	76	17	79	11	87	27	60	23	87	35	72	30	91	26	39	14	5	19	53	92	26	126	57	172	67	147	141	97	95	23	139	121	334	359	330	354	125	273	226	159	211	271	232	464	643	626	680	379	509	659	797	898	819	1000	965	721	541	211	158	160	57	124	280	219	92	109	12	55	33	116	46	127	118	100	106	3	61	25	13	30	77	48	48
64	170	2	2	119	0	1953125	12	0.0	7471	2.30	0	0	V0.2	0	0	58	86	41	81	84	53	102	39	114	43	105	61	114	75	56	72	66	87	54	23	109	92	94	129	58	201	88	168	174	188	342	338	284	421	371	394	497	222	395	441	590	787	649	497	531	449	529	600	277	144	80	373	494	361	636	731	818	1000	881	552	470	250	409	483	309	309	225	127	231	128	160	186	68	135	53	122	150	90	100	56	97	147	105	112	98
64	170	2	2	119	0	1953125	12	0.0	7466	2.30	0	0	V0.2	0	0	42	79	69	93	104	78	94	66	68	70	57	80	25	93	33	60	22	87	69	29	121	58	113	55	147	49	191	111	212	223	283	453	317	377	368	442	536	244	495	448	797	693	707	645	287	531	552	747	554	88	204	537	564	403	759	773	1000	899	857	851	292	284	325	611	405	260	291	224	248	77	285	149	153	92	176	139	78	141	111	113	69	172	110	116	126
64	170	1	2	119	0	1953125	12	0.0	7679	2.34	0	0	V0.2	0	0	72	42	95	20	121	22	67	38	57	60	47	85	3	104	39	76	46	95	60	45	115	23	83	72	129	73	140	77	154	65	191	195	99	98	121	209	415	180	344	296	622	536	604	616	394	608	742	1000	530	307	492	923	777	711	892	887	950	725	764	458	95	321	563	384	121	224	161	140	88	170	38	118	91	135	51	153	7	123	128	151	28	123	111	76	70
64	170	1	2	119	0	1953125	12	0.0	8033	2.40	0	0	V0.2	0	0	32	52	9	69	13	52	31	46	45	31	56	3	48	16	24	48	31	27	43	33	76	48	115	32	138	81	163	100	196	94	111	100	238	187	289	280	396	347	286	293	222	241	196	186	217	199	523	667	583	589	663	1000	928	840	591	626	559	353	121	303	395	333	253	52	150	90	95	128	145	51	119	61	92	86	131	28	88	87	95	31	87	52	62	46	65
64	170	1	2	119	0	1953125	12	0.0	8073	2.40	0	0	V0.2	0	0	43	21	55	42	62	57	43	36	54	33	55	32	73	26	47	15	53	28	24	29	31	35	38	36	72	103	38	125	64	106	41	115	164	182	301	304	515	422	444	444	354	354	134	92	85	160	224	556	551	545	676	790	1000	735	448	303	230	268	197	488	465	471	291	77	152	102	120	78	167	48	109	81	137	85	65	74	55	75	51	83	42	83	49	64	65
64	170	1	2	119	0	1953125	12	0.0	8017	2.40	0	0	V0.2	0	0	55	53	40	59	49	79	43	89	32	63	48	60	38	39	69	59	43	50	25	30	30	88	71	115	155	101	168	50	178	68	112	145	279	371	361	647	599	701	647	476	557	334	116	56	173	42	468	614	756	868	716	1000	963	694	495	155	302	374	588	594	703	690	331	254	75	211	102	127	137	97	124	88	187	62	117	61	100	58	84	104	61	82	69	106	67
64	170	1	2	119	0	1953125	12	0.0	8087	2.41	0	0	V0.2	0	0	35	45	83	56	126	41	125	35	94	35	66	66	75	80	70	79	89	65	57	60	26	63	49	83	55	57	109	42	74	13	98	97	241	353	384	696	654	800	718	547	596	321	207	80	186	166	563	734	1000	975	767	979	814	599	315	427	611	797	875	841	986	705	408	212	180	197	101	183	140	194	77	202	101	96	58	103	49	88	90	64	82	90	120	72	118
64	170	1	2	119	0	1953125	12	0.0	8043	2.40	0	0	V0.2	0	0	42	5	56	12	73	17	67	19	41	11	47	14	49	10	47	19	12	11	13	17	69	50	74	81	95	152	39	123	17	106	104	226	297	300	513	499	617	605	418	457	280	129	109	150	24	382	611	864	1000	756	730	657	527	390	123	288	424	655	614	675	738	527	410	205	87	93	94	105	113	171	71	161	99	100	74	60	68	48	95	58	82	37	72	57	53
64	170	1	2	119	0	1953125	12	0.0	9112	2.58	0	0	V0.2	0	0	11	50	29	76	44	38	67	2	19	54	46	60	49	3	24	56	45	55	43	20	5	47	40	42	46	58	101	68	44	123	107	95	56	156	306	392	260	259	343	500	540	290	252	362	345	685	680	355	284	741	923	1000	704	459	227	213	479	784	821	691	369	124	267	334	153	172	164	176	196	100	114	46	97	66	37	106	50	53	53	67	71	47	84	80	83
64	170	1	2	119	0	1953125	12	0.0	9077	2.58	0	0	V0.2	0	0	30	81	61	28	19	80	63	41	52	78	53	25	29	72	15	64	58	38	25	49	75	24	69	16	83	40	157	114	66	138	120	63	123	369	391	242	147	390	563	546	595	406	292	275	423	629	435	113	337	814	1000	842	712	760	686	419	625	882	951	782	263	172	324	394	185	220	289	209	179	101	169	74	106	107	75	46	105	139	50	44	66	88	46	93	99
64	170	1	2	119	0	1953125	12	0.0	9085	2.58	0	0	V0.2	0	0	26	26	38	41	47	58	30	36	42	45	21	3	68	43	25	9	30	4	42	72	26	39	37	121	40	133	116	79	47	108	160	45	132	194	230	189	305	442	546	550	306	261	194	299	435	437	392	63	381	561	625	809	978	1000	899	692	518	726	661	329	87	311	387	216	249	240	266	180	104	185	95	92	51	119	68	43	48	41	17	62	75	4	56	71	65
64	170	2	2	119	0	1953125	12	0.0	9088	2.58	0	0	V0.2	0	0	26	41	9	49	14	63	17	35	24	48	5	26	31	32	30	33	26	19	42	52	37	53	83	67	104	28	96	16	89	98	117	82	78	133	44	42	226	419	354	261	137	139	293	339	439	408	203	125	9	234	494	690	903	1000	794	527	374	218	117	240	421	403	358	228	199	273	146	89	75	158	132	22	68	20	31	34	59	30	26	23	31	6	53	44	16
64	170	2	2	119	0	1953125	12	0.0	9059	2.57	0	0	V0.2	0	0	43	18	49	40	50	37	48	47	48	26	42	26	48	9	65	34	36	42	66	55	12	99	88	64	51	71	66	69	124	99	102	65	105	79	99	151	187	297	202	83	119	169	86	138	159	171	313	525	632	361	293	548	871	1000	763	466	270	286	331	495	554	389	262	87	175	159	35	108	140	174	78	44	36	34	16	68	58	33	63	63	56	7	65	49	33
64	170	2	2	119	0	1953125	12	0.0	9053	2.57	0	0	V0.2	0	0	35	22	31	28	52	9	36	23	41	24	39	48	36	44	46	49	40	54	63	46	37	71	33	48	59	112	40	97	70	87	107	142	146	99	107	60	42	112	170	201	287	202	152	119	193	456	662	812	536	15	469	876	1000	752	483	579	773	682	564	598	420	253	50	221	202	83	116	195	231	87	90	88	80	40	92	98	13	64	89	84	17	88	79	40	42
64	170	2	2	119	0	1953125	12	0.0	8104	2.41	0	0	V0.2	0	0	43	49	31	89	71	27	87	44	69	81	32	48	21	41	33	19	38	19	42	68	108	87	39	88	88	57	37	55	42	56	147	191	161	106	171	108	116	285	234	221	322	293	293	501	607	603	611	710	655	568	576	817	1000	999	897	859	845	598	409	487	475	413	455	401	190	72	76	99	197	203	107	39	46	30	89	66	12	65	70	91	123	104	45	19	28
64	170	1	2	119	0	1953125	12	0.0	7516	2.31	0	0	V0.2	0	0	57	12	61	42	40	62	25	63	8	62	30	45	37	40	70	24	16	13	21	43	48	22	76	29	80	78	46	102	33	75	96	37	82	121	19	156	87	147	254	116	235	303	294	505	583	508	637	714	631	885	920	902	1000	870	681	711	627	276	226	148	115	198	155	258	236	113	192	159	82	140	69	68	118	47	99	83	22	73	42	41	53	24	69	58	59
64	170	1	2	119	0	1953125	12	0.0	7623	2.33	0	0	V0.2	0	0	27	28	28	52	29	79	7	62	16	54	16	34	32	27	48	35	50	38	38	54	45	36	33	63	45	80	51	63	47	57	79	40	135	60	79	43	114	76	95	26	176	91	230	364	444	584	514	673	638	835	977	965	1000	703	687	696	600	439	128	83	123	264	159	242	116	205	168	98	80	76	113	43	104	55	115	33	102	62	57	28	55	52	61	67	55
64	170	1	2	119	0	1953125	12	0.0	8082	2.41	0	0	V0.2	0	0	45	23	65	18	92	22	96	39	78	44	42	51	14	68	23	45	29	28	54	75	28	71	17	79	62	98	73	96	82	83	71	78	87	144	230	233	280	336	278	299	321	311	305	548	728	868	722	819	713	790	746	660	824	754	799	1000	923	750	304	376	414	568	397	459	295	268	119	161	96	161	67	139	55	130	73	135	78	118	72	110	89	127	89	97	68
64	170	2	2	119	0	1953125	12	0.0	7617	2.33	0	0	V0.2	0	0	31	15	38	12	57	45	37	47	34	63	11	44	16	65	21	44	36	49	48	43	14	60	14	73	50	67	102	15	55	16	75	126	65	77	107	23	62	78	134	59	77	116	225	477	532	498	602	600	730	1000	962	964	902	579	535	636	546	393	277	82	157	160	242	136	115	199	139	126	102	26	107	43	71	69	60	108	45	47	57	54	85	55	81	99	77
64	170	2	2	119	0	1953125	12	0.0	7535	2.31	0	0	V0.2	0	0	57	26	63	45	51	51	43	42	37	29	43	16	55	24	56	29	34	24	2	33	17	78	49	83	84	53	82	45	99	6	97	101	73	102	69	82	57	59	86	164	42	230	287	483	610	507	610	565	742	917	916	1000	744	526	480	516	653	385	201	121	141	143	137	154	94	201	119	152	110	83	109	37	103	48	122	56	56	42	59	64	27	54	36	64	56
64	170	2	2	119	0	1953125	12	0.0	7367	2.28	0	0	V0.2	0	0	39	9	61	39	51	40	58	47	42	33	63	41	60	39	88	81	50	55	53	40	56	29	82	18	109	12	116	58	82	100	17	36	64	201	141	136	166	191	301	132	259	272	462	566	467	511	433	539	719	751	1000	819	622	453	320	637	577	432	430	157	146	53	110	86	73	63	108	150	62	146	89	142	140	27	78	37	103	54	93	95	70	95	67	93	60
64	170	2	2	119	0	1953125	12	0.0	7466	2.30	0	0	V0.2	0	0	22	17	63	18	68	12	66	22	74	33	48	56	56	49	36	50	26	41	61	49	81	62	92	67	86	60	82	54	94	110	55	118	64	29	81	215	32	163	150	324	184	299	459	553	658	496	642	579	715	862	975	1000	597	447	410	667	609	361	392	140	53	137	175	7	145	134	235	124	154	162	111	126	62	124	59	128	62	92	51	100	67	51	53	59	46
64	170	1	2	119	0	1953125	12	0.0	7482	2.30	0	0	V0.2	0	0	30	50	16	83	10	78	9	85	20	65	30	66	15	46	27	38	35	49	43	54	86	67	103	32	97	23	87	33	119	36	116	118	35	44	144	223	53	159	186	365	222	358	428	547	672	529	648	534	696	877	986	1000	610	434	400	614	597	322	371	154	87	89	218	101	129	131	192	184	63	165	87	122	30	123	75	101	112	110	111	41	99	57	55	40	82
64	170	1	2	119	0	1953125	12	0.0	7446	2.30	0	0	V0.2	0	0	33	94	86	76	86	89	114	52	78	78	66	72	50	97	46	73	55	80	69	88	130	97	91	91	126	117	163	221	164	279	212	259	221	180	356	153	207	151	507	364	437	424	585	825	647	570	396	508	610	755	1000	648	583	354	585	832	668	668	442	320	95	230	228	212	204	177	330	185	196	135	206	199	84	175	90	149	50	167	120	100	96	101	112	58	105
64	170	1	2	119	0	1953125	12	0.0	1670	1.31	0	0	V0.2	0	0	121	198	267	304	338	312	299	263	212	176	182	195	204	222	208	184	133	50	32	135	215	282	359	434	447	462	411	378	382	224	309	356	306	575	377	707	538	538	438	640	607	392	681	137	930	338	637	711	428	981	168	946	489	363	746	1000	878	809	461	661	576	476	649	419	447	434	380	381	369	339	344	351	340	323	305	262	228	209	183	179	153	148	106	86	72
64	170	1	2	119	0	1953125	12	0.0	0	0.97	0	0	V0.2	0	0	129	120	156	139	109	155	173	133	131	163	134	102	136	131	96	149	180	134	135	191	167	96	131	144	71	107	171	128	94	221	213	111	125	221	146	47	204	167	78	269	236	88	74	377	425	188	296	663	596	433	453	512	283	229	680	1000	690	797	805	478	368	389	269	109	191	300	225	34	182	218	84	97	170	101	72	169	146	31	124	158	78	72	144	111	64
64	170	2	2	119	0	1953125	12	0.0	7321	2.28	0	0	V0.2	0	0	9	23	23	38	36	24	37	28	35	16	19	26	19	25	14	32	25	14	13	16	18	36	45	52	56	63	19	60	30	22	60	77	47	69	50	20	206	329	430	261	283	501	390	239	111	268	783	832	855	455	935	1000	842	378	791	635	495	498	826	797	550	214	195	40	149	68	128	100	129	72	23	88	28	36	41	47	20	22	26	16	26	4	21	18	23
64	170	1	2	119	0	1953125	12	0.0	8788	2.53	0	0	V0.2	0	0	84	76	114	61	107	112	73	101	121	96	83	124	123	96	109	158	137	138	121	112	138	162	199	160	199	156	149	181	124	111	174	289	383	380	327	318	275	480	418	149	277	211	366	317	246	726	965	661	49	172	457	781	696	636	1000	973	812	525	558	314	372	474	376	433	402	307	292	277	278	333	255	247	313	240	277	216	192	209	142	155	176	141	168	169	141
64	170	2	2	119	0	1953125	12	0.0	8838	2.54	0	0	V0.2	0	0	67	75	111	66	102	82	128	64	100	108	100	99	106	136	81	131	151	152	125	145	201	165	192	186	208	221	285	332	208	227	197	239	238	419	466	260	249	384	553	266	99	318	371	38	561	883	863	636	477	998	1000	656	176	546	735	520	192	290	494	521	723	663	553	387	299	378	241	264	231	298	199	240	258	218	198	156	182	100	168	176	186	131	159	165	153
64	170	2	2	119	0	1953125	12	0.0	7375	2.29	0	0	V0.2	0	0	74	117	107	9	118	133	20	135	149	68	121	106	22	105	70	65	137	121	122	97	108	189	114	148	310	281	172	297	345	239	111	181	267	214	332	581	629	509	589	759	634	423	300	309	207	169	453	453	357	660	1000	905	598	744	956	892	490	597	885	859	638	693	780	682	485	481	467	290	131	242	273	180	250	343	275	155	171	166	76	84	165	172	160	193	202
64	170	2	2	119	0	1953125	12	0.0	7407	2.29	0	0	V0.2	0	0	64	23	93	23	125	51	113	42	110	54	95	40	114	32	80	44	91	59	72	75	56	135	142	235	39	204	107	247	112	137	97	227	298	221	326	331	731	609	580	389	510	697	624	671	488	482	312	615	698	545	544	236	701	774	845	759	867	813	726	1000	948	959	543	314	301	222	208	205	348	177	221	116	199	111	180	162	97	102	137	185	112	165	127	144	119
64	170	2	2	119	0	1953125	12	0.0	7331	2.28	0	0	V0.2	0	0	33	80	62	76	87	68	106	44	82	54	74	57	66	61	60	53	63	53	63	87	111	160	69	163	51	191	98	157	96	119	211	219	290	143	277	369	438	536	320	469	403	521	578	429	493	340	109	138	170	236	250	229	577	849	792	948	1000	796	807	696	774	681	325	231	79	243	135	164	174	172	208	77	177	88	125	80	102	99	68	123	94	118	80	109	98
64	170	2	2	119	0	1953125	12	0.0	7387	2.29	0	0	V0.2	0	0	41	30	39	36	51	43	45	32	52	33	42	12	67	22	50	5	39	10	21	37	52	103	70	135	40	157	95	158	87	93	117	171	242	137	211	181	399	357	374	385	380	493	408	437	391	180	30	265	347	235	234	428	601	688	947	998	1000	876	613	649	528	428	236	174	245	192	184	137	234	149	186	141	120	89	92	110	52	80	76	106	62	100	86	90	80
64	170	2	2	119	0	1953125	12	0.0	7405	2.29	0	0	V0.2	0	0	18	42	33	30	44	26	34	26	40	19	33	28	36	25	41	14	32	8	12	13	35	60	41	106	25	113	95	94	101	17	120	130	155	147	53	204	196	352	304	255	322	279	372	309	169	110	88	319	190	102	261	394	639	853	999	936	888	821	543	467	450	276	229	49	132	100	86	98	91	154	84	48	39	38	41	38	59	39	69	47	79	76	49	64	63
64	170	2	2	119	0	1953125	12	0.0	6915	2.21	0	0	V0.2	0	0	38	56	7	71	45	59	89	11	61	12	61	26	46	26	53	58	26	35	20	28	81	72	53	118	7	128	81	112	199	139	117	123	47	151	167	144	297	192	157	188	123	335	371	281	412	377	98	60	88	552	750	661	886	1000	893	856	851	635	543	444	470	567	399	345	329	132	204	204	135	176	91	74	119	32	89	47	65	90	37	75	77	75	108	73	71
64	170	2	2	119	0	1953125	12	0.0	6963	2.21	0	0	V0.2	0	0	21	61	51	55	58	49	48	60	50	49	21	61	24	49	4	59	17	27	40	26	14	46	79	43	87	20	71	71	193	133	123	127	53	85	138	233	172	249	37	204	151	190	329	404	506	224	248	161	125	155	819	801	748	811	769	997	1000	640	359	417	695	471	412	289	277	219	127	218	112	129	32	129	44	96	70	82	46	66	74	37	71	62	85	39	71
64	170	2	2	119	0	1953125	12	0.0	7355	2.28	0	0	V0.2	0	0	10	37	10	54	27	80	21	46	46	38	42	23	51	18	40	22	20	48	29	46	107	60	116	69	132	44	149	61	36	87	144	142	247	140	130	153	354	228	237	174	176	104	134	136	154	154	242	169	346	189	239	486	810	721	798	965	1000	794	371	520	456	375	110	128	7	123	87	124	96	186	84	115	63	80	30	103	28	68	60	68	35	82	36	53	66
64	170	2	2	119	0	1953125	12	0.0	7946	2.38	0	0	V0.2	0	0	39	12	56	13	79	18	51	53	36	57	25	50	42	41	40	6	33	12	31	28	39	33	32	62	80	87	123	135	132	43	76	155	165	94	127	88	139	296	352	509	357	326	332	279	429	616	694	869	527	417	471	668	400	36	488	937	965	1000	745	708	663	568	386	113	142	62	115	92	59	112	87	135	39	61	73	33	79	58	71	43	29	23	12	20	35
64	170	2	2	119	0	1953125	12	0.0	7343	2.28	0	0	V0.2	0	0	69	64	28	98	40	67	54	49	69	31	57	29	77	30	79	37	70	80	74	59	102	67	146	133	92	200	161	289	309	224	254	254	182	225	167	78	204	219	434	420	541	799	849	883	971	788	599	659	617	824	1000	757	596	500	236	99	99	198	65	120	320	267	257	289	151	156	173	97	186	149	116	186	116	164	171	97	139	109	97	126	89	117	127	107	120
64	170	2	2	119	0	1953125	12	0.0	7400	2.29	0	0	V0.2	0	0	58	22	64	42	55	14	87	38	77	43	83	25	69	22	59	14	48	14	18	44	55	65	45	51	85	67	147	162	125	218	183	241	208	251	277	208	310	233	348	294	597	613	703	685	580	660	473	444	366	292	371	344	311	549	666	916	1000	896	855	630	582	540	275	293	198	247	87	182	141	151	131	102	118	27	48	57	76	83	124	54	80	59	71	55	113
64	170	2	2	119	0	1953125	12	0.0	8772	2.52	0	0	V0.2	0	0	65	79	56	110	56	55	113	73	44	86	83	53	92	108	58	69	97	81	105	64	133	70	61	159	104	188	158	102	270	225	115	256	257	202	92	205	496	208	313	464	397	847	748	468	116	269	403	547	687	76	630	999	628	679	826	911	837	470	519	949	771	395	211	272	264	189	239	250	149	244	194	280	232	148	287	211	207	119	103	133	131	146	159	125	118
64	170	2	2	119	0	1953125	12	0.0	7510	2.31	0	0	V0.2	0	0	63	43	30	74	39	54	95	49	28	52	22	43	18	42	61	32	24	21	51	54	95	153	110	41	135	129	38	66	98	85	53	48	142	235	228	111	212	256	60	228	324	380	530	822	967	872	841	988	1000	702	459	487	326	192	453	400	357	628	782	615	434	515	505	314	246	269	169	68	159	146	57	156	163	63	124	148	90	106	156	124	79	99	90	57	99
64	170	2	2	119	0	1953125	12	0.0	8525	2.48	0	0	V0.2	0	0	28	12	53	25	48	20	61	33	28	6	47	20	53	24	75	23	61	31	4	28	58	164	149	119	79	12	138	87	223	203	174	40	143	259	399	303	406	375	201	230	235	308	447	730	662	561	209	447	923	966	1000	443	391	634	809	539	376	552	629	778	543	453	162	200	247	88	113	29	88	84	63	173	78	76	61	69	89	82	132	69	66	61	81	129	121
64	170	2	2	119	0	1953125	12	0.0	7426	2.29	0	0	V0.2	0	0	42	82	82	21	100	77	30	82	28	80	80	32	73	14	69	83	54	73	59	50	45	69	44	55	81	34	156	198	158	221	284	256	162	279	338	246	379	481	320	338	424	394	549	861	970	841	887	1000	836	593	505	497	236	107	108	355	383	474	625	801	736	575	535	535	329	93	129	111	124	233	207	76	85	77	43	138	134	68	88	88	46	87	100	67	78
64	170	2	2	119	0	1953125	12	0.0	7517	2.31	0	0	V0.2	0	0	48	18	52	42	98	27	77	10	85	9	53	59	58	68	59	68	48	93	107	89	152	170	120	141	127	233	79	184	73	94	113	86	110	37	198	235	271	571	397	314	131	505	734	743	940	802	804	601	565	863	767	799	308	263	108	281	403	929	965	837	1000	878	826	388	220	237	196	146	213	289	107	202	92	153	54	220	131	90	79	132	99	93	146	116	122
64	170	2	2	119	0	1953125	12	0.0	8958	2.56	0	0	V0.2	0	0	58	42	65	71	20	64	80	27	55	56	57	42	74	51	37	81	57	50	61	80	86	88	107	162	100	174	255	207	173	136	238	172	153	248	213	193	246	303	290	497	573	527	397	405	24	298	492	182	170	333	641	1000	607	234	767	885	694	320	397	490	291	231	285	178	115	253	246	227	51	163	165	97	134	65	83	94	130	136	110	96	107	92	116	118	71
64	170	2	2	119	0	1953125	12	0.0	8378	2.46	0	0	V0.2	0	0	74	44	45	93	42	87	44	63	76	68	71	17	70	61	100	45	43	81	112	85	68	23	97	86	26	63	81	202	172	61	57	78	147	185	84	148	191	224	320	285	235	268	359	391	259	51	233	253	166	122	410	793	943	998	1000	709	404	493	505	520	483	220	110	225	263	301	197	106	144	131	142	71	94	181	140	99	62	48	107	81	23	38	66	101	67
64	170	1	2	119	0	1953125	12	0.0	364	1.08	0	0	V0.2	0	0	162	245	338	377	435	403	386	319	276	220	231	221	271	267	256	235	179	92	46	122	278	347	489	523	545	590	555	521	454	398	289	404	467	658	586	703	674	824	851	629	520	814	529	468	607	840	638	970	530	952	597	885	950	1000	714	446	595	812	595	791	561	794	729	550	540	493	523	447	499	433	450	454	451	406	381	331	302	266	232	214	196	187	150	101	111
64	170	2	2	119	0	1953125	12	0.0	9048	2.57	0	0	V0.2	0	0	10	11	15	22	22	14	23	12	12	6	11	8	9	12	17	0	12	7	6	7	12	28	15	32	19	24	13	45	14	25	75	47	80	67	97	155	127	14	179	266	154	217	82	182	166	354	434	414	650	461	251	564	719	864	1000	610	279	270	496	560	273	194	59	79	89	18	46	2	51	8	47	25	29	36	23	19	23	12	11	10	8	16	4	5	13
64	170	1	2	119	0	1953125	12	0.0	9255	2.61	0	0	V0.2	0	0	45	25	17	79	45	72	34	62	12	55	22	47	37	45	40	36	31	20	47	55	43	86	31	69	68	120	10	81	39	68	90	275	298	410	457	240	136	469	668	496	273	202	555	435	367	598	635	588	343	268	278	546	916	1000	540	219	671	923	752	337	150	167	117	376	385	154	146	154	181	56	169	95	78	90	183	112	52	96	43	48	114	97	36	74	75
64	170	2	2	119	0	1953125	12	0.0	386	1.09	0	0	V0.2	0	0	158	211	306	349	378	360	365	323	241	204	220	211	266	222	261	227	170	69	28	105	201	355	439	482	502	528	526	485	452	342	311	358	378	568	602	663	591	716	807	638	545	643	374	539	543	721	591	616	764	770	583	1000	762	271	645	771	616	380	528	698	736	673	529	591	456	504	461	428	440	386	392	429	456	403	318	308	249	266	251	190	142	132	138	147	98
64	170	1	2	119	0	1953125	12	0.0	482	1.10	0	0	V0.2	0	0	12	42	17	68	21	70	21	54	14	43	30	24	51	31	56	29	46	37	45	61	29	81	50	90	63	88	69	74	67	65	96	41	130	77	216	123	170	116	431	454	469	479	366	693	799	997	779	267	287	520	1000	932	766	344	487	299	408	502	599	719	453	492	346	437	338	201	195	114	188	49	120	46	159	73	107	56	106	84	71	88	61	86	53	81	50
64	170	2	2	119	0	1953125	12	0.0	8995	2.56	0	0	V0.2	0	0	10	13	22	15	21	27	22	13	21	12	13	11	22	9	16	20	16	2	8	18	8	26	28	15	46	35	41	26	15	30	60	76	88	75	19	108	41	63	134	88	162	236	73	341	553	718	524	117	113	422	785	1000	738	702	513	371	746	569	488	364	163	106	209	136	123	74	24	65	18	9	64	35	15	54	11	29	16	15	19	3	14	6	9	26	7
64	170	2	2	119	0	1953125	12	0.0	477	1.10	0	0	V0.2	0	0	153	253	363	421	456	442	415	360	303	239	241	247	289	298	289	258	211	111	40	150	288	392	500	582	606	666	574	546	498	396	368	423	501	648	693	643	956	831	865	589	833	537	679	709	583	470	927	918	1000	796	753	827	926	932	468	653	888	804	804	534	883	659	678	784	510	590	490	524	544	496	459	479	452	470	437	347	291	272	254	254	222	187	155	129	108
64	170	2	2	119	0	1953125	12	0.0	406	1.09	0	0	V0.2	0	0	45	5	65	27	73	36	66	34	58	24	61	17	71	16	66	16	58	39	33	54	38	71	60	79	66	90	98	75	142	76	176	142	185	251	149	290	115	268	239	383	424	321	470	566	866	1000	716	536	231	583	781	910	751	338	256	369	574	418	428	370	246	324	215	399	314	249	253	125	228	133	106	82	77	103	41	101	33	89	45	73	66	48	67	48	67
64	170	2	2	119	0	1953125	12	0.0	477	1.10	0	0	V0.2	0	0	26	31	35	51	40	60	34	47	34	30	36	7	57	5	61	16	54	30	43	64	18	79	20	95	45	82	37	71	13	100	75	82	118	118	253	145	243	78	288	285	393	370	333	623	757	1000	789	499	398	428	823	815	792	295	149	274	463	546	531	533	334	423	322	452	336	215	194	119	182	48	96	26	131	60	116	71	95	88	68	85	50	83	46	69	46
64	170	2	2	119	0	1953125	12	0.0	474	1.10	0	0	V0.2	0	0	13	40	37	51	57	43	53	39	44	42	32	56	27	69	37	62	38	51	58	45	63	58	74	84	52	81	46	63	53	100	50	115	53	184	208	197	253	91	283	257	435	324	347	532	708	1000	784	567	377	399	755	774	752	293	201	294	501	550	500	517	329	394	296	396	346	192	201	91	178	85	72	42	107	92	73	96	54	99	49	90	55	73	64	61	61
64	170	2	2	119	0	1953125	12	0.0	491	1.10	0	0	V0.2	0	0	14	28	37	41	55	37	52	34	46	32	28	48	20	59	27	62	34	47	54	45	63	51	79	82	59	91	33	75	36	55	30	65	33	165	129	235	202	124	202	256	414	286	401	506	772	1000	791	638	317	436	645	794	671	382	343	376	717	617	653	545	436	440	309	438	288	235	156	132	160	34	81	55	137	49	115	58	97	75	75	80	50	81	49	69	45
64	170	1	2	119	0	1953125	12	0.0	406	1.09	0	0	V0.2	0	0	30	34	70	27	83	22	84	9	72	22	67	36	70	29	69	31	62	40	48	65	25	97	6	109	21	135	30	143	108	133	180	103	254	215	302	334	141	263	207	453	356	457	450	582	936	1000	966	633	238	413	535	862	556	549	328	506	832	591	644	419	492	355	330	421	313	372	212	205	223	127	171	17	143	65	116	78	78	84	52	96	50	83	52	74	64
64	170	1	2	119	0	1953125	12	0.0	466	1.10	0	0	V0.2	0	0	28	36	31	56	34	64	31	56	33	42	42	26	63	29	71	39	59	43	51	70	40	83	54	93	78	70	67	54	40	76	93	46	120	103	276	201	237	131	276	335	383	462	377	656	781	1000	906	515	447	344	789	772	758	477	499	664	764	694	478	584	414	422	326	395	388	225	235	119	190	88	88	52	139	103	92	96	83	115	65	98	56	91	64	80	65
64	170	2	2	119	0	1953125	12	0.0	381	1.09	0	0	V0.2	0	0	30	49	68	41	86	33	91	22	75	38	69	45	68	47	65	47	71	50	57	70	43	108	19	121	20	167	41	179	126	166	203	141	296	240	322	332	142	260	279	511	383	480	446	602	946	936	847	438	100	427	747	998	606	633	467	785	999	518	451	355	566	402	399	397	337	420	232	247	214	171	200	27	146	65	154	79	92	83	68	103	54	93	47	81	66
64	170	2	2	119	0	1953125	12	0.0	379	1.08	0	0	V0.2	0	0	44	15	69	15	78	12	82	1	66	21	63	36	62	38	58	42	57	46	48	48	48	85	35	93	63	130	56	159	77	178	134	171	234	198	313	143	217	138	439	428	443	458	325	620	729	881	661	105	128	451	999	849	699	469	666	862	916	666	331	555	475	559	435	385	418	258	294	156	220	183	105	110	85	154	66	119	32	109	69	89	77	63	76	58	80
64	170	2	2	119	0	1953125	12	0.0	384	1.09	0	0	V0.2	0	0	26	35	51	41	68	37	70	26	51	35	44	52	34	54	27	61	41	48	45	33	65	57	61	61	97	85	97	122	85	154	75	171	158	217	232	80	207	245	497	406	475	360	281	522	614	784	410	108	199	638	1000	785	568	448	710	803	938	607	418	563	509	604	383	386	324	226	246	129	228	131	142	81	119	126	86	109	39	96	51	94	55	72	58	67	71
64	170	2	2	119	0	1953125	12	0.0	384	1.09	0	0	V0.2	0	0	47	5	64	17	78	18	78	21	58	6	59	19	61	20	56	30	64	36	39	49	31	91	9	91	37	125	17	138	61	116	93	119	202	144	230	59	300	303	524	541	388	375	214	546	678	657	407	214	334	555	990	682	390	510	785	1000	945	702	415	662	603	569	491	277	340	180	227	158	189	188	67	126	66	160	57	99	36	88	70	67	76	45	75	48	72
64	170	2	2	119	0	1953125	12	0.0	406	1.09	0	0	V0.2	0	0	30	44	22	57	27	70	16	61	10	42	31	42	36	35	42	32	39	37	32	35	40	53	74	42	56	73	84	54	114	35	85	23	165	127	136	179	196	393	347	506	395	224	207	352	637	522	310	59	320	575	738	678	190	482	562	946	1000	630	475	454	632	446	427	263	200	210	127	207	109	161	79	105	84	96	100	38	72	40	85	36	68	39	60	52	56
64	170	2	2	119	0	1953125	12	0.0	21265	4.67	0	0	V0.2	0	0	9	11	17	17	24	20	15	22	13	11	10	10	14	10	17	21	7	7	10	12	7	25	33	13	34	41	25	15	35	11	54	84	87	64	15	67	139	134	97	146	179	78	172	232	403	369	181	271	147	495	610	422	300	448	96	835	1000	555	256	311	367	263	184	37	53	24	71	33	18	18	38	35	7	24	30	29	9	27	7	16	6	4	20	3	7
64	170	2	2	119	0	1953125	12	0.0	18660	4.22	0	0	V0.2	0	0	147	270	368	422	471	455	417	358	300	253	239	282	287	308	290	259	187	63	59	154	273	419	486	587	639	622	604	573	470	439	405	435	477	620	728	762	815	845	833	772	728	595	624	678	608	740	687	878	918	772	999	741	720	804	646	655	626	614	815	738	708	756	768	650	632	558	523	509	501	511	509	477	493	465	418	385	310	273	255	223	230	211	156	128	113
64	170	2	2	119	0	1953125	12	0.0	23165	4.99	0	0	V0.2	0	0	15	23	77	79	119	30	45	74	66	64	65	38	72	87	26	81	62	67	2	34	70	63	67	98	98	183	170	77	59	162	151	24	134	177	165	129	261	177	221	552	264	107	370	318	182	347	609	143	443	533	573	471	393	747	310	543	584	364	1000	596	154	103	125	273	152	118	156	185	80	89	113	117	75	41	113	25	112	65	16	50	35	79	112	53	38
64	170	2	2	119	0	1953125	12	0.0	17673	4.05	0	0	V0.2	0	0	170	297	410	448	522	505	447	395	325	286	288	299	325	338	323	284	201	113	40	185	308	429	553	645	702	687	684	605	525	481	435	460	564	683	794	813	908	914	941	804	810	673	689	675	813	753	769	940	877	1000	988	922	848	733	860	617	620	855	725	763	841	895	800	726	683	648	578	555	506	540	585	544	530	519	434	430	372	325	258	235	250	207	185	142	124
64	170	2	2	119	0	1953125	12	0.0	17687	4.05	0	0	V0.2	0	0	92	13	99	165	205	148	59	137	147	85	14	107	144	105	46	55	129	88	60	100	94	104	80	230	253	248	153	124	144	274	431	284	36	119	523	555	93	237	188	526	157	315	395	280	288	792	1000	492	410	486	720	473	549	786	878	830	848	987	476	378	245	560	484	189	313	96	317	105	212	195	223	122	186	194	120	222	55	133	46	101	86	81	103	29	9
64	170	2	2	119	0	1953125	12	0.0	497	1.10	0	0	V0.2	0	0	193	295	403	490	492	502	495	393	342	296	268	288	311	343	317	296	203	96	57	161	333	455	560	652	711	711	654	635	553	468	435	468	560	761	799	843	896	959	922	808	781	806	614	676	783	833	830	977	1000	957	856	890	852	901	672	762	748	781	806	699	879	855	777	774	692	682	632	535	545	562	538	560	562	508	465	384	411	333	254	271	238	206	198	159	105
64	170	2	2	119	0	1953125	12	0.0	492	1.10	0	0	V0.2	0	0	39	20	49	35	60	47	49	34	45	17	49	3	58	8	66	17	55	25	42	65	22	85	16	122	57	105	76	81	65	70	108	44	84	15	198	125	100	36	310	417	406	507	425	647	749	703	605	288	394	510	837	715	400	232	379	995	1000	820	595	595	702	526	523	268	276	206	198	212	98	145	26	136	58	116	61	100	90	77	99	55	89	52	84	58	62
64	170	1	2	119	0	1953125	12	0.0	499	1.11	0	0	V0.2	0	0	29	21	54	29	72	23	64	22	51	26	41	39	35	57	45	49	40	35	51	50	53	70	67	112	39	120	12	103	17	107	45	72	78	116	240	151	226	34	302	316	536	510	461	663	721	907	693	480	468	436	822	701	578	161	361	874	1000	862	502	589	531	618	515	335	356	162	235	128	169	132	80	111	80	137	41	120	53	112	76	87	79	61	82	61	74
64	170	2	2	119	0	1953125	12	0.0	472	1.10	0	0	V0.2	0	0	35	9	59	21	77	26	68	15	65	7	58	24	64	37	76	28	63	32	53	74	28	99	8	130	45	111	57	92	25	116	110	35	111	77	330	249	221	125	270	432	454	574	437	649	824	874	866	548	452	351	762	756	481	264	299	974	1000	823	615	498	642	460	528	324	327	267	152	198	94	174	52	126	73	129	96	82	106	68	116	60	95	62	81	75	67
64	170	2	2	119	0	1953125	12	0.0	499	1.11	0	0	V0.2	0	0	33	33	41	53	43	63	37	49	35	37	42	20	56	14	66	27	50	27	40	64	39	80	54	92	93	63	89	56	47	84	121	29	107	75	300	310	181	185	171	405	386	526	441	591	835	873	906	629	426	356	689	767	449	286	335	987	1000	737	559	423	597	404	479	310	323	273	131	176	71	152	33	123	62	128	87	82	95	69	106	51	85	44	77	57	61
