34928	35048	35167	35286	35405	35524	35644	35763	35882	36001	36120	36240	36359	36478	36597	36716	36836	36955	37074	37193	37313	37432	37551	37670	37789	37909	38028	38147	38266	38385	38505	38624	38743	38862	38981	39101	39220	39339	39458	39577	39697	39816	39935	40054	40174	40293	40412	40531	40650	40770	40889	41008	41127	41246	41366	41485	41604	41723	41842	41962	42081	42200	42319	42439	42558	42677	42796	42915	43035	43154	43273	43392	43511	43631	43750	43869	43988	44107	44227	44346	44465	44584	44703	44823	44942
64	170	2	2	119	0	1953125	12	0.0	1623	1.30	0	0	V0.2	0	0	167	285	384	449	481	476	414	390	312	248	255	261	304	314	315	283	186	111	41	172	285	422	562	622	662	637	628	593	492	433	391	448	552	645	783	811	839	858	835	826	709	624	676	667	658	796	801	876	872	1000	813	832	755	777	792	642	676	707	797	729	752	721	785	670	663	611	602	533	506	503	531	497	507	474	404	404	370	298	257	233	240	199	172	147	115
64	170	2	2	119	0	1953125	12	0.0	1623	1.30	0	0	V0.2	0	0	29	12	34	27	68	8	43	12	58	5	29	34	53	13	30	32	35	17	44	52	12	33	29	63	52	77	9	37	50	99	53	56	74	30	42	123	278	167	186	106	216	173	215	426	460	493	355	213	324	129	275	679	1000	873	707	567	535	637	172	206	369	509	375	198	238	160	154	76	209	179	97	110	91	113	8	98	71	60	33	72	71	18	55	51	42
64	170	2	2	119	0	1953125	12	0.0	1573	1.29	0	0	V0.2	0	0	18	36	30	49	59	27	47	33	47	27	31	46	30	42	29	48	34	36	42	33	33	41	57	64	58	89	38	89	56	118	73	78	95	67	126	116	303	229	259	198	204	224	219	424	464	543	508	334	315	126	288	537	972	1000	987	870	625	603	229	127	267	447	439	231	247	166	185	125	146	202	126	156	81	123	76	83	97	76	82	45	90	54	65	59	67
64	170	2	2	119	0	1953125	12	0.0	1575	1.29	0	0	V0.2	0	0	31	27	57	14	71	3	58	8	55	13	39	34	45	30	36	45	46	31	41	43	33	53	58	88	47	105	37	108	63	141	97	88	116	76	133	108	316	230	278	188	224	216	223	441	501	598	514	369	428	188	164	550	1000	992	984	793	635	666	211	79	272	502	385	260	259	179	194	66	188	163	150	137	109	135	37	103	72	97	55	84	81	54	69	66	74
64	170	2	2	119	0	1953125	12	0.0	1598	1.29	0	0	V0.2	0	0	26	17	41	31	52	49	38	35	45	38	37	9	59	20	38	17	57	28	29	55	26	42	3	86	28	83	39	76	35	95	127	45	108	62	118	50	257	286	264	247	184	255	105	289	430	543	544	393	451	335	121	308	859	1000	997	816	670	775	448	123	117	401	379	197	234	175	192	70	141	161	106	117	75	119	22	83	65	74	41	73	73	37	59	60	59
64	170	2	2	119	0	1953125	12	0.0	1595	1.29	0	0	V0.2	0	0	32	45	13	48	22	70	3	52	21	49	17	40	36	42	30	41	28	25	33	42	43	40	65	36	66	49	103	9	90	70	128	101	87	157	46	151	154	350	281	243	272	177	170	164	474	507	509	578	429	497	349	177	552	943	1000	805	790	720	570	353	77	271	341	311	152	255	173	121	75	138	165	58	115	64	92	21	86	76	46	49	59	69	23	61	56
64	170	1	2	119	0	1953125	12	0.0	1908	1.35	0	0	V0.2	0	0	8	31	15	38	6	52	12	35	7	28	23	18	33	2	49	14	31	22	25	24	34	53	22	33	46	30	72	45	63	70	100	111	54	123	33	137	117	225	142	37	89	120	162	187	38	215	384	624	588	651	624	272	224	722	999	877	912	800	620	368	138	270	301	201	97	117	20	61	89	72	48	82	46	75	62	73	26	65	29	37	29	44	17	46	34
64	170	1	2	119	0	1953125	12	0.0	1808	1.33	0	0	V0.2	0	0	40	36	32	54	20	54	25	65	21	46	28	54	29	44	35	54	22	42	49	46	57	24	98	27	110	43	113	93	81	118	73	106	44	90	95	77	169	46	36	147	308	312	383	297	107	195	320	679	813	855	927	449	120	461	954	961	1000	979	762	600	390	70	248	206	241	123	93	99	45	106	70	131	32	100	78	84	69	47	86	43	54	49	60	47	30
64	170	2	2	119	0	1953125	12	0.0	8087	2.41	0	0	V0.2	0	0	16	13	7	7	3	20	13	10	9	1	11	13	11	12	14	22	12	12	12	20	16	12	9	32	9	17	34	72	13	25	64	48	40	37	60	49	56	60	30	95	174	209	253	160	128	287	411	381	518	547	932	591	233	362	1000	388	610	481	422	488	287	173	84	20	109	19	10	30	69	17	23	71	56	29	19	34	28	29	14	6	15	14	10	36	15
64	170	1	2	119	0	1953125	12	0.0	7885	2.37	0	0	V0.2	0	0	20	85	49	47	24	99	96	17	27	79	82	20	12	83	80	14	44	74	68	36	63	105	24	71	54	188	97	98	132	160	197	66	145	186	72	164	97	279	97	266	352	367	385	239	584	786	710	688	376	588	742	492	316	635	1000	966	686	385	91	400	322	251	275	275	385	197	83	132	126	146	40	135	73	46	28	131	139	30	85	75	81	44	61	93	49
64	170	1	2	119	0	1953125	12	0.0	7917	2.38	0	0	V0.2	0	0	51	5	64	12	64	22	85	14	54	22	71	27	44	43	54	32	44	56	51	39	40	61	51	73	66	77	84	124	31	115	116	169	96	142	190	130	153	150	293	123	321	338	443	292	450	829	833	776	368	543	704	434	226	684	1000	829	500	108	388	381	228	334	300	377	154	128	116	93	60	115	136	38	123	90	124	11	116	70	50	41	85	74	57	91	78
64	170	1	2	119	0	1953125	12	0.0	7900	2.38	0	0	V0.2	0	0	30	51	84	14	67	32	91	5	48	40	61	26	39	46	40	45	44	32	26	32	31	33	88	66	81	75	113	135	46	164	152	145	72	179	248	104	197	143	295	115	381	420	397	325	450	876	842	661	442	484	724	412	197	633	1000	851	390	159	303	422	186	308	318	285	221	45	165	51	80	39	128	44	116	111	87	80	60	102	16	81	71	83	35	85	93
64	170	2	2	119	0	1953125	12	0.0	7938	2.38	0	0	V0.2	0	0	49	68	13	100	30	77	17	86	18	65	30	66	21	61	32	51	32	64	46	17	56	13	54	53	69	88	82	48	63	87	185	105	89	94	196	199	114	254	139	228	222	489	381	274	481	795	999	639	476	553	651	500	274	734	958	941	480	206	370	347	320	229	426	244	173	73	140	92	101	140	76	101	80	162	34	87	67	119	66	103	107	67	81	91	112
64	170	2	2	119	0	1953125	12	0.0	7975	2.39	0	0	V0.2	0	0	41	26	60	33	78	30	74	12	53	23	46	22	23	51	50	14	9	21	7	3	47	57	67	11	73	49	136	69	52	64	162	183	22	170	114	186	74	255	243	160	302	394	471	194	510	795	875	793	360	656	637	390	162	751	1000	806	504	97	459	380	279	314	309	372	125	122	90	108	49	109	116	36	76	63	100	18	72	17	41	35	66	24	64	77	66
64	170	2	2	119	0	1953125	12	0.0	8224	2.43	0	0	V0.2	0	0	38	29	41	23	62	27	47	7	54	2	35	36	30	48	39	34	7	37	22	20	73	20	38	24	75	69	85	32	34	95	169	75	87	98	128	80	121	127	27	51	64	157	235	109	148	401	695	713	489	700	693	574	119	741	1000	903	542	288	532	377	329	231	296	102	128	127	140	67	160	106	75	90	78	38	99	95	33	63	63	49	55	88	26	34	63
64	170	2	2	119	0	1953125	12	0.0	8475	2.47	0	0	V0.2	0	0	17	48	8	42	18	60	16	45	40	37	41	32	51	3	61	28	36	16	23	12	28	36	40	15	77	34	97	83	56	68	62	73	37	90	25	48	111	184	11	173	155	167	33	171	186	164	275	484	511	758	815	592	438	633	1000	904	609	349	421	465	217	169	66	84	82	171	68	61	61	103	17	103	63	49	12	70	32	55	51	47	25	57	34	37	61
64	170	2	2	119	0	1953125	12	0.0	21728	4.75	0	0	V0.2	0	0	19	17	13	14	29	22	15	13	11	20	18	15	29	9	18	27	23	20	9	33	20	10	19	13	53	55	3	39	59	54	99	47	93	112	55	69	64	115	232	351	314	29	18	242	178	307	329	408	249	1000	672	545	522	588	855	698	470	455	595	488	31	46	105	94	66	30	49	27	43	32	20	28	53	43	22	66	96	20	3	29	10	16	28	30	4
64	170	2	2	119	0	1953125	12	0.0	8199	2.43	0	0	V0.2	0	0	161	303	406	454	474	479	441	364	302	285	256	277	301	327	292	254	212	86	46	169	288	419	534	613	653	677	629	575	513	446	422	449	506	662	755	836	849	864	849	798	783	613	684	629	695	722	809	866	999	823	1000	930	592	786	566	924	584	724	748	750	769	803	670	756	644	626	568	526	516	519	532	518	487	478	450	392	341	296	264	257	221	205	177	133	115
64	170	2	2	119	0	1953125	12	0.0	35684	7.14	0	0	V0.2	0	0	-172	-362	-370	-77	249	369	-128	-107	-77	-50	-22	-3	26	41	59	89	105	116	136	164	177	183	185	180	187	176	174	166	153	141	123	104	85	51	31	-8	-27	-57	-75	-108	-133	-146	-167	-174	-176	-176	-181	-187	-184	-170	-165	-159	-146	-135	-118	-90	-57	-33	-7	25	38	70	91	112	141	166	182	184	186	189	190	203	187	181	168	155	141	123	96	71	51	30	-5	-40	-71
64	170	2	2	119	0	1953125	12	0.0	11832	3.05	0	0	V0.2	0	0	154	249	336	394	414	437	394	337	288	223	209	254	264	266	283	254	184	92	35	143	265	378	472	554	561	600	574	518	463	393	358	402	475	592	634	762	708	839	686	826	572	715	449	658	541	686	792	604	1000	702	868	683	885	562	511	684	643	555	746	672	698	700	651	639	569	570	467	477	482	458	460	471	449	426	400	327	324	248	248	211	192	201	158	119	105
64	170	2	2	119	0	1953125	12	0.0	35576	7.12	0	0	V0.2	0	0	281	330	260	26	113	91	24	-30	-65	-62	-39	12	5	0	-80	-142	-122	-92	-30	14	-20	-56	-131	-148	-165	-81	10	35	25	0	-35	-110	-126	-86	26	100	101	59	19	-10	-24	-23	52	120	121	57	-6	-16	22	64	88	67	47	19	-7	-12	-5	6	29	35	-5	-50	-42	-46	-9	55	43	36	-28	-88	-151	-131	-67	-8	30	2	-66	-82	-123	-90	-77	6	46	89	66
64	170	2	2	119	0	1953125	12	0.0	16918	3.92	0	0	V0.2	0	0	182	282	377	461	483	477	425	377	299	264	260	282	320	326	301	272	193	95	49	161	321	418	532	598	655	662	629	600	496	435	405	463	556	647	736	795	871	840	943	690	841	566	754	542	759	733	757	1000	855	892	961	864	727	835	578	772	612	811	659	809	719	837	728	717	632	625	548	544	514	532	511	520	514	473	420	383	343	341	243	250	218	181	192	145	109
64	170	2	2	119	0	1953125	12	0.0	8113	2.41	0	0	V0.2	0	0	163	287	361	444	497	460	447	367	303	253	260	271	292	322	292	266	216	89	42	155	302	422	537	601	646	674	616	581	505	442	415	439	513	700	676	806	844	944	842	832	609	748	602	679	696	698	813	861	999	984	727	733	801	999	532	727	636	844	652	757	779	777	739	741	663	569	552	527	522	525	513	509	499	482	437	405	330	305	262	223	216	206	197	148	95
64	170	2	2	119	0	1953125	12	0.0	8385	2.46	0	0	V0.2	0	0	12	46	38	77	28	85	25	47	54	57	36	28	84	8	62	53	56	28	77	71	19	65	39	48	101	99	27	41	60	85	58	35	68	40	107	71	172	185	47	144	234	219	86	328	256	135	384	602	486	758	836	794	370	500	986	1000	713	182	519	495	402	262	239	166	108	156	109	50	104	124	41	56	64	52	106	118	9	64	51	31	51	86	15	49	66
64	170	2	2	119	0	1953125	12	0.0	33437	6.76	0	0	V0.2	0	0	431	328	103	-110	-73	-29	10	54	85	131	156	182	207	234	257	285	313	325	319	304	274	254	237	218	189	173	158	112	85	37	-17	-61	-110	-147	-189	-209	-236	-252	-280	-298	-309	-313	-309	-295	-290	-281	-263	-240	-193	-165	-118	-92	-65	-24	19	71	105	139	177	194	234	255	289	302	323	334	338	326	301	266	238	212	179	151	122	102	49	9	-29	-75	-120	-170	-202	-236	-256
64	170	2	2	119	0	1953125	12	0.0	13658	3.36	0	0	V0.2	0	0	165	251	334	404	436	444	409	338	284	235	219	237	275	292	280	249	168	77	53	151	285	378	480	557	593	612	558	534	471	390	375	420	473	595	710	730	773	801	854	645	580	670	644	594	622	703	712	645	1000	848	720	804	744	814	438	598	712	656	670	693	718	726	612	668	638	546	482	474	469	497	489	483	461	417	400	368	286	272	235	232	202	185	181	152	91
64	170	2	2	119	0	1953125	12	0.0	1568	1.29	0	0	V0.2	0	0	179	248	362	434	451	467	428	372	297	259	258	263	308	314	308	259	179	98	33	166	287	430	495	571	629	665	600	576	472	444	392	439	499	568	710	795	848	926	833	828	683	577	598	617	735	596	824	1000	923	907	820	684	976	452	821	485	743	932	731	690	668	686	687	663	662	546	571	573	495	485	504	501	455	453	428	366	321	281	260	247	241	185	186	126	82
64	170	2	2	119	0	1953125	12	0.0	1518	1.28	0	0	V0.2	0	0	30	37	55	33	75	10	57	27	61	24	46	52	55	44	55	62	62	50	68	71	39	88	64	130	31	150	69	135	86	154	180	94	165	113	160	98	277	360	310	355	275	353	279	153	372	544	620	464	546	607	522	487	549	807	986	921	824	1000	884	690	417	55	296	251	228	235	235	251	83	162	120	136	103	127	158	62	97	77	109	61	73	88	56	52	60
64	170	2	2	119	0	1953125	12	0.0	1518	1.28	0	0	V0.2	0	0	15	37	44	33	50	31	53	24	34	37	28	44	23	55	22	58	44	52	46	37	62	33	91	67	90	75	95	117	80	140	112	144	100	125	134	122	224	246	372	244	313	279	222	167	370	569	473	508	440	486	570	331	451	854	1000	686	746	791	726	660	217	196	207	285	175	260	238	145	132	102	166	72	136	112	110	70	83	103	57	75	63	79	39	62	61
64	170	2	2	119	0	1953125	12	0.0	1520	1.28	0	0	V0.2	0	0	13	56	37	51	35	56	42	45	29	58	26	57	27	69	24	74	51	64	55	48	81	39	115	63	121	73	124	116	122	156	123	162	94	152	119	158	239	287	411	258	364	266	232	205	463	616	523	571	480	538	553	321	551	919	1000	686	785	864	726	612	133	215	230	295	172	282	239	152	135	121	179	76	149	110	129	75	96	104	61	80	65	82	39	69	61
64	170	2	2	119	0	1953125	12	0.0	1498	1.28	0	0	V0.2	0	0	12	51	29	45	31	47	31	45	26	47	19	58	24	62	23	71	43	51	49	43	74	39	110	64	107	84	111	121	104	157	113	146	103	136	133	149	277	270	402	228	305	229	171	245	463	609	489	482	383	420	590	422	399	747	1000	771	885	875	638	483	54	233	218	287	198	261	267	142	158	123	188	106	149	151	118	104	82	126	68	89	79	89	63	65	81
64	170	2	2	119	0	1953125	12	0.0	1520	1.28	0	0	V0.2	0	0	37	17	62	28	57	26	57	19	58	27	57	24	66	34	67	46	77	52	55	73	52	100	52	136	50	145	75	155	123	156	183	125	182	110	186	149	320	364	351	368	295	358	216	428	572	679	611	424	482	477	443	433	594	837	1000	837	849	981	609	406	103	311	326	245	283	246	290	142	153	158	156	148	125	177	88	117	78	105	64	79	91	60	63	58	75
64	170	2	2	119	0	1953125	12	0.0	1498	1.28	0	0	V0.2	0	0	25	60	20	60	18	67	21	61	23	60	20	69	34	75	38	86	47	64	62	59	94	53	139	61	140	80	154	119	145	171	125	172	113	185	160	226	348	337	433	221	350	220	242	370	634	777	627	648	481	335	391	510	681	852	1000	758	941	999	664	395	115	377	320	339	215	320	277	153	171	160	229	121	196	161	148	112	121	149	85	110	92	105	68	86	91
64	170	2	2	119	0	1953125	12	0.0	1520	1.28	0	0	V0.2	0	0	37	17	60	28	55	27	56	18	55	26	54	22	64	34	67	44	75	50	55	74	55	103	55	137	54	147	73	157	121	156	180	132	189	121	209	183	348	345	321	311	234	289	165	409	588	727	700	567	576	389	293	366	656	830	962	840	863	1000	573	288	81	391	321	247	281	239	270	127	168	163	168	156	141	181	88	121	90	124	78	96	95	70	75	74	84
64	170	2	2	119	0	1953125	12	0.0	1498	1.28	0	0	V0.2	0	0	24	51	37	46	41	47	43	49	45	52	34	65	35	70	39	79	52	61	65	60	85	70	113	96	103	120	108	150	114	181	141	161	159	150	196	178	348	262	333	217	245	230	176	382	570	752	599	552	534	354	338	343	553	803	1000	770	793	857	473	289	46	349	271	264	247	248	274	129	164	144	185	145	149	179	109	124	88	128	83	96	101	82	78	72	92
64	170	2	2	119	0	1953125	12	0.0	1495	1.28	0	0	V0.2	0	0	42	23	67	11	68	15	66	14	71	31	61	38	75	46	79	58	84	60	70	88	68	119	68	151	63	161	91	172	146	167	202	142	203	135	217	208	343	361	291	330	229	295	179	430	666	783	747	587	600	468	355	368	556	824	982	912	894	1000	566	285	77	324	334	234	323	269	297	185	163	200	160	189	137	208	121	131	108	123	107	91	120	79	91	75	98
64	170	2	2	119	0	1953125	12	0.0	1498	1.28	0	0	V0.2	0	0	34	30	62	8	63	11	65	18	61	35	52	48	59	59	64	64	72	59	66	72	75	101	82	133	68	150	80	172	116	178	173	148	186	121	217	165	352	295	317	284	225	276	167	398	592	803	714	585	581	381	338	373	512	755	1000	834	837	902	482	306	17	327	287	278	293	263	301	155	181	161	187	159	152	190	110	133	95	134	90	101	105	84	83	72	91
64	170	2	2	119	0	1953125	12	0.0	1495	1.28	0	0	V0.2	0	0	44	22	66	14	70	20	68	16	74	32	65	36	79	43	80	55	87	60	67	89	66	122	64	154	65	158	94	167	149	157	201	142	199	129	207	208	332	352	269	323	214	266	160	368	617	739	764	611	630	471	307	347	600	853	999	936	877	939	517	256	66	274	319	217	314	254	280	187	143	193	145	190	127	199	116	127	112	111	104	80	115	73	86	70	93
64	170	2	2	119	0	1953125	12	0.0	1498	1.28	0	0	V0.2	0	0	37	21	63	7	61	6	61	6	61	25	54	36	62	45	66	53	72	49	58	72	61	105	64	137	52	152	70	160	113	155	168	120	177	104	205	167	343	308	278	271	177	242	112	338	543	727	698	557	574	363	271	397	659	820	1000	874	837	928	478	252	40	282	262	209	270	220	269	139	151	157	155	162	132	190	95	119	84	121	87	89	102	69	78	67	88
64	170	2	2	119	0	1953125	12	0.0	1520	1.28	0	0	V0.2	0	0	42	24	63	38	55	38	57	27	59	32	58	22	72	32	73	43	80	54	57	78	52	108	54	142	62	148	86	156	137	151	193	135	191	127	207	197	339	353	293	314	209	257	132	339	558	706	716	588	612	455	309	360	645	834	995	934	904	1000	521	231	13	281	270	183	264	213	252	137	144	163	142	159	121	174	80	117	84	107	73	79	92	56	69	63	77
64	170	2	2	119	0	1953125	12	0.0	1498	1.28	0	0	V0.2	0	0	20	54	37	48	41	51	41	52	39	53	29	69	32	75	37	83	52	64	65	58	92	67	125	94	117	121	120	153	119	186	138	166	153	153	200	192	377	291	379	216	259	204	120	307	523	773	655	661	637	415	384	419	574	766	978	796	919	1000	539	320	59	306	219	248	225	246	280	130	171	134	192	137	159	181	111	122	89	136	82	100	95	86	77	73	92
64	170	2	2	119	0	1953125	12	0.0	1520	1.28	0	0	V0.2	0	0	39	20	66	17	63	15	63	12	62	28	58	31	62	43	64	53	75	55	60	71	63	101	67	135	58	147	72	166	114	169	173	143	186	117	213	170	361	321	345	290	239	252	105	311	495	698	663	606	646	405	289	355	590	733	873	746	852	1000	561	326	42	317	238	222	236	225	260	116	163	135	164	130	144	163	88	113	81	112	61	92	81	68	61	68	74
64	170	2	2	119	0	1953125	12	0.0	1498	1.28	0	0	V0.2	0	0	26	55	40	49	47	49	46	52	47	56	38	71	42	76	44	85	59	69	72	66	92	79	118	107	109	135	111	163	116	187	145	161	162	138	203	173	368	295	371	246	260	225	92	271	458	684	613	616	637	420	355	370	527	707	877	716	855	999	591	385	28	288	217	221	230	226	278	143	160	140	168	143	133	182	105	121	79	126	86	86	96	77	78	61	87
64	170	2	2	119	0	1953125	12	0.0	1498	1.28	0	0	V0.2	0	0	34	18	62	8	62	12	62	10	60	25	56	35	61	39	62	50	74	57	65	75	58	101	60	134	55	149	76	162	120	162	184	142	191	125	203	165	326	336	327	327	238	261	123	249	436	616	655	611	699	519	398	330	425	648	794	700	811	1000	632	429	124	252	239	197	261	223	280	171	161	169	156	165	126	192	110	127	92	119	92	86	104	73	80	69	94
64	170	1	2	119	0	1953125	12	0.0	1493	1.28	0	0	V0.2	0	0	43	29	55	46	48	48	48	41	53	41	61	33	76	38	79	50	84	66	66	84	66	111	82	131	113	127	138	123	171	135	211	171	176	193	146	238	231	399	314	379	317	264	266	163	421	502	672	696	718	715	537	453	271	560	661	702	831	999	794	520	279	114	258	197	253	263	252	256	130	200	135	164	127	167	160	101	128	97	120	76	111	92	81	72	81
64	170	1	2	119	0	1953125	12	0.0	1515	1.28	0	0	V0.2	0	0	30	57	24	84	13	83	23	76	25	76	48	74	53	81	62	82	74	93	83	77	105	74	135	81	175	82	183	111	184	169	213	248	180	273	182	258	183	383	415	418	470	346	444	250	313	425	638	833	749	910	863	756	364	350	598	699	919	1000	962	730	418	152	215	296	226	306	246	296	182	180	175	136	157	131	184	92	134	99	119	91	98	110	75	81	74
64	170	1	2	119	0	1953125	12	0.0	1488	1.27	0	0	V0.2	0	0	31	37	67	24	75	17	75	19	64	38	64	48	65	59	69	62	84	73	80	86	72	107	65	147	75	161	88	170	121	164	201	169	232	176	243	172	181	232	312	414	342	446	446	336	172	168	428	527	721	766	1000	993	548	147	278	404	595	761	681	742	499	224	266	211	274	175	256	268	203	204	129	189	99	150	124	134	112	96	124	80	100	84	104	77	74
64	170	1	2	119	0	1953125	12	0.0	1510	1.28	0	0	V0.2	0	0	37	24	38	36	42	42	41	41	39	32	53	35	58	31	64	36	60	56	65	74	52	88	58	102	79	117	113	111	131	113	164	133	191	177	182	186	98	172	172	328	282	390	415	339	302	144	230	272	485	638	927	1000	676	301	142	215	319	356	359	539	471	307	295	200	236	133	174	187	161	159	95	141	68	102	71	99	69	68	78	54	67	53	72	47	52
64	170	1	2	119	0	1953125	12	0.0	1483	1.27	0	0	V0.2	0	0	26	27	47	28	62	22	65	26	57	37	56	47	52	57	62	55	66	69	77	79	72	101	63	121	69	147	80	154	112	149	155	148	222	170	252	182	182	161	210	299	301	426	414	424	439	297	276	188	432	630	986	1000	820	517	196	137	130	216	400	624	509	406	374	244	277	155	189	186	194	192	124	177	100	122	81	122	103	84	100	77	88	63	93	77	72
64	170	1	2	119	0	1953125	12	0.0	1510	1.28	0	0	V0.2	0	0	41	15	49	15	63	24	58	26	54	23	58	35	63	35	68	42	64	57	71	81	56	99	51	121	59	148	89	148	118	147	164	149	228	177	258	188	184	166	240	343	358	516	498	493	415	234	222	250	408	574	992	999	830	484	104	83	125	199	458	705	540	451	363	286	295	160	216	188	226	163	147	160	96	118	76	130	68	93	74	82	69	72	85	61	63
64	170	1	2	119	0	1953125	12	0.0	1483	1.27	0	0	V0.2	0	0	29	30	53	27	68	22	72	26	61	39	63	50	61	60	68	58	76	76	83	88	76	108	64	133	74	157	89	166	125	158	176	160	235	175	253	188	159	157	227	351	325	498	511	503	464	269	299	279	482	621	1000	975	786	492	111	27	180	276	415	672	573	424	402	264	303	171	200	213	204	202	122	185	109	126	92	128	113	82	106	80	91	67	97	80	74
64	170	1	2	119	0	1953125	12	0.0	1510	1.28	0	0	V0.2	0	0	40	14	57	13	66	11	67	22	55	28	65	40	61	46	71	44	70	65	74	80	64	105	53	130	69	152	89	156	124	149	185	169	237	181	253	176	158	178	278	389	345	478	480	431	302	99	334	433	601	704	999	926	591	203	301	243	354	488	574	761	579	346	314	240	298	174	243	234	207	175	114	166	80	126	88	125	83	85	97	72	82	65	90	56	60
64	170	1	2	119	0	1953125	12	0.0	1488	1.27	0	0	V0.2	0	0	42	21	64	32	68	48	56	40	59	42	61	37	79	39	75	52	88	72	74	91	75	91	88	114	129	98	160	107	168	131	210	211	180	255	175	236	96	297	295	386	415	388	528	345	161	118	350	569	555	887	1000	968	603	34	337	424	545	610	748	747	568	395	221	344	236	261	216	275	255	150	194	128	165	101	156	142	103	112	98	123	75	105	99	94	74
64	170	1	2	119	0	1953125	12	0.0	1513	1.28	0	0	V0.2	0	0	39	50	32	67	27	77	19	65	34	65	44	62	61	66	57	75	71	78	76	79	97	63	123	74	152	75	171	119	153	167	195	240	177	262	216	213	170	292	391	356	448	376	454	321	141	266	424	675	623	850	999	774	409	188	528	530	710	719	793	762	445	303	177	336	263	258	270	247	246	126	190	139	141	125	139	146	80	120	94	108	74	96	96	69	70
64	170	1	2	119	0	1953125	12	0.0	1493	1.28	0	0	V0.2	0	0	54	49	40	89	22	80	31	72	58	60	51	72	76	69	87	60	105	90	87	91	88	107	146	77	179	111	176	182	135	225	215	218	256	173	243	240	204	372	345	542	562	392	449	295	313	374	442	791	860	839	1000	729	260	95	564	785	896	957	850	737	636	377	178	306	308	380	320	219	289	219	191	183	117	219	170	143	139	101	155	128	94	115	99	116	84
64	170	1	2	119	0	1953125	12	0.0	1493	1.28	0	0	V0.2	0	0	28	43	64	10	70	45	49	64	24	61	36	76	38	71	58	70	92	75	74	89	92	88	141	77	148	151	110	196	138	154	222	201	192	245	163	236	290	278	439	433	386	390	338	244	328	354	569	870	827	776	829	490	64	267	740	986	1000	878	732	600	426	329	164	255	326	283	320	274	166	206	166	158	206	136	152	164	113	136	116	92	122	105	91	96	75
64	170	1	2	119	0	1953125	12	0.0	1495	1.28	0	0	V0.2	0	0	26	52	61	50	66	47	72	41	55	57	52	69	45	89	55	86	74	87	83	70	105	86	124	121	139	152	129	193	138	219	184	229	216	185	253	175	328	309	510	393	435	348	280	266	304	582	619	838	808	795	932	547	214	596	916	755	929	1000	943	878	364	229	183	342	262	311	327	253	250	146	235	153	195	176	185	160	113	152	109	133	103	128	100	91	97
64	170	1	2	119	0	1953125	12	0.0	1493	1.28	0	0	V0.2	0	0	35	20	62	8	66	5	65	10	58	29	57	38	61	48	65	55	75	62	68	77	63	102	65	138	66	152	79	168	118	156	178	144	189	119	200	147	280	301	348	358	249	271	149	184	258	479	610	662	775	664	612	377	320	683	1000	784	733	859	630	566	274	134	190	211	264	202	276	188	153	141	149	163	111	182	116	131	83	119	99	83	98	78	82	58	89
64	170	1	2	119	0	1953125	12	0.0	1520	1.28	0	0	V0.2	0	0	37	23	66	13	71	3	68	9	56	29	55	39	50	57	57	57	67	63	64	61	71	85	80	121	85	143	79	173	103	174	155	172	186	111	203	126	294	261	432	376	358	304	175	244	339	594	605	771	820	666	687	324	355	764	1000	671	728	804	613	660	242	193	187	303	248	264	276	156	169	99	179	106	153	140	115	104	77	111	65	90	68	81	52	62	62
64	170	2	2	119	0	1953125	12	0.0	1518	1.28	0	0	V0.2	0	0	29	20	58	10	66	6	65	3	51	22	45	35	43	46	43	53	60	53	56	60	62	74	73	121	71	140	68	168	91	170	165	166	198	121	224	129	304	290	437	405	358	335	185	273	360	625	624	693	791	646	728	545	312	594	933	743	844	1000	717	682	275	217	213	272	283	229	290	163	158	119	161	142	125	177	103	125	69	125	82	82	86	74	71	57	83
64	170	2	2	119	0	1953125	12	0.0	1520	1.28	0	0	V0.2	0	0	24	38	60	25	66	21	68	19	50	34	43	46	38	61	43	66	63	61	60	57	72	68	91	113	89	130	85	168	99	181	157	179	188	124	216	131	319	282	440	369	360	309	183	293	428	695	613	662	730	594	711	562	256	570	944	754	862	1000	680	610	186	237	213	282	260	240	286	156	159	107	168	130	134	166	103	118	67	121	77	87	82	77	67	55	77
64	170	2	2	119	0	1953125	12	0.0	1518	1.28	0	0	V0.2	0	0	37	15	56	33	58	42	50	32	52	25	52	16	65	17	65	34	75	52	57	77	42	96	45	132	70	135	104	138	146	132	210	158	193	174	161	211	233	381	326	429	325	328	244	258	485	617	721	671	722	688	585	570	373	601	807	793	824	1000	762	543	309	157	317	230	292	257	240	227	94	179	115	170	112	166	141	87	108	84	110	57	97	69	66	58	80
64	170	1	2	119	0	1953125	12	0.0	1520	1.28	0	0	V0.2	0	0	40	20	64	38	61	42	55	34	54	28	54	19	70	25	72	41	80	56	57	78	47	104	52	138	77	142	112	148	156	142	218	165	200	175	165	213	255	390	324	413	312	322	253	262	510	646	768	717	743	677	537	505	411	647	835	827	841	1000	744	512	275	166	323	242	299	268	254	237	100	183	123	172	115	168	144	87	107	88	113	63	101	75	69	56	76
64	170	1	2	119	0	1953125	12	0.0	1518	1.28	0	0	V0.2	0	0	38	31	49	52	45	61	38	48	44	42	51	29	67	30	69	42	73	59	61	82	59	95	75	122	111	118	142	117	177	130	215	189	183	217	136	254	219	415	346	417	375	301	283	248	544	630	752	766	721	750	593	474	379	630	804	843	919	1000	804	522	275	137	322	269	277	308	227	237	103	186	140	157	152	150	166	74	124	89	110	69	94	86	61	72	80
64	170	2	2	119	0	1953125	12	0.0	1518	1.28	0	0	V0.2	0	0	36	13	62	23	62	26	56	19	52	16	52	21	62	28	64	39	74	51	53	70	45	99	45	138	54	146	82	153	131	144	201	153	204	144	177	186	279	355	334	430	322	327	195	275	461	623	704	660	775	671	567	544	323	525	787	782	827	1000	708	518	280	176	276	208	298	238	261	212	110	162	106	163	97	174	116	97	90	90	101	61	100	64	71	49	75
64	170	1	2	119	0	1953125	12	0.0	1520	1.28	0	0	V0.2	0	0	39	21	60	45	57	47	53	37	57	35	58	22	72	26	75	38	81	58	54	77	49	104	59	135	93	129	117	129	162	126	216	168	187	187	145	249	242	407	319	431	340	284	229	264	549	635	745	723	747	726	591	546	341	621	817	852	909	1000	750	501	269	132	308	223	286	283	234	241	92	177	111	161	124	157	153	79	118	82	113	64	102	81	69	65	72
64	170	1	2	119	0	1953125	12	0.0	1518	1.28	0	0	V0.2	0	0	38	39	44	67	33	71	25	56	37	46	45	35	63	38	68	51	73	65	58	71	63	91	91	110	132	100	159	102	187	132	215	205	164	228	118	272	206	424	362	413	405	256	280	206	557	643	770	857	791	842	686	526	352	628	809	826	951	1000	828	580	276	97	293	271	252	333	234	253	123	176	150	135	158	131	170	66	129	91	109	78	95	98	58	73	70
64	170	1	2	119	0	1953125	12	0.0	1515	1.28	0	0	V0.2	0	0	42	30	56	57	49	61	44	52	51	48	60	34	74	37	77	46	84	71	64	81	64	104	84	126	125	114	149	113	178	128	225	203	187	230	141	269	199	417	352	457	397	281	288	169	481	587	773	847	848	890	706	643	401	508	741	781	895	1000	832	595	355	67	280	246	271	312	240	274	121	173	133	156	143	145	174	85	130	85	120	78	100	97	71	71	72
64	170	1	2	119	0	1953125	12	0.0	1540	1.28	0	0	V0.2	0	0	32	34	40	62	32	67	33	63	30	48	48	34	56	36	65	35	71	64	63	73	61	85	67	113	108	108	132	111	165	125	225	198	212	249	180	259	157	358	326	491	401	362	393	215	341	434	698	792	911	924	832	828	433	274	538	641	813	1000	820	675	459	80	226	196	284	264	244	264	113	167	96	156	99	151	133	79	96	73	103	52	92	65	65	44	62
64	170	1	2	119	0	1953125	12	0.0	1538	1.28	0	0	V0.2	0	0	34	37	28	55	27	62	23	56	23	45	35	33	48	37	44	29	54	48	47	65	64	65	66	90	113	78	135	86	157	113	200	204	192	266	190	270	96	291	292	442	420	375	496	308	238	228	530	713	741	914	938	1000	715	258	283	431	683	795	818	715	511	225	130	234	205	260	188	262	166	118	118	100	122	82	146	69	89	59	90	73	58	75	47	51	48
64	170	1	2	119	0	1953125	12	0.0	1513	1.28	0	0	V0.2	0	0	30	7	52	12	61	18	61	23	52	21	52	18	59	28	63	33	71	58	63	77	53	93	41	118	68	121	100	122	138	118	189	156	207	214	203	227	88	215	203	382	322	409	486	367	292	99	334	406	558	669	825	1000	735	417	250	181	408	617	613	637	524	259	215	191	185	177	152	235	147	148	99	113	101	76	116	73	95	48	87	67	62	70	64	67	39
64	170	1	2	119	0	1953125	12	0.0	1508	1.28	0	0	V0.2	0	0	35	22	35	35	43	40	41	43	37	30	46	25	54	25	60	28	58	50	55	71	55	87	60	98	87	105	121	100	152	115	178	155	200	234	204	250	114	218	167	355	323	439	552	465	423	233	285	301	434	550	774	999	809	596	353	38	216	417	512	630	552	334	316	238	211	179	150	230	155	169	106	131	105	82	107	87	102	50	89	64	66	63	66	62	39
64	170	1	2	119	0	1953125	12	0.0	1508	1.28	0	0	V0.2	0	0	24	17	31	30	51	24	49	26	43	30	34	46	31	54	36	53	40	57	68	62	77	73	79	88	89	123	89	148	100	172	136	177	214	200	280	168	243	113	233	245	358	447	515	595	449	350	209	288	268	455	794	914	1000	741	420	210	139	179	458	618	462	453	319	271	238	146	180	160	220	132	147	127	101	92	75	116	60	85	59	84	54	68	73	63	59
64	170	1	2	119	0	1953125	12	0.0	1505	1.28	0	0	V0.2	0	0	31	27	45	30	63	22	61	26	54	31	46	51	47	58	54	55	51	59	69	67	71	84	70	98	75	134	81	154	102	166	140	165	218	189	281	170	242	135	211	235	324	445	505	593	469	363	244	209	223	411	791	924	1000	772	474	309	53	141	409	599	437	435	340	272	259	134	179	152	215	146	141	142	93	106	63	119	61	85	67	84	67	64	81	60	62
64	170	1	2	119	0	1953125	12	0.0	1508	1.28	0	0	V0.2	0	0	30	9	35	18	51	11	49	15	45	21	39	36	35	43	42	44	38	50	62	60	65	79	61	90	69	126	68	140	96	159	135	164	217	182	271	171	245	136	192	228	311	426	477	578	459	343	219	257	266	406	751	890	1000	801	508	312	46	125	383	585	442	436	327	257	246	136	180	150	212	141	133	130	87	94	62	116	60	84	61	78	58	60	73	58	57
64	170	1	2	119	0	1953125	12	0.0	1505	1.28	0	0	V0.2	0	0	29	23	41	30	63	20	60	23	49	29	44	48	44	56	51	51	47	59	69	64	70	82	67	94	74	134	77	149	96	162	136	167	222	188	285	164	235	125	219	250	331	455	502	585	443	303	201	314	317	495	838	943	999	772	466	290	98	182	434	653	467	436	327	262	246	126	186	161	222	144	143	139	88	100	70	125	60	89	66	83	68	70	84	63	63
64	170	1	2	119	0	1953125	12	0.0	1505	1.28	0	0	V0.2	0	0	39	13	48	13	68	6	70	16	58	28	58	40	52	51	63	49	61	67	78	81	75	104	63	127	72	161	79	169	119	174	177	186	265	207	318	204	220	163	258	352	364	517	534	602	474	253	304	461	551	611	951	1000	946	741	398	161	213	311	503	789	570	443	367	239	281	138	225	202	234	183	128	167	79	121	71	137	77	87	81	78	77	60	91	59	64
64	170	1	2	119	0	1953125	12	0.0	1483	1.27	0	0	V0.2	0	0	20	44	32	57	50	54	58	47	47	55	43	65	37	77	44	74	59	80	82	74	100	83	102	102	117	141	105	167	105	184	157	211	237	203	300	159	216	113	310	320	398	478	502	560	381	236	281	555	591	737	1000	950	882	623	339	135	284	362	579	800	549	455	325	265	259	155	232	205	252	167	160	167	104	127	92	155	81	103	85	99	86	78	101	71	70
64	170	1	2	119	0	1953125	12	0.0	1508	1.28	0	0	V0.2	0	0	37	6	48	10	66	23	62	23	54	17	56	28	57	32	66	39	65	60	74	79	56	101	45	124	56	153	76	154	113	159	182	173	252	192	280	170	175	157	297	378	365	480	465	482	334	182	385	630	747	777	1000	864	660	485	365	151	421	511	615	834	563	394	279	232	240	163	244	203	228	134	145	131	95	117	103	135	66	109	72	85	66	81	80	57	62
64	170	1	2	119	0	1953125	12	0.0	1535	1.28	0	0	V0.2	0	0	43	35	42	55	43	60	44	58	38	38	61	36	68	33	73	35	74	67	73	83	63	104	65	125	104	135	140	128	169	133	224	198	253	263	243	269	111	273	279	500	401	472	540	405	313	126	554	734	922	948	1000	984	577	359	527	402	542	734	729	830	688	291	256	187	273	194	241	276	165	171	78	154	69	136	105	106	90	84	108	56	83	61	78	42	58
64	170	1	2	119	0	1953125	12	0.0	1535	1.28	0	0	V0.2	0	0	34	16	50	14	62	13	71	9	53	30	54	35	44	51	48	50	59	63	67	66	71	84	64	115	73	140	68	168	93	172	178	206	249	178	293	151	210	180	376	401	379	437	389	379	178	283	525	787	918	882	1000	743	384	313	555	390	613	734	658	824	528	254	194	200	264	185	273	204	187	122	122	138	86	142	86	126	53	101	77	75	72	66	75	38	59
64	170	1	2	119	0	1953125	12	0.0	1513	1.28	0	0	V0.2	0	0	23	39	51	34	61	35	68	22	51	40	46	47	39	60	40	61	59	64	68	70	79	79	85	118	87	140	78	173	91	175	182	206	237	161	280	145	220	202	396	414	347	375	315	292	101	306	553	799	961	898	1000	762	324	342	693	482	623	752	624	782	537	208	178	188	282	183	276	226	180	142	111	162	76	153	99	135	72	88	93	68	83	61	83	40	63
64	170	1	2	119	0	1953125	12	0.0	1515	1.28	0	0	V0.2	0	0	43	16	73	32	73	37	73	39	67	36	72	28	77	38	83	47	93	75	78	95	65	115	57	153	86	152	113	160	155	149	234	197	242	214	229	240	203	336	342	478	324	325	325	191	194	303	658	818	1000	995	912	745	184	391	736	644	668	828	685	684	526	135	206	183	290	232	264	267	143	174	102	174	95	166	138	114	103	83	113	66	102	75	84	56	74
64	170	1	2	119	0	1953125	12	0.0	1513	1.28	0	0	V0.2	0	0	39	31	58	29	73	23	75	18	56	35	54	44	39	62	45	59	58	68	70	64	84	74	93	111	108	136	95	177	106	191	178	233	237	178	286	171	276	244	464	397	390	306	235	253	141	424	585	918	997	956	1000	620	160	491	864	638	782	772	636	741	391	207	113	285	261	262	291	198	202	96	177	122	143	143	130	130	76	126	77	93	69	89	66	61	72
64	170	1	2	119	0	1953125	12	0.0	1540	1.28	0	0	V0.2	0	0	38	30	56	35	74	27	76	29	56	43	54	53	36	67	44	67	57	76	75	60	89	68	98	90	123	120	112	160	114	191	169	252	226	207	278	196	257	254	480	380	425	280	267	250	175	433	582	977	972	997	1000	604	178	584	909	704	846	769	664	718	348	193	124	312	231	305	266	207	185	91	180	93	166	113	151	100	96	106	75	87	64	94	48	65	60
64	170	1	2	119	0	1953125	12	0.0	1538	1.28	0	0	V0.2	0	0	40	22	60	12	69	13	76	10	56	26	53	31	43	45	44	41	50	49	51	54	64	66	70	102	77	120	75	162	79	171	171	217	230	167	291	161	264	241	465	403	359	304	223	236	172	459	627	892	1000	918	993	626	75	517	921	709	786	809	584	694	367	157	144	277	293	241	296	180	165	92	165	138	122	155	104	124	51	109	69	81	70	75	65	59	79
64	170	2	2	119	0	1953125	12	0.0	1540	1.28	0	0	V0.2	0	0	34	31	62	22	73	22	79	14	61	36	56	38	46	56	47	59	65	63	64	64	72	75	78	118	81	131	77	172	86	181	181	211	225	152	281	150	278	258	469	403	335	290	190	214	211	499	654	859	976	874	928	552	67	585	1000	749	770	819	555	638	338	135	159	268	297	229	298	180	157	99	155	145	108	159	91	120	57	122	81	75	78	72	72	45	72
64	170	2	2	119	0	1953125	12	0.0	1518	1.28	0	0	V0.2	0	0	24	38	55	28	65	27	67	19	53	34	41	45	42	54	34	66	60	57	63	67	74	73	92	125	83	136	84	178	91	186	189	202	222	146	274	146	284	275	460	414	315	289	169	201	236	512	678	836	985	892	926	582	127	602	1000	783	761	844	569	619	356	123	187	243	316	226	303	207	144	128	142	171	94	179	104	124	70	122	105	73	93	74	86	47	87
64	170	2	2	119	0	1953125	12	0.0	1540	1.28	0	0	V0.2	0	0	44	12	62	30	64	36	67	37	56	26	62	16	61	25	65	30	72	55	59	68	42	92	33	131	44	135	57	161	107	150	197	172	226	145	240	178	254	303	405	440	278	276	158	211	255	481	669	773	905	815	820	539	125	594	1000	845	740	804	523	532	302	121	190	234	297	213	282	180	131	114	137	148	91	159	84	107	51	103	73	73	84	63	65	44	71
64	170	2	2	119	0	1953125	12	0.0	1543	1.28	0	0	V0.2	0	0	38	21	60	8	67	9	71	7	53	22	49	25	43	36	40	38	48	42	45	50	54	59	66	102	62	109	63	150	71	164	164	189	201	137	254	135	268	259	452	383	313	257	153	215	282	525	630	788	873	793	850	481	109	590	1000	801	764	797	533	552	242	157	182	274	278	221	275	149	139	96	157	130	116	152	90	111	61	117	72	74	72	71	62	59	81
64	170	2	2	119	0	1953125	12	0.0	1515	1.28	0	0	V0.2	0	0	26	37	65	17	77	12	72	12	66	27	50	43	59	49	53	62	78	57	64	77	58	89	70	147	50	148	72	183	105	179	216	174	214	133	243	165	289	343	419	446	265	280	148	227	337	545	725	776	907	864	835	626	167	650	1000	871	730	845	597	525	324	111	251	225	313	227	280	243	113	157	119	187	87	174	133	113	92	95	120	60	101	79	85	50	78
64	170	2	2	119	0	1953125	12	0.0	1518	1.28	0	0	V0.2	0	0	31	25	54	17	65	16	67	9	48	28	44	38	37	51	38	55	56	55	55	56	70	67	85	112	83	122	79	166	91	178	169	195	199	130	244	137	279	263	456	370	296	227	146	221	309	540	620	789	848	765	861	505	111	638	1000	780	752	751	527	558	205	150	165	281	261	237	284	159	152	91	168	125	127	154	106	114	68	126	78	89	78	83	67	62	83
64	170	1	2	119	0	1953125	12	0.0	1540	1.28	0	0	V0.2	0	0	38	28	50	57	44	61	43	57	40	42	51	25	59	22	62	19	70	54	50	67	41	86	34	129	69	118	90	139	136	127	228	176	214	191	218	239	236	393	386	484	285	294	204	214	339	482	751	816	935	948	847	629	155	694	1000	918	767	875	632	502	294	146	290	232	322	241	283	223	106	162	121	177	91	186	113	106	81	111	104	72	109	69	81	54	88
64	170	1	2	119	0	1953125	12	0.0	1543	1.28	0	0	V0.2	0	0	43	12	65	25	70	34	68	30	57	23	56	9	61	14	52	25	65	39	49	69	33	80	34	136	28	133	57	159	95	155	212	166	222	157	261	197	283	358	405	446	263	279	155	225	330	509	738	801	955	880	813	527	251	741	1000	864	719	811	564	482	276	157	274	226	312	220	268	200	102	151	118	169	82	174	102	106	84	106	96	59	101	65	76	55	94
64	170	2	2	119	0	1953125	12	0.0	1563	1.29	0	0	V0.2	0	0	37	43	28	67	24	72	25	70	23	55	40	41	50	43	47	28	55	49	43	59	53	58	43	99	87	82	99	95	127	98	213	177	200	223	208	244	165	379	349	459	291	284	294	134	264	405	768	863	937	1000	859	652	139	618	856	820	694	786	674	515	327	60	276	215	272	232	227	219	64	150	90	148	69	146	105	69	76	81	87	47	94	54	64	49	78
64	170	1	2	119	0	1953125	12	0.0	1565	1.29	0	0	V0.2	0	0	42	13	57	28	63	34	61	36	53	24	53	12	68	19	57	22	69	44	51	74	40	83	21	130	43	128	76	137	103	130	214	173	238	207	272	221	181	300	343	450	288	341	330	183	148	320	694	804	981	1000	984	826	189	364	690	674	605	739	611	552	391	11	197	182	267	199	224	229	79	126	81	154	63	139	106	79	73	82	102	46	84	58	69	40	72
64	170	1	2	119	0	1953125	12	0.0	1538	1.28	0	0	V0.2	0	0	17	49	16	58	23	68	36	53	33	58	22	58	27	63	18	72	47	63	67	63	86	39	106	73	109	91	116	141	85	170	157	217	203	208	285	132	185	157	351	292	334	368	364	356	129	288	503	721	799	823	1000	757	375	251	416	331	483	547	510	642	391	157	147	176	249	139	229	187	154	115	87	137	51	121	72	108	50	74	83	59	67	47	73	34	42
64	170	1	2	119	0	1953125	12	0.0	1533	1.28	0	0	V0.2	0	0	33	41	20	58	19	62	20	61	18	50	35	41	48	45	46	35	51	54	52	66	72	65	82	80	125	69	150	82	165	117	193	212	201	289	211	278	129	227	216	376	404	435	613	467	352	251	495	651	645	859	913	1000	720	372	208	210	328	432	638	643	552	350	206	276	196	234	166	256	176	120	127	95	119	57	130	67	88	57	83	70	45	68	41	46	33
64	170	1	2	119	0	1953125	12	0.0	1505	1.28	0	0	V0.2	0	0	35	1	46	6	59	12	61	17	50	16	54	21	57	30	64	27	62	53	64	76	52	101	39	120	62	135	101	128	140	125	187	155	233	220	235	241	121	193	126	339	298	482	555	496	462	232	333	312	466	575	841	1000	816	691	429	126	92	260	389	552	542	358	342	229	226	186	149	227	152	177	105	133	114	74	103	80	107	47	88	66	62	58	65	72	41
64	170	1	2	119	0	1953125	12	0.0	1503	1.28	0	0	V0.2	0	0	41	15	43	20	53	23	56	23	49	13	49	16	53	22	62	22	52	44	58	72	49	106	39	118	48	146	92	139	142	139	176	141	246	201	262	238	189	219	108	305	292	527	558	617	594	346	269	189	331	399	816	994	1000	947	606	357	191	130	262	556	506	434	424	232	288	162	175	175	184	196	94	161	87	106	60	112	91	63	86	63	76	43	82	65	51
64	170	1	2	119	0	1953125	12	0.0	1503	1.28	0	0	V0.2	0	0	39	19	40	20	57	33	53	32	47	20	53	23	59	18	68	26	56	46	63	79	50	105	51	111	67	135	115	117	157	126	180	135	231	222	228	258	176	244	87	295	285	515	569	578	611	373	241	78	241	334	726	993	991	1000	711	394	234	155	206	504	499	412	437	243	262	191	137	180	151	200	98	151	111	87	78	92	113	56	90	61	76	49	71	69	54
64	170	1	2	119	0	1953125	12	0.0	1528	1.28	0	0	V0.2	0	0	33	33	26	42	32	46	31	35	33	27	34	13	45	6	52	14	39	23	37	53	29	87	36	98	44	122	85	115	134	124	156	117	217	186	230	234	207	250	110	281	284	516	516	575	572	372	241	65	224	311	739	919	1000	977	631	371	174	94	238	518	460	428	419	212	262	141	159	142	168	167	78	137	59	90	33	102	68	63	63	52	57	36	65	40	36
64	170	1	2	119	0	1953125	12	0.0	1508	1.28	0	0	V0.2	0	0	34	11	45	16	64	10	69	10	57	23	58	34	51	46	63	41	59	57	71	77	67	112	45	125	51	160	81	161	140	162	180	152	257	199	269	224	200	226	133	316	305	554	568	607	579	347	273	144	299	401	824	1000	981	944	614	335	187	150	279	567	520	430	439	227	266	178	154	179	161	201	93	149	98	91	76	98	119	54	85	57	79	49	69	73	55
64	170	1	2	119	0	1953125	12	0.0	1498	1.28	0	0	V0.2	0	0	40	15	44	20	58	27	60	31	50	16	56	19	59	24	71	27	62	52	66	80	54	112	47	126	67	148	110	138	161	145	202	158	253	226	245	239	148	215	128	359	323	546	596	580	565	310	361	312	464	509	842	999	871	805	519	174	125	206	348	626	573	421	419	230	277	173	179	212	173	196	87	159	90	100	75	110	102	57	92	58	78	52	80	63	49
64	170	1	2	119	0	1953125	12	0.0	1533	1.28	0	0	V0.2	0	0	33	28	44	41	62	37	57	41	51	42	34	62	26	67	28	69	37	71	81	64	98	65	118	76	138	123	139	159	144	219	167	253	240	282	290	188	267	118	304	307	489	538	662	654	446	428	387	635	504	783	954	1000	941	625	361	137	212	252	605	732	584	521	284	359	209	217	176	233	224	102	161	80	130	47	130	90	79	78	74	85	39	83	52	58	36
64	170	1	2	119	0	1953125	12	0.0	1533	1.28	0	0	V0.2	0	0	43	27	44	45	45	50	50	52	40	34	54	19	57	21	65	16	62	50	54	74	52	99	46	122	88	125	124	130	178	132	228	195	257	267	246	274	100	242	197	442	376	513	631	514	475	294	630	655	743	792	907	1000	665	452	379	190	251	438	593	729	653	347	309	260	268	219	182	270	143	155	82	144	95	95	115	77	93	43	96	49	57	51	59	42	40
64	170	1	2	119	0	1953125	12	0.0	1583	1.29	0	0	V0.2	0	0	56	27	52	26	61	31	65	29	54	15	60	19	56	23	60	18	47	44	54	60	50	92	32	105	46	141	49	163	101	180	177	214	278	208	321	153	215	134	338	365	371	506	505	539	329	395	640	844	843	805	1000	743	431	437	469	293	484	517	583	810	455	259	170	236	233	142	211	134	148	38	119	73	82	76	78	75	35	68	26	50	23	54	17	44	38
64	170	1	2	119	0	1953125	12	0.0	1638	1.30	0	0	V0.2	0	0	35	40	32	74	13	58	29	68	27	52	53	46	54	46	63	41	49	51	34	45	48	68	52	79	69	76	71	101	120	97	188	163	240	223	281	241	127	255	290	452	322	463	524	401	330	356	818	886	1000	927	920	733	208	435	665	598	569	707	605	629	431	26	154	126	194	100	133	113	35	70	73	90	42	103	16	60	36	83	35	68	73	53	59	64	74
64	170	1	2	119	0	1953125	12	0.0	1660	1.30	0	0	V0.2	0	0	30	46	37	79	18	73	18	64	28	63	41	46	61	65	48	45	53	51	26	55	75	42	65	64	98	45	97	54	107	73	196	157	188	257	232	248	68	314	284	443	344	375	514	295	315	393	838	1000	957	998	805	614	233	661	746	719	696	666	607	540	274	17	211	208	106	150	61	96	35	135	77	84	44	84	73	48	90	59	69	31	93	58	57	61	74
64	170	1	2	119	0	1953125	12	0.0	1663	1.31	0	0	V0.2	0	0	28	15	58	41	53	43	46	29	58	38	51	14	78	32	63	29	74	42	28	65	48	63	33	86	66	70	54	72	59	95	162	109	192	187	257	174	147	267	284	403	281	361	390	225	291	411	808	901	1000	939	740	521	225	669	771	732	655	675	524	416	218	87	262	179	135	136	79	90	51	143	75	102	36	99	69	57	83	68	76	38	97	63	63	54	70
64	170	1	2	119	0	1953125	12	0.0	1738	1.32	0	0	V0.2	0	0	29	41	11	71	39	57	27	65	26	50	26	61	18	64	39	59	44	74	58	34	82	55	105	28	135	29	97	30	102	39	58	40	85	121	149	158	37	187	195	349	239	323	384	197	240	372	802	912	1000	963	759	496	221	727	870	850	740	714	485	277	105	251	369	184	167	113	137	75	147	184	104	125	78	144	55	125	96	101	75	101	111	64	88	76	75
64	170	1	2	119	0	1953125	12	0.0	1738	1.32	0	0	V0.2	0	0	29	54	15	60	13	76	12	57	16	59	21	41	43	55	32	48	55	57	46	61	84	41	99	51	126	17	115	63	85	43	35	47	65	127	83	116	31	170	117	273	248	259	354	123	230	313	666	915	926	1000	745	399	148	706	809	772	829	655	469	322	119	253	344	299	111	180	102	148	99	184	172	87	121	89	134	60	128	93	93	81	97	100	53	77	74
64	170	1	2	119	0	1953125	12	0.0	1763	1.32	0	0	V0.2	0	0	28	49	10	65	6	73	18	63	12	64	27	48	37	64	33	46	57	70	50	50	83	44	97	54	139	24	115	66	116	63	39	73	34	92	79	130	49	125	84	245	200	268	369	139	172	258	660	876	943	1000	754	460	157	715	817	797	792	639	453	266	148	269	406	298	137	181	122	166	105	214	153	115	107	122	135	77	135	87	103	74	114	91	67	80	79
64	170	1	2	119	0	1953125	12	0.0	1763	1.32	0	0	V0.2	0	0	36	51	26	65	18	76	21	65	25	65	35	46	50	58	38	43	56	59	50	62	80	54	92	71	136	35	124	67	120	63	61	89	21	73	68	120	41	108	67	229	194	277	370	149	165	233	625	844	937	1000	745	457	163	706	817	801	802	626	439	256	151	266	389	306	132	180	120	176	112	203	164	107	115	112	142	71	134	92	98	73	100	95	58	74	78
64	170	1	2	119	0	1953125	12	0.0	1758	1.32	0	0	V0.2	0	0	30	52	13	60	14	78	12	60	20	65	27	45	41	57	32	49	55	61	47	55	80	40	97	55	135	25	124	75	109	69	45	89	24	87	40	104	69	108	53	218	193	238	355	137	152	223	593	849	893	1000	764	459	160	695	836	803	869	673	468	335	135	272	354	333	137	192	119	162	112	182	188	92	131	95	154	74	126	103	92	84	93	110	62	79	76
64	170	1	2	119	0	1953125	12	0.0	1783	1.33	0	0	V0.2	0	0	35	38	40	69	24	64	37	68	33	61	52	43	57	51	51	27	59	58	44	59	62	69	57	106	118	69	114	94	152	56	105	106	39	38	75	155	42	36	111	157	119	290	310	138	88	243	642	780	1000	925	769	476	291	743	882	885	828	780	479	249	173	303	446	254	188	146	181	160	146	225	132	151	81	167	108	114	121	107	105	75	122	73	77	67	93
64	170	1	2	119	0	1953125	12	0.0	1810	1.33	0	0	V0.2	0	0	38	20	59	53	40	39	55	48	44	39	60	25	64	33	60	9	60	48	41	59	42	74	15	117	66	95	64	127	127	65	127	86	76	30	100	139	50	90	92	71	158	306	270	185	37	280	559	779	1000	882	821	425	285	650	885	827	792	809	446	274	121	330	406	231	188	98	195	113	169	185	135	128	88	164	82	118	85	110	72	81	105	66	66	61	84
64	170	1	2	119	0	1953125	12	0.0	1808	1.33	0	0	V0.2	0	0	27	31	43	60	31	59	30	51	40	57	46	33	64	55	49	28	56	48	33	58	62	50	48	95	104	56	108	89	140	64	129	137	43	59	47	172	71	82	86	117	101	291	340	148	71	146	543	709	965	1000	811	552	111	630	794	800	840	760	564	339	147	206	404	294	134	153	135	178	97	211	147	119	90	129	136	68	117	83	94	52	97	80	50	61	79
64	170	1	2	119	0	1953125	12	0.0	1808	1.33	0	0	V0.2	0	0	31	34	48	60	34	59	33	50	41	55	47	29	65	51	45	23	59	46	35	63	62	48	47	97	106	56	106	89	139	63	128	137	40	55	44	168	71	75	96	102	100	272	313	127	65	139	507	655	932	1000	839	603	93	564	724	736	793	770	606	389	202	194	391	302	141	166	130	171	82	201	152	116	93	121	136	60	112	85	96	54	99	90	48	56	71
64	170	1	2	119	0	1953125	12	0.0	1783	1.33	0	0	V0.2	0	0	32	30	44	45	45	58	31	40	49	55	40	26	65	47	37	22	55	38	32	65	60	46	53	93	107	47	113	79	129	58	104	124	21	34	40	131	74	26	91	158	124	262	305	90	89	175	538	684	875	999	807	565	74	570	711	680	760	683	580	423	160	171	345	318	116	150	112	161	77	173	172	90	101	94	145	56	104	96	88	66	75	101	46	50	65
64	170	1	2	119	0	1953125	12	0.0	1760	1.32	0	0	V0.2	0	0	40	27	51	33	57	45	43	26	54	42	38	8	63	23	38	23	70	40	35	70	50	59	40	109	96	61	92	81	118	26	73	78	34	25	103	102	71	58	137	197	176	289	287	77	106	236	573	690	912	1000	828	588	33	571	713	698	715	710	597	416	191	136	352	299	133	153	108	154	50	174	155	103	87	98	137	48	104	89	97	58	84	104	57	57	67
64	170	1	2	119	0	1953125	12	0.0	1758	1.32	0	0	V0.2	0	0	24	35	28	54	27	62	19	49	26	54	28	28	47	49	25	19	56	48	29	53	68	40	62	74	120	17	98	60	111	49	45	76	43	43	91	106	65	93	103	210	167	272	320	114	120	216	552	696	857	1000	827	598	34	526	678	641	661	663	574	406	164	131	323	277	105	140	103	142	62	181	151	92	89	104	129	42	108	86	90	52	92	93	45	55	68
64	170	1	2	119	0	1953125	12	0.0	1663	1.31	0	0	V0.2	0	0	25	42	0	73	41	44	17	64	38	37	22	71	26	55	34	74	38	30	52	49	37	48	62	92	31	81	24	71	31	100	53	96	143	167	237	37	181	150	301	279	313	347	252	119	115	323	591	728	996	1000	900	673	68	482	710	682	629	721	562	433	281	31	276	234	174	158	81	148	38	117	109	120	97	60	119	53	74	61	97	73	44	87	70	71	44
64	170	1	2	119	0	1953125	12	0.0	1703	1.31	0	0	V0.2	0	0	23	33	6	64	31	55	23	54	14	48	25	47	24	62	31	48	46	72	47	28	79	36	80	21	118	25	75	27	83	18	92	81	94	163	171	207	15	217	194	340	272	344	450	245	209	300	684	829	886	999	822	625	126	551	695	650	622	685	569	412	168	89	272	163	87	110	81	71	94	176	82	102	64	123	64	92	113	83	75	68	108	55	68	64	67
64	170	1	2	119	0	1953125	12	0.0	1810	1.33	0	0	V0.2	0	0	36	55	1	62	9	54	8	64	14	35	33	51	21	24	49	35	36	52	54	42	37	74	60	70	81	58	69	55	90	22	7	38	68	102	231	127	146	88	254	290	352	530	547	509	325	440	693	847	1000	939	955	620	78	431	726	601	588	713	459	435	238	177	139	87	21	101	87	89	162	112	121	34	141	76	93	81	96	68	51	93	49	46	41	68	27
64	170	1	2	119	0	1953125	12	0.0	2001	1.36	0	0	V0.2	0	0	5	33	6	48	16	51	8	33	26	35	25	12	50	9	50	32	53	34	50	58	15	78	31	82	30	125	49	121	92	155	127	131	180	82	91	65	106	75	114	142	287	462	671	578	520	499	625	831	865	1000	779	463	161	563	682	614	589	450	240	339	295	279	286	91	204	156	141	111	88	86	36	85	32	43	41	74	10	65	44	54	20	59	35	19	34
64	170	1	2	119	0	1953125	12	0.0	15376	3.66	0	0	V0.2	0	0	8	8	34	31	32	33	19	26	34	22	11	21	30	13	24	18	23	17	23	20	20	32	21	22	62	80	39	19	118	83	148	86	112	173	154	122	176	108	55	125	75	708	719	478	561	570	1000	830	870	423	423	648	152	789	867	818	849	669	514	849	292	267	317	244	164	89	39	144	19	44	38	12	13	15	9	59	43	15	25	9	34	23	6	9	11
64	170	1	2	119	0	1953125	12	0.0	15368	3.66	0	0	V0.2	0	0	19	69	94	100	78	77	99	60	92	19	37	88	68	43	42	70	65	55	82	73	57	82	91	147	162	84	68	129	266	228	64	99	57	257	212	300	326	416	616	346	138	344	529	559	728	792	490	232	366	431	234	944	1000	908	728	465	584	579	460	349	230	344	97	86	191	225	40	201	116	121	116	127	223	34	131	64	126	181	134	64	105	76	9	41	9
64	170	2	2	119	0	1953125	12	0.0	1555	1.29	0	0	V0.2	0	0	191	294	380	453	489	494	469	376	323	257	291	280	306	349	332	252	192	111	37	176	301	437	553	632	661	687	648	628	495	395	441	461	579	670	750	802	879	955	853	759	847	639	631	663	748	822	748	943	941	999	941	722	770	974	537	811	716	684	740	890	801	693	756	773	642	604	603	536	533	536	555	530	514	448	451	400	360	297	277	249	245	216	184	146	98
64	170	2	2	119	0	1953125	12	0.0	1553	1.29	0	0	V0.2	0	0	34	1	43	10	48	23	47	8	34	7	38	8	26	29	41	11	20	25	25	22	48	71	29	73	45	118	31	133	95	132	110	143	211	127	228	173	258	191	138	244	281	445	455	592	551	350	195	69	127	175	651	880	1000	938	534	326	64	100	295	580	415	405	366	193	252	122	130	119	162	147	57	124	57	78	26	102	69	46	56	52	54	25	64	39	27
64	170	2	2	119	0	1953125	12	0.0	1580	1.29	0	0	V0.2	0	0	32	34	23	45	21	45	27	42	15	23	29	23	27	9	44	22	20	14	14	24	10	70	29	71	37	95	62	100	127	85	129	111	200	151	191	243	195	237	82	297	266	451	484	533	585	333	201	10	115	240	673	1000	971	926	540	250	66	177	326	597	505	386	375	216	216	153	95	168	126	149	52	115	77	60	56	79	81	27	71	38	44	26	56	39	22
64	170	2	2	119	0	1953125	12	0.0	1578	1.29	0	0	V0.2	0	0	28	24	30	50	11	41	24	44	9	23	28	33	20	13	35	27	20	18	10	18	12	56	33	68	57	72	69	87	136	68	129	117	168	160	158	258	179	220	99	285	283	419	516	500	562	372	173	78	57	295	615	1000	933	815	539	181	38	224	369	517	506	417	317	262	153	164	53	173	133	108	84	68	101	15	80	46	72	19	64	56	29	38	37	45	11
64	170	2	2	119	0	1953125	12	0.0	24642	5.25	0	0	V0.2	0	0	9	34	66	94	132	-3	0	4	6	7	7	6	2	6	10	5	-1	0	3	-1	-3	5	7	8	8	7	-1	1	4	-2	-2	2	4	5	5	5	4	6	3	0	4	5	8	7	8	4	3	4	3	2	4	-1	3	3	4	-2	-3	-2	-9	-8	2	5	8	9	7	3	6	5	0	-2	2	3	4	3	4	5	6	2	6	6	3	1	3	1	-1
64	170	2	2	119	0	1953125	12	0.0	17423	4.01	0	0	V0.2	0	0	180	279	402	472	494	500	448	393	337	294	270	278	334	330	314	292	208	85	60	176	284	448	546	663	681	677	663	603	533	468	407	486	534	681	739	866	889	942	886	850	777	658	720	585	694	764	952	946	870	991	1000	746	835	702	857	665	713	651	836	870	805	760	763	746	669	644	581	534	566	537	537	549	509	483	480	405	378	277	269	247	246	227	180	154	113
64	170	2	2	119	0	1953125	12	0.0	21856	4.77	0	0	V0.2	0	0	23	24	27	23	72	72	44	45	38	48	34	33	12	59	46	27	26	32	48	14	43	38	44	39	65	133	93	126	79	50	105	75	185	127	167	95	232	118	142	112	159	388	448	244	179	351	363	315	331	393	650	639	184	634	924	999	277	205	568	174	300	206	284	142	113	70	95	17	120	43	153	75	50	49	133	80	42	83	23	127	60	30	41	30	60
64	170	2	2	119	0	1953125	12	0.0	17470	4.02	0	0	V0.2	0	0	178	304	381	470	497	505	447	396	312	281	268	279	322	320	334	269	201	99	56	174	297	435	567	639	656	677	672	603	535	448	426	467	529	676	799	868	872	848	939	802	809	603	698	692	725	759	809	975	867	950	999	861	750	718	838	740	702	615	815	796	822	806	768	738	671	656	543	560	551	545	520	523	537	500	451	379	374	332	272	252	215	194	188	153	119
64	170	2	2	119	0	1953125	12	0.0	17378	4.00	0	0	V0.2	0	0	11	74	82	99	83	97	58	106	76	45	29	84	65	62	28	101	48	52	72	22	107	24	187	147	159	114	140	161	107	256	140	53	34	277	381	44	223	44	273	71	580	658	428	397	153	230	384	455	508	812	884	307	366	620	999	859	170	293	320	534	328	219	304	206	332	43	279	131	183	198	130	214	59	241	107	123	31	173	185	87	99	12	121	70	79
64	170	2	2	119	0	1953125	12	0.0	2006	1.36	0	0	V0.2	0	0	169	258	365	457	459	454	435	378	308	240	243	254	293	337	309	253	209	90	33	168	294	405	541	588	637	646	632	568	482	429	396	449	537	646	662	777	885	859	841	763	727	655	682	594	624	781	686	915	944	931	679	1000	698	864	508	767	590	732	745	738	815	729	753	690	656	529	536	517	522	517	512	537	478	469	413	384	320	305	229	249	228	196	175	168	86
64	170	2	2	119	0	1953125	12	0.0	2003	1.36	0	0	V0.2	0	0	29	34	58	12	62	12	60	20	64	29	45	49	57	48	53	70	73	58	67	71	61	87	68	115	50	142	80	154	95	173	178	143	176	86	126	43	202	120	119	73	306	471	503	532	426	440	585	825	1000	811	648	230	371	721	924	816	526	405	137	313	243	332	284	78	162	155	194	89	103	80	89	98	81	99	24	89	59	81	47	81	76	53	63	52	58
64	170	2	2	119	0	1953125	12	0.0	2006	1.36	0	0	V0.2	0	0	32	19	42	29	46	35	41	28	48	26	43	20	59	15	60	38	68	51	59	73	43	89	57	100	60	112	107	103	129	124	192	146	159	161	84	132	120	195	45	113	196	453	467	459	471	368	628	776	1000	948	656	302	227	698	831	803	613	389	115	246	268	261	282	123	157	176	143	137	46	111	46	109	75	81	49	74	95	55	72	56	85	47	53	52	54
64	170	2	2	119	0	1953125	12	0.0	1905	1.35	0	0	V0.2	0	0	23	42	24	56	45	50	53	45	44	47	46	58	39	67	57	57	50	47	55	57	54	83	40	94	35	129	52	119	83	113	144	77	109	65	52	73	138	139	44	115	208	413	405	366	368	266	579	756	999	994	713	393	117	668	851	828	751	542	268	173	131	252	300	262	36	146	133	192	135	95	128	50	111	69	111	68	57	73	53	61	33	75	51	54	52
64	170	2	2	119	0	1953125	12	0.0	1858	1.34	0	0	V0.2	0	0	23	35	39	38	61	23	52	30	57	33	41	53	52	47	47	56	54	32	48	59	43	61	49	98	31	110	46	125	55	106	124	71	84	18	75	37	148	91	61	58	246	378	357	346	248	272	493	735	1000	928	830	453	142	586	869	841	712	697	387	160	40	249	373	207	135	83	174	180	123	181	90	115	57	138	111	74	82	66	89	41	79	59	63	56	74
64	170	2	2	119	0	1953125	12	0.0	1835	1.33	0	0	V0.2	0	0	29	32	64	4	70	11	62	8	66	25	51	33	67	27	53	34	58	31	49	70	36	67	31	117	28	107	54	119	77	75	114	55	51	22	106	66	104	75	108	120	245	380	333	278	203	262	529	731	1000	912	768	398	220	676	903	856	702	682	382	171	32	257	377	206	131	85	156	159	126	193	97	112	58	143	106	83	97	78	90	48	91	60	54	48	73
64	170	2	2	119	0	1953125	12	0.0	1808	1.33	0	0	V0.2	0	0	29	22	59	4	67	9	56	5	65	24	50	28	66	22	50	27	55	27	45	64	27	63	27	115	28	105	52	111	78	62	103	49	34	32	116	61	89	52	142	142	259	374	317	242	169	265	534	739	999	913	771	389	223	689	929	874	716	687	396	200	25	244	362	194	123	65	153	150	131	194	97	116	54	144	103	88	93	78	91	48	93	60	61	51	78
64	170	2	2	119	0	1953125	12	0.0	1833	1.33	0	0	V0.2	0	0	30	16	56	50	37	39	48	41	44	40	56	21	62	33	57	14	58	41	38	60	42	65	16	107	59	86	68	107	108	51	115	78	52	27	103	92	67	57	118	113	244	370	329	270	166	293	548	756	1000	928	836	416	219	677	952	873	727	731	398	201	35	288	343	177	128	60	166	106	169	171	105	99	84	148	69	107	78	93	61	75	87	46	56	61	75
64	170	1	2	119	0	1953125	12	0.0	1785	1.33	0	0	V0.2	0	0	42	25	54	9	72	8	61	13	64	15	41	30	60	14	47	34	56	33	50	67	22	74	33	116	47	97	71	82	82	36	79	49	49	34	130	62	77	67	175	232	256	361	315	171	200	268	598	753	978	1000	759	418	168	733	906	876	787	660	471	324	52	148	318	262	89	109	70	144	73	171	139	77	80	86	128	47	96	73	84	65	71	90	45	52	55
64	170	2	2	119	0	1953125	12	0.0	1783	1.33	0	0	V0.2	0	0	30	19	60	16	52	7	63	12	55	26	50	9	52	20	41	27	61	35	36	54	34	63	31	115	31	96	31	119	80	45	68	21	20	69	131	25	72	38	209	165	296	326	263	201	124	368	554	787	968	887	812	351	262	702	1000	843	685	711	386	236	86	267	320	196	151	38	136	70	151	153	113	99	74	137	66	103	75	104	69	73	94	58	58	48	74
64	170	2	2	119	0	1953125	12	0.0	1763	1.32	0	0	V0.2	0	0	37	19	54	25	63	34	52	23	59	35	42	7	63	13	42	22	63	30	38	68	37	69	30	117	75	80	77	80	95	10	61	49	48	45	150	58	91	97	214	263	263	352	294	154	187	328	633	780	1000	989	777	425	233	807	980	898	751	688	471	293	73	182	362	248	120	109	94	131	86	189	111	97	56	120	107	67	109	80	93	48	97	76	49	49	70
64	170	2	2	119	0	1953125	12	0.0	1785	1.33	0	0	V0.2	0	0	18	55	20	55	15	70	31	52	16	64	24	46	24	64	11	45	42	57	42	42	79	19	89	39	122	31	106	87	88	72	25	82	39	90	39	92	54	145	95	243	240	241	329	106	191	269	547	803	831	971	735	337	161	813	1000	807	769	613	364	275	57	245	326	307	85	137	85	139	101	164	151	50	104	81	124	51	121	83	73	67	88	84	38	66	60
64	170	2	2	119	0	1953125	12	0.0	1783	1.33	0	0	V0.2	0	0	30	46	29	62	22	70	19	58	31	65	35	40	51	55	32	32	52	45	37	59	69	45	70	75	121	33	116	64	119	57	70	100	19	47	71	104	43	108	108	246	203	297	331	110	180	248	588	769	916	1000	743	421	171	803	950	841	783	644	412	269	41	214	359	281	83	127	87	150	88	185	130	75	85	107	125	56	116	73	77	52	89	71	39	61	70
64	170	2	2	119	0	1953125	12	0.0	1785	1.33	0	0	V0.2	0	0	41	30	53	41	54	51	45	36	51	44	44	13	65	26	45	18	68	41	38	67	47	71	39	113	89	75	89	80	109	14	69	58	44	34	138	83	73	105	194	271	257	366	319	165	203	330	649	783	1000	980	747	400	251	821	963	859	716	641	418	269	35	195	361	235	93	92	90	119	87	180	92	86	50	127	98	73	110	75	85	49	101	69	50	50	68
64	170	2	2	119	0	1953125	12	0.0	1788	1.33	0	0	V0.2	0	0	31	17	56	35	52	34	54	33	52	36	48	9	61	21	44	10	57	30	33	62	35	68	21	117	65	88	66	94	98	24	73	46	28	36	138	49	85	72	207	217	266	364	300	216	187	354	629	783	1000	899	759	365	290	749	920	816	641	605	352	202	43	227	342	181	107	44	116	96	125	164	74	91	50	135	71	90	82	79	75	60	94	44	55	53	75
64	170	2	2	119	0	1953125	12	0.0	1833	1.33	0	0	V0.2	0	0	13	42	12	69	26	57	16	57	8	58	29	54	26	64	26	41	32	51	40	38	70	23	68	51	120	18	109	59	121	68	74	114	22	31	69	123	24	98	87	211	197	342	376	186	216	267	633	804	978	1000	755	389	228	811	940	860	755	625	375	216	72	249	371	211	82	82	120	138	128	184	70	100	77	140	87	101	106	66	71	62	92	36	63	59	67
64	170	2	2	119	0	1953125	12	0.0	1808	1.33	0	0	V0.2	0	0	39	28	63	5	67	15	59	12	68	26	46	25	68	19	48	32	60	33	48	71	33	69	30	121	45	103	66	106	88	50	95	48	34	31	131	65	87	67	162	197	258	379	322	213	183	285	592	760	999	962	798	434	171	679	872	829	698	626	389	219	45	191	344	217	95	75	107	140	93	177	97	95	52	121	108	63	96	66	84	41	87	67	46	45	65
64	170	2	2	119	0	1953125	12	0.0	1808	1.33	0	0	V0.2	0	0	31	20	59	27	52	24	54	20	54	31	47	7	60	19	44	18	58	33	37	62	35	63	17	112	50	86	56	101	89	30	75	41	21	54	147	50	92	60	194	203	279	393	339	249	180	313	589	768	1000	936	824	443	177	640	860	762	601	580	346	213	61	199	314	169	92	28	118	93	116	156	77	91	50	136	76	82	77	78	72	48	88	45	49	45	71
64	170	2	2	119	0	1953125	12	0.0	1803	1.33	0	0	V0.2	0	0	31	20	61	20	51	16	54	15	52	23	42	10	55	17	40	22	56	31	37	58	33	62	18	109	42	82	41	86	66	16	47	30	38	97	166	39	137	87	226	226	327	443	398	328	244	338	602	772	1000	948	875	520	60	481	723	650	539	560	405	303	169	125	234	123	73	22	90	56	103	125	63	74	44	118	54	75	65	79	67	40	76	39	40	29	58
64	170	2	2	119	0	1953125	12	0.0	1955	1.36	0	0	V0.2	0	0	31	43	21	43	29	52	22	33	39	32	38	22	53	15	59	40	55	34	44	52	23	71	26	70	37	108	42	104	73	132	109	112	148	64	80	43	78	62	41	137	234	347	499	390	354	368	556	787	843	1000	826	485	53	492	663	588	557	417	256	268	144	159	203	64	123	100	122	114	102	107	22	98	58	78	16	73	28	47	40	51	28	54	58	34	33
64	170	1	2	119	0	1953125	12	0.0	14858	3.57	0	0	V0.2	0	0	9	10	16	25	35	21	25	32	28	17	11	17	28	11	29	11	29	12	12	8	18	24	10	40	63	47	46	29	95	70	122	76	106	162	199	161	145	36	122	36	108	432	459	239	453	449	890	712	708	724	809	365	199	613	1000	818	609	538	533	700	322	128	123	74	179	53	68	111	37	42	21	11	11	16	24	44	24	10	21	19	34	25	20	12	22
64	170	1	2	119	0	1953125	12	0.0	22996	4.97	0	0	V0.2	0	0	23	47	33	35	52	40	46	42	30	35	38	34	11	47	34	35	17	29	21	15	22	61	68	42	51	49	69	91	97	90	105	58	105	142	120	107	162	250	182	242	336	149	356	314	228	351	179	138	164	410	377	779	259	1000	363	489	255	429	258	249	199	169	36	169	145	132	82	23	33	71	77	93	62	39	37	18	65	59	46	39	34	34	41	20	7
64	170	1	2	119	0	1953125	12	0.0	1578	1.29	0	0	V0.2	0	0	163	274	371	426	470	448	416	378	282	256	239	264	280	309	299	273	190	97	70	150	276	393	505	588	632	651	634	561	467	448	408	415	526	597	718	794	848	833	801	829	666	666	615	682	571	752	808	768	939	799	1000	686	922	733	476	663	758	697	636	741	777	756	725	727	609	581	522	496	496	517	498	519	485	467	435	388	329	257	250	233	210	209	180	145	114
64	170	1	2	119	0	1953125	12	0.0	1528	1.28	0	0	V0.2	0	0	18	38	3	50	16	51	12	47	6	46	16	41	19	55	19	44	25	47	39	37	82	37	88	28	118	66	115	105	129	145	104	184	156	189	190	187	292	118	184	148	289	328	461	563	508	474	250	130	179	204	537	809	1000	828	656	408	148	253	311	421	325	415	305	237	230	121	137	79	171	123	94	108	73	94	25	100	66	61	42	58	64	27	55	46	49
64	170	1	2	119	0	1953125	12	0.0	1503	1.28	0	0	V0.2	0	0	37	6	47	7	51	9	58	10	46	13	49	20	43	35	59	26	47	40	47	55	53	100	32	109	46	140	70	144	143	143	158	134	221	152	222	212	226	244	97	247	216	410	431	574	634	441	346	173	192	93	544	860	1000	979	690	474	268	248	249	448	341	354	394	233	271	196	116	140	135	175	83	146	110	88	69	82	103	41	74	56	70	41	67	69	49
64	170	1	2	119	0	1953125	12	0.0	1503	1.28	0	0	V0.2	0	0	33	7	42	9	55	5	53	7	50	14	45	29	47	35	53	36	43	37	52	61	54	89	44	106	42	136	61	145	115	150	140	131	202	134	224	164	251	205	129	201	224	371	370	550	566	458	347	158	274	78	489	748	1000	893	634	430	187	267	290	367	260	394	342	244	280	155	154	87	165	137	102	142	87	108	34	110	74	80	65	72	73	42	69	53	58
64	170	1	2	119	0	1953125	12	0.0	1525	1.28	0	0	V0.2	0	0	36	29	29	32	45	42	40	38	44	28	43	19	57	14	66	30	54	38	50	71	40	98	55	107	66	127	107	130	166	135	177	129	212	172	204	248	232	291	115	271	230	433	452	594	687	503	420	265	262	117	577	873	1000	978	720	531	322	271	232	448	368	412	440	268	302	174	123	121	148	163	87	165	86	105	51	107	84	67	83	65	79	49	84	60	63
64	170	1	2	119	0	1953125	12	0.0	17342	4.00	0	0	V0.2	0	0	12	14	26	21	23	24	18	14	9	18	10	19	6	20	16	9	8	6	21	16	16	37	19	35	12	78	26	50	70	80	41	13	85	34	77	149	227	64	133	184	231	433	272	275	431	441	293	321	533	473	583	589	508	98	314	145	953	1000	179	163	292	465	405	208	145	65	47	61	75	20	13	17	10	25	20	26	38	18	21	27	20	8	8	9	9
64	170	1	2	119	0	1953125	12	0.0	1478	1.27	0	0	V0.2	0	0	187	259	370	433	485	470	430	372	311	246	249	257	286	304	317	272	185	87	42	160	299	430	511	592	623	653	631	561	515	421	429	448	495	631	761	848	771	833	840	830	630	743	639	664	699	671	828	800	881	882	1000	674	889	722	828	604	614	680	770	739	732	816	732	719	643	614	509	538	509	510	487	501	515	475	458	372	321	301	279	238	212	177	178	130	111
64	170	2	2	119	0	1953125	12	0.0	1528	1.28	0	0	V0.2	0	0	30	26	52	20	52	26	56	26	50	34	33	49	30	55	26	60	33	47	57	54	82	53	105	65	111	93	131	127	123	167	116	191	157	228	223	218	296	123	167	126	302	322	501	617	671	672	334	308	229	548	699	1000	972	734	665	327	300	373	265	394	508	481	354	336	192	199	73	179	143	136	123	89	123	23	89	48	88	33	69	47	39	44	49	49	28
64	170	2	2	119	0	1953125	12	0.0	1508	1.28	0	0	V0.2	0	0	31	21	45	20	55	23	62	19	51	33	50	38	41	56	53	46	52	57	63	65	79	96	59	111	70	145	70	165	117	162	155	173	232	157	265	179	206	136	181	258	275	430	433	562	568	393	363	318	479	599	977	1000	925	599	331	121	196	198	388	658	499	415	339	196	253	109	156	156	190	166	88	145	71	103	56	124	82	79	86	73	76	48	84	56	50
64	170	2	2	119	0	1953125	12	0.0	1510	1.28	0	0	V0.2	0	0	33	21	44	24	60	20	61	24	51	34	49	44	42	55	49	52	55	62	69	67	75	86	70	103	76	132	76	153	99	162	149	175	212	166	257	133	173	94	235	232	286	391	395	428	336	239	303	412	512	731	999	886	690	361	163	67	252	339	557	726	437	344	233	208	201	104	182	158	197	115	124	120	72	96	81	120	55	95	70	77	58	70	78	51	55
64	170	2	2	119	0	1953125	12	0.0	1513	1.28	0	0	V0.2	0	0	36	21	45	40	48	49	45	45	43	39	47	21	61	29	57	25	66	50	53	76	59	78	59	108	98	96	130	106	160	114	204	191	204	251	202	256	79	261	224	358	323	381	477	293	239	158	424	572	648	976	1000	984	630	199	164	260	411	588	774	767	599	326	233	256	204	229	182	277	192	164	149	123	139	92	159	97	116	82	102	89	64	92	69	73	50
64	170	2	2	119	0	1953125	12	0.0	1513	1.28	0	0	V0.2	0	0	15	28	32	41	49	37	54	31	39	38	32	44	20	60	25	56	41	61	61	48	78	50	86	66	105	98	102	138	98	168	140	210	192	201	252	150	193	178	379	288	367	325	341	263	39	215	380	699	659	865	1000	736	566	268	224	226	572	621	753	813	434	305	148	271	189	235	238	211	213	105	174	96	130	108	141	120	78	109	73	89	62	100	72	63	61
64	170	2	2	119	0	1953125	12	0.0	1515	1.28	0	0	V0.2	0	0	18	39	44	40	53	42	61	30	42	53	46	58	35	73	40	69	61	73	70	60	91	69	100	99	114	128	104	168	100	181	163	218	208	183	277	161	241	223	466	371	375	336	318	259	81	362	524	806	731	790	1000	725	461	274	458	320	607	673	750	890	437	253	152	296	247	255	289	221	226	114	181	125	128	134	132	136	72	122	84	99	77	100	81	58	70
64	170	2	2	119	0	1953125	12	0.0	1513	1.28	0	0	V0.2	0	0	37	12	70	13	75	15	75	19	60	19	61	24	62	39	66	46	80	64	68	78	56	99	53	151	57	161	75	192	121	174	216	192	254	179	302	218	266	323	466	508	360	427	361	307	205	494	706	828	914	836	1000	755	257	350	637	482	644	912	813	932	531	190	262	272	345	259	355	259	196	179	159	189	99	200	128	146	81	123	109	82	106	84	91	47	81
64	170	2	2	119	0	1953125	12	0.0	1540	1.28	0	0	V0.2	0	0	40	22	61	19	72	13	75	16	56	37	61	47	50	60	56	58	64	69	69	66	78	81	82	111	96	132	89	166	89	174	158	204	204	168	261	141	235	210	434	342	350	309	279	240	134	435	581	894	888	910	1000	473	55	517	718	516	693	737	684	742	281	175	144	272	202	271	258	165	167	87	167	83	153	122	134	101	96	119	69	94	74	94	58	75	70
64	170	1	2	119	0	1953125	12	0.0	1513	1.28	0	0	V0.2	0	0	25	23	55	21	79	4	63	7	64	11	45	37	61	30	49	53	68	47	63	76	35	89	54	142	32	152	83	162	111	163	225	163	228	199	252	221	239	376	388	475	300	325	267	136	228	382	675	796	927	1000	911	664	337	419	528	514	663	933	923	736	445	66	273	209	268	286	249	288	127	169	131	156	133	136	178	86	114	77	116	80	81	97	66	65	57
64	170	1	2	119	0	1953125	12	0.0	1515	1.28	0	0	V0.2	0	0	16	60	30	71	37	72	43	61	30	74	36	74	36	84	36	88	64	83	75	67	108	49	135	69	163	84	163	135	148	184	179	255	176	244	221	235	221	296	444	313	367	208	253	152	314	504	614	973	850	990	1000	530	140	615	814	676	869	841	763	692	246	152	213	294	202	345	256	218	161	124	185	93	176	120	174	96	127	120	100	109	94	117	68	87	79
64	170	1	2	119	0	1953125	12	0.0	1613	1.30	0	0	V0.2	0	0	52	38	44	40	54	44	56	41	56	28	61	26	66	22	70	19	48	36	49	56	35	78	19	82	39	99	35	110	40	133	108	181	176	172	250	140	205	199	428	328	416	327	327	220	281	478	556	935	887	1000	957	417	58	691	820	680	838	739	596	525	115	104	228	247	182	287	145	114	42	130	87	117	119	70	77	62	98	40	79	54	73	35	76	61	62
64	170	1	2	119	0	1953125	12	0.0	2223	1.40	0	0	V0.2	0	0	26	19	37	25	40	8	42	17	37	26	5	38	10	28	36	18	45	34	26	40	28	48	37	46	60	27	84	20	95	49	47	21	61	80	203	84	190	192	353	258	295	166	45	23	100	175	397	712	938	899	846	304	476	784	1000	756	620	410	144	329	395	211	136	117	217	151	167	64	66	40	77	13	73	35	87	44	52	46	57	21	44	33	39	52	39
64	170	1	2	119	0	1953125	12	0.0	9990	2.73	0	0	V0.2	0	0	11	12	26	17	17	22	15	19	15	16	9	15	7	14	25	2	6	4	8	3	19	26	39	55	14	22	49	31	34	22	63	88	42	96	124	92	90	207	214	215	248	61	277	304	126	371	333	535	491	493	759	93	299	525	1000	719	613	506	499	531	254	112	97	20	52	140	53	10	42	11	31	31	14	34	26	14	33	13	20	20	3	12	13	9	13
64	170	1	2	119	0	1953125	12	0.0	34788	6.99	0	0	V0.2	0	0	-228	-139	33	217	300	272	-140	-144	-106	-96	-54	-52	-3	45	83	110	133	173	192	225	232	225	207	211	217	224	217	214	208	177	146	127	109	69	12	-29	-56	-91	-91	-117	-128	-126	-127	-155	-184	-204	-221	-227	-223	-225	-216	-186	-189	-153	-114	-81	-72	-63	-49	-13	13	34	63	95	158	172	182	219	240	240	213	225	218	245	245	237	233	190	140	103	75	39	-10	-30	-45
64	170	2	2	119	0	1953125	12	0.0	17412	4.01	0	0	V0.2	0	0	141	265	387	454	479	470	447	363	318	261	275	275	310	335	316	289	224	70	26	157	304	422	511	583	664	670	643	572	516	459	375	435	532	628	690	816	882	889	835	821	826	543	624	679	666	677	850	996	739	1000	793	834	945	647	622	742	686	708	671	763	813	694	748	761	637	606	561	514	502	503	496	508	512	459	452	380	357	306	279	212	204	205	173	139	86
64	170	1	2	119	0	1953125	12	0.0	11747	3.04	0	0	V0.2	0	0	169	276	365	459	486	493	425	372	318	258	246	275	313	297	312	255	212	82	51	172	294	431	535	594	649	660	632	569	490	472	381	447	556	624	742	796	906	871	846	745	813	600	600	636	746	805	826	853	815	1000	919	761	682	678	988	601	757	573	783	728	780	737	762	717	642	633	546	545	508	511	520	528	499	441	441	367	362	322	270	241	210	181	193	144	112
64	170	1	2	119	0	1953125	12	0.0	1978	1.36	0	0	V0.2	0	0	145	262	385	436	469	466	432	359	306	254	254	272	301	289	303	245	195	79	48	161	290	398	530	575	631	653	614	553	492	406	385	423	528	638	717	816	751	876	847	758	699	648	684	421	779	845	772	800	855	1000	875	578	717	899	588	827	502	691	755	750	678	767	738	640	617	597	542	540	532	480	466	475	498	465	409	372	331	298	263	229	217	195	165	139	96
64	170	1	2	119	0	1953125	12	0.0	17339	4.00	0	0	V0.2	0	0	8	23	20	15	15	16	15	17	15	8	12	16	14	16	5	17	25	5	13	23	7	20	36	32	5	52	42	38	87	112	118	23	202	158	267	57	102	133	193	135	64	431	360	532	488	795	800	517	369	789	907	924	816	150	741	400	999	849	529	519	200	346	99	227	89	92	28	106	80	66	29	42	57	50	21	19	8	38	7	13	21	9	23	17	31
64	170	1	2	119	0	1953125	12	0.0	1580	1.29	0	0	V0.2	0	0	162	261	364	417	466	450	421	362	300	240	230	273	292	293	317	259	196	85	36	151	289	410	507	579	618	624	605	573	495	406	396	419	497	604	742	818	794	851	784	778	648	684	549	694	702	686	792	766	829	879	944	639	866	563	999	571	626	511	833	702	726	772	711	698	615	597	530	514	476	484	495	478	503	444	426	386	327	295	250	220	224	173	172	131	101
64	170	1	2	119	0	1953125	12	0.0	1528	1.28	0	0	V0.2	0	0	12	41	38	38	49	49	46	34	26	45	30	40	7	63	22	47	23	45	37	32	89	61	87	79	104	124	89	164	114	180	126	200	234	187	314	233	388	214	225	220	254	394	470	730	751	710	564	213	208	377	758	815	939	1000	908	852	648	452	276	512	418	487	455	300	352	190	166	142	177	196	90	174	97	105	49	102	101	53	79	57	80	30	70	64	49
64	170	1	2	119	0	1953125	12	0.0	1500	1.28	0	0	V0.2	0	0	24	44	33	53	48	51	46	53	46	53	36	69	32	76	40	74	44	65	71	62	99	79	110	99	112	139	105	171	126	197	135	194	216	192	269	202	366	190	234	185	248	326	415	651	676	708	479	269	323	156	328	578	911	971	1000	861	635	502	268	292	262	432	318	330	325	201	208	95	192	141	144	163	121	147	48	124	74	95	74	88	89	53	83	68	76
64	170	1	2	119	0	1953125	12	0.0	1498	1.28	0	0	V0.2	0	0	37	24	57	14	67	11	59	17	63	27	49	45	52	53	57	56	56	51	61	63	69	97	77	124	67	159	73	171	120	190	156	160	223	146	242	169	341	236	214	225	225	325	330	600	675	709	538	375	495	180	126	486	906	1000	998	815	613	564	293	200	153	382	306	313	344	243	242	108	194	149	148	164	140	161	61	128	82	101	71	92	88	55	80	72	77
64	170	1	2	119	0	1953125	12	0.0	1500	1.28	0	0	V0.2	0	0	31	38	50	37	63	31	60	42	62	44	45	68	50	74	53	78	57	64	76	72	93	94	110	119	106	157	109	185	136	213	151	195	221	181	245	183	373	218	260	212	278	326	389	639	715	798	561	465	566	128	155	627	988	978	1000	745	597	598	295	176	171	418	312	381	352	280	254	115	213	133	177	150	172	155	78	127	83	110	66	110	84	72	79	80	79
64	170	1	2	119	0	1953125	12	0.0	1498	1.28	0	0	V0.2	0	0	36	21	56	12	65	6	59	15	60	23	47	42	49	50	53	53	51	47	59	59	69	92	77	114	71	151	77	170	122	195	153	165	221	157	238	163	335	212	200	206	238	345	378	633	697	741	550	372	479	51	321	685	1000	922	863	638	454	504	288	182	188	430	344	353	351	231	224	110	206	142	161	158	141	142	59	123	75	102	68	95	76	60	76	67	66
64	170	1	2	119	0	1953125	12	0.0	1503	1.28	0	0	V0.2	0	0	25	33	41	34	53	32	51	41	51	37	32	60	32	63	35	65	37	51	58	54	83	68	102	83	104	121	107	149	125	192	126	183	188	198	222	175	323	139	186	108	257	297	432	627	682	748	461	316	348	123	370	794	1000	855	833	542	378	425	276	252	286	442	311	377	287	229	181	120	195	111	171	121	159	103	84	106	79	93	63	102	59	72	65	73	60
64	170	1	2	119	0	1953125	12	0.0	1528	1.28	0	0	V0.2	0	0	35	9	47	11	63	8	57	6	59	14	44	32	50	40	55	42	49	40	56	60	55	87	53	104	47	135	57	150	102	171	135	147	218	170	267	161	290	153	139	121	199	329	403	619	638	631	441	150	195	283	629	839	1000	844	745	552	259	278	389	481	342	433	308	304	268	119	141	102	189	105	148	127	98	89	67	108	47	87	60	87	49	66	68	56	52
64	170	1	2	119	0	1953125	12	0.0	1573	1.29	0	0	V0.2	0	0	33	13	54	15	56	20	45	8	46	2	33	21	39	22	31	23	25	13	23	16	45	38	58	50	74	80	74	101	87	149	89	172	174	216	247	195	292	102	180	142	289	315	481	581	530	556	315	314	257	618	841	1000	985	694	636	386	130	256	535	634	499	457	253	298	167	129	98	158	169	74	129	48	87	21	106	63	62	53	58	58	35	64	32	40	27
64	170	1	2	119	0	1953125	12	0.0	1558	1.29	0	0	V0.2	0	0	27	34	15	52	16	41	14	46	11	33	23	31	28	29	30	22	29	27	19	39	43	53	55	62	87	53	102	66	141	86	144	153	163	236	190	274	160	200	130	272	252	314	477	415	423	356	249	321	383	695	831	1000	783	520	521	224	133	311	516	598	520	351	215	231	128	146	81	181	139	93	98	58	90	29	101	53	70	39	65	60	30	52	34	40	20
64	170	1	2	119	0	1953125	12	0.0	1583	1.29	0	0	V0.2	0	0	38	8	46	9	46	20	46	5	38	6	37	13	29	27	37	11	15	22	25	22	47	54	38	57	57	92	48	116	67	130	99	160	192	171	270	163	233	107	258	239	309	365	405	460	319	218	218	437	503	701	999	921	776	525	370	225	247	281	488	721	450	338	205	168	175	96	158	118	150	72	77	72	44	64	61	88	9	57	36	50	26	47	41	16	26
64	170	1	2	119	0	1953125	12	0.0	1533	1.28	0	0	V0.2	0	0	15	42	5	45	11	59	13	44	7	49	9	36	24	51	13	40	29	41	37	47	76	21	85	30	114	39	128	95	111	129	132	200	150	227	238	203	201	160	304	269	377	344	442	397	185	171	222	537	538	806	1000	871	683	344	248	178	288	326	555	726	445	349	182	212	181	144	183	146	180	83	103	87	65	83	75	109	35	74	54	68	44	50	56	27	33
64	170	1	2	119	0	1953125	12	0.0	1538	1.28	0	0	V0.2	0	0	13	37	6	62	16	64	14	61	11	53	20	50	24	59	29	53	43	65	60	53	87	36	98	38	140	46	147	87	149	138	161	223	162	262	217	252	169	234	322	366	427	341	487	349	156	113	334	661	627	937	1000	942	651	266	298	249	357	462	722	760	534	336	157	248	139	221	160	226	167	97	130	64	109	60	138	70	84	66	79	69	51	82	45	50	36
64	170	1	2	119	0	1953125	12	0.0	1558	1.29	0	0	V0.2	0	0	41	15	43	24	45	23	51	26	41	13	45	7	43	13	49	5	37	26	31	42	34	71	13	86	21	106	30	128	74	121	139	148	205	148	265	164	173	170	311	354	325	404	363	335	149	178	374	600	743	790	999	804	455	237	376	199	408	556	582	766	465	235	190	157	209	146	225	150	131	85	81	85	56	105	54	81	24	75	38	42	41	43	37	30	44
64	170	1	2	119	0	1953125	12	0.0	1588	1.29	0	0	V0.2	0	0	35	9	45	7	47	15	52	2	39	18	39	19	27	34	35	20	19	27	29	28	53	49	46	52	61	75	64	106	53	122	105	177	164	173	251	135	179	128	332	281	369	359	364	327	82	234	363	702	732	866	1000	719	460	245	372	254	464	528	573	729	387	236	105	198	160	184	203	126	129	31	102	41	85	66	75	60	41	66	28	47	27	48	17	38	35
64	170	1	2	119	0	1953125	12	0.0	1585	1.29	0	0	V0.2	0	0	34	14	56	8	56	1	61	4	49	15	43	20	47	27	41	26	41	27	37	50	40	59	38	90	28	101	43	131	48	130	143	157	196	151	271	140	173	175	326	354	326	400	334	258	87	304	480	711	905	881	1000	730	268	208	515	365	487	645	536	651	423	93	152	137	225	154	222	168	74	81	64	104	40	114	52	70	33	71	57	28	54	33	41	19	51
