34928	35048	35167	35286	35405	35524	35644	35763	35882	36001	36120	36240	36359	36478	36597	36716	36836	36955	37074	37193	37313	37432	37551	37670	37789	37909	38028	38147	38266	38385	38505	38624	38743	38862	38981	39101	39220	39339	39458	39577	39697	39816	39935	40054	40174	40293	40412	40531	40650	40770	40889	41008	41127	41246	41366	41485	41604	41723	41842	41962	42081	42200	42319	42439	42558	42677	42796	42915	43035	43154	43273	43392	43511	43631	43750	43869	43988	44107	44227	44346	44465	44584	44703	44823	44942
64	170	1	2	119	0	1953125	12	0.0	1873	1.34	0	0	V0.2	0	0	184	283	393	436	471	498	442	388	316	278	250	277	302	320	322	285	213	86	44	158	302	449	528	628	645	676	638	617	510	417	454	447	558	637	767	807	890	913	835	751	838	664	641	699	714	750	740	908	904	929	999	917	697	678	862	717	659	488	928	811	760	777	797	724	650	632	558	531	529	515	543	531	517	472	441	407	372	306	260	237	218	197	179	171	119
64	170	2	2	119	0	1953125	12	0.0	1878	1.34	0	0	V0.2	0	0	49	72	38	78	56	77	54	88	65	83	63	104	59	103	74	108	69	106	112	94	127	105	165	97	177	147	186	180	215	251	185	246	236	266	243	273	393	339	394	276	412	319	321	402	458	471	616	972	980	940	725	898	1000	644	190	355	522	450	227	147	371	233	116	148	145	231	184	296	262	225	233	189	220	125	196	151	151	120	135	136	82	113	105	113	81
64	170	2	2	119	0	1953125	12	0.0	1875	1.34	0	0	V0.2	0	0	60	67	83	62	102	57	99	63	94	73	86	94	85	103	91	104	95	106	121	122	136	150	140	172	136	204	144	232	177	248	200	197	250	198	287	227	431	380	489	459	519	584	451	551	530	619	581	761	995	984	1000	684	594	347	151	74	246	422	517	550	356	332	220	217	187	146	213	189	242	147	217	167	168	141	132	161	108	138	98	125	90	103	100	95	92
64	170	2	2	119	0	1953125	12	0.0	1733	1.32	0	0	V0.2	0	0	48	31	61	11	75	22	60	20	66	26	49	29	70	19	61	40	75	48	56	81	65	62	61	80	101	45	115	65	122	47	72	93	48	34	41	126	110	9	90	95	115	171	161	127	278	409	620	829	797	870	856	982	1000	736	481	256	398	448	315	275	154	299	308	285	283	150	167	80	104	92	93	130	87	135	63	112	82	77	81	74	102	66	86	76	82
64	170	2	2	119	0	1953125	12	0.0	1855	1.34	0	0	V0.2	0	0	39	73	37	88	35	95	41	94	52	93	59	89	77	88	75	86	91	95	95	110	110	121	126	132	152	150	178	158	229	176	212	168	230	204	202	294	302	361	139	217	139	222	208	386	417	671	893	965	885	500	811	1000	918	405	683	928	777	440	170	434	370	283	123	86	54	150	118	193	173	155	176	112	158	116	173	108	159	123	137	113	114	109	96	102	88
64	170	2	2	119	0	1953125	12	0.0	1973	1.36	0	0	V0.2	0	0	43	32	39	54	58	54	53	51	23	71	40	57	30	91	21	59	59	69	30	66	101	21	93	79	139	47	162	80	136	140	246	185	178	295	194	176	173	422	243	300	375	557	400	395	665	559	462	443	1000	904	436	142	690	754	133	452	781	805	378	490	533	519	345	137	258	123	126	104	170	25	170	129	131	90	173	149	70	120	102	90	59	126	74	62	79
64	170	2	2	119	0	1953125	12	0.0	2291	1.41	0	0	V0.2	0	0	48	57	29	93	3	49	63	68	47	50	83	6	85	49	51	63	81	28	66	72	53	25	133	36	128	69	138	59	220	111	131	180	194	74	280	333	180	265	522	531	478	727	727	651	411	574	364	282	608	754	370	346	493	411	237	729	700	556	813	1000	980	678	792	651	562	289	311	198	152	154	142	85	148	118	75	92	94	46	91	88	38	76	76	41	67
64	170	2	2	119	0	1953125	12	0.0	2316	1.42	0	0	V0.2	0	0	38	43	50	26	74	15	37	45	75	26	37	80	67	40	51	84	53	50	86	73	47	70	111	84	91	139	108	110	114	191	107	145	198	228	226	233	365	249	317	368	526	431	296	424	405	346	91	363	418	221	128	380	289	241	611	926	1000	639	623	699	656	501	184	316	247	147	123	260	221	86	173	163	152	45	154	114	55	68	115	90	45	105	83	57	69
64	170	2	2	119	0	1953125	12	0.0	0	0.84	0	0	V0.2	0	0	131	128	143	164	194	212	202	184	139	96	75	102	142	177	199	188	179	161	158	163	166	200	195	203	158	125	60	13	63	166	151	128	261	128	405	376	470	586	502	542	189	546	429	521	573	335	842	639	117	738	971	241	809	619	754	324	1000	528	737	801	359	422	359	55	189	40	63	119	112	181	195	198	226	212	213	228	222	239	222	202	175	145	102	88	102
64	170	2	2	119	0	1953125	12	0.0	10394	2.80	0	0	V0.2	0	0	1	3	26	22	27	24	28	23	16	12	19	14	13	21	24	17	19	12	20	8	21	5	29	40	40	38	38	38	29	43	64	62	82	42	23	104	164	155	95	333	53	250	339	152	137	182	133	195	235	381	433	1000	274	744	507	823	267	782	370	280	431	125	346	210	53	72	44	38	70	67	39	7	26	36	27	11	21	14	19	24	14	19	16	25	10
64	170	2	2	119	0	1953125	12	0.0	10431	2.81	0	0	V0.2	0	0	53	66	48	68	70	107	62	90	63	71	50	31	99	37	104	72	106	72	102	137	83	161	108	195	105	188	145	207	223	220	272	224	362	268	156	171	378	411	117	274	379	431	158	477	667	708	574	197	152	456	749	638	599	461	742	1000	733	539	774	900	675	539	329	411	348	44	188	215	225	85	270	180	128	123	225	186	91	156	98	72	111	197	119	106	144
64	170	2	2	119	0	1953125	12	0.0	9545	2.66	0	0	V0.2	0	0	7	9	19	78	84	24	33	21	71	70	44	66	34	54	39	68	83	43	6	52	77	35	74	79	81	105	49	48	61	87	156	180	110	91	60	144	369	399	398	498	414	177	155	195	201	343	373	342	653	860	871	965	1000	753	446	231	122	479	553	486	415	372	170	113	208	158	165	148	47	125	150	96	119	87	50	118	104	82	81	24	70	130	119	100	78
64	170	2	2	119	0	1953125	12	0.0	2203	1.40	0	0	V0.2	0	0	93	156	201	245	247	262	243	207	168	143	136	159	155	182	171	137	121	59	23	89	158	230	286	342	357	360	349	315	272	253	240	212	307	319	424	451	513	425	415	594	286	413	343	524	138	412	663	409	409	436	999	323	281	532	390	318	217	807	164	439	420	506	370	359	379	314	303	269	312	272	295	280	271	265	247	207	176	153	141	131	130	113	101	80	53
64	170	2	2	119	0	1953125	12	0.0	9510	2.65	0	0	V0.2	0	0	34	51	46	18	31	52	53	37	4	36	55	13	9	43	53	44	17	28	39	9	57	78	76	59	56	48	104	32	118	74	85	31	145	146	248	204	63	243	327	9	156	395	266	455	426	685	378	491	675	306	308	642	492	1000	105	924	432	642	407	575	989	591	162	20	169	210	155	77	102	122	81	89	105	64	20	38	66	94	70	22	54	41	37	39	39
64	170	2	2	119	0	1953125	12	0.0	1390	1.26	0	0	V0.2	0	0	125	204	280	337	338	344	324	266	227	184	171	203	229	215	230	200	154	72	25	126	212	302	390	465	466	466	475	412	366	305	304	280	414	474	528	609	630	681	546	608	506	567	348	555	509	586	636	735	545	327	1000	610	528	537	483	472	420	823	323	614	501	589	528	484	520	409	399	410	394	349	354	378	367	329	330	283	241	221	189	184	153	137	124	107	83
64	170	2	2	119	0	1953125	12	0.0	2091	1.38	0	0	V0.2	0	0	50	34	83	11	96	27	54	89	48	73	76	59	88	61	73	80	92	72	122	83	110	120	145	122	168	135	119	181	101	211	124	218	229	229	237	477	218	400	467	396	208	461	201	340	682	609	398	530	607	671	649	99	766	1000	588	294	574	362	217	498	659	589	501	316	418	367	241	205	239	173	161	180	109	194	103	165	131	130	106	140	70	117	87	71	115
64	170	2	2	119	0	1953125	12	0.0	1958	1.36	0	0	V0.2	0	0	43	67	51	57	70	52	68	49	79	59	63	69	80	70	73	75	95	72	76	98	80	107	56	141	86	118	97	113	116	51	114	85	113	117	133	187	75	152	90	179	150	212	321	315	378	330	490	624	468	480	614	1000	911	631	535	695	679	283	169	230	370	305	112	184	173	197	119	109	200	136	140	100	186	153	104	137	135	150	96	132	137	102	94	100	122
64	170	2	2	119	0	1953125	12	0.0	2106	1.38	0	0	V0.2	0	0	22	68	29	61	16	91	9	49	47	69	27	38	77	33	71	53	61	31	83	92	31	120	69	130	59	200	101	187	159	189	138	171	243	136	288	272	369	196	457	443	436	428	618	640	356	465	573	611	317	797	1000	807	333	526	768	620	207	471	553	247	154	203	258	52	296	336	237	167	187	248	79	146	127	142	52	139	102	60	87	100	70	68	106	57	57
64	170	2	2	119	0	1953125	12	0.0	2183	1.39	0	0	V0.2	0	0	50	83	39	107	74	82	46	107	53	87	54	114	22	96	60	101	57	118	111	75	136	109	190	81	252	110	230	133	308	241	269	354	342	477	347	575	482	566	506	443	446	412	647	593	700	519	592	529	376	568	665	813	490	642	550	719	622	835	1000	712	562	163	298	186	217	211	346	312	189	298	181	237	116	233	152	120	118	132	126	91	151	86	105	93	131
64	170	2	2	119	0	1953125	12	0.0	2121	1.38	0	0	V0.2	0	0	67	33	99	44	86	23	120	45	65	61	115	50	64	88	114	42	93	121	105	89	128	206	96	189	155	263	135	209	249	244	256	277	438	369	384	492	538	588	398	596	530	486	480	760	1000	812	872	887	970	793	394	616	529	388	117	583	436	190	361	687	834	538	342	276	397	317	120	295	286	281	150	261	259	129	153	174	212	80	139	154	122	85	132	161	92
64	170	2	2	119	0	1953125	12	0.0	1985	1.36	0	0	V0.2	0	0	74	81	48	109	63	87	60	105	74	83	76	117	78	103	93	130	98	100	127	125	109	120	138	174	83	158	122	175	93	134	178	131	150	125	228	195	91	181	177	253	134	144	165	119	139	312	569	530	641	806	999	990	638	575	665	742	413	507	714	605	457	171	296	321	269	232	217	332	263	203	213	222	244	141	206	195	184	147	143	179	127	121	126	142	111
64	170	2	2	119	0	1953125	12	0.0	2006	1.36	0	0	V0.2	0	0	94	71	100	74	120	83	109	94	123	88	121	105	137	101	151	126	150	139	161	177	146	202	163	230	163	229	191	222	210	204	239	209	282	246	329	315	323	347	293	397	284	257	183	341	342	432	666	801	868	752	996	1000	838	441	703	868	572	464	751	827	555	415	391	531	439	348	425	411	400	280	362	336	293	283	293	300	214	254	234	229	189	214	204	167	167
64	170	2	2	119	0	1953125	12	0.0	1988	1.36	0	0	V0.2	0	0	46	74	47	87	30	92	54	81	45	98	68	89	68	115	72	100	86	108	91	88	135	90	136	87	153	94	134	135	120	124	117	182	118	133	171	158	148	86	231	143	159	171	364	329	284	500	618	702	416	532	620	478	154	640	958	831	653	766	1000	736	403	250	356	441	233	263	276	299	210	175	267	194	202	171	240	170	152	174	161	145	115	164	122	111	109
64	170	2	2	119	0	1953125	12	0.0	1963	1.36	0	0	V0.2	0	0	71	48	90	42	91	35	101	53	87	62	104	73	99	78	113	78	103	94	101	108	86	140	85	144	80	136	100	125	113	89	139	93	132	92	121	121	17	86	80	162	34	169	186	258	311	396	652	626	650	591	762	726	373	399	841	999	744	870	978	942	650	346	380	367	377	212	298	312	256	221	199	276	178	218	200	231	182	167	200	162	161	142	167	134	121
64	170	2	2	119	0	1953125	12	0.0	1938	1.35	0	0	V0.2	0	0	73	43	83	43	92	32	91	55	87	53	95	74	94	66	107	75	89	80	96	100	65	122	76	123	53	123	85	99	85	85	117	53	96	65	74	63	44	43	69	99	3	115	99	197	261	319	543	562	642	532	650	668	404	240	757	1000	810	822	934	980	696	393	318	338	374	199	252	267	259	194	161	236	157	180	158	219	163	151	171	155	147	122	158	127	106
64	170	2	2	119	0	1953125	12	0.0	1938	1.35	0	0	V0.2	0	0	71	52	68	47	79	56	71	61	81	56	86	70	96	55	98	74	86	69	85	99	62	105	81	109	62	106	100	89	88	79	122	61	81	70	56	56	49	42	67	101	29	131	115	214	292	306	491	509	586	445	495	521	359	253	745	1000	826	740	820	890	648	383	280	312	337	172	215	225	233	153	157	208	142	160	147	200	129	141	152	143	123	115	141	105	96
64	170	2	2	119	0	1953125	12	0.0	1913	1.35	0	0	V0.2	0	0	48	21	46	25	59	28	55	41	53	29	57	39	55	26	65	39	46	42	55	59	32	75	51	58	32	75	69	42	61	42	69	20	34	25	43	18	105	52	66	85	5	80	79	110	234	203	334	365	378	325	252	354	242	344	714	1000	828	704	694	723	597	307	228	188	258	169	126	182	168	155	84	167	127	122	114	144	136	93	132	120	117	95	118	113	88
64	170	2	2	119	0	1953125	12	0.0	1913	1.35	0	0	V0.2	0	0	52	47	44	40	57	61	42	54	63	54	55	55	74	40	65	61	65	48	64	80	52	68	70	73	54	73	96	53	65	48	87	38	36	31	27	8	99	66	46	80	27	104	99	118	259	236	327	331	411	363	267	371	373	357	655	1000	872	673	596	702	592	331	196	172	263	156	126	158	182	143	90	170	122	126	105	163	124	101	128	124	111	87	125	105	82
64	170	2	2	119	0	1953125	12	0.0	1933	1.35	0	0	V0.2	0	0	43	56	37	52	42	74	32	61	56	66	47	58	70	56	59	70	68	56	66	85	73	63	89	73	79	53	111	57	74	53	98	68	31	72	24	41	36	82	28	69	72	106	135	139	285	275	356	380	447	406	275	402	414	395	640	1000	865	619	498	614	547	295	171	167	266	165	137	177	190	153	104	187	137	137	120	169	128	109	140	133	118	99	136	108	88
64	170	2	2	119	0	1953125	12	0.0	1958	1.36	0	0	V0.2	0	0	61	63	73	61	69	81	66	65	85	82	76	70	110	79	90	90	114	86	90	125	103	104	102	145	112	105	134	127	118	100	163	123	119	136	142	151	85	185	130	172	142	209	198	222	367	414	514	510	694	605	472	464	601	512	637	1000	986	714	411	572	524	365	170	253	342	247	218	213	277	192	170	224	211	190	162	224	165	153	162	182	146	126	158	134	105
64	170	2	2	119	0	1953125	12	0.0	1981	1.36	0	0	V0.2	0	0	92	103	108	105	101	130	105	109	124	133	124	115	158	135	147	148	181	156	154	189	180	177	180	224	206	190	225	217	223	207	278	253	256	286	291	314	263	375	318	360	328	401	381	392	545	617	716	688	862	772	601	540	707	671	676	979	1000	771	371	517	541	439	272	343	446	351	306	286	358	276	260	313	301	271	226	288	227	217	218	236	194	175	201	175	149
64	170	2	2	119	0	1953125	12	0.0	1996	1.36	0	0	V0.2	0	0	93	106	112	108	106	138	113	117	136	149	135	128	178	155	164	167	204	179	179	221	214	211	218	267	253	234	280	270	288	268	350	330	335	380	387	435	389	526	477	516	480	545	541	520	679	765	883	836	1000	919	719	623	785	819	725	965	996	810	340	495	588	521	367	408	545	445	383	348	432	369	320	383	364	336	268	336	285	256	256	275	240	198	232	208	180
64	170	2	2	119	0	1953125	12	0.0	2011	1.36	0	0	V0.2	0	0	102	109	139	89	136	118	146	105	158	144	148	138	180	161	167	179	210	184	191	227	218	228	221	295	233	281	260	321	273	314	352	340	367	364	448	403	481	520	563	558	539	616	557	588	644	809	847	856	1000	919	812	640	860	852	799	855	992	829	389	383	515	525	328	412	479	474	380	347	434	358	343	334	383	312	273	302	276	248	223	263	217	193	199	204	168
64	170	1	2	119	0	1953125	12	0.0	1996	1.36	0	0	V0.2	0	0	104	113	96	106	112	139	97	128	138	142	128	145	170	148	166	183	189	174	191	219	209	203	245	242	260	226	304	250	290	285	340	335	316	404	362	436	414	547	527	517	559	543	575	521	702	778	858	904	987	1000	726	701	770	870	733	927	970	765	365	343	535	422	358	333	508	472	356	358	381	403	297	364	369	332	284	295	320	245	256	257	256	201	208	219	186
64	170	1	2	119	0	1953125	12	0.0	2043	1.37	0	0	V0.2	0	0	91	85	121	91	110	103	129	94	128	128	138	112	156	145	153	152	192	176	175	206	205	218	200	277	231	271	250	316	282	313	354	356	382	373	455	417	487	515	578	574	572	633	583	615	650	805	832	878	1000	937	827	649	788	737	714	813	967	803	467	488	601	579	397	482	522	510	396	390	438	357	348	342	381	289	287	291	268	230	231	250	196	194	196	194	158
64	170	2	2	119	0	1953125	12	0.0	1996	1.36	0	0	V0.2	0	0	107	111	85	130	99	130	94	145	118	134	126	159	138	155	157	184	158	175	192	187	197	184	245	195	240	218	263	234	249	299	277	305	290	343	323	296	387	376	455	391	508	486	465	504	570	709	690	839	908	872	704	539	612	530	608	848	999	767	501	481	589	525	316	368	415	456	350	302	368	319	301	266	347	298	251	259	264	249	195	237	222	191	169	187	178
64	170	2	2	119	0	1953125	12	0.0	2001	1.36	0	0	V0.2	0	0	83	85	102	65	119	90	106	82	127	102	112	112	143	114	136	146	162	139	157	182	155	176	169	226	165	220	208	236	213	247	289	254	283	275	304	270	297	364	356	404	401	490	443	476	554	628	702	695	852	745	597	428	513	473	603	914	1000	839	523	603	613	538	347	358	455	396	345	299	375	314	278	312	322	301	239	290	255	230	211	233	211	171	191	186	164
64	170	2	2	119	0	1953125	12	0.0	2001	1.36	0	0	V0.2	0	0	82	99	94	82	110	99	104	96	124	114	106	130	133	134	125	157	153	142	156	172	167	160	186	209	178	208	202	238	191	250	252	253	256	253	291	216	290	282	357	332	399	446	412	456	476	595	591	663	761	711	592	412	497	415	549	841	1000	807	593	594	632	549	321	354	390	397	305	290	345	279	266	260	314	251	237	253	242	214	193	226	188	167	165	174	143
64	170	2	2	119	0	1953125	12	0.0	1981	1.36	0	0	V0.2	0	0	82	104	83	96	99	105	90	104	111	111	96	129	119	128	115	155	140	136	149	157	158	141	182	179	171	181	195	210	173	229	222	230	214	225	244	170	241	227	309	268	362	393	381	418	433	546	524	610	684	666	543	390	470	404	537	839	1000	810	620	599	645	545	313	319	351	374	277	269	318	264	246	236	298	237	224	235	236	206	178	210	180	159	153	169	141
64	170	2	2	119	0	1953125	12	0.0	1996	1.36	0	0	V0.2	0	0	83	88	110	71	111	94	113	82	126	113	116	111	145	127	131	140	164	141	147	174	163	169	162	223	171	209	192	237	196	224	254	237	248	229	278	216	248	269	316	328	359	446	410	445	456	541	552	574	709	663	580	437	559	476	557	831	999	844	622	653	666	584	346	360	398	384	310	297	355	278	266	264	302	244	235	258	234	210	198	225	180	168	172	170	138
64	170	2	2	119	0	1953125	12	0.0	1981	1.36	0	0	V0.2	0	0	82	105	81	96	96	107	90	105	111	114	97	129	118	128	114	154	138	135	148	156	159	139	184	177	175	179	197	206	170	221	213	224	204	222	236	165	227	216	294	250	349	376	365	383	386	483	447	542	617	633	521	454	561	502	566	836	1000	817	635	610	668	565	336	329	358	382	282	282	327	277	251	237	298	234	224	231	238	204	178	210	179	159	153	170	140
64	170	1	2	119	0	1953125	12	0.0	1953	1.35	0	0	V0.2	0	0	75	66	74	53	102	55	81	70	107	67	82	93	107	72	98	106	108	83	109	127	89	117	112	159	87	143	126	137	104	128	160	105	121	115	124	98	84	158	133	194	201	310	309	265	313	332	398	379	598	588	507	432	563	524	505	863	1000	875	560	632	623	504	295	190	313	278	240	187	261	250	159	196	202	216	147	195	195	160	146	160	175	122	132	139	128
64	170	1	2	119	0	1953125	12	0.0	1953	1.35	0	0	V0.2	0	0	62	67	84	40	92	64	81	50	101	77	77	79	109	80	88	103	120	86	97	126	101	107	104	165	94	135	118	154	98	128	161	126	130	109	159	109	99	138	162	189	195	321	299	281	271	342	366	365	586	601	572	467	658	557	500	791	1000	836	578	639	647	551	277	244	307	300	244	209	301	233	200	197	240	207	167	212	191	175	154	191	162	133	146	148	122
64	170	1	2	119	0	1953125	12	0.0	1933	1.35	0	0	V0.2	0	0	59	60	64	41	89	47	68	56	94	56	63	81	93	60	75	94	93	62	90	110	73	88	95	142	58	114	92	119	59	107	127	74	83	67	107	69	60	96	101	138	131	258	247	214	225	275	316	306	545	543	513	422	611	515	498	825	999	827	548	630	605	499	241	182	268	247	209	158	258	210	156	168	195	188	127	188	168	151	129	165	159	115	133	138	124
64	170	1	2	119	0	1953125	12	0.0	1933	1.35	0	0	V0.2	0	0	62	63	83	39	84	65	76	48	95	75	73	68	107	71	82	87	110	73	81	115	89	93	84	148	82	106	101	125	80	96	138	93	83	69	105	83	41	91	89	121	101	234	237	194	210	278	327	292	532	552	520	413	618	552	488	800	1000	845	549	622	611	507	246	185	265	242	197	163	259	195	154	168	196	172	131	187	158	143	131	167	140	107	130	130	104
64	170	1	2	119	0	1953125	12	0.0	1928	1.35	0	0	V0.2	0	0	62	72	44	62	58	87	38	78	75	78	54	81	87	69	69	95	84	65	81	102	91	63	119	91	104	54	135	78	77	78	111	100	25	98	50	31	28	89	91	32	120	154	234	174	205	292	287	347	482	637	477	473	555	592	451	846	1000	859	592	584	665	457	274	136	252	270	161	182	207	228	136	166	194	156	141	150	187	124	135	152	152	116	118	143	113
64	170	1	2	119	0	1953125	12	0.0	1933	1.35	0	0	V0.2	0	0	58	65	83	39	83	60	80	46	93	76	74	72	101	79	77	91	109	76	79	108	91	89	87	142	76	108	92	136	71	104	129	100	88	60	116	80	33	52	96	101	90	214	214	215	199	322	349	324	507	557	537	368	555	497	462	752	1000	838	600	622	641	526	242	208	252	267	192	174	255	191	165	155	213	161	143	178	169	146	124	164	131	111	121	132	100
64	170	1	2	119	0	1953125	12	0.0	1933	1.35	0	0	V0.2	0	0	53	53	70	37	74	64	65	46	86	69	66	59	100	60	73	76	101	64	71	108	82	83	78	135	88	88	105	107	85	73	131	92	64	70	76	100	25	81	56	101	76	204	248	194	238	293	376	313	532	572	511	391	540	527	465	818	1000	883	576	670	646	518	276	179	289	247	208	166	260	220	150	185	195	190	126	194	172	146	140	170	158	112	143	141	119
64	170	1	2	119	0	1953125	12	0.0	1953	1.35	0	0	V0.2	0	0	64	72	84	80	65	96	77	73	84	101	88	70	117	101	97	95	133	110	92	130	129	112	107	160	149	111	148	146	146	107	186	168	130	142	142	174	51	153	137	182	152	285	331	270	317	389	480	418	654	720	664	517	637	642	468	769	1000	917	586	674	680	574	325	224	337	294	251	216	314	257	197	232	242	222	170	238	200	174	169	198	169	132	163	152	121
64	170	1	2	119	0	1953125	12	0.0	1950	1.35	0	0	V0.2	0	0	72	79	94	45	103	73	91	62	117	88	88	93	126	89	96	111	131	92	106	141	112	117	115	183	105	142	128	164	106	133	175	133	130	112	163	128	73	129	142	167	154	305	306	291	303	407	467	434	680	728	720	540	688	642	482	718	1000	908	603	645	652	579	309	206	288	289	247	184	293	247	196	194	233	220	156	212	197	179	144	183	172	129	144	151	132
64	170	1	2	119	0	1953125	12	0.0	1953	1.35	0	0	V0.2	0	0	60	82	90	56	86	78	91	61	98	93	80	90	105	105	84	117	125	103	104	129	128	108	128	165	120	136	130	176	100	148	161	164	138	127	187	102	120	108	207	158	216	305	315	326	301	463	450	515	664	768	709	551	690	620	498	723	1000	829	605	584	667	552	274	229	273	322	214	226	293	245	211	197	270	195	193	208	220	176	159	198	161	140	144	164	122
64	170	1	2	119	0	1953125	12	0.0	1953	1.35	0	0	V0.2	0	0	78	79	93	58	102	90	85	70	116	96	90	88	136	91	106	113	141	100	108	151	124	123	123	183	138	130	158	150	133	118	192	153	126	146	148	170	46	167	140	188	169	307	358	284	339	400	503	464	749	846	792	674	762	779	482	743	1000	961	603	685	707	592	361	194	343	314	271	216	315	305	197	237	245	254	171	235	235	191	175	197	204	142	164	171	149
64	170	1	2	119	0	1953125	12	0.0	1953	1.35	0	0	V0.2	0	0	85	90	112	72	108	106	101	77	121	111	104	92	146	108	119	124	162	122	121	166	143	141	132	203	156	151	172	177	156	138	218	184	165	175	195	213	90	192	166	215	177	327	363	309	361	438	538	506	811	893	866	729	840	833	513	719	1000	961	608	713	744	653	394	248	379	348	302	233	344	313	224	252	267	269	185	253	234	201	179	210	203	144	170	172	148
64	170	1	2	119	0	1953125	12	0.0	1953	1.35	0	0	V0.2	0	0	83	89	112	70	107	101	102	75	123	112	105	90	149	111	118	120	160	122	118	163	144	140	127	206	157	151	166	182	159	132	211	180	165	166	195	221	89	174	141	192	141	297	341	296	340	422	517	471	785	879	877	726	861	877	548	679	999	1000	643	728	762	692	425	267	384	366	323	238	350	321	237	252	270	272	185	250	234	206	181	216	211	150	171	174	154
64	170	1	2	119	0	1953125	12	0.0	1953	1.35	0	0	V0.2	0	0	78	81	92	63	96	96	82	74	111	100	92	86	137	95	106	110	141	104	105	148	127	119	125	179	150	123	167	146	141	107	188	162	126	158	144	196	59	153	124	154	134	251	329	245	314	365	462	435	749	873	820	731	831	879	520	720	994	1000	633	723	772	653	423	226	384	359	305	241	330	339	221	260	261	275	187	240	247	198	182	198	214	149	169	179	160
64	170	1	2	119	0	1953125	12	0.0	1953	1.35	0	0	V0.2	0	0	72	82	65	110	77	88	86	106	84	96	100	119	83	120	115	128	104	126	142	125	116	145	142	161	115	196	131	155	115	173	166	119	183	163	177	149	128	190	103	160	165	291	288	251	319	318	385	421	766	821	823	794	881	871	551	719	938	1000	702	723	759	656	496	252	356	387	350	286	281	371	280	244	248	283	260	187	246	231	215	175	206	211	157	157	167
64	170	1	2	119	0	1953125	12	0.0	1953	1.35	0	0	V0.2	0	0	84	98	91	92	88	124	79	94	105	119	93	98	134	114	110	126	151	126	120	154	152	120	149	166	180	117	194	148	159	120	196	193	133	196	159	216	103	171	173	159	180	246	360	247	274	320	397	409	698	878	810	778	835	911	543	699	968	1000	665	710	794	655	460	244	399	386	310	271	326	354	223	263	266	270	202	232	255	192	191	201	215	149	162	174	150
64	170	1	2	119	0	1953125	12	0.0	1928	1.35	0	0	V0.2	0	0	74	68	83	34	110	64	79	55	116	70	75	84	125	65	91	101	124	71	94	135	90	102	94	169	94	114	117	121	87	85	148	94	77	87	97	161	44	93	81	125	75	185	302	191	184	236	346	293	688	835	857	766	930	992	566	647	988	999	578	714	757	661	393	175	331	323	286	190	294	317	199	221	229	268	168	209	236	198	169	178	215	152	152	170	171
64	170	1	2	119	0	1953125	12	0.0	1953	1.35	0	0	V0.2	0	0	77	102	92	115	67	132	91	107	92	135	103	102	127	140	110	126	156	148	120	149	175	127	153	165	209	114	192	163	180	121	193	215	141	191	166	236	126	169	194	184	181	236	372	262	270	341	433	407	690	891	838	782	886	1000	593	666	970	992	594	680	779	663	437	240	410	378	308	260	346	341	216	274	271	268	187	255	248	191	189	208	200	134	174	170	136
64	170	1	2	119	0	1953125	12	0.0	1948	1.35	0	0	V0.2	0	0	86	90	100	71	106	108	91	83	122	110	97	93	146	103	112	120	152	114	113	156	138	124	129	185	161	128	174	151	149	108	190	164	124	160	150	206	74	161	147	167	137	229	340	233	263	327	426	377	686	859	846	769	879	982	598	641	947	1000	610	665	737	649	433	212	361	355	307	231	310	339	222	246	248	271	185	220	241	195	174	183	211	149	154	167	156
64	170	1	2	119	0	1953125	12	0.0	1948	1.35	0	0	V0.2	0	0	76	89	80	80	80	113	69	85	96	108	83	89	125	103	100	117	138	113	108	144	141	109	141	155	173	104	183	137	147	108	179	183	116	183	150	209	115	154	184	151	172	220	356	254	275	347	413	412	645	859	794	762	825	936	576	663	954	999	655	655	762	642	462	234	369	384	305	259	301	352	230	252	268	274	213	221	262	199	190	196	218	162	159	181	162
64	170	1	2	119	0	1953125	12	0.0	1973	1.36	0	0	V0.2	0	0	74	104	87	106	69	133	86	104	96	135	98	108	130	142	108	135	154	148	127	156	183	130	171	171	222	135	214	188	197	157	206	244	172	239	224	284	208	223	281	234	258	284	429	328	311	397	443	450	648	906	852	806	834	953	590	579	910	1000	694	677	815	705	529	306	431	446	357	314	346	389	264	288	298	293	233	243	275	206	205	214	225	164	173	189	161
64	170	1	2	119	0	1953125	12	0.0	2016	1.37	0	0	V0.2	0	0	78	97	93	112	79	122	112	117	101	142	121	127	128	163	131	152	169	182	169	187	224	188	220	215	271	215	277	273	285	266	299	345	300	362	368	423	367	404	446	418	447	475	573	477	480	540	579	610	776	975	919	884	883	946	672	651	905	1000	797	733	863	794	658	479	567	567	481	444	459	472	360	385	382	367	308	323	326	272	273	269	263	214	234	229	201
64	170	2	2	119	0	1953125	12	0.0	1996	1.36	0	0	V0.2	0	0	119	124	101	124	122	150	105	145	140	148	133	158	165	153	163	191	185	180	199	218	216	189	252	223	261	218	301	255	260	270	292	308	256	349	335	352	338	383	455	393	487	509	581	486	421	516	476	581	731	1000	966	922	943	947	711	515	832	895	748	594	747	718	565	450	444	564	477	420	416	435	403	308	375	349	331	276	312	303	242	248	249	247	197	212	213
64	170	2	2	119	0	1953125	12	0.0	1991	1.36	0	0	V0.2	0	0	91	118	97	114	95	147	101	129	125	152	121	142	156	158	140	173	183	179	180	206	223	181	233	221	265	203	285	261	266	251	284	315	247	310	306	347	303	374	460	448	523	550	650	536	442	509	511	570	688	979	977	942	911	1000	786	531	765	869	697	439	576	572	499	363	411	525	455	415	386	437	372	310	356	344	328	266	317	283	246	237	248	231	190	213	203
64	170	2	2	119	0	1953125	12	0.0	1970	1.36	0	0	V0.2	0	0	96	96	99	75	132	86	112	94	140	103	115	122	145	109	133	144	157	129	153	179	148	169	158	222	156	202	196	212	193	184	246	199	182	171	188	207	142	284	294	403	394	519	584	453	416	412	517	454	637	801	864	772	767	943	755	674	855	1000	696	368	340	384	339	151	262	339	371	307	270	349	278	254	235	289	265	205	242	228	212	164	195	192	154	149	158
64	170	2	2	119	0	1953125	12	0.0	1981	1.36	0	0	V0.2	0	0	89	92	102	74	116	90	113	88	124	112	123	109	145	129	141	131	161	162	153	163	182	181	195	175	239	200	230	213	252	265	231	260	254	246	239	196	277	250	325	348	433	485	433	436	428	485	523	537	678	664	682	574	648	751	759	831	934	1000	801	530	397	360	399	304	294	346	379	385	299	321	330	308	293	259	303	263	235	225	227	228	183	186	186	176	154
64	170	2	2	119	0	1953125	12	0.0	1970	1.36	0	0	V0.2	0	0	75	67	78	50	95	69	81	68	103	80	89	85	114	80	106	105	121	98	110	136	117	128	130	162	146	138	174	156	171	144	199	184	137	158	134	178	90	207	225	268	274	304	383	281	291	374	492	498	470	595	535	414	394	695	707	748	913	1000	807	413	316	323	340	223	204	298	293	264	200	274	255	213	221	235	244	174	200	196	181	152	158	171	129	123	129
64	170	2	2	119	0	1953125	12	0.0	1981	1.36	0	0	V0.2	0	0	74	88	81	77	97	83	91	85	107	96	96	112	117	114	114	135	138	127	140	156	147	155	160	202	159	199	184	230	195	219	249	229	232	199	249	219	210	260	302	350	306	393	388	354	351	449	569	521	560	552	557	371	446	657	750	776	907	1000	784	522	362	431	423	318	322	347	386	304	280	319	300	290	255	304	262	232	224	230	217	177	198	187	169	148	163
64	170	2	2	119	0	1953125	12	0.0	1968	1.36	0	0	V0.2	0	0	67	67	89	61	77	78	86	66	91	92	93	72	111	96	102	91	125	109	96	122	124	128	108	158	147	132	142	158	172	128	179	172	148	126	125	176	91	179	200	283	235	270	332	269	269	338	519	487	463	496	484	295	297	591	673	717	888	1000	735	420	289	366	331	204	235	268	292	208	204	242	208	207	194	241	185	176	177	175	153	135	162	133	118	112	121
64	170	2	2	119	0	1953125	12	0.0	1981	1.36	0	0	V0.2	0	0	66	72	79	90	60	93	80	89	75	103	97	90	107	116	112	108	132	136	120	134	152	143	147	162	194	152	189	187	219	181	222	239	206	207	191	246	166	240	272	330	311	336	405	331	330	390	523	502	478	539	497	351	372	639	683	744	902	1000	775	475	389	423	402	272	319	350	346	278	281	316	263	267	261	285	227	224	228	207	188	181	196	159	155	156	153
64	170	2	2	119	0	1953125	12	0.0	1970	1.36	0	0	V0.2	0	0	54	77	75	56	72	76	80	62	87	91	78	84	94	100	81	102	112	100	97	115	123	113	117	155	127	144	123	178	133	147	165	169	162	104	169	132	117	120	220	253	229	317	336	324	238	333	436	413	436	483	554	323	371	555	665	662	926	1000	768	466	304	397	302	220	187	281	296	204	230	236	243	190	211	239	194	183	175	195	147	145	157	143	121	116	130
64	170	2	2	119	0	1953125	12	0.0	1948	1.35	0	0	V0.2	0	0	68	80	67	71	68	97	61	79	85	98	76	85	107	97	86	102	114	101	96	120	127	96	131	127	158	97	163	136	145	117	148	170	99	120	108	130	70	127	193	199	247	270	387	319	224	293	353	392	363	570	562	477	443	682	646	668	909	1000	785	383	342	334	297	170	165	276	250	226	195	263	228	179	210	215	214	151	193	178	154	140	155	154	110	123	126
64	170	1	2	119	0	1953125	12	0.0	1968	1.36	0	0	V0.2	0	0	64	96	80	92	63	112	87	91	86	123	91	100	105	134	93	120	130	132	113	129	163	117	153	147	191	133	174	183	168	159	166	212	148	144	164	161	131	135	252	234	293	323	443	387	248	327	352	387	394	655	660	586	594	787	678	634	922	1000	767	382	419	400	315	170	224	332	278	260	253	307	241	203	243	230	214	174	225	180	157	161	173	146	120	147	130
64	170	1	2	119	0	1953125	12	0.0	1981	1.36	0	0	V0.2	0	0	89	81	117	91	103	101	128	97	117	124	137	109	147	141	147	128	173	165	154	180	187	198	162	233	211	225	213	263	255	222	275	273	276	232	292	302	229	269	321	402	356	485	536	498	400	405	492	405	534	680	829	687	769	850	751	614	861	1000	744	508	447	545	401	282	322	415	410	320	387	368	331	278	314	316	253	266	263	255	200	225	218	185	176	189	178
64	170	1	2	119	0	1953125	12	0.0	1996	1.36	0	0	V0.2	0	0	89	101	126	85	122	110	140	97	140	137	140	126	157	155	148	157	186	173	170	199	205	206	186	256	216	251	225	297	251	255	295	293	294	247	342	308	279	287	371	417	398	541	580	555	429	451	488	410	557	748	915	802	935	982	851	635	882	1000	751	522	490	597	429	322	349	468	458	363	428	412	378	302	345	353	288	290	292	292	227	247	249	217	196	211	209
64	170	1	2	119	0	1953125	12	0.0	1991	1.36	0	0	V0.2	0	0	79	112	92	110	82	138	98	118	114	147	115	135	145	159	125	162	170	170	167	193	218	172	222	213	257	202	274	271	261	259	286	326	261	308	332	342	303	317	417	385	456	503	620	543	433	488	447	457	508	792	830	847	890	1000	822	576	785	863	706	410	514	531	444	320	350	481	416	387	376	422	363	290	338	317	303	248	297	263	225	223	231	213	174	203	194
64	170	1	2	119	0	1953125	12	0.0	1996	1.36	0	0	V0.2	0	0	86	95	111	91	103	121	112	103	125	135	127	112	155	138	141	140	176	160	154	190	192	184	181	224	230	200	245	243	262	214	285	286	252	276	293	356	240	330	341	404	383	477	590	498	453	431	492	401	504	703	813	806	850	1000	769	553	661	822	601	366	416	477	420	237	332	395	398	330	347	403	314	297	288	327	265	248	276	249	222	205	235	193	177	187	190
64	170	1	2	119	0	1953125	12	0.0	1991	1.36	0	0	V0.2	0	0	80	82	107	80	97	106	113	92	118	123	124	105	151	132	136	130	172	155	151	188	188	188	173	234	218	215	237	258	261	219	291	285	273	275	317	360	260	344	351	430	386	507	586	513	460	430	500	394	550	709	848	810	895	1000	774	560	655	802	556	383	415	500	410	257	350	404	414	326	372	396	320	302	294	333	255	262	269	255	217	209	230	187	183	187	188
64	170	1	2	119	0	1953125	12	0.0	1996	1.36	0	0	V0.2	0	0	81	84	112	77	106	103	119	89	125	124	127	106	149	131	138	131	173	154	150	185	184	189	166	233	207	216	223	253	248	212	279	268	264	255	314	347	256	328	340	423	373	503	578	522	461	422	486	362	508	669	839	799	901	1000	786	545	616	760	521	363	389	489	390	251	332	392	409	316	367	386	321	294	289	330	253	262	265	258	214	209	231	190	183	186	193
64	170	1	2	119	0	1953125	12	0.0	1991	1.36	0	0	V0.2	0	0	83	94	97	91	93	122	102	106	116	131	118	115	146	134	131	138	166	155	152	184	190	172	188	208	229	186	248	231	248	205	262	274	231	278	285	348	251	321	346	376	380	438	565	478	420	397	413	362	468	694	781	829	865	1000	754	494	578	698	516	332	437	460	407	241	328	395	371	324	320	383	297	270	273	295	254	220	262	228	203	187	215	183	158	174	173
64	170	1	2	119	0	1953125	12	0.0	1996	1.36	0	0	V0.2	0	0	83	88	115	75	112	102	120	87	129	123	126	108	151	130	135	134	172	151	150	185	180	185	163	233	197	216	218	254	237	210	272	256	257	249	318	339	262	327	334	401	341	470	534	482	421	390	446	334	524	683	846	809	932	1000	757	492	585	712	467	374	425	511	384	256	336	391	397	303	363	371	307	277	279	314	238	255	256	249	204	206	225	183	174	181	186
64	170	1	2	119	0	1953125	12	0.0	1991	1.36	0	0	V0.2	0	0	78	90	93	89	87	117	96	103	111	126	112	110	142	130	126	133	159	149	148	180	187	168	186	204	226	183	247	231	250	208	264	278	235	281	291	356	264	330	357	379	381	440	567	487	438	423	438	382	471	696	780	833	871	1000	762	504	581	694	517	326	428	450	403	240	320	388	365	323	323	386	300	272	277	298	259	227	268	235	211	194	219	187	163	179	177
64	170	1	2	119	0	1953125	12	0.0	1996	1.36	0	0	V0.2	0	0	83	89	116	75	114	105	124	88	129	125	128	109	152	132	138	136	175	155	153	189	184	190	166	238	201	220	221	260	244	217	280	264	264	252	323	346	270	338	346	416	351	477	543	490	425	392	455	339	522	686	860	818	930	1000	769	500	590	725	480	378	424	517	390	258	334	394	403	306	366	374	311	278	281	319	240	256	258	252	203	206	228	188	177	181	187
64	170	1	2	119	0	1953125	12	0.0	1991	1.36	0	0	V0.2	0	0	86	94	105	91	99	121	109	105	122	132	123	115	153	136	135	138	172	157	156	190	193	182	188	219	228	196	250	241	258	213	276	279	245	284	300	365	264	348	362	403	385	451	567	478	426	397	442	380	509	723	830	858	880	1000	751	491	567	704	506	351	437	470	408	237	331	388	377	322	329	386	295	275	271	302	252	231	263	234	209	191	220	183	163	176	177
64	170	1	2	119	0	1953125	12	0.0	1996	1.36	0	0	V0.2	0	0	84	88	116	78	109	105	123	93	128	127	130	110	153	135	142	136	176	159	155	191	189	194	172	239	211	222	229	264	258	225	290	278	277	271	335	367	290	361	371	446	389	514	589	541	486	449	514	393	533	699	876	841	926	1000	775	515	581	725	502	393	422	511	404	264	335	392	410	321	372	388	324	294	290	330	255	269	270	263	219	215	236	197	188	190	196
64	170	1	2	119	0	1953125	12	0.0	1991	1.36	0	0	V0.2	0	0	87	93	109	91	102	120	112	104	123	133	127	115	155	137	140	140	174	160	158	192	195	188	188	225	231	203	251	247	265	219	284	288	258	288	308	375	274	361	373	429	409	496	617	538	495	460	503	409	485	693	818	843	870	1000	761	497	548	697	503	350	419	464	406	230	315	373	375	317	331	386	299	280	271	309	254	236	264	239	212	191	221	184	166	175	179
64	170	1	2	119	0	1953125	12	0.0	1996	1.36	0	0	V0.2	0	0	88	93	113	88	107	117	118	102	127	134	131	114	157	138	143	138	177	161	156	191	193	192	180	229	225	209	243	250	265	219	287	283	265	280	312	373	275	368	375	451	422	528	635	563	521	473	523	402	478	664	812	826	877	1000	765	523	576	725	510	360	406	468	402	233	321	374	389	321	347	391	308	293	279	322	257	254	271	250	219	201	231	191	178	183	189
64	170	1	2	119	0	1953125	12	0.0	1991	1.36	0	0	V0.2	0	0	80	89	98	90	90	118	101	104	113	128	118	111	146	134	131	134	165	155	150	182	191	176	186	209	229	188	247	235	260	214	274	284	243	278	288	361	268	353	378	423	420	484	610	527	477	446	463	377	417	634	739	796	847	1000	770	532	607	733	543	338	422	460	417	242	321	387	378	329	329	394	306	282	277	307	261	234	271	240	215	192	222	188	166	181	181
64	170	1	2	119	0	1953125	12	0.0	1996	1.36	0	0	V0.2	0	0	87	90	117	79	111	108	123	92	131	128	130	109	155	134	141	135	177	156	153	190	187	192	169	237	209	216	226	259	256	219	287	273	266	255	311	352	271	357	365	443	382	501	579	523	478	440	506	350	433	578	743	729	874	1000	791	562	640	774	519	374	416	512	412	254	328	384	399	304	354	380	312	285	277	322	245	256	261	253	211	202	229	188	177	180	190
64	170	1	2	119	0	1953125	12	0.0	1991	1.36	0	0	V0.2	0	0	84	96	98	95	89	124	100	108	115	136	119	117	148	140	132	140	167	159	152	184	195	173	194	209	237	185	253	239	264	222	277	297	243	281	289	363	278	349	390	411	415	459	595	517	470	472	490	419	391	611	687	752	815	1000	790	548	630	742	560	317	427	462	426	252	311	391	367	322	315	390	309	273	279	302	267	224	271	241	213	192	219	191	160	179	180
64	170	1	2	119	0	1953125	12	0.0	1996	1.36	0	0	V0.2	0	0	79	83	114	73	105	99	123	86	125	123	128	103	148	132	137	129	171	153	147	184	184	192	161	235	203	218	215	262	253	222	285	273	271	244	319	351	287	353	371	450	369	483	549	509	452	431	510	363	450	585	762	728	887	1000	811	558	626	754	502	354	403	524	410	271	329	394	407	301	362	376	321	282	287	327	247	261	262	260	207	210	231	191	178	185	195
64	170	1	2	119	0	1953125	12	0.0	1991	1.36	0	0	V0.2	0	0	80	91	99	91	90	119	101	103	113	130	118	111	144	134	129	132	165	154	148	181	191	174	184	208	229	182	243	234	259	211	271	284	237	269	282	361	271	348	377	409	393	432	559	481	441	432	470	394	400	606	700	761	824	1000	785	534	577	688	501	282	394	444	408	236	306	375	359	306	303	373	292	264	265	296	253	219	259	231	204	180	212	181	155	171	174
64	170	1	2	119	0	1953125	12	0.0	1996	1.36	0	0	V0.2	0	0	81	85	113	78	103	106	119	90	122	127	128	102	150	132	136	128	172	153	145	183	185	187	162	229	211	204	221	251	259	212	284	277	263	253	311	371	281	365	375	459	387	482	573	517	480	450	534	391	435	580	747	735	852	1000	797	549	567	713	474	283	341	459	386	225	304	364	385	289	332	370	302	278	267	318	241	245	254	247	205	194	225	184	172	176	188
64	170	1	2	119	0	1953125	12	0.0	1991	1.36	0	0	V0.2	0	0	75	83	102	85	88	111	104	97	112	127	119	104	145	133	131	126	164	153	144	179	188	177	174	214	225	187	236	240	265	211	278	287	252	271	296	379	282	372	389	449	414	474	595	521	488	464	524	420	418	602	729	762	822	1000	799	557	569	706	506	256	336	420	390	218	299	364	371	304	313	379	297	276	265	309	252	231	261	237	209	186	220	184	164	173	180
64	170	1	2	119	0	1953125	12	0.0	1993	1.36	0	0	V0.2	0	0	93	98	131	83	125	112	142	96	142	138	145	120	165	151	153	147	192	172	165	202	203	211	174	258	217	241	225	290	270	240	301	292	295	254	350	373	315	369	404	495	411	540	610	591	526	501	590	425	458	591	806	747	882	1000	843	572	608	762	510	293	322	472	366	232	277	366	393	278	342	360	319	271	274	322	242	248	246	254	197	195	219	183	166	171	185
64	170	1	2	119	0	1953125	12	0.0	1991	1.36	0	0	V0.2	0	0	85	86	119	81	106	109	124	95	127	130	132	108	158	139	143	132	180	161	152	192	194	198	173	241	223	217	236	268	276	223	297	293	280	271	329	394	295	381	389	484	417	526	630	583	551	504	588	433	431	573	755	749	848	1000	804	571	602	767	522	306	346	470	407	237	309	370	399	301	341	387	318	294	275	333	256	251	260	254	216	196	228	187	172	176	190
64	170	1	2	119	0	1953125	12	0.0	2016	1.37	0	0	V0.2	0	0	97	88	125	102	107	114	136	111	126	138	151	120	160	153	162	142	187	180	168	198	208	221	185	254	239	248	247	297	303	264	327	326	332	304	382	424	360	415	432	521	449	571	640	621	571	545	612	441	462	580	771	734	888	1000	842	607	663	802	559	374	401	541	433	305	353	422	428	324	393	393	342	295	310	333	252	268	264	260	200	213	222	183	175	186	186
64	170	1	2	119	0	1953125	12	0.0	1991	1.36	0	0	V0.2	0	0	87	96	111	69	124	101	123	91	140	121	125	122	158	132	138	147	177	151	162	199	185	193	177	250	196	232	231	278	252	235	301	278	281	269	350	373	301	376	377	455	390	531	605	567	537	500	562	386	425	565	756	752	881	1000	792	554	587	747	508	324	359	478	413	242	298	360	397	302	327	382	321	290	261	326	260	240	253	256	223	183	220	193	170	165	187
64	170	1	2	119	0	1953125	12	0.0	2016	1.37	0	0	V0.2	0	0	97	90	123	102	105	113	134	112	124	135	148	119	157	151	159	140	184	178	166	195	207	218	183	248	236	243	246	290	298	258	318	318	326	304	376	422	356	407	413	495	428	550	624	603	552	511	569	407	453	594	801	784	911	1000	819	565	589	735	518	377	416	543	436	310	355	417	423	323	385	385	332	288	298	323	245	261	258	254	200	209	217	179	171	181	180
64	170	1	2	119	0	1953125	12	0.0	1991	1.36	0	0	V0.2	0	0	79	93	107	73	114	99	121	89	131	122	121	121	148	138	132	145	168	152	159	191	189	193	177	245	196	236	220	288	247	245	291	282	295	262	367	362	333	360	392	457	397	545	607	611	550	523	574	401	434	571	803	786	928	1000	827	551	556	707	501	335	351	497	409	281	295	374	416	308	349	375	343	293	274	334	265	257	252	273	224	197	226	202	180	169	195
64	170	1	2	119	0	1953125	12	0.0	2036	1.37	0	0	V0.2	0	0	94	92	91	123	80	112	107	128	97	131	136	130	133	154	155	144	166	184	171	181	212	213	209	221	268	234	271	281	330	283	330	361	352	361	385	475	396	445	457	538	508	589	705	677	654	615	679	566	531	667	831	848	872	1000	847	646	616	776	633	431	428	529	501	346	388	433	450	369	393	415	344	319	305	335	259	267	265	247	208	210	221	179	179	184	181
64	170	1	2	119	0	1953125	12	0.0	1991	1.36	0	0	V0.2	0	0	91	109	101	94	121	108	119	110	141	127	125	146	154	147	143	168	175	160	180	206	198	202	203	259	204	257	242	303	253	271	315	295	308	285	382	362	331	368	393	462	427	599	658	653	613	599	663	499	533	649	867	842	921	1000	837	622	630	817	636	419	334	458	442	291	293	353	431	350	343	395	361	332	274	346	303	272	266	279	262	205	230	222	201	176	196
64	170	1	2	119	0	1953125	12	0.0	2031	1.37	0	0	V0.2	0	0	89	92	86	124	79	113	104	129	93	131	132	135	128	160	151	151	164	187	175	180	218	211	222	217	282	236	287	288	340	300	337	383	360	382	388	474	390	427	455	529	537	617	760	717	693	667	729	639	570	735	862	881	845	1000	873	707	733	916	795	517	472	529	536	364	398	456	475	409	409	449	368	350	331	361	291	286	290	263	232	223	242	197	197	201	198
64	170	1	2	119	0	1953125	12	0.0	1991	1.36	0	0	V0.2	0	0	93	128	98	120	99	146	110	132	131	157	125	158	157	180	142	188	186	186	189	211	238	197	243	249	267	250	281	330	283	311	321	365	332	313	408	354	367	300	445	437	501	621	726	759	641	710	716	644	561	728	927	862	918	968	968	732	857	1000	910	601	384	511	463	409	291	412	470	396	404	402	443	353	340	373	347	322	284	327	276	249	247	254	228	200	224
64	170	1	2	119	0	1953125	12	0.0	2031	1.37	0	0	V0.2	0	0	92	96	86	124	87	115	105	131	98	130	131	138	128	160	153	156	162	188	180	180	216	210	226	213	279	238	283	283	335	306	334	386	368	392	384	456	384	391	420	489	513	578	719	695	687	669	737	687	593	719	815	832	754	899	838	765	821	1000	924	645	540	537	564	408	392	440	466	419	394	440	374	356	327	358	303	281	288	265	239	219	239	202	196	196	198
64	170	1	2	119	0	1953125	12	0.0	1991	1.36	0	0	V0.2	0	0	82	101	99	89	110	103	112	98	125	120	116	129	139	142	132	155	164	155	162	186	187	187	183	236	197	237	219	285	244	261	295	295	306	266	347	316	280	277	321	388	373	522	573	597	553	564	654	548	547	589	758	672	669	737	738	684	812	1000	868	638	431	476	480	354	302	327	416	348	333	362	356	334	275	337	300	277	251	270	254	206	219	214	199	169	188
64	170	1	2	119	0	1953125	12	0.0	2031	1.37	0	0	V0.2	0	0	86	90	81	116	82	107	98	123	92	120	122	131	119	149	143	147	152	178	171	170	204	198	213	199	263	226	267	266	316	291	315	365	352	374	365	435	368	368	396	461	484	538	667	647	637	621	698	666	578	689	772	778	674	799	766	737	821	1000	931	665	551	531	556	405	379	421	449	404	375	419	360	343	314	343	292	271	276	254	228	209	229	195	188	189	191
64	170	1	2	119	0	1953125	12	0.0	1991	1.36	0	0	V0.2	0	0	90	121	95	117	94	140	105	127	120	149	121	150	149	170	139	178	178	181	179	198	226	187	229	228	259	232	266	304	275	294	300	350	319	308	377	340	348	271	399	394	466	555	665	702	609	680	695	685	597	713	865	815	811	815	848	713	880	1000	947	667	449	509	467	425	293	385	436	391	384	375	422	343	334	350	342	312	273	308	267	247	233	246	221	193	207
64	170	1	2	119	0	1953125	12	0.0	1993	1.36	0	0	V0.2	0	0	98	92	127	103	112	117	135	113	129	140	153	125	165	156	169	147	191	188	176	199	209	224	192	248	250	245	255	280	309	254	314	324	329	310	330	393	286	328	328	456	427	564	683	680	664	621	760	670	613	694	890	869	778	877	814	725	763	1000	863	592	411	460	499	341	311	352	439	374	363	411	378	357	306	370	317	298	291	298	269	230	256	232	213	199	218
64	170	1	2	119	0	1953125	12	0.0	1991	1.36	0	0	V0.2	0	0	101	90	134	97	121	109	148	110	138	139	159	126	170	163	176	150	197	193	184	210	218	240	193	271	250	271	253	313	318	273	329	333	353	306	374	411	327	354	377	505	454	619	722	742	690	655	802	684	656	739	1000	932	889	972	908	731	740	986	833	558	357	493	494	352	316	386	472	375	395	424	407	359	325	392	326	314	295	317	269	243	266	240	217	206	229
64	170	1	2	119	0	1953125	12	0.0	1993	1.36	0	0	V0.2	0	0	105	102	144	100	136	114	162	112	147	148	168	137	171	172	179	162	204	200	190	213	225	246	195	277	245	286	244	325	307	280	319	327	357	290	391	400	360	352	396	504	455	617	703	759	692	680	797	676	643	716	1000	932	959	999	931	699	675	867	718	473	323	493	446	342	292	386	448	350	393	402	405	339	330	376	312	306	288	318	255	243	255	235	210	205	225
64	170	2	2	119	0	1953125	12	0.0	1991	1.36	0	0	V0.2	0	0	91	84	121	93	108	107	132	105	126	132	144	115	161	149	161	138	186	177	167	198	206	221	184	251	239	240	246	285	303	245	308	309	314	293	351	419	324	379	375	488	430	564	678	680	667	623	741	607	555	647	872	865	882	999	861	651	578	777	602	383	318	465	453	306	319	369	430	341	363	403	360	334	298	360	291	283	277	282	245	218	246	213	195	188	207
64	170	2	2	119	0	1953125	12	0.0	2031	1.37	0	0	V0.2	0	0	105	85	105	110	102	100	124	121	114	121	150	127	147	148	172	143	175	186	180	191	208	240	198	253	249	275	256	315	333	305	345	357	388	346	429	467	450	461	491	577	521	638	711	757	705	702	772	642	590	649	866	833	929	1000	931	698	637	737	586	415	395	551	469	394	381	465	458	374	425	410	386	315	347	336	280	277	276	265	207	230	219	197	181	201	184
64	170	1	2	119	0	1953125	12	0.0	1986	1.36	0	0	V0.2	0	0	82	110	80	105	84	133	88	121	116	141	109	140	141	154	124	165	160	160	165	189	212	168	221	209	243	204	261	281	255	268	276	318	269	295	367	365	384	347	473	437	484	554	672	702	621	697	669	595	440	587	739	790	909	1000	966	670	603	591	484	221	238	360	324	294	209	350	357	308	320	338	371	278	294	303	290	252	238	272	222	206	201	213	180	167	185
64	170	1	2	119	0	1953125	12	0.0	2031	1.37	0	0	V0.2	0	0	98	73	102	90	110	73	122	101	110	109	139	125	125	149	155	141	155	176	171	169	203	218	195	225	240	263	231	308	299	311	303	356	361	325	411	427	467	408	528	535	556	600	713	758	674	717	703	647	473	602	738	792	871	1000	976	716	674	667	579	311	361	453	426	353	335	448	397	379	375	408	359	301	334	302	284	245	281	235	209	211	211	186	174	193	172
64	170	1	2	119	0	1953125	12	0.0	1991	1.36	0	0	V0.2	0	0	88	108	86	102	88	131	90	120	117	140	114	137	148	152	132	161	165	162	165	192	212	173	222	207	251	197	273	273	272	265	284	326	268	310	352	388	380	374	485	455	506	551	694	706	648	717	684	630	420	549	663	763	856	1000	969	696	633	587	490	203	259	343	335	290	216	356	345	321	311	350	372	279	302	297	302	246	250	271	226	209	201	217	177	172	184
64	170	1	2	119	0	1953125	12	0.0	2031	1.37	0	0	V0.2	0	0	106	83	106	108	103	95	124	119	114	118	150	126	145	147	173	142	173	183	177	187	202	238	194	249	244	273	248	313	328	306	342	355	386	335	426	461	457	466	515	598	542	653	730	789	737	740	804	653	538	549	762	741	879	1000	982	760	665	713	543	344	320	490	417	352	340	437	426	350	404	393	374	299	336	320	269	263	265	254	195	220	207	185	171	193	176
64	170	1	2	119	0	1953125	12	0.0	1991	1.36	0	0	V0.2	0	0	86	112	82	106	84	138	89	124	118	145	111	142	147	157	127	167	165	162	166	192	216	167	227	210	253	198	275	286	269	276	289	336	272	309	371	383	390	370	504	459	511	574	720	738	667	772	745	667	435	549	661	708	830	1000	991	691	658	641	526	201	233	356	338	298	198	361	355	310	310	347	382	276	302	303	301	248	247	279	222	206	200	219	176	170	188
64	170	1	2	119	0	1953125	12	0.0	2031	1.37	0	0	V0.2	0	0	101	87	99	115	92	102	115	122	105	120	146	125	142	145	170	140	171	182	175	183	203	232	197	243	250	262	254	302	334	296	341	355	378	343	411	471	434	471	493	596	531	645	726	769	745	739	832	680	579	579	773	734	851	1000	974	784	679	767	591	370	302	488	445	349	343	418	432	338	393	394	370	308	323	332	263	266	259	257	196	216	212	184	172	189	181
64	170	1	2	119	0	1953125	12	0.0	1991	1.36	0	0	V0.2	0	0	88	102	86	99	88	129	90	118	115	135	114	132	146	146	132	155	163	158	160	187	205	170	215	203	246	189	268	258	270	256	281	318	258	305	332	382	360	371	464	438	490	527	671	671	638	710	683	634	414	544	624	725	817	1000	969	720	669	626	529	215	253	337	352	299	216	350	336	318	296	349	366	277	298	289	300	235	248	264	223	204	197	217	173	171	182
64	170	1	2	119	0	1953125	12	0.0	2036	1.37	0	0	V0.2	0	0	97	86	96	114	85	104	109	121	101	121	139	122	138	145	162	139	168	177	167	180	198	220	195	233	248	246	254	287	324	286	336	348	361	341	396	462	417	471	485	579	515	619	702	727	722	714	798	641	534	529	692	683	831	999	957	793	705	768	566	362	331	488	441	336	357	410	425	338	395	394	358	311	316	327	255	266	257	251	197	212	210	178	171	184	177
64	170	1	2	119	0	1953125	12	0.0	1991	1.36	0	0	V0.2	0	0	89	116	84	108	89	136	94	124	121	144	113	148	146	161	128	173	167	164	171	194	215	173	226	223	241	216	260	297	257	282	290	327	286	293	384	362	399	363	495	464	481	565	665	715	648	750	755	649	487	527	669	674	851	990	1000	743	708	704	542	272	242	400	349	306	223	348	371	295	326	345	381	294	295	321	289	264	240	282	232	209	211	215	186	166	192
64	170	1	2	119	0	1953125	12	0.0	2036	1.37	0	0	V0.2	0	0	105	89	108	116	101	106	124	124	114	126	150	128	147	151	171	144	177	185	178	191	207	234	198	250	250	267	257	308	331	301	346	355	378	343	419	465	446	481	508	592	526	632	698	737	707	714	788	638	564	577	757	731	874	999	960	766	701	758	558	382	376	532	451	371	377	446	439	353	412	400	371	309	331	324	263	269	264	254	200	222	210	184	174	191	177
64	170	1	2	119	0	1953125	12	0.0	1991	1.36	0	0	V0.2	0	0	88	118	84	109	93	136	96	126	122	145	115	149	146	161	131	174	167	167	175	196	216	179	230	225	243	223	264	299	262	289	294	327	289	300	388	368	411	381	507	477	491	572	660	710	641	731	723	617	478	543	692	718	891	1000	984	719	686	664	498	272	312	441	368	328	266	386	395	320	351	364	390	303	309	329	294	269	251	288	235	217	219	221	192	177	200
64	170	1	2	119	0	1953125	12	0.0	2036	1.37	0	0	V0.2	0	0	106	88	109	112	102	103	124	122	115	124	149	128	147	150	171	144	176	184	179	191	206	235	199	252	249	270	256	311	327	306	346	356	381	345	424	459	449	475	514	589	533	640	704	748	713	731	793	644	566	589	767	741	882	1000	965	765	708	756	565	387	382	533	451	377	375	447	433	356	412	398	373	310	339	326	271	270	267	254	200	223	209	185	175	193	177
64	170	1	2	119	0	1953125	12	0.0	1991	1.36	0	0	V0.2	0	0	90	117	85	110	93	136	95	127	122	142	113	150	146	159	130	174	167	165	174	196	214	176	230	223	241	219	265	293	256	284	292	323	283	298	378	352	389	365	488	455	484	577	670	705	632	728	720	607	467	561	708	719	883	1000	984	711	689	690	523	267	273	413	352	304	233	356	370	297	330	348	376	290	296	318	287	262	246	282	230	211	213	214	184	168	191
64	170	1	2	119	0	1953125	12	0.0	2036	1.37	0	0	V0.2	0	0	100	85	102	111	93	101	116	119	108	121	143	122	141	145	165	139	170	178	171	184	200	226	194	243	245	259	251	298	321	293	338	347	367	337	406	447	421	459	492	576	523	641	711	738	704	712	781	627	555	590	768	734	866	1000	960	767	707	776	581	386	358	509	442	354	360	428	424	345	404	396	367	310	330	325	264	270	264	252	197	218	210	183	174	191	177
64	170	1	2	119	0	1953125	12	0.0	1991	1.36	0	0	V0.2	0	0	87	114	82	107	91	131	93	123	120	140	111	146	141	155	126	170	162	160	170	191	208	173	223	219	231	218	254	287	245	276	283	312	278	283	366	333	375	355	479	457	481	580	656	689	609	687	682	547	415	507	662	677	869	1000	990	723	691	691	503	246	244	394	333	285	228	348	367	291	329	344	369	290	288	316	277	255	234	270	218	198	206	206	180	163	188
64	170	1	2	119	0	1953125	12	0.0	1996	1.36	0	0	V0.2	0	0	84	91	121	81	114	102	137	93	131	133	140	119	149	151	145	142	176	167	159	186	199	206	175	244	210	241	211	291	259	253	289	294	303	252	360	353	353	363	435	494	436	567	632	667	599	617	679	499	403	476	677	644	853	1000	951	684	664	724	490	263	299	447	348	268	263	368	366	279	352	360	350	278	305	320	258	257	258	266	202	214	221	196	171	183	190
64	170	1	2	119	0	1953125	12	0.0	1991	1.36	0	0	V0.2	0	0	84	86	114	83	101	105	119	94	122	126	130	108	154	138	143	132	175	161	152	187	191	197	173	235	221	215	234	265	278	231	298	295	285	275	327	389	312	396	407	496	438	552	661	643	639	621	708	545	396	463	629	637	776	1000	904	709	621	722	497	256	264	396	382	232	274	323	356	280	318	370	319	298	270	321	253	243	253	251	219	192	220	186	170	170	186
64	170	1	2	119	0	1953125	12	0.0	2016	1.37	0	0	V0.2	0	0	104	90	130	100	118	107	144	111	134	138	158	126	163	159	168	146	188	184	174	200	211	231	189	262	235	263	240	313	304	283	331	333	350	304	402	417	400	428	475	548	485	626	693	719	665	670	731	524	416	471	673	641	851	1000	938	687	669	749	514	319	353	505	397	312	326	415	404	316	392	384	359	292	321	322	254	262	259	259	196	217	213	182	168	187	182
64	170	1	2	119	0	1953125	12	0.0	1991	1.36	0	0	V0.2	0	0	89	105	120	80	126	108	135	99	147	135	136	136	165	156	149	161	188	168	173	208	207	212	191	268	213	257	238	317	276	274	325	316	326	286	403	398	374	413	459	536	468	645	730	763	732	744	839	619	470	470	687	631	811	1000	942	705	630	758	520	285	267	453	403	270	269	346	401	292	343	385	365	319	286	354	279	263	255	282	237	201	232	210	185	173	204
64	170	1	2	119	0	1953125	12	0.0	2036	1.37	0	0	V0.2	0	0	112	86	116	111	113	98	135	121	122	124	158	130	151	155	179	146	181	191	184	194	213	245	199	262	250	286	254	331	331	318	352	372	402	355	460	475	475	468	532	590	545	677	764	820	754	792	839	669	549	598	787	727	872	1000	976	713	701	786	619	414	428	577	473	397	376	477	441	375	433	421	395	317	364	330	285	276	286	263	210	236	218	194	179	204	179
64	170	1	2	119	0	1953125	12	0.0	1991	1.36	0	0	V0.2	0	0	100	103	106	98	110	129	107	119	131	138	129	133	166	147	150	159	181	168	172	205	209	190	218	226	254	204	286	267	294	258	310	330	276	337	351	425	348	399	449	445	474	551	738	717	726	793	804	722	435	556	623	708	748	1000	940	686	613	657	557	229	307	371	411	299	235	351	336	325	287	382	368	296	305	304	314	230	263	260	233	199	206	221	170	175	184
64	170	1	2	119	0	1953125	12	0.0	2036	1.37	0	0	V0.2	0	0	114	88	119	111	119	98	138	123	126	124	160	135	151	157	182	152	181	194	191	197	216	250	205	262	252	294	257	335	335	329	351	375	410	362	466	477	489	458	519	563	528	650	747	827	769	826	872	728	584	608	795	746	863	988	1000	748	706	773	648	438	424	567	486	421	370	471	437	383	424	422	405	324	366	330	295	274	287	264	212	230	214	196	178	202	180
64	170	1	2	119	0	1953125	12	0.0	1991	1.36	0	0	V0.2	0	0	86	121	94	111	100	135	109	124	129	148	121	154	151	171	136	182	179	176	182	206	226	193	228	244	242	246	264	327	271	303	314	347	334	323	442	395	421	362	466	452	449	597	708	788	723	824	873	719	554	564	783	724	844	961	1000	745	670	766	641	410	284	463	435	369	265	338	399	318	349	370	409	342	311	355	311	292	255	302	261	226	231	229	208	178	206
64	170	1	2	119	0	1953125	12	0.0	1993	1.36	0	0	V0.2	0	0	111	105	150	103	138	119	164	115	154	154	174	140	184	177	186	165	214	205	194	222	230	251	201	291	257	292	261	336	325	288	343	349	379	329	424	451	376	389	410	527	460	645	747	796	749	727	868	683	559	597	894	820	841	982	991	799	775	999	833	580	398	550	538	387	308	348	425	323	368	401	405	357	331	391	316	309	290	316	262	242	264	238	213	203	227
64	170	1	2	119	0	1953125	12	0.0	1991	1.36	0	0	V0.2	0	0	96	90	126	102	111	112	133	111	126	133	147	121	163	154	169	145	188	185	174	198	207	221	188	249	250	248	259	288	316	259	319	330	340	328	354	422	310	348	350	480	445	589	716	729	722	675	808	693	558	592	795	779	669	802	798	721	740	1000	885	647	480	530	575	411	343	336	412	348	333	391	371	360	307	371	318	295	283	294	271	228	252	228	209	190	211
64	170	1	2	119	0	1953125	12	0.0	2031	1.37	0	0	V0.2	0	0	98	83	94	106	99	99	111	118	106	111	137	123	135	135	163	138	163	176	177	180	189	223	189	230	235	265	251	290	316	294	330	347	391	363	407	434	386	381	397	503	481	610	683	733	683	671	777	687	626	619	801	707	638	686	756	694	802	1000	928	743	565	636	590	482	395	427	454	373	395	390	393	331	342	347	298	284	272	276	223	232	223	204	184	197	190
64	170	1	2	119	0	1953125	12	0.0	1991	1.36	0	0	V0.2	0	0	83	114	93	110	94	130	106	116	117	141	116	141	138	163	132	171	173	175	172	189	213	182	209	225	239	236	245	302	262	289	296	343	335	305	392	334	335	253	377	395	445	561	646	709	619	693	766	732	652	657	825	701	603	538	644	590	812	1000	969	745	528	590	552	494	358	363	420	355	346	335	389	338	310	342	320	305	257	296	265	235	226	230	216	180	195
64	170	1	2	119	0	1953125	12	0.0	2013	1.37	0	0	V0.2	0	0	98	95	107	121	88	117	112	123	105	133	139	127	144	153	158	145	171	180	168	178	198	200	193	215	253	224	259	259	306	259	307	334	327	338	331	397	290	323	336	437	428	524	639	615	605	596	737	684	585	636	713	660	439	529	542	575	740	1000	892	661	540	557	586	418	370	369	404	342	311	361	322	315	279	325	272	254	255	249	225	194	218	189	174	165	175
64	170	1	2	119	0	1953125	12	0.0	1991	1.36	0	0	V0.2	0	0	86	88	118	76	117	96	129	87	127	118	130	113	151	139	149	142	180	163	160	189	186	200	164	243	208	238	224	284	277	249	309	308	327	294	352	375	278	307	320	434	385	542	626	644	619	620	794	697	630	631	785	702	508	556	575	553	716	1000	887	667	488	554	587	435	362	344	420	346	306	354	345	336	278	348	304	277	258	272	253	200	226	215	197	168	191
64	170	1	2	119	0	1953125	12	0.0	2016	1.37	0	0	V0.2	0	0	100	93	114	118	99	119	123	125	114	133	145	125	149	152	165	146	179	185	173	188	202	212	192	228	249	236	258	272	311	264	314	327	333	329	343	408	310	349	349	457	426	540	641	637	625	598	727	627	529	562	695	643	539	677	688	664	767	1000	880	662	523	568	579	415	370	375	423	343	339	377	347	331	296	343	280	270	260	264	228	204	225	196	184	177	188
64	170	1	2	119	0	1953125	12	0.0	1991	1.36	0	0	V0.2	0	0	87	101	119	84	122	104	132	95	136	127	132	130	157	152	148	156	182	169	170	198	199	207	182	256	211	255	231	305	267	263	304	300	319	276	374	364	321	335	370	447	394	564	632	660	608	612	731	567	492	523	739	648	690	824	834	703	797	1000	830	600	439	562	542	397	334	359	429	332	346	380	378	342	300	363	303	288	267	293	255	214	237	221	202	178	203
64	170	1	2	119	0	1953125	12	0.0	1993	1.36	0	0	V0.2	0	0	100	98	131	94	121	115	139	105	138	139	151	124	167	154	164	148	192	180	171	202	207	221	185	256	236	247	246	287	292	247	306	303	310	288	348	395	306	357	361	460	397	541	641	639	607	574	696	536	427	504	723	673	725	921	902	765	797	1000	808	558	432	538	529	358	324	355	412	323	344	388	361	335	299	356	289	279	270	277	239	213	240	210	192	184	202
64	170	1	2	119	0	1953125	12	0.0	1991	1.36	0	0	V0.2	0	0	86	87	116	91	101	109	118	99	117	126	131	109	152	142	147	133	174	165	155	183	190	193	172	226	226	214	236	256	276	223	286	296	291	293	324	387	280	331	340	430	386	499	615	590	562	535	659	555	444	520	651	586	523	726	722	669	783	1000	818	550	438	500	514	340	316	344	385	313	310	371	330	315	282	335	278	254	261	260	235	200	226	199	179	171	185
64	170	1	2	119	0	1953125	12	0.0	1813	1.33	0	0	V0.2	0	0	6	6	39	39	18	21	26	45	14	18	25	37	15	24	29	35	13	37	43	17	23	25	72	50	35	52	32	55	38	47	48	32	36	32	96	200	103	139	126	228	138	292	452	488	505	526	715	588	399	377	476	322	220	387	306	394	844	1000	703	599	547	512	259	44	100	122	98	32	105	93	51	41	37	101	66	16	31	53	66	19	42	58	46	30	23
64	170	1	2	119	0	1953125	12	0.0	1981	1.36	0	0	V0.2	0	0	80	91	113	95	98	117	121	104	116	138	110	136	140	150	127	172	162	158	181	195	186	180	229	187	211	220	261	203	269	264	260	247	319	312	297	383	383	368	328	458	391	436	564	692	608	667	862	837	707	792	1000	799	702	851	831	386	544	687	508	322	545	540	421	347	405	430	300	334	336	323	266	329	299	257	272	281	240	215	253	210	187	194	203	152	162
64	170	1	2	119	0	1953125	12	0.0	1948	1.35	0	0	V0.2	0	0	81	96	64	86	78	115	58	97	96	108	74	107	116	110	92	130	125	112	117	141	150	95	154	131	161	102	182	161	138	134	144	165	89	160	176	183	176	158	259	176	155	190	333	335	396	602	672	716	689	936	966	877	875	1000	910	503	495	492	314	203	417	352	255	171	187	316	256	199	194	242	254	160	217	212	209	158	191	208	156	154	159	173	128	132	146
64	170	1	2	119	0	1953125	12	0.0	1948	1.35	0	0	V0.2	0	0	73	83	97	85	80	111	91	85	98	117	101	84	132	119	110	108	150	133	111	149	157	132	129	171	184	128	188	178	196	119	186	185	128	155	179	256	129	223	219	244	188	356	532	511	593	702	887	792	724	890	919	805	747	1000	798	499	583	746	441	379	487	511	420	213	293	329	299	200	214	295	212	220	224	274	202	200	234	206	185	180	217	167	151	166	166
64	170	2	2	119	0	1953125	12	0.0	1945	1.35	0	0	V0.2	0	0	83	78	115	79	101	95	117	81	114	117	125	89	140	125	130	105	157	142	121	153	157	164	118	197	177	171	168	207	215	139	195	183	175	139	208	267	162	225	232	333	237	417	576	634	665	753	1000	885	753	768	953	836	735	954	906	621	516	751	517	313	333	470	406	246	226	253	302	190	187	248	234	218	201	275	202	201	206	229	192	172	210	178	157	149	171
64	170	2	2	119	0	1953125	12	0.0	1943	1.35	0	0	V0.2	0	0	74	74	108	75	91	93	108	77	103	108	112	81	130	115	119	100	148	134	115	144	147	149	113	180	165	154	163	191	200	130	193	188	176	155	213	278	173	236	242	333	244	389	540	568	589	655	870	769	679	757	940	871	810	1000	894	584	377	562	333	173	256	347	274	131	150	198	241	148	167	229	205	193	175	244	179	177	185	196	165	149	187	156	138	135	155
64	170	2	2	119	0	1953125	12	0.0	1943	1.35	0	0	V0.2	0	0	70	73	94	72	83	91	92	75	95	100	96	76	116	102	104	95	132	118	104	131	133	126	106	149	145	120	141	150	162	110	166	161	150	157	192	251	164	220	213	260	194	270	385	372	397	451	607	521	501	644	799	804	811	1000	900	654	456	520	315	106	164	243	230	107	133	168	196	137	139	200	166	167	151	202	154	146	163	160	140	119	153	128	112	113	126
64	170	2	2	119	0	1953125	12	0.0	1943	1.35	0	0	V0.2	0	0	60	60	85	66	72	80	86	70	81	89	91	66	103	92	96	80	120	112	98	121	126	126	97	138	136	114	127	141	155	95	151	146	146	145	195	260	184	242	232	292	212	265	374	372	384	426	596	505	463	576	769	775	801	1000	937	714	492	551	356	112	127	250	255	141	154	182	226	161	158	214	188	186	162	217	168	165	170	175	153	134	164	138	125	122	136
64	170	2	2	119	0	1953125	12	0.0	1943	1.35	0	0	V0.2	0	0	73	71	106	65	95	81	107	68	103	99	107	78	121	108	112	94	139	124	109	134	135	143	97	169	137	148	128	179	166	122	172	163	176	147	232	265	199	239	236	310	197	312	414	448	441	509	698	584	552	640	873	818	844	1000	934	647	400	506	286	60	177	274	216	108	108	165	213	118	147	187	181	159	153	212	147	152	154	177	135	122	154	130	114	111	135
64	170	2	2	119	0	1953125	12	0.0	1943	1.35	0	0	V0.2	0	0	66	61	95	69	80	81	97	71	87	93	101	70	111	100	108	85	130	122	104	127	132	138	99	157	147	137	139	167	181	113	166	164	166	145	208	275	187	238	234	316	219	319	451	487	502	553	758	673	593	657	880	860	827	1000	940	684	372	486	305	49	134	254	243	132	120	156	222	147	141	203	192	181	152	222	168	162	165	185	162	139	171	147	129	121	143
64	170	2	2	119	0	1953125	12	0.0	1943	1.35	0	0	V0.2	0	0	71	81	88	89	71	109	83	87	88	113	95	83	118	118	103	101	133	129	106	131	151	122	125	142	181	114	169	154	184	118	166	185	137	171	183	277	184	221	257	276	246	299	491	483	503	584	739	717	556	718	836	864	781	1000	903	579	328	450	298	80	208	251	247	117	103	169	181	148	104	209	174	156	150	194	175	126	171	158	143	115	155	144	106	116	127
64	170	2	2	119	0	1953125	12	0.0	1943	1.35	0	0	V0.2	0	0	68	65	99	71	81	84	100	73	90	98	105	72	116	106	110	88	136	126	105	130	138	142	102	163	156	142	145	172	186	115	171	172	165	141	205	275	179	229	233	322	225	333	479	516	529	583	799	722	644	708	917	880	818	1000	921	634	334	509	323	78	183	298	263	136	130	175	237	155	146	212	196	182	157	230	173	165	170	188	163	141	177	151	132	128	151
64	170	2	2	119	0	1953125	12	0.0	1943	1.35	0	0	V0.2	0	0	80	95	93	105	75	124	90	104	95	130	107	103	127	137	114	120	144	146	123	144	171	134	152	150	206	130	195	177	206	148	180	218	156	195	203	297	225	235	303	306	307	339	558	573	585	690	826	849	648	795	885	906	795	1000	920	572	382	531	396	117	260	285	284	150	120	205	200	176	117	228	201	169	179	209	206	140	196	185	166	136	167	165	119	131	141
64	170	2	2	119	0	1953125	12	0.0	1943	1.35	0	0	V0.2	0	0	73	80	95	93	73	110	93	93	90	117	107	89	125	122	114	105	144	141	117	141	161	139	134	159	194	132	187	177	212	137	194	215	171	196	212	322	218	268	297	341	303	368	575	579	617	698	886	852	680	799	905	895	769	1000	885	562	373	568	367	158	266	328	303	139	161	214	235	183	150	251	204	199	183	244	205	167	203	192	182	153	194	167	139	144	156
64	170	1	2	119	0	1953125	12	0.0	1943	1.35	0	0	V0.2	0	0	79	92	97	102	77	123	93	102	98	132	109	98	130	137	117	115	148	148	122	145	171	137	146	156	208	129	191	176	211	141	185	220	163	195	201	309	218	235	295	319	312	344	568	570	571	654	812	820	610	772	892	914	774	999	908	556	357	571	414	143	269	315	300	138	136	206	214	183	130	244	206	181	177	219	204	143	195	184	169	135	173	164	120	130	143
64	170	1	2	119	0	1953125	12	0.0	1981	1.36	0	0	V0.2	0	0	93	99	92	126	94	119	117	135	106	138	137	146	127	171	154	159	163	195	184	177	220	203	218	195	268	220	255	262	298	268	264	326	293	317	331	424	381	372	442	465	481	514	701	711	703	757	863	850	683	817	914	936	829	1000	921	644	504	654	561	286	337	420	464	317	327	380	372	324	314	385	320	312	301	328	275	261	284	254	233	219	239	194	188	192	186
64	170	1	2	119	0	1953125	12	0.0	2025	1.37	0	0	V0.2	0	0	121	104	124	131	125	123	144	146	138	143	171	151	167	169	197	169	199	211	209	216	229	262	222	269	267	295	279	333	354	327	362	374	407	373	457	496	479	492	532	612	563	695	785	861	821	867	974	866	806	809	1000	918	920	987	966	738	644	790	697	523	449	604	554	468	423	486	486	390	425	420	408	335	358	354	300	291	289	288	231	249	239	217	199	216	205
64	170	1	2	119	0	1953125	12	0.0	1981	1.36	0	0	V0.2	0	0	91	125	94	115	100	144	106	128	128	150	119	153	153	172	138	185	184	182	184	206	228	185	227	235	247	232	265	312	264	290	305	349	319	315	413	371	383	333	482	470	501	609	709	756	648	771	852	835	763	823	1000	872	817	810	835	597	633	792	733	477	306	458	447	410	306	387	442	361	352	352	400	329	303	341	315	291	250	296	256	227	230	237	214	179	200
64	170	1	2	119	0	1953125	12	0.0	1968	1.36	0	0	V0.2	0	0	96	120	107	118	94	149	100	120	119	152	120	126	153	158	134	155	176	169	154	183	203	156	193	190	240	161	250	227	251	215	272	313	246	304	309	368	290	290	371	346	376	442	646	598	556	649	727	715	640	936	1000	960	824	990	804	461	620	806	622	298	433	426	397	211	213	327	289	252	229	334	280	225	255	270	254	185	250	227	195	176	204	191	139	161	162
64	170	1	2	119	0	1953125	12	0.0	2011	1.36	0	0	V0.2	0	0	91	93	86	123	82	113	105	129	95	130	129	131	124	157	148	146	162	187	175	181	218	209	216	210	269	218	262	265	314	275	323	370	354	385	408	503	425	470	494	538	498	556	683	645	647	686	810	728	705	838	932	891	846	1000	852	658	668	830	655	423	453	538	517	348	398	430	423	346	383	409	338	332	327	347	270	288	284	262	230	232	233	188	197	197	185
64	170	1	2	119	0	1953125	12	0.0	1948	1.35	0	0	V0.2	0	0	80	94	65	96	95	92	84	103	107	97	90	121	107	111	105	135	120	113	137	148	136	140	150	182	118	172	138	181	118	156	169	130	143	127	213	173	199	251	265	311	234	396	435	422	420	517	694	576	608	646	805	721	810	999	929	751	700	837	580	297	227	353	357	222	207	220	294	237	187	260	247	251	187	251	238	198	197	202	217	162	176	180	163	138	142
64	170	1	2	119	0	1953125	12	0.0	2016	1.37	0	0	V0.2	0	0	81	80	84	101	86	96	107	110	93	121	119	122	111	152	129	140	151	174	161	169	212	187	209	199	255	202	248	254	275	258	289	338	298	352	367	432	382	442	481	472	483	546	656	581	614	652	689	626	724	903	886	907	940	1000	706	577	687	690	462	459	583	524	394	288	428	407	362	356	414	385	302	343	321	304	255	300	263	230	233	236	205	182	209	183	163
64	170	1	2	119	0	1953125	12	0.0	2025	1.37	0	0	V0.2	0	0	100	104	108	130	96	134	122	140	118	148	146	142	153	169	167	166	186	198	189	202	229	221	229	230	275	230	278	281	329	301	348	384	361	386	397	480	413	463	490	538	524	587	731	749	809	880	1000	957	808	829	871	885	793	924	883	732	591	675	639	422	404	467	547	424	376	395	400	364	327	395	354	334	304	328	295	255	270	251	232	202	226	203	183	185	193
64	170	2	2	119	0	1953125	12	0.0	1991	1.36	0	0	V0.2	0	0	118	145	110	145	121	174	123	163	151	176	145	185	180	197	172	219	211	214	225	245	266	221	281	259	288	255	320	342	319	357	368	415	371	407	491	464	498	435	552	476	492	586	718	784	740	914	934	887	773	856	999	925	973	1000	930	576	650	767	722	504	573	676	593	522	384	477	477	395	405	412	456	359	368	382	359	325	294	335	282	265	256	261	228	203	220
64	170	2	2	119	0	1953125	12	0.0	1996	1.36	0	0	V0.2	0	0	100	106	119	87	138	108	135	106	150	128	139	136	167	143	160	165	191	171	183	216	202	217	197	261	219	245	250	276	268	244	310	297	314	326	388	441	366	447	440	516	468	551	629	563	516	472	598	537	577	740	949	1000	899	950	756	548	534	816	775	578	512	549	605	458	420	441	489	463	374	422	387	363	310	336	345	286	291	277	282	231	236	246	221	204	201
64	170	2	2	119	0	1953125	12	0.0	1981	1.36	0	0	V0.2	0	0	88	67	96	83	101	79	114	101	108	99	129	109	124	118	146	122	142	151	157	160	161	198	163	194	184	212	189	206	228	202	221	223	274	259	293	340	318	332	300	404	371	401	426	481	468	367	485	510	537	566	885	1000	969	873	823	745	408	447	542	521	334	333	417	408	356	287	386	374	334	310	319	317	235	267	256	256	212	234	229	191	190	193	194	159	168
64	170	2	2	119	0	1953125	12	0.0	1963	1.36	0	0	V0.2	0	0	89	110	109	118	103	116	129	116	110	137	136	136	120	164	142	150	151	175	167	155	187	184	172	183	204	227	182	251	226	251	218	263	283	213	270	213	256	145	264	314	375	455	548	701	624	627	701	781	713	636	938	1000	952	695	793	684	598	803	979	781	448	397	419	474	315	235	316	327	309	233	321	280	234	224	252	250	187	231	219	202	164	187	183	141	142
64	170	2	2	119	0	1953125	12	0.0	1981	1.36	0	0	V0.2	0	0	125	108	112	125	127	124	127	147	140	134	162	159	169	153	197	178	185	195	211	212	202	243	228	235	244	272	283	271	329	305	328	314	358	358	315	367	316	358	323	497	520	626	712	820	870	746	816	804	768	626	840	1000	950	842	878	928	698	826	921	886	612	468	535	506	432	293	414	412	380	359	388	388	297	340	325	327	269	300	291	249	244	241	234	194	212
64	170	2	2	119	0	1953125	12	0.0	1960	1.36	0	0	V0.2	0	0	101	114	111	131	113	122	135	134	122	147	149	157	129	175	156	165	156	187	185	166	199	200	197	195	223	251	207	267	247	281	231	267	293	229	273	208	278	164	298	358	473	556	663	867	839	815	781	818	743	512	754	934	1000	811	984	944	775	779	985	883	571	444	416	506	367	219	267	316	328	244	341	311	275	240	269	277	209	246	237	229	177	195	199	157	147
64	170	2	2	119	0	1953125	12	0.0	1981	1.36	0	0	V0.2	0	0	109	90	111	94	132	92	132	116	139	115	147	142	150	142	169	159	165	172	188	188	180	217	189	223	195	262	217	269	261	286	278	279	333	289	334	305	356	307	351	433	478	545	567	694	648	589	592	639	619	578	839	957	1000	854	927	827	601	579	712	648	403	341	356	415	285	256	324	347	327	290	359	300	281	266	297	266	233	257	234	218	196	220	190	173	178
64	170	2	2	119	0	1953125	12	0.0	2028	1.37	0	0	V0.2	0	0	99	106	100	99	111	122	102	116	131	123	124	132	160	131	163	166	180	166	192	213	189	221	225	251	218	269	279	278	300	331	367	335	403	426	429	424	452	506	426	485	515	604	602	755	866	821	794	778	858	670	654	791	957	849	885	1000	798	541	567	761	637	509	467	560	514	357	388	421	429	342	394	389	328	295	304	308	237	259	251	229	190	213	204	171	179
64	170	2	2	119	0	1953125	12	0.0	1938	1.35	0	0	V0.2	0	0	63	67	74	84	55	97	74	93	72	105	92	92	90	113	92	96	99	120	105	101	139	118	142	105	179	138	152	154	168	174	113	150	146	116	110	82	149	56	146	162	282	293	342	495	513	479	339	360	368	226	394	663	847	781	941	999	829	525	575	651	494	349	175	280	283	172	149	205	291	216	213	245	237	208	147	217	189	167	151	172	168	117	136	138	127
64	170	2	2	119	0	1953125	12	0.0	1996	1.36	0	0	V0.2	0	0	82	103	118	102	105	123	133	106	123	148	122	132	144	174	127	170	182	176	167	197	225	172	226	225	241	198	267	273	244	283	316	354	311	418	429	401	401	424	467	322	382	394	452	431	597	644	519	574	722	837	650	847	1000	955	718	846	809	502	481	788	870	604	491	500	570	430	337	435	427	385	332	413	335	289	296	314	266	237	284	242	209	209	234	183	176
64	170	1	2	119	0	1953125	12	0.0	2001	1.36	0	0	V0.2	0	0	78	95	97	69	111	94	107	89	129	110	105	127	138	128	123	156	154	136	159	182	172	172	198	230	180	235	231	272	212	282	292	268	280	306	378	293	366	373	415	362	430	548	546	575	570	626	501	352	479	590	626	721	1000	924	752	617	728	604	447	607	704	648	365	375	431	449	363	380	476	403	350	310	357	291	248	285	277	244	204	250	214	184	192	209	178
64	170	1	2	119	0	1953125	12	0.0	1993	1.36	0	0	V0.2	0	0	67	102	87	83	92	112	98	96	114	122	93	124	127	138	106	153	147	139	150	172	182	149	204	205	202	202	239	258	204	260	259	270	236	295	343	276	324	317	404	301	381	439	468	428	375	446	289	296	475	737	719	836	1000	932	759	675	866	758	614	623	760	669	401	373	434	501	380	414	464	414	343	295	360	276	266	268	289	231	211	245	212	190	191	217	176
64	170	1	2	119	0	1953125	12	0.0	1908	1.35	0	0	V0.2	0	0	61	52	69	88	35	74	60	88	42	82	81	85	61	97	91	93	68	107	106	71	93	87	121	58	113	109	96	76	94	145	86	96	127	144	163	75	90	118	78	125	39	74	57	68	160	279	249	458	761	894	986	913	1000	842	536	467	656	667	410	488	484	457	271	90	210	257	274	175	222	278	198	167	135	215	169	134	162	168	158	104	147	148	120	107	127
64	170	1	2	119	0	1953125	12	0.0	1928	1.35	0	0	V0.2	0	0	60	57	94	52	73	51	97	44	73	81	87	66	89	105	86	85	115	107	81	98	120	107	74	134	102	115	81	160	90	105	122	158	151	103	211	188	168	115	120	218	99	35	81	91	113	279	242	349	583	958	1000	867	898	850	616	283	694	698	501	453	637	511	246	155	238	332	197	227	282	268	203	159	243	164	161	169	209	144	130	173	144	112	118	155	109
64	170	1	2	119	0	1953125	12	0.0	1933	1.35	0	0	V0.2	0	0	77	82	107	45	108	80	95	52	119	92	90	89	140	95	105	118	149	101	110	153	119	117	105	188	97	148	140	181	118	157	217	163	172	174	235	229	75	137	83	117	88	145	97	172	306	454	416	479	869	1000	990	803	935	771	398	592	919	806	523	700	715	604	254	223	337	340	268	236	361	272	199	200	253	219	162	234	202	174	144	196	164	122	151	158	125
64	170	2	2	119	0	1953125	12	0.0	1930	1.35	0	0	V0.2	0	0	70	72	83	50	92	89	77	68	110	93	83	79	130	80	92	99	130	86	96	141	110	104	111	166	126	119	166	141	135	103	183	141	84	131	106	144	69	95	34	94	162	356	387	346	492	554	594	439	658	844	778	637	650	676	349	690	988	1000	636	719	763	639	409	148	325	317	251	194	304	317	174	217	224	240	147	216	226	168	156	183	200	125	151	166	145
64	170	2	2	119	0	1953125	12	0.0	1953	1.35	0	0	V0.2	0	0	74	77	117	74	97	96	109	68	118	113	111	83	152	118	122	117	171	132	122	174	158	153	122	221	152	176	177	228	182	190	278	243	252	259	348	330	191	264	235	255	160	381	408	398	429	532	527	401	756	916	963	810	1000	877	548	637	959	872	512	647	687	615	276	184	312	332	264	273	412	313	258	250	311	251	208	274	240	206	183	237	183	152	179	183	138
64	170	2	2	119	0	1953125	12	0.0	1993	1.36	0	0	V0.2	0	0	90	90	124	94	114	113	129	97	133	132	133	113	166	145	150	150	192	165	167	207	198	203	189	265	205	242	238	287	239	270	322	301	333	360	450	382	383	412	411	377	373	505	488	532	573	656	579	586	816	900	893	843	1000	804	601	715	897	745	588	716	731	601	299	384	441	435	374	439	484	366	344	332	357	269	295	304	267	234	244	256	193	205	212	199	160
64	170	2	2	119	0	1953125	12	0.0	1928	1.35	0	0	V0.2	0	0	103	64	89	86	105	75	97	108	103	80	122	119	121	89	146	129	112	118	151	147	117	153	180	133	149	149	209	109	164	164	172	129	166	275	193	241	224	336	297	245	387	436	545	565	780	869	766	799	836	999	781	792	895	864	564	612	811	641	418	445	596	453	256	144	128	254	128	155	235	282	237	173	274	224	204	170	234	216	150	180	186	176	125	159	163
64	170	2	2	119	0	1953125	12	0.0	1950	1.35	0	0	V0.2	0	0	63	84	100	69	88	88	109	70	99	107	92	101	115	130	94	126	139	125	119	144	160	124	145	170	143	136	156	200	132	184	193	210	165	210	266	194	243	241	339	225	274	338	400	428	532	723	654	706	826	1000	873	764	923	868	564	267	475	293	163	456	586	377	159	154	240	267	107	200	243	233	180	211	253	158	173	178	198	127	156	175	136	115	134	145	91
64	170	2	2	119	0	1953125	12	0.0	1908	1.35	0	0	V0.2	0	0	44	57	74	35	72	50	81	40	73	63	76	48	84	74	86	58	92	90	77	84	89	109	82	91	113	88	102	75	134	94	78	85	88	121	39	106	102	98	104	61	156	102	148	222	322	354	295	478	539	602	574	810	1000	896	774	679	669	394	58	223	322	279	107	77	125	184	156	41	158	166	161	123	162	198	125	124	130	162	124	103	139	129	110	89	121
64	170	2	2	119	0	1953125	12	0.0	1958	1.36	0	0	V0.2	0	0	84	92	54	100	76	102	59	115	90	93	85	124	103	102	111	141	110	116	142	140	133	120	186	128	162	141	210	157	180	221	212	215	188	276	237	196	239	252	291	161	245	223	239	269	419	474	389	549	636	699	556	825	1000	901	743	820	763	343	228	484	586	374	238	294	344	324	146	219	251	232	203	243	280	181	194	193	209	147	167	193	153	132	139	156	109
64	170	2	2	119	0	1953125	12	0.0	1958	1.36	0	0	V0.2	0	0	80	85	51	84	71	95	54	104	88	89	81	111	102	93	110	130	107	105	130	133	122	120	171	124	151	129	195	129	171	190	196	184	173	266	203	215	221	285	282	201	287	265	307	327	492	504	406	483	521	514	333	656	810	810	778	1000	884	464	337	561	615	381	311	347	417	348	193	272	277	264	214	286	283	203	208	211	220	154	193	194	163	141	156	158	115
64	170	2	2	119	0	1953125	12	0.0	2023	1.37	0	0	V0.2	0	0	63	91	81	89	69	109	85	94	91	119	89	109	117	131	109	144	148	144	150	174	183	156	210	195	222	187	261	222	247	263	304	305	301	389	356	390	375	477	435	431	466	494	526	582	760	753	763	785	846	746	524	630	722	700	737	1000	871	579	464	680	668	488	458	511	548	382	360	386	384	330	337	377	299	284	269	287	225	239	243	214	187	192	196	158	170
64	170	2	2	119	0	1953125	12	0.0	1933	1.35	0	0	V0.2	0	0	53	62	58	81	38	86	63	86	56	92	77	84	68	106	84	90	80	108	100	84	119	110	122	91	134	131	108	133	138	172	116	132	154	123	137	106	216	174	216	228	277	305	271	418	486	497	479	512	629	447	352	472	710	660	800	1000	889	572	175	315	302	227	84	158	272	230	180	132	213	211	131	186	198	212	141	166	185	151	135	136	166	125	109	124	126
64	170	2	2	119	0	1953125	12	0.0	1996	1.36	0	0	V0.2	0	0	68	87	77	97	63	109	79	97	85	117	92	103	118	126	108	127	142	133	128	153	163	139	171	178	194	153	216	190	212	208	266	254	231	281	254	265	211	324	280	290	277	333	322	346	496	502	510	492	615	513	319	393	598	577	704	1000	941	661	453	672	643	493	371	455	496	354	313	315	340	257	286	312	269	237	236	254	185	204	208	196	154	175	172	136	139
64	170	1	2	119	0	1953125	12	0.0	1933	1.35	0	0	V0.2	0	0	67	49	70	83	53	71	74	94	59	80	93	88	79	93	105	94	82	108	109	91	108	118	141	81	147	110	145	98	162	162	117	135	129	177	117	141	187	169	201	125	227	160	194	306	438	509	480	668	681	603	395	556	683	589	744	1000	928	461	314	432	458	301	101	246	288	286	161	176	246	179	166	176	250	180	152	181	183	158	125	178	157	128	125	145	129
64	170	2	2	119	0	1953125	12	0.0	2003	1.36	0	0	V0.2	0	0	83	112	104	122	87	137	111	121	110	150	117	134	146	169	137	171	182	178	167	193	214	173	227	218	252	186	273	237	260	271	343	354	325	422	394	421	362	487	467	426	426	452	489	496	722	786	841	867	1000	974	617	450	464	414	502	969	945	668	455	713	701	492	376	469	558	395	353	372	399	316	312	374	309	282	263	302	223	229	242	226	182	188	203	153	151
64	170	2	2	119	0	1953125	12	0.0	2015	1.37	0	0	V0.2	0	0	80	90	79	87	91	111	82	102	109	110	105	116	135	114	136	146	155	144	163	182	166	176	201	206	203	207	248	208	240	260	310	288	303	352	312	330	324	449	414	478	507	552	548	573	724	721	751	772	896	832	607	594	673	684	707	1000	996	803	515	550	610	465	353	370	501	418	352	364	392	357	291	357	323	291	249	285	256	212	229	226	205	171	204	188	167
64	170	2	2	119	0	1953125	12	0.0	1933	1.35	0	0	V0.2	0	0	74	55	101	75	79	73	107	92	82	90	117	88	103	103	127	95	110	129	123	110	123	144	147	96	154	117	155	104	192	173	144	158	151	204	108	172	198	219	239	198	321	261	339	468	649	737	687	880	933	864	583	530	680	592	726	995	1000	576	241	319	389	279	19	173	247	298	199	147	250	205	179	151	249	225	155	183	192	196	129	172	185	149	125	136	151
