34928	35048	35167	35286	35405	35524	35644	35763	35882	36001	36120	36240	36359	36478	36597	36716	36836	36955	37074	37193	37313	37432	37551	37670	37789	37909	38028	38147	38266	38385	38505	38624	38743	38862	38981	39101	39220	39339	39458	39577	39697	39816	39935	40054	40174	40293	40412	40531	40650	40770	40889	41008	41127	41246	41366	41485	41604	41723	41842	41962	42081	42200	42319	42439	42558	42677	42796	42915	43035	43154	43273	43392	43511	43631	43750	43869	43988	44107	44227	44346	44465	44584	44703	44823	44942
64	170	2	2	119	0	1953125	12	0.0	25096	5.33	0	0	V0.2	0	0	9	23	45	67	94	-40	-33	-24	-15	-2	10	24	27	42	57	55	60	61	55	60	64	61	64	63	61	57	47	36	24	15	7	-5	-11	-20	-25	-31	-36	-48	-56	-57	-61	-65	-56	-55	-46	-40	-32	-34	-26	-17	-12	-2	10	15	19	26	28	31	35	37	37	40	43	51	53	46	38	31	29	20	11	11	10	8	5	1	-1	-8	-8	-13	-17	-14	-15	-14	-11
64	170	2	2	119	0	1953125	12	0.0	42892	8.38	0	0	V0.2	0	0	-322	-49	240	404	-85	-181	-145	-103	18	99	155	130	54	-37	-87	-36	90	150	184	107	-15	-111	-109	-17	65	116	130	53	-45	-94	-57	17	99	114	61	-51	-145	-158	-84	41	113	165	73	-55	-171	-216	-148	-21	82	136	97	30	-74	-80	-21	134	225	211	92	-46	-140	-126	-7	103	183	160	61	-74	-157	-123	28	151	146	62	-47	-158	-202	-112	16	130	126	47	-77	-125	-125
64	170	2	2	119	0	1953125	12	0.0	771	1.15	0	0	V0.2	0	0	194	286	425	482	522	520	475	399	348	284	276	302	333	354	326	301	201	107	49	163	341	448	579	660	704	718	711	623	560	456	455	490	586	697	806	890	949	919	910	896	798	728	694	718	716	790	912	989	962	951	1000	905	833	825	736	745	759	740	801	845	844	826	803	780	725	638	621	574	573	558	578	545	533	527	468	448	364	330	292	248	240	232	196	157	112
64	170	2	2	119	0	1953125	12	0.0	341	1.08	0	0	V0.2	0	0	53	63	4	66	14	79	59	39	43	55	67	28	50	43	85	22	54	49	70	64	56	58	129	41	116	59	112	127	35	108	96	124	171	40	224	273	332	452	314	312	339	173	115	66	317	383	415	588	565	509	743	904	999	761	530	745	682	748	771	664	792	689	544	432	216	288	344	247	283	213	205	246	112	119	105	119	140	53	90	103	93	99	47	92	90
64	170	2	2	119	0	1953125	12	0.0	384	1.09	0	0	V0.2	0	0	15	49	20	53	26	57	26	53	18	51	11	46	9	49	19	50	26	44	39	26	55	20	77	22	101	23	118	36	87	64	113	122	42	107	44	178	81	236	175	286	254	226	351	376	520	488	201	201	450	481	751	1000	763	680	595	674	453	182	493	781	933	654	497	304	317	308	178	217	152	216	117	103	85	97	100	43	69	52	88	50	82	51	65	43	51
64	170	2	2	119	0	1953125	12	0.0	524	1.11	0	0	V0.2	0	0	40	34	44	43	58	49	57	39	52	17	52	6	57	25	66	28	56	37	52	60	40	88	44	118	28	117	23	111	11	99	84	12	15	162	181	101	92	131	47	132	196	323	562	477	627	624	569	674	397	247	590	1000	852	835	667	696	860	644	523	584	948	859	778	457	282	279	197	215	120	218	80	124	46	152	77	113	82	120	114	91	106	67	95	67	89
64	170	2	2	119	0	1953125	12	0.0	487	1.10	0	0	V0.2	0	0	16	19	31	17	37	17	38	17	37	21	29	28	28	34	32	34	35	31	37	39	36	53	29	71	19	76	11	43	8	65	55	98	124	87	145	78	200	219	258	285	132	107	20	21	42	152	232	247	236	88	143	92	211	403	824	1000	815	658	456	476	411	316	268	211	299	226	172	108	50	78	27	75	51	95	41	76	63	65	58	47	66	42	54	37	50
64	170	2	2	119	0	1953125	12	0.0	602	1.12	0	0	V0.2	0	0	35	21	37	23	54	30	49	29	39	10	37	9	44	15	41	16	27	23	36	42	26	41	49	61	67	94	68	129	34	59	13	85	62	143	155	169	188	233	395	387	564	509	585	511	420	449	307	547	653	996	944	534	516	709	593	756	1000	934	892	611	303	234	322	375	263	329	218	173	99	60	70	57	67	69	96	18	60	13	48	10	44	23	24	9	36
64	170	2	2	119	0	1953125	12	0.0	21054	4.63	0	0	V0.2	0	0	15	21	34	19	25	31	26	20	16	13	16	18	2	21	27	13	16	14	14	11	21	45	32	31	34	11	41	101	62	73	12	76	66	131	101	95	25	131	276	263	256	199	361	229	432	413	232	674	695	797	786	891	377	203	695	1000	573	458	560	344	282	306	184	51	23	61	11	92	69	38	83	30	55	37	21	34	34	38	14	1	6	3	20	16	18
64	170	2	2	119	0	1953125	12	0.0	449	1.10	0	0	V0.2	0	0	150	235	330	401	400	415	388	326	277	221	214	237	270	275	262	241	177	80	55	135	255	364	458	523	599	574	542	523	435	398	357	385	469	543	642	716	752	766	757	706	621	642	550	518	612	594	760	647	1000	718	915	613	751	632	534	564	666	702	598	663	691	614	700	600	560	539	481	451	480	446	458	447	436	402	399	334	295	270	241	199	181	174	171	130	81
64	170	2	2	119	0	1953125	12	0.0	497	1.10	0	0	V0.2	0	0	29	18	39	35	42	42	41	40	36	24	46	19	56	16	58	19	53	41	49	57	28	74	18	93	21	110	56	117	82	77	87	98	192	183	328	264	324	311	278	327	353	550	523	546	453	361	378	223	556	792	1000	818	677	577	543	450	214	479	661	739	434	315	205	298	253	140	201	185	232	129	130	110	100	92	75	108	70	91	50	85	61	78	70	71	62
64	170	2	2	119	0	1953125	12	0.0	389	1.09	0	0	V0.2	0	0	42	25	66	7	83	21	75	22	65	27	65	31	77	31	77	38	72	54	63	87	60	106	84	101	104	79	132	75	144	92	193	222	177	234	148	295	235	340	351	324	408	308	366	245	330	440	583	771	570	492	551	663	732	255	688	887	1000	785	573	532	349	351	203	84	138	216	235	112	178	134	110	105	109	163	78	121	73	109	90	69	86	54	79	56	73
64	170	2	2	119	0	1953125	12	0.0	364	1.08	0	0	V0.2	0	0	31	38	57	35	70	26	68	27	57	39	50	61	55	64	53	61	58	59	66	68	73	87	64	106	72	135	69	168	127	211	192	175	237	187	296	205	342	310	298	256	135	224	198	288	227	445	619	635	606	327	432	432	798	901	952	945	952	1000	749	581	366	65	94	177	240	138	214	144	118	76	107	136	98	137	74	141	88	115	93	81	89	66	89	62	75
64	170	2	2	119	0	1953125	12	0.0	534	1.11	0	0	V0.2	0	0	38	24	53	43	60	43	59	33	52	10	65	26	63	38	66	43	62	52	57	56	45	58	63	54	102	94	124	128	73	133	91	130	112	295	205	262	169	436	496	578	631	644	859	839	780	659	784	942	900	1000	857	959	678	426	237	522	605	734	589	582	468	430	490	334	410	309	403	291	221	187	97	126	67	122	65	110	55	112	61	101	63	85	62	65	50
64	170	2	2	119	0	1953125	12	0.0	389	1.09	0	0	V0.2	0	0	30	41	11	51	3	52	5	48	16	49	20	51	20	51	17	56	34	46	46	40	56	35	69	73	72	101	70	142	88	102	95	117	175	111	169	142	170	209	58	77	77	170	123	244	328	339	446	283	310	329	574	909	1000	971	643	424	412	279	201	58	138	195	222	211	103	159	99	89	79	90	138	75	113	67	87	80	53	78	47	68	47	53	49	39	45
64	170	2	2	119	0	1953125	12	0.0	479	1.10	0	0	V0.2	0	0	47	27	78	12	88	10	82	17	65	47	66	64	53	66	48	73	53	60	63	47	77	45	107	48	141	104	171	158	112	164	134	184	123	329	321	395	352	326	432	338	432	373	761	916	876	668	214	449	548	926	886	1000	844	699	313	182	346	826	952	707	697	493	587	466	310	268	197	306	186	219	129	157	101	108	101	93	106	65	101	55	95	57	90	64	78
64	170	2	2	119	0	1953125	12	0.0	454	1.10	0	0	V0.2	0	0	59	19	77	36	79	41	78	43	71	33	83	37	83	25	85	34	79	56	62	85	47	118	50	148	83	159	148	155	167	60	150	145	282	264	360	444	316	408	382	710	731	797	849	691	802	574	391	277	478	775	819	685	289	397	278	541	483	801	975	1000	968	588	509	382	420	387	267	363	257	254	138	155	162	111	141	91	157	86	134	95	104	93	91	103	77
64	170	2	2	119	0	1953125	12	0.0	522	1.11	0	0	V0.2	0	0	10	19	27	22	35	25	25	27	23	24	14	28	8	32	3	30	6	20	18	8	36	1	57	12	68	38	43	25	39	2	66	101	76	128	43	74	48	66	21	108	143	64	21	233	351	290	257	174	166	252	292	377	453	707	896	1000	811	595	596	439	355	147	182	197	170	149	49	112	40	72	33	101	65	63	59	60	72	37	64	38	61	36	50	38	45
64	170	2	2	119	0	1953125	12	0.0	16176	3.80	0	0	V0.2	0	0	6	24	17	31	29	31	25	22	24	12	20	17	13	26	22	12	15	15	10	4	30	28	36	43	32	51	64	35	19	39	55	100	147	235	181	120	18	165	141	253	343	594	563	268	357	557	346	224	470	541	851	971	1000	885	519	637	967	681	268	103	228	213	213	156	134	166	108	91	89	31	94	29	28	16	37	10	32	11	20	21	15	23	4	7	12
64	170	2	2	119	0	1953125	12	0.0	594	1.12	0	0	V0.2	0	0	148	254	362	415	472	453	394	358	296	248	237	238	278	300	301	234	189	94	47	173	277	376	488	588	620	603	612	552	480	411	380	444	489	626	680	766	841	793	788	696	735	644	638	625	641	667	749	844	825	845	751	1000	799	596	678	525	650	694	737	740	707	738	697	641	618	580	526	511	490	478	498	475	482	418	419	399	323	283	222	230	227	196	157	132	94
64	170	2	2	119	0	1953125	12	0.0	807	1.16	0	0	V0.2	0	0	9	25	23	34	26	39	17	38	13	28	7	27	27	31	24	19	30	26	12	28	21	30	12	75	39	50	42	19	52	94	38	36	13	131	180	258	353	284	343	220	402	445	594	622	451	411	212	333	298	366	150	172	281	764	1000	911	685	310	288	369	319	391	360	196	270	246	277	200	136	157	61	72	46	97	15	66	28	46	7	52	25	37	26	41	26
64	170	2	2	119	0	1953125	12	0.0	687	1.14	0	0	V0.2	0	0	21	36	1	44	12	43	13	42	20	40	16	44	19	40	12	47	29	36	44	45	54	45	64	85	35	65	23	82	46	120	132	121	144	74	79	67	110	121	149	179	44	152	231	368	421	345	237	102	68	114	201	87	86	266	611	983	1000	790	590	415	414	277	199	217	211	241	129	156	147	135	131	81	133	84	74	57	72	79	47	74	56	57	38	51	53
64	170	2	2	119	0	1953125	12	0.0	354	1.08	0	0	V0.2	0	0	13	28	4	46	26	32	29	27	29	20	26	27	37	15	36	7	30	11	12	31	17	39	39	40	48	33	81	29	94	110	77	103	124	59	77	71	88	103	226	157	121	91	138	377	446	519	441	218	275	359	239	133	128	282	612	909	1000	682	456	422	286	243	88	148	177	130	156	83	71	112	48	74	31	82	81	36	67	42	66	54	26	54	39	49	35
64	170	2	2	119	0	1953125	12	0.0	712	1.14	0	0	V0.2	0	0	8	32	7	46	6	51	11	39	25	30	36	14	38	6	40	25	39	32	38	33	34	24	63	30	62	4	91	35	123	111	155	104	64	77	156	203	317	409	371	354	218	338	319	390	277	161	96	303	447	734	603	486	218	386	762	999	891	500	364	254	242	235	173	157	154	44	139	88	134	86	154	80	87	45	80	35	68	47	57	38	41	32	43	34	36
64	170	2	2	119	0	1953125	12	0.0	562	1.12	0	0	V0.2	0	0	38	39	23	55	13	57	4	54	9	45	10	40	19	49	18	54	24	36	30	10	46	15	65	41	55	41	61	77	62	136	95	61	61	71	61	65	214	184	290	218	87	217	257	425	465	381	300	135	190	404	581	568	615	550	475	930	1000	955	859	772	837	662	467	284	105	231	171	162	114	108	124	41	120	84	128	76	91	100	54	67	50	86	62	57	59
64	170	2	2	119	0	1953125	12	0.0	12155	3.11	0	0	V0.2	0	0	12	12	24	26	32	27	26	22	19	12	24	13	26	13	22	16	9	18	4	14	5	32	12	38	54	57	60	51	71	79	135	65	54	118	105	237	121	215	205	140	283	110	274	305	581	802	300	119	538	851	651	299	880	1000	263	896	766	566	517	195	287	309	329	273	197	87	13	41	64	74	72	21	55	33	42	18	11	11	5	33	25	14	31	2	10
64	170	2	2	119	0	1953125	12	0.0	379	1.08	0	0	V0.2	0	0	181	299	387	468	518	488	454	424	333	271	260	289	310	333	328	283	222	100	45	167	339	413	563	635	687	700	668	627	536	471	401	463	570	664	789	890	913	891	910	858	802	557	741	740	665	793	939	922	843	1000	909	922	785	837	757	689	737	661	975	712	948	640	807	811	654	619	592	564	521	587	524	572	523	468	476	415	328	333	279	249	234	221	188	156	119
64	170	2	2	119	0	1953125	12	0.0	481	1.10	0	0	V0.2	0	0	23	32	22	49	27	56	19	43	24	29	37	20	44	12	49	17	39	20	26	41	7	59	3	69	24	105	40	136	87	161	173	112	129	82	240	191	293	230	355	340	222	187	199	474	501	548	364	325	276	177	296	541	1000	941	699	592	355	48	282	280	148	259	253	322	185	55	45	123	120	65	123	62	104	18	81	37	54	35	51	48	35	44	23	40	34
64	170	2	2	119	0	1953125	12	0.0	487	1.10	0	0	V0.2	0	0	19	21	41	27	59	16	54	17	41	26	37	36	36	45	42	37	35	38	52	52	57	79	38	80	51	115	37	123	55	141	130	38	65	125	184	53	209	169	252	112	227	337	421	477	232	227	343	458	424	401	546	643	1000	862	223	416	764	809	707	712	579	707	641	361	245	105	249	155	132	115	121	132	50	119	63	114	42	97	70	68	66	52	68	45	67
64	170	1	2	119	0	1953125	12	0.0	371	1.08	0	0	V0.2	0	0	33	33	21	51	23	57	13	57	3	42	15	45	20	47	19	52	22	41	34	18	48	12	67	22	89	71	49	66	19	54	48	73	80	108	108	57	85	53	35	84	332	349	305	233	93	206	215	369	511	526	699	719	988	1000	389	323	592	731	647	583	545	546	633	409	281	184	192	251	142	168	121	152	136	59	104	56	100	46	76	72	60	70	41	60	38
64	170	2	2	119	0	1953125	12	0.0	506	1.11	0	0	V0.2	0	0	29	16	35	25	44	26	42	24	31	5	31	17	29	28	31	23	20	26	33	27	51	38	58	41	75	57	81	84	65	124	70	63	21	98	41	40	53	105	103	97	139	301	251	77	86	155	274	293	511	574	679	656	540	445	375	953	1000	900	675	623	678	559	499	177	150	157	223	143	87	115	42	57	53	90	36	74	46	84	38	61	34	57	45	50	37
64	170	2	2	119	0	1953125	12	0.0	14332	3.48	0	0	V0.2	0	0	15	15	27	36	22	30	26	22	16	15	17	14	21	26	13	10	18	7	11	15	36	15	48	20	52	17	47	47	9	105	124	58	23	68	135	182	280	187	323	153	122	145	170	129	436	513	224	414	517	751	477	184	877	918	704	1000	855	126	352	367	300	347	336	134	113	63	107	26	59	10	47	43	26	15	10	16	47	25	22	21	21	17	17	5	6
64	170	2	2	119	0	1953125	12	0.0	249	1.06	0	0	V0.2	0	0	156	263	386	431	486	475	422	393	305	265	244	272	299	335	303	256	203	105	42	148	275	413	520	614	651	644	609	581	524	427	405	445	487	622	711	849	827	892	818	828	670	682	630	666	612	750	814	837	875	896	1000	786	815	662	670	636	663	741	791	710	710	795	760	715	586	609	526	553	510	509	479	509	510	466	441	380	349	273	271	235	216	197	167	144	104
64	170	2	2	119	0	1953125	12	0.0	371	1.08	0	0	V0.2	0	0	15	46	27	61	41	68	39	58	20	52	11	59	26	62	38	70	31	49	38	36	53	47	82	47	92	55	81	65	84	125	222	189	263	235	266	324	213	242	145	384	413	600	440	263	204	289	269	220	568	759	1000	765	730	501	336	882	992	763	463	674	686	797	581	286	142	170	237	99	170	107	200	98	114	67	106	79	65	72	66	89	43	70	33	65	41
64	170	2	2	119	0	1953125	12	0.0	399	1.09	0	0	V0.2	0	0	41	26	49	48	57	54	53	52	44	31	53	13	60	8	72	26	66	36	40	61	24	84	33	105	72	84	57	82	33	144	196	186	261	183	314	331	292	275	275	507	514	651	512	377	445	387	396	221	566	776	1000	742	340	212	388	978	923	738	425	621	694	538	455	112	171	145	208	123	135	183	82	130	42	147	64	100	57	85	76	55	76	38	71	47	68
64	170	2	2	119	0	1953125	12	0.0	513	1.11	0	0	V0.2	0	0	14	37	8	52	15	49	14	52	18	47	30	38	39	34	43	26	47	40	34	48	36	60	36	79	68	59	57	53	42	81	90	136	181	135	288	236	299	185	314	383	423	454	262	246	229	347	212	302	336	400	462	178	562	863	1000	954	865	711	668	708	461	295	107	316	272	198	120	93	120	28	86	75	121	37	104	56	88	45	67	59	56	59	45	51	43
64	170	2	2	119	0	1953125	12	0.0	409	1.09	0	0	V0.2	0	0	8	33	23	40	43	29	43	24	35	24	25	33	27	41	33	32	32	31	37	39	36	60	20	68	26	91	10	101	81	161	187	133	190	149	173	180	140	278	254	318	202	68	61	95	185	187	378	307	274	187	91	452	790	1000	723	533	566	670	776	527	330	172	219	320	224	198	106	103	112	6	45	45	94	23	86	67	69	65	37	64	33	54	37	41	32
64	170	2	2	119	0	1953125	12	0.0	81	1.03	0	0	V0.2	0	0	30	66	21	72	48	63	57	45	57	39	54	49	67	40	76	20	67	46	59	79	50	100	107	77	162	38	200	147	162	188	88	152	187	147	232	83	395	441	618	703	454	466	357	425	565	416	451	275	472	891	972	1000	943	750	786	769	868	737	586	363	128	349	371	317	334	128	202	252	183	232	123	111	155	67	139	49	81	83	48	89	40	68	56	41	52
64	170	2	2	119	0	1953125	12	0.0	314	1.07	0	0	V0.2	0	0	27	24	56	32	72	34	61	35	37	39	10	52	5	58	15	43	21	28	23	53	47	80	68	95	75	112	76	121	99	148	218	131	195	69	97	177	189	277	579	532	674	557	479	442	215	309	325	673	684	811	797	1000	757	349	316	510	751	500	664	838	978	698	583	274	396	337	290	216	132	213	129	177	35	143	48	105	7	78	31	85	38	67	42	57	31
64	170	2	2	119	0	1953125	12	0.0	226	1.06	0	0	V0.2	0	0	36	20	42	40	41	54	28	50	26	38	32	30	45	36	49	43	37	43	40	40	54	35	88	18	98	12	100	75	57	64	37	40	48	112	70	233	220	141	199	119	29	128	199	219	415	453	349	497	541	560	358	36	163	408	740	528	554	630	877	1000	701	576	399	413	389	235	216	117	218	192	154	160	87	151	78	107	67	83	76	55	74	48	77	51	59
64	170	2	2	119	0	1953125	12	0.0	31069	6.35	0	0	V0.2	0	0	33	23	20	27	29	110	83	51	24	-4	-26	-54	-78	-96	-116	-127	-136	-145	-148	-142	-132	-122	-110	-98	-87	-71	-54	-30	-11	4	19	32	40	47	53	60	61	55	49	46	42	28	16	6	1	-8	-19	-29	-32	-35	-38	-34	-25	-22	-17	-9	1	12	25	32	42	57	69	76	85	92	90	88	86	80	66	56	35	15	0	-22	-46	-61	-81	-100	-112	-128	-146	-156	-166
64	170	2	2	119	0	1953125	12	0.0	11590	3.01	0	0	V0.2	0	0	170	297	365	450	483	473	436	374	324	258	267	288	286	324	303	264	176	93	61	165	301	410	540	603	663	647	643	576	487	441	411	426	550	644	743	790	894	874	876	771	703	645	650	593	716	797	833	925	1000	847	748	594	833	987	887	594	585	656	719	756	836	717	744	754	664	598	547	519	527	505	519	481	527	481	421	410	337	287	285	212	228	213	182	127	97
64	170	2	2	119	0	1953125	12	0.0	21007	4.62	0	0	V0.2	0	0	31	32	12	22	30	53	60	16	25	33	38	18	18	51	75	28	25	32	27	32	46	87	54	42	64	117	77	57	33	99	61	66	103	136	84	73	84	343	39	216	211	97	203	79	424	150	248	178	195	348	200	392	696	796	407	135	1000	730	222	537	475	298	13	114	141	60	132	46	68	100	80	100	73	29	68	90	56	50	28	11	5	27	50	33	3
64	170	2	2	119	0	1953125	12	0.0	20867	4.60	0	0	V0.2	0	0	61	66	97	96	112	153	83	110	65	102	63	51	118	74	125	103	69	65	65	81	98	119	189	92	188	121	309	55	200	90	220	266	25	301	64	334	186	280	158	449	639	410	489	229	457	551	492	562	254	1000	927	973	974	386	299	350	149	269	555	349	428	553	205	418	174	214	240	19	97	160	211	37	240	129	128	135	166	155	84	135	22	99	59	41	38
64	170	2	2	119	0	1953125	12	0.0	9001	2.56	0	0	V0.2	0	0	169	263	344	447	458	460	427	358	298	256	242	261	283	315	301	248	186	102	33	152	295	402	491	588	646	655	607	556	480	434	400	415	528	617	717	775	821	874	819	720	767	671	532	666	616	850	608	923	861	999	777	730	854	639	614	795	629	635	709	708	809	703	731	704	627	584	516	513	492	514	512	501	475	444	427	354	359	306	231	219	238	191	157	130	105
64	170	2	2	119	0	1953125	12	0.0	9222	2.60	0	0	V0.2	0	0	63	71	60	77	71	77	83	83	94	56	106	63	82	65	110	58	72	98	90	56	127	127	119	99	187	143	111	135	245	232	102	175	209	276	42	239	376	643	519	395	151	375	444	204	170	714	992	683	410	570	1000	798	291	541	881	642	310	657	834	713	188	273	358	331	64	165	77	122	125	151	45	171	156	83	78	99	51	138	198	128	64	113	159	75	81
64	170	2	2	119	0	1953125	12	0.0	9152	2.59	0	0	V0.2	0	0	30	51	77	62	75	80	48	32	89	95	58	21	97	74	41	15	88	53	21	105	95	74	58	152	151	41	123	165	193	64	230	268	154	75	141	278	211	440	432	420	340	228	388	250	181	375	557	341	256	758	973	1000	553	292	580	638	351	251	713	755	523	209	292	492	347	184	19	165	128	59	143	74	50	63	122	39	110	146	158	83	62	140	105	48	50
64	170	2	2	119	0	1953125	12	0.0	7190	2.25	0	0	V0.2	0	0	67	76	139	182	140	57	124	174	128	68	109	116	68	11	54	69	70	61	79	101	91	75	170	234	201	92	124	212	222	175	104	42	51	121	171	209	225	127	106	302	443	437	419	431	501	610	782	733	614	636	860	1000	883	734	785	904	869	892	781	691	737	762	730	543	447	466	491	423	302	174	166	196	165	87	57	71	40	57	123	167	172	150	133	157	166
64	170	2	2	119	0	1953125	12	0.0	6988	2.22	0	0	V0.2	0	0	33	35	44	45	79	22	76	17	70	13	64	33	72	11	74	34	57	28	20	39	43	28	39	73	29	94	71	61	88	95	189	162	109	176	25	158	93	287	290	147	159	55	228	191	255	272	121	257	183	384	389	310	492	591	957	1000	755	614	378	601	616	495	497	299	407	338	182	194	158	248	150	90	112	97	134	59	138	82	54	63	90	106	44	83	82
64	170	2	2	119	0	1953125	12	0.0	7226	2.26	0	0	V0.2	0	0	25	61	38	60	25	80	40	49	13	56	3	31	38	39	37	31	24	4	20	29	38	41	44	63	77	120	45	131	94	152	91	130	127	29	59	123	139	44	25	163	178	201	231	74	216	166	220	109	235	125	282	299	380	400	714	1000	826	577	311	618	594	436	374	334	350	105	124	106	135	24	88	13	118	84	102	34	78	64	38	39	58	45	44	63	39
64	170	1	2	119	0	1953125	12	0.0	8330	2.45	0	0	V0.2	0	0	31	58	49	33	84	29	69	57	17	57	72	22	46	47	19	44	32	23	31	26	55	13	129	25	110	109	66	130	128	110	134	234	422	259	240	107	201	211	199	215	208	466	492	461	241	326	405	637	800	728	922	521	257	679	509	294	734	929	836	1000	732	610	227	193	206	48	35	53	69	157	52	10	101	57	167	104	140	107	98	89	28	55	60	93	85
64	170	1	2	119	0	1953125	12	0.0	249	1.06	0	0	V0.2	0	0	125	212	279	340	377	363	337	279	247	204	202	205	238	254	224	217	143	87	53	117	240	303	382	468	520	506	490	462	417	333	335	331	442	460	534	676	684	664	554	642	662	629	356	579	563	403	732	645	1000	393	734	821	778	482	546	595	347	806	456	679	768	568	593	480	495	448	454	422	394	400	401	415	408	378	346	281	247	263	187	180	180	142	142	137	92
64	170	2	2	119	0	1953125	12	0.0	1648	1.30	0	0	V0.2	0	0	21	12	32	33	6	40	31	3	30	34	11	21	35	14	18	36	13	22	15	25	22	12	42	49	30	51	45	20	84	52	109	53	19	98	149	270	194	77	140	157	262	360	327	240	41	341	545	527	146	317	550	322	217	695	622	361	335	688	1000	791	418	108	201	123	80	116	90	87	78	73	99	47	23	72	60	53	43	33	50	35	32	49	28	31	40
64	170	2	2	119	0	1953125	12	0.0	1598	1.29	0	0	V0.2	0	0	31	22	21	41	58	5	21	37	54	4	16	48	42	21	33	49	35	26	58	56	6	43	62	86	51	86	59	88	42	137	128	28	113	198	301	197	141	96	110	212	318	403	248	55	199	331	333	60	373	531	601	418	339	499	358	243	632	1000	894	591	290	30	252	196	54	64	142	135	27	134	106	49	9	114	118	23	48	58	68	11	63	70	32	14	46
64	170	2	2	119	0	1953125	12	0.0	1568	1.29	0	0	V0.2	0	0	17	28	30	32	39	17	26	32	40	7	1	47	29	17	9	45	19	27	51	44	22	19	70	56	60	66	95	86	44	119	70	38	136	270	312	156	105	54	195	227	377	355	189	67	134	278	133	244	477	631	646	386	431	392	257	453	864	1000	769	516	180	131	165	76	81	135	163	48	116	109	79	28	87	112	41	50	44	70	21	57	63	37	24	42	50
64	170	2	2	119	0	1953125	12	0.0	1589	1.29	0	0	V0.2	0	0	9	28	37	27	42	26	46	23	35	20	13	43	29	26	3	49	20	24	47	44	33	4	75	48	67	51	113	78	66	125	60	44	161	340	338	169	96	164	251	338	514	428	301	105	153	272	275	504	615	790	676	445	442	277	193	582	961	1000	832	551	199	143	30	144	130	208	117	110	130	80	83	48	118	50	87	48	69	36	60	74	40	47	35	51	14
64	170	2	2	119	0	1953125	12	0.0	1618	1.30	0	0	V0.2	0	0	13	39	38	30	30	47	48	30	30	37	19	40	19	46	11	42	21	10	31	36	44	21	71	32	36	41	122	41	76	88	70	17	186	344	280	198	91	217	233	434	549	497	430	175	189	297	471	599	742	941	720	450	174	135	74	526	870	999	888	528	155	11	194	201	173	221	97	107	58	113	68	76	90	61	73	31	74	32	68	41	46	25	44	40	37
64	170	1	2	119	0	1953125	12	0.0	544	1.11	0	0	V0.2	0	0	26	53	56	31	62	29	52	82	30	33	21	49	74	31	73	62	2	46	72	96	67	101	93	46	128	90	112	191	145	34	73	148	232	398	458	318	270	378	277	353	591	592	537	566	497	250	145	437	610	893	1000	692	441	522	443	260	775	919	701	791	866	662	438	375	239	103	224	234	141	133	128	15	121	160	104	121	130	56	52	95	82	75	88	59	26
64	170	2	2	119	0	1953125	12	0.0	517	1.11	0	0	V0.2	0	0	36	11	51	16	71	27	63	25	49	2	54	16	59	25	68	15	55	45	60	74	36	99	15	106	14	148	64	127	125	60	69	101	265	227	329	288	278	380	198	382	403	627	560	518	469	249	401	333	649	718	927	943	957	884	143	612	649	576	445	758	999	732	540	221	255	291	200	225	117	203	96	98	89	124	111	71	126	71	97	50	87	67	67	73	56
64	170	2	2	119	0	1953125	12	0.0	534	1.11	0	0	V0.2	0	0	25	25	29	37	39	53	26	43	26	27	36	20	46	16	51	20	40	28	41	55	34	64	47	65	46	92	91	66	117	59	87	32	129	94	173	182	174	269	143	276	297	489	457	468	431	276	444	421	633	537	695	881	1000	874	153	429	487	463	451	649	808	640	546	234	222	235	226	207	108	178	66	87	44	127	73	81	84	73	86	44	80	47	73	55	59
64	170	2	2	119	0	1953125	12	0.0	464	1.10	0	0	V0.2	0	0	22	28	19	48	8	50	6	40	7	34	19	35	22	36	23	36	23	38	38	28	48	5	53	16	82	20	73	45	51	66	6	52	82	153	66	113	130	118	154	178	316	305	385	372	243	283	250	456	425	498	544	717	1000	763	336	236	311	314	413	469	442	518	391	248	148	131	215	130	142	104	104	96	26	75	45	82	28	70	51	48	49	39	54	35	52
64	170	2	2	119	0	1953125	12	0.0	414	1.09	0	0	V0.2	0	0	22	22	44	11	51	13	49	12	49	16	41	26	43	28	44	29	47	33	39	45	19	56	13	81	13	94	32	61	41	34	41	82	165	117	164	122	134	191	119	205	231	378	346	359	330	209	313	280	460	359	533	796	1000	993	506	191	142	275	379	375	440	415	496	327	184	144	136	187	90	130	102	105	87	45	80	48	78	38	76	58	57	55	40	51	40
64	170	2	2	119	0	1953125	12	0.0	409	1.09	0	0	V0.2	0	0	13	40	22	45	34	40	26	43	22	44	19	48	12	50	11	48	26	48	47	32	57	12	65	10	95	44	70	47	58	59	32	108	120	215	129	195	220	216	245	178	324	332	450	428	364	415	292	349	263	388	399	746	1000	906	571	196	39	115	325	258	428	424	413	375	161	166	128	154	116	81	124	56	81	16	87	38	67	46	67	65	46	59	35	53	40
64	170	2	2	119	0	1953125	12	0.0	411	1.09	0	0	V0.2	0	0	16	35	38	33	44	33	43	34	38	36	29	45	21	48	19	49	31	44	44	32	53	30	69	48	89	79	61	83	43	80	29	148	154	228	216	194	324	245	333	222	397	418	470	530	413	504	429	375	248	319	361	590	1000	917	603	313	179	192	89	139	316	392	302	299	178	92	140	76	104	27	109	67	50	36	60	63	30	55	34	64	35	51	33	38	36
64	170	2	2	119	0	1953125	12	0.0	1648	1.30	0	0	V0.2	0	0	14	35	6	44	43	19	50	29	24	36	30	16	49	27	14	43	17	25	27	33	26	11	67	23	20	84	17	66	51	45	93	63	199	199	224	35	172	385	439	524	568	513	265	408	652	759	758	524	378	219	170	572	992	1000	401	254	602	513	454	75	203	451	214	134	172	121	162	93	122	74	76	110	64	76	55	71	85	49	54	35	57	57	42	54	30
64	170	2	2	119	0	1953125	12	0.0	1648	1.30	0	0	V0.2	0	0	23	26	40	26	62	2	40	27	57	9	21	47	51	16	20	46	35	20	45	45	21	41	58	78	67	76	61	76	42	115	38	105	181	267	298	90	47	184	415	487	645	603	313	139	382	641	607	494	454	260	284	442	795	691	329	332	829	999	677	402	93	194	191	86	136	167	199	67	123	92	69	60	103	117	17	78	65	80	23	64	58	30	41	51	45
64	170	2	2	119	0	1953125	12	0.0	29098	6.01	0	0	V0.2	0	0	106	98	73	39	-16	29	21	16	17	17	19	17	15	19	20	21	15	17	15	13	10	13	19	15	16	16	9	10	10	11	16	17	23	26	25	20	16	18	16	12	20	24	26	27	26	24	24	31	31	27	25	24	23	21	23	17	19	22	16	18	18	16	24	28	26	19	17	17	9	8	7	14	11	8	8	1	0	5	9	16	14	11	11	11	15
64	170	2	2	119	0	1953125	12	0.0	239	1.06	0	0	V0.2	0	0	174	303	428	481	524	517	487	412	333	274	280	314	326	364	330	273	217	125	37	190	325	459	584	651	732	744	698	617	540	465	449	492	607	709	797	877	970	956	887	867	756	796	681	685	762	798	926	1000	977	916	853	953	986	819	602	835	722	875	661	855	881	822	842	695	755	661	606	587	576	570	557	546	545	500	469	451	372	335	284	272	233	215	200	157	116
64	170	2	2	119	0	1953125	12	0.0	264	1.06	0	0	V0.2	0	0	34	22	35	33	45	44	38	35	35	23	38	9	43	0	52	10	43	22	27	39	3	68	9	89	32	97	60	88	70	40	39	62	140	88	243	186	222	217	94	219	260	432	382	465	416	402	623	471	445	185	114	188	682	1000	853	578	429	746	659	518	479	197	116	91	246	130	115	111	129	147	23	79	22	94	20	77	36	71	55	43	54	36	58	35	57
64	170	2	2	119	0	1953125	12	0.0	241	1.06	0	0	V0.2	0	0	19	33	46	28	59	22	55	19	44	28	35	41	34	51	39	42	41	39	44	40	52	65	50	85	40	105	23	108	14	75	28	84	89	105	244	167	246	95	198	222	342	433	412	515	392	396	551	492	540	202	257	342	792	1000	829	461	286	612	538	417	353	93	162	165	273	129	148	133	139	149	33	101	31	95	35	75	46	59	60	39	61	30	59	32	49
64	170	2	2	119	0	1953125	12	0.0	171	1.05	0	0	V0.2	0	0	20	50	9	57	19	60	26	56	27	54	24	58	19	62	19	60	32	46	46	39	69	47	71	58	71	84	39	83	33	106	60	108	90	115	221	140	222	82	239	236	329	409	369	440	305	269	439	430	543	278	318	408	833	1000	769	385	278	542	464	366	330	84	147	150	265	152	165	160	144	183	77	122	66	105	83	68	83	48	81	44	70	47	55	51	43
64	170	2	2	119	0	1953125	12	0.0	194	1.05	0	0	V0.2	0	0	35	32	34	51	32	52	30	43	33	31	41	27	57	26	58	26	50	40	42	54	38	74	52	74	63	69	91	42	74	38	87	27	93	73	159	179	139	130	118	266	253	409	381	383	386	300	531	490	571	332	364	446	762	1000	714	430	448	655	616	424	349	82	131	134	250	142	169	150	145	168	65	116	46	117	59	92	64	74	77	49	68	39	66	40	56
64	170	2	2	119	0	1953125	12	0.0	194	1.05	0	0	V0.2	0	0	29	50	13	67	7	67	5	63	18	53	33	52	48	55	47	53	47	55	49	55	69	54	92	47	112	35	122	26	99	45	115	85	82	150	123	255	71	156	62	253	301	364	472	412	503	418	554	622	544	439	368	521	679	1000	695	455	554	754	832	435	313	131	148	140	194	178	106	193	122	172	90	102	88	95	102	60	94	57	97	55	78	58	64	57	60
64	170	2	2	119	0	1953125	12	0.0	1698	1.31	0	0	V0.2	0	0	30	20	49	18	26	57	23	23	45	32	9	33	51	22	42	43	10	19	28	42	47	12	59	49	20	70	44	13	69	52	54	120	84	132	118	102	140	229	283	323	324	516	405	305	284	634	1000	985	923	786	549	311	631	825	720	204	171	743	833	644	260	455	369	116	108	124	140	141	41	111	85	48	105	63	49	81	60	76	49	19	50	54	42	59	40
64	170	2	2	119	0	1953125	12	0.0	15145	3.62	0	0	V0.2	0	0	2	14	21	29	22	8	12	19	21	9	10	22	19	7	15	7	20	22	19	25	10	27	31	30	40	19	32	14	13	74	36	54	35	70	106	32	127	112	86	119	147	281	301	187	315	216	523	688	740	748	257	305	456	583	800	210	283	1000	650	348	103	52	64	136	26	63	71	71	33	22	22	12	30	54	53	26	10	33	27	24	23	15	10	5	23
64	170	2	2	119	0	1953125	12	0.0	13724	3.37	0	0	V0.2	0	0	61	128	127	72	171	200	106	107	118	56	95	94	56	104	132	96	34	29	47	49	125	183	178	127	155	276	279	151	90	189	190	92	119	311	365	194	135	374	438	366	198	48	335	569	685	512	290	538	730	497	154	203	171	282	611	791	698	541	810	1000	795	418	417	529	344	111	263	264	104	252	426	393	173	83	197	188	155	135	65	24	100	106	67	50	49
64	170	2	2	119	0	1953125	12	0.0	24659	5.25	0	0	V0.2	0	0	-382	-121	302	611	-11	140	12	-108	-151	-98	15	89	117	63	-59	-117	-95	21	117	193	225	116	-32	-128	-136	-62	49	109	87	-37	-160	-239	-157	-15	93	127	63	-86	-203	-213	-75	35	138	118	27	-75	-157	-189	-102	42	127	103	39	-23	-68	-70	31	107	142	154	96	-23	-88	-66	7	148	201	163	11	-109	-150	-77	53	159	165	114	-9	-91	-128	-42	74	126	121	14	-125
64	170	2	2	119	0	1953125	12	0.0	14887	3.57	0	0	V0.2	0	0	152	254	348	430	428	443	404	385	288	243	252	238	283	281	291	249	190	80	34	148	261	389	497	566	613	608	601	534	470	417	388	415	458	607	711	738	796	841	765	746	679	626	626	597	608	608	804	871	765	837	1000	750	644	661	653	650	615	747	640	752	668	704	729	659	584	531	553	490	487	482	506	460	446	422	432	382	312	255	250	232	211	197	142	138	104
64	170	2	2	119	0	1953125	12	0.0	16375	3.83	0	0	V0.2	0	0	22	72	88	108	97	71	94	103	72	37	32	96	89	9	83	83	41	66	41	73	12	61	192	138	102	120	127	183	68	160	230	44	84	258	187	424	163	273	295	112	465	67	430	232	104	473	363	844	913	725	409	540	379	772	747	1000	944	663	754	661	388	375	454	287	146	270	151	194	6	141	87	137	87	203	25	334	252	172	156	41	149	48	8	79	53
64	170	2	2	119	0	1953125	12	0.0	14402	3.49	0	0	V0.2	0	0	187	292	318	282	354	454	416	215	230	288	203	181	279	260	230	246	179	39	84	13	261	512	520	299	450	708	708	401	170	390	520	592	448	301	551	844	818	534	543	770	732	554	266	461	718	812	605	426	783	999	868	457	354	785	738	651	399	552	756	768	661	315	569	775	648	420	263	432	601	572	404	237	368	480	454	319	190	139	260	311	293	184	24	152	232
64	170	2	2	119	0	1953125	12	0.0	1673	1.31	0	0	V0.2	0	0	181	263	373	442	481	488	433	387	315	254	279	270	335	323	310	270	201	103	53	152	311	419	521	612	671	669	636	584	523	427	425	427	552	634	746	824	861	880	799	831	786	711	626	569	684	735	780	978	900	848	934	1000	833	554	615	729	720	686	843	719	744	865	726	712	612	567	560	546	531	531	541	526	499	475	432	373	335	314	253	244	240	190	182	173	93
64	170	2	2	119	0	1953125	12	0.0	32583	6.61	0	0	V0.2	0	0	18	-19	-48	-64	-34	-3	-1	-2	-5	-5	-5	-3	-4	-7	-2	1	-1	-5	-8	-5	-10	-7	-2	-3	-3	-1	2	2	2	-2	0	4	1	7	8	3	7	8	7	4	5	2	-5	-3	0	4	7	4	8	8	8	6	-1	-3	1	1	0	-5	-5	1	3	7	2	1	-2	-2	-2	-2	-2	-3	-1	0	-1	0	2	7	3	4	9	12	25	18	8	1	-4
64	170	2	2	119	0	1953125	12	0.0	14122	3.44	0	0	V0.2	0	0	172	281	358	442	489	479	412	367	312	262	247	254	307	328	287	245	190	106	49	186	275	424	510	587	670	665	619	567	499	443	388	499	540	620	703	823	853	863	845	763	720	807	446	754	716	695	871	740	983	826	1000	858	486	933	953	722	563	533	755	856	753	805	685	800	663	538	567	526	527	502	504	495	534	473	424	380	336	330	258	258	200	180	162	144	133
64	170	2	2	119	0	1953125	12	0.0	1625	1.30	0	0	V0.2	0	0	182	277	345	451	500	470	454	375	306	296	256	264	321	332	319	261	183	110	63	153	318	427	486	630	660	678	649	561	527	444	421	460	543	602	758	850	810	939	840	819	740	683	676	554	700	837	797	925	758	1000	930	876	635	834	820	637	585	737	700	828	855	709	759	694	700	622	545	505	513	543	537	532	513	458	428	402	334	337	263	227	220	216	170	145	103
64	170	2	2	119	0	1953125	12	0.0	1598	1.29	0	0	V0.2	0	0	54	24	42	14	78	54	47	30	48	18	55	31	55	25	62	23	25	34	63	62	22	85	31	60	29	167	106	50	67	139	146	86	276	285	254	171	141	264	425	698	685	639	456	303	481	693	931	920	1000	916	413	328	780	972	621	458	586	688	518	144	365	365	329	128	234	332	237	169	33	180	106	113	125	92	76	62	137	67	51	46	87	54	44	77	60
64	170	2	2	119	0	1953125	12	0.0	7167	2.25	0	0	V0.2	0	0	9	19	18	30	37	37	13	25	30	21	10	17	31	32	3	20	21	14	18	29	37	16	25	30	82	65	8	8	35	96	64	51	97	120	183	45	188	200	275	294	309	299	334	246	254	449	669	746	908	717	190	242	1000	969	833	645	529	529	264	347	241	167	67	94	118	65	72	70	71	27	49	43	23	32	54	27	33	13	35	17	42	25	9	9	19
64	170	2	2	119	0	1953125	12	0.0	364	1.08	0	0	V0.2	0	0	163	218	330	380	424	424	362	312	272	214	219	216	264	269	257	249	173	86	43	137	272	358	420	542	576	563	568	490	448	396	321	413	457	539	661	709	792	707	707	735	600	539	647	604	558	637	736	647	797	837	830	676	908	736	204	991	645	548	1000	731	715	512	718	634	554	569	435	426	441	469	496	430	415	407	377	372	286	239	225	208	211	175	152	99	99
64	170	2	2	119	0	1953125	12	0.0	339	1.08	0	0	V0.2	0	0	35	12	40	24	45	25	48	31	42	23	43	15	45	10	53	23	50	35	32	42	24	58	27	88	73	75	81	44	76	10	44	58	160	163	113	149	75	162	53	148	201	353	364	344	406	346	384	263	349	377	538	788	917	1000	724	487	427	240	250	62	106	101	258	237	182	180	52	107	53	63	45	74	82	34	66	28	75	34	63	46	52	56	39	48	32
64	170	2	2	119	0	1953125	12	0.0	336	1.08	0	0	V0.2	0	0	30	22	32	33	35	39	35	43	29	30	36	22	42	19	48	28	42	31	28	38	28	56	39	77	81	51	75	26	64	5	60	74	161	161	86	129	59	124	33	195	237	368	383	353	379	291	296	205	392	429	615	865	968	1000	718	506	413	121	131	97	121	138	265	212	183	156	32	95	31	76	31	90	71	52	60	45	71	31	63	36	58	46	45	41	32
64	170	2	2	119	0	1953125	12	0.0	389	1.09	0	0	V0.2	0	0	19	38	0	47	9	46	6	49	12	42	19	37	28	36	34	37	35	38	33	31	38	34	49	57	86	41	82	4	65	13	49	61	162	160	103	150	73	167	31	210	251	408	428	400	394	269	318	280	521	517	720	914	999	975	645	453	332	57	169	210	149	205	275	174	158	60	91	86	83	90	65	110	33	69	26	75	43	59	51	47	56	32	45	29	46
64	170	2	2	119	0	1953125	12	0.0	386	1.09	0	0	V0.2	0	0	31	32	19	45	19	46	23	49	21	39	28	33	37	32	41	37	38	39	33	35	40	39	55	57	96	29	82	2	67	20	60	83	151	188	87	157	94	161	71	221	273	368	463	390	367	302	268	330	468	571	638	923	1000	940	703	429	290	30	245	111	161	140	230	237	94	77	26	115	63	78	79	64	86	15	66	24	69	34	57	46	40	47	25	39	29
64	170	2	2	119	0	1953125	12	0.0	364	1.08	0	0	V0.2	0	0	26	10	40	8	43	8	48	3	42	10	37	17	37	22	42	27	45	27	29	34	16	50	21	86	23	90	22	68	37	39	44	93	174	123	159	108	113	147	65	144	233	363	341	367	321	210	273	266	462	421	655	806	1000	975	624	435	316	92	126	128	85	179	265	182	162	87	59	78	47	78	36	97	41	55	31	53	50	36	56	31	55	28	41	25	35
64	170	2	2	119	0	1953125	12	0.0	364	1.08	0	0	V0.2	0	0	16	31	23	35	29	40	32	39	30	35	20	40	10	46	16	47	25	37	33	18	46	15	74	42	92	69	58	55	42	56	36	139	139	195	157	93	173	68	126	103	295	309	385	386	246	284	200	372	375	526	559	776	1000	883	680	428	256	141	161	133	130	223	203	271	180	82	67	50	84	10	73	27	66	28	47	36	44	44	31	52	25	45	23	33	22
64	170	2	2	119	0	1953125	12	0.0	364	1.08	0	0	V0.2	0	0	28	36	17	44	22	44	21	47	17	38	24	29	33	25	40	33	37	38	27	27	33	42	49	65	101	31	86	18	84	21	75	114	177	240	112	187	132	177	108	175	262	362	435	327	302	254	308	358	467	517	565	869	986	1000	746	445	414	216	280	132	177	182	274	324	190	170	65	89	85	30	60	27	72	10	51	5	56	20	47	39	35	44	20	34	19
64	170	2	2	119	0	1953125	12	0.0	339	1.08	0	0	V0.2	0	0	31	8	39	20	48	20	51	24	37	14	39	4	45	6	49	16	45	23	19	38	10	65	17	100	65	73	58	70	76	26	83	107	221	222	162	201	119	244	94	185	251	427	425	306	300	204	329	262	428	401	521	707	842	1000	742	474	477	281	350	154	150	104	286	306	228	226	80	146	108	80	77	46	87	11	55	2	57	21	45	33	39	46	27	40	22
64	170	2	2	119	0	1953125	12	0.0	316	1.07	0	0	V0.2	0	0	23	34	23	52	23	63	10	55	13	40	27	36	37	37	46	44	33	34	30	40	49	55	87	55	120	16	108	31	101	24	114	169	194	284	152	254	183	213	178	229	393	427	473	298	262	273	284	354	375	459	406	660	830	1000	812	417	446	379	478	292	149	142	276	372	242	245	114	168	156	89	118	49	121	42	78	37	66	46	41	47	31	55	29	48	28
64	170	1	2	119	0	1953125	12	0.0	356	1.08	0	0	V0.2	0	0	26	36	25	49	32	46	36	44	23	30	30	18	38	14	46	13	39	19	13	29	8	55	5	109	47	101	58	104	87	39	72	119	263	220	261	231	218	301	95	223	281	478	364	307	272	189	392	187	362	432	606	547	825	1000	714	446	305	499	569	416	254	301	442	362	382	208	201	189	130	148	41	125	37	81	26	60	35	47	38	35	51	29	48	16	37
64	170	1	2	119	0	1953125	12	0.0	9270	2.61	0	0	V0.2	0	0	7	14	14	21	21	22	21	19	11	18	15	9	15	16	24	11	21	17	9	10	6	28	31	13	55	32	54	76	20	25	90	72	97	232	221	166	144	180	180	157	281	214	236	91	22	333	651	514	454	764	482	283	534	887	851	239	465	941	1000	761	333	459	333	371	162	148	92	75	70	40	48	45	23	35	58	8	40	9	22	16	3	13	18	11	15
64	170	1	2	119	0	1953125	12	0.0	9198	2.60	0	0	V0.2	0	0	34	34	68	4	73	13	56	8	78	36	49	25	71	27	51	23	56	20	37	70	28	55	17	105	60	67	38	73	32	121	185	90	64	141	290	276	36	195	212	282	89	297	411	286	171	412	736	697	442	204	156	226	150	465	783	1000	911	472	234	151	250	148	261	349	218	144	40	199	157	16	70	107	134	15	91	53	32	20	95	82	15	66	68	69	33
64	170	1	2	119	0	1953125	12	0.0	9300	2.62	0	0	V0.2	0	0	33	37	57	14	59	17	51	20	53	18	16	47	39	30	10	58	37	14	33	28	34	3	69	21	78	47	61	47	26	14	63	88	33	45	132	207	56	105	97	192	98	268	347	203	168	473	734	590	290	25	338	248	185	582	897	1000	754	390	193	118	224	287	385	208	89	66	173	106	61	104	77	77	24	63	18	65	39	54	27	74	41	31	50	60	29
64	170	1	2	119	0	1953125	12	0.0	17903	4.09	0	0	V0.2	0	0	2	10	23	32	37	13	7	35	29	7	9	41	30	6	11	26	23	5	24	55	3	9	4	97	53	37	60	17	65	61	104	74	64	75	169	69	78	64	29	122	245	142	270	190	360	100	700	446	339	365	536	241	226	589	1000	707	847	375	42	186	575	358	168	44	119	68	83	47	70	93	24	42	55	32	59	30	48	60	49	40	11	26	10	8	3
64	170	1	2	119	0	1953125	12	0.0	32776	6.64	0	0	V0.2	0	0	199	115	16	-50	-30	94	81	-6	-31	-108	-119	-89	31	121	101	18	-62	-124	-135	-95	-35	14	-25	-157	-224	-205	-148	-52	33	63	-4	-59	-111	-55	-13	49	116	163	114	13	-43	-14	70	132	181	161	116	38	-55	-17	56	105	122	85	61	1	-41	-34	26	50	65	4	-114	-220	-257	-172	-14	118	92	-12	-138	-173	-129	-11	80	93	48	-22	-87	-145	-117	-15	90	175	157
64	170	2	2	119	0	1953125	12	0.0	20364	4.51	0	0	V0.2	0	0	186	265	380	463	498	479	450	392	325	247	265	282	298	342	327	279	180	90	38	194	302	428	552	601	650	667	644	603	515	431	429	483	518	681	706	807	902	876	916	783	714	778	553	693	731	717	894	850	909	905	887	826	1000	850	564	630	643	955	716	733	825	758	779	698	650	628	571	536	528	542	525	512	475	511	465	382	370	286	283	239	226	175	175	169	122
64	170	2	2	119	0	1953125	12	0.0	20023	4.46	0	0	V0.2	0	0	31	59	84	105	106	88	99	103	47	78	69	59	92	42	87	32	64	38	32	66	8	139	137	111	201	85	142	140	167	155	37	149	208	124	154	279	132	217	336	60	271	300	66	183	273	216	171	570	577	641	1000	758	340	443	344	769	825	492	214	190	384	389	142	54	190	286	173	105	94	88	192	54	197	200	24	121	82	113	79	36	20	53	88	12	67
64	170	2	2	119	0	1953125	12	0.0	514	1.11	0	0	V0.2	0	0	174	275	366	461	477	454	433	357	314	247	230	267	282	310	298	276	189	110	46	156	272	429	520	611	617	657	627	591	504	453	392	450	502	657	757	783	799	883	809	809	802	598	698	601	693	733	790	863	838	918	859	1000	735	684	667	742	778	464	777	722	845	828	747	710	631	572	538	537	527	495	505	511	522	475	429	384	339	327	228	233	229	193	172	143	106
64	170	2	2	119	0	1953125	12	0.0	344	1.08	0	0	V0.2	0	0	38	18	47	44	41	52	34	49	29	45	32	44	34	45	28	43	25	39	32	28	61	8	70	18	88	27	115	88	84	94	21	121	116	136	204	182	304	156	187	176	330	426	331	436	490	581	813	617	548	275	287	393	590	1000	949	773	611	530	559	226	48	84	239	253	212	275	173	205	187	68	125	44	109	55	59	62	40	64	28	74	40	57	55	52	53
64	170	2	2	119	0	1953125	12	0.0	319	1.07	0	0	V0.2	0	0	33	13	62	17	66	18	68	8	59	9	57	15	46	26	50	24	48	27	40	52	20	69	31	101	17	114	28	167	83	89	74	93	190	100	267	202	287	227	127	251	325	499	368	458	537	628	910	729	651	321	370	379	592	968	1000	859	581	673	665	315	268	142	129	145	274	193	225	245	132	176	57	130	69	85	71	60	69	47	79	30	72	38	67	49	57
64	170	2	2	119	0	1953125	12	0.0	9791	2.70	0	0	V0.2	0	0	8	17	16	23	34	22	28	23	17	15	15	18	16	19	20	15	15	10	6	13	11	20	37	38	33	43	30	94	40	48	34	38	58	126	142	152	91	149	149	207	159	261	194	98	230	364	859	766	554	164	14	225	408	957	1000	546	111	508	496	106	64	262	86	140	77	53	47	89	8	48	66	30	47	15	47	9	6	24	9	32	1	21	15	8	8
64	170	2	2	119	0	1953125	12	0.0	15978	3.76	0	0	V0.2	0	0	11	8	27	47	30	25	22	37	16	30	17	31	17	29	13	32	15	27	6	26	41	28	27	61	63	81	23	51	46	42	86	131	45	31	84	144	81	89	156	77	42	241	351	79	178	167	242	374	23	278	103	393	1000	473	623	173	543	784	598	546	201	233	167	251	191	167	119	86	77	39	70	25	50	43	53	61	61	16	64	37	35	23	44	19	15
64	170	1	2	119	0	1953125	12	0.0	21059	4.63	0	0	V0.2	0	0	36	8	64	101	101	54	45	55	51	49	7	66	18	49	71	40	20	42	65	69	23	64	109	113	118	119	104	69	96	129	102	94	226	132	284	295	128	334	134	300	466	564	214	72	463	268	344	583	338	467	621	807	1000	523	664	775	233	566	425	384	352	116	245	298	167	40	66	86	95	127	72	91	110	102	80	7	102	96	56	52	120	31	32	49	5
64	170	2	2	119	0	1953125	12	0.0	14035	3.43	0	0	V0.2	0	0	176	275	361	443	473	459	421	369	275	244	262	277	281	323	287	276	177	108	47	147	290	412	529	590	623	643	636	563	497	427	381	458	497	669	694	812	817	887	789	782	748	675	530	699	637	796	768	889	782	999	844	673	847	758	632	815	643	631	701	734	735	794	738	684	663	599	534	536	496	490	489	498	508	477	399	395	350	308	251	228	207	192	163	142	120
64	170	2	2	119	0	1953125	12	0.0	26082	5.50	0	0	V0.2	0	0	128	261	266	75	-120	-195	-202	-134	7	84	92	-16	-167	-273	-294	-208	-102	-15	-14	-54	-184	-288	-284	-154	-6	37	4	-94	-189	-147	-63	96	199	260	236	144	60	30	134	279	326	341	251	131	64	52	122	182	226	211	111	-15	-165	-174	-87	33	95	71	-44	-176	-286	-301	-231	-105	-49	-120	-192	-258	-268	-233	-120	-16	7	-35	-120	-183	-183	-117	48	178	228	137	32	-20	34
64	170	2	2	119	0	1953125	12	0.0	7346	2.28	0	0	V0.2	0	0	185	290	402	492	516	474	469	425	326	274	288	289	330	350	303	273	218	113	64	186	303	449	566	641	704	677	667	619	544	461	437	457	569	698	788	866	911	903	938	823	764	693	685	650	783	810	864	945	917	847	1000	898	848	854	643	771	683	817	811	730	788	834	789	774	678	636	628	565	538	545	525	538	552	513	443	395	411	303	285	237	252	200	211	134	95
64	170	2	2	119	0	1953125	12	0.0	9125	2.59	0	0	V0.2	0	0	5	8	42	35	39	46	9	47	25	20	15	25	37	28	12	32	17	31	17	47	16	22	87	36	100	22	57	37	80	81	72	102	212	164	241	196	213	425	235	135	180	302	386	317	67	187	200	163	254	450	384	334	610	459	296	758	1000	779	798	770	800	796	351	180	77	64	49	97	165	46	32	90	27	52	61	43	3	54	28	49	15	25	24	51	81
64	170	2	2	119	0	1953125	12	0.0	19246	4.32	0	0	V0.2	0	0	34	36	31	9	34	44	48	17	19	45	44	25	32	56	33	48	26	27	60	25	56	49	48	5	16	92	75	68	28	77	73	202	135	152	147	197	91	202	225	219	334	354	87	215	82	197	245	171	136	246	302	363	187	342	466	550	746	1000	729	863	448	570	335	135	126	68	42	30	44	75	98	76	55	7	46	39	53	33	43	32	32	40	14	80	35
64	170	2	2	119	0	1953125	12	0.0	7542	2.31	0	0	V0.2	0	0	189	295	413	477	514	519	468	392	302	266	259	299	327	340	341	277	223	110	68	185	288	456	558	648	718	704	664	627	557	483	440	486	572	678	767	863	975	915	895	917	736	779	699	609	759	804	839	999	998	899	977	970	895	742	754	647	819	673	884	865	737	883	798	746	699	652	608	565	541	566	564	571	520	493	470	442	375	324	274	236	246	218	177	181	140
64	170	2	2	119	0	1953125	12	0.0	7615	2.33	0	0	V0.2	0	0	19	23	38	39	61	24	55	25	53	34	49	48	53	45	53	43	57	35	39	53	15	50	37	70	27	55	41	75	73	56	105	191	180	131	220	121	158	192	95	64	153	143	315	369	232	223	106	246	117	361	521	619	653	271	414	721	980	1000	623	365	292	417	395	143	133	67	122	33	115	104	69	66	51	76	28	77	28	67	29	67	53	31	37	56	68
64	170	2	2	119	0	1953125	12	0.0	11549	3.00	0	0	V0.2	0	0	13	19	2	38	36	52	39	25	35	10	16	23	37	34	25	17	17	21	15	15	22	22	47	48	35	70	17	71	41	27	37	123	149	96	100	94	61	200	133	33	280	346	43	470	414	144	215	301	207	352	357	439	705	418	559	735	1000	974	391	269	104	269	89	64	57	21	21	18	92	83	47	41	73	12	13	14	16	21	43	9	24	22	27	5	25
64	170	2	2	119	0	1953125	12	0.0	17601	4.04	0	0	V0.2	0	0	8	34	44	64	57	56	37	68	74	11	41	63	49	14	21	79	54	45	9	20	27	34	82	105	92	73	77	111	173	68	84	148	58	17	111	319	144	177	351	100	345	688	291	282	323	881	395	193	351	494	749	537	521	998	1000	835	654	445	494	313	581	69	43	9	64	86	148	68	73	68	105	79	38	34	84	121	72	84	54	68	31	16	36	28	20
64	170	2	2	119	0	1953125	12	0.0	11516	3.00	0	0	V0.2	0	0	164	312	409	492	508	515	468	420	325	270	292	298	319	352	345	283	222	91	43	162	309	469	563	675	678	728	691	621	543	472	442	476	567	686	794	869	956	977	889	839	802	682	736	607	800	846	943	820	950	960	1000	965	749	929	724	684	653	783	809	865	902	771	812	716	732	617	587	588	591	542	566	554	515	526	480	395	371	318	296	259	220	229	203	170	89
64	170	2	2	119	0	1953125	12	0.0	32338	6.57	0	0	V0.2	0	0	-193	-160	-65	81	173	80	59	97	86	79	48	6	-89	-171	-197	-192	-159	-210	-214	-284	-319	-369	-348	-267	-215	-203	-182	-190	-194	-221	-178	-100	-9	113	117	99	79	39	86	199	287	304	289	274	198	190	236	264	275	260	195	116	59	77	89	125	115	21	-99	-186	-228	-238	-203	-167	-174	-197	-224	-298	-367	-368	-278	-204	-171	-167	-210	-252	-233	-175	-39	97	190	190	171	104	109
64	170	2	2	119	0	1953125	12	0.0	20288	4.50	0	0	V0.2	0	0	172	286	366	444	466	468	427	370	316	241	238	277	286	309	325	250	199	89	58	138	296	411	509	595	633	657	642	581	492	416	416	435	535	662	702	794	853	835	823	865	710	608	602	725	605	868	723	776	951	1000	836	722	751	787	833	687	623	608	680	743	908	784	696	670	669	565	575	539	488	486	513	533	487	455	452	388	332	299	264	227	231	183	162	152	97
64	170	2	2	119	0	1953125	12	0.0	21039	4.63	0	0	V0.2	0	0	66	54	67	89	78	116	99	71	51	55	79	27	47	108	53	80	23	48	39	89	53	116	62	175	65	172	144	64	129	106	192	147	220	177	367	154	290	209	354	527	421	357	92	554	308	404	469	467	450	1000	713	710	436	381	815	604	686	380	365	178	726	347	240	263	471	53	136	175	100	261	153	201	113	149	140	222	114	150	55	23	120	82	103	38	60
64	170	2	2	119	0	1953125	12	0.0	416	1.09	0	0	V0.2	0	0	182	279	359	440	488	445	409	372	311	248	265	285	272	317	300	260	182	85	48	159	297	438	507	579	646	635	648	561	475	426	396	446	520	651	722	784	900	862	756	785	763	597	592	678	705	721	749	921	811	1000	897	711	758	711	637	683	876	532	816	688	761	739	700	702	643	569	561	557	493	510	521	510	474	446	434	362	346	281	265	252	217	198	183	152	86
64	170	2	2	119	0	1953125	12	0.0	369	1.08	0	0	V0.2	0	0	36	48	29	73	22	77	18	65	15	56	30	52	40	50	43	54	42	50	47	54	82	25	96	23	102	34	115	39	164	102	106	126	109	267	181	385	312	424	462	370	554	493	622	538	678	759	670	762	482	551	317	121	186	426	1000	926	758	534	519	470	208	252	185	362	235	311	277	165	193	58	159	79	145	106	92	100	58	103	48	94	54	82	61	62	66
64	170	2	2	119	0	1953125	12	0.0	371	1.08	0	0	V0.2	0	0	16	59	7	76	28	75	27	64	12	63	12	61	17	61	22	60	29	52	45	43	84	9	95	17	106	32	126	52	173	119	142	173	149	303	226	449	369	495	499	453	610	570	732	663	887	945	879	1000	757	855	589	408	395	349	819	756	589	321	444	333	61	47	212	193	179	274	152	195	117	98	114	84	151	55	128	42	103	61	65	63	56	71	43	74	52
64	170	1	2	119	0	1953125	12	0.0	11664	3.02	0	0	V0.2	0	0	17	11	17	18	19	27	20	21	20	8	14	10	18	14	20	14	17	13	8	3	12	25	29	41	31	36	34	66	26	113	78	50	35	89	224	257	312	132	237	251	362	514	504	418	583	431	566	704	879	782	442	307	542	651	986	999	771	373	222	117	172	249	254	243	148	106	31	3	19	14	65	27	40	55	20	43	21	22	13	12	1	20	3	17	17
64	170	1	2	119	0	1953125	12	0.0	146	1.04	0	0	V0.2	0	0	140	222	322	409	397	388	364	319	265	198	225	238	247	259	259	237	177	87	60	135	225	344	458	547	532	545	522	515	439	381	340	377	422	533	648	705	741	695	758	586	752	596	448	519	526	741	700	697	877	600	855	625	1000	244	671	486	808	709	489	558	690	720	609	593	544	494	504	462	448	428	422	419	437	429	351	314	312	242	230	207	202	161	129	126	97
64	170	1	2	119	0	1953125	12	0.0	144	1.04	0	0	V0.2	0	0	16	53	45	53	62	49	59	42	48	51	33	64	29	69	27	67	39	54	50	35	78	46	102	69	121	109	119	141	64	156	130	208	150	158	255	267	431	244	371	235	340	307	376	453	592	761	642	848	861	1000	882	633	762	437	300	44	168	354	378	517	453	568	397	431	334	216	224	71	123	28	133	66	97	78	72	83	38	77	22	66	26	58	32	54	48
64	170	2	2	119	0	1953125	12	0.0	11560	3.00	0	0	V0.2	0	0	14	12	18	30	19	22	26	20	12	16	7	16	11	15	15	20	4	15	8	19	8	20	33	12	46	10	42	65	20	98	85	113	7	2	144	241	322	251	138	70	156	177	348	260	494	493	144	442	647	999	696	336	553	318	364	860	976	823	580	481	438	305	245	197	103	97	7	58	26	51	36	33	33	44	15	35	10	12	12	17	13	13	21	4	14
64	170	2	2	119	0	1953125	12	0.0	304	1.07	0	0	V0.2	0	0	188	273	370	445	455	466	461	354	287	274	251	247	303	316	327	252	187	80	33	152	303	431	526	580	631	668	647	586	493	415	399	435	560	653	745	763	773	947	961	676	737	563	728	708	726	718	692	925	985	1000	737	846	745	915	611	819	716	528	807	851	897	657	653	727	709	616	530	503	481	556	531	526	490	430	436	383	342	351	256	196	216	218	170	162	74
64	170	2	2	119	0	1953125	12	0.0	196	1.05	0	0	V0.2	0	0	24	44	5	54	16	49	19	43	15	42	13	49	17	53	13	52	27	40	40	34	62	44	64	62	46	73	16	76	10	81	42	62	81	59	182	97	56	111	92	46	111	123	216	279	218	174	262	193	402	316	268	113	340	705	1000	970	718	792	734	611	538	306	262	134	207	167	163	190	140	187	114	124	102	85	107	63	96	51	78	60	62	65	53	65	47
64	170	2	2	119	0	1953125	12	0.0	6793	2.19	0	0	V0.2	0	0	8	7	11	12	15	14	15	10	7	9	4	7	9	6	13	8	9	6	3	6	10	17	12	11	25	8	48	20	32	32	8	25	43	76	160	116	61	85	66	114	100	188	182	193	196	164	365	429	528	433	293	207	240	755	1000	664	168	340	282	215	220	91	50	71	36	40	34	27	12	34	10	28	26	9	15	18	14	8	14	7	5	10	3	10	0
64	170	2	2	119	0	1953125	12	0.0	146	1.04	0	0	V0.2	0	0	136	229	288	336	364	378	332	284	230	204	212	219	222	245	253	221	133	66	23	114	246	344	411	467	490	515	503	449	364	331	302	364	451	481	570	583	793	600	643	599	645	429	607	524	407	632	477	1000	389	907	519	907	556	747	641	696	804	315	825	476	812	523	534	505	516	505	444	418	356	426	396	405	399	352	309	308	267	247	215	162	167	160	136	122	89
64	170	2	2	119	0	1953125	12	0.0	149	1.05	0	0	V0.2	0	0	10	38	24	42	31	47	31	45	26	45	19	48	11	53	13	55	25	45	45	34	64	20	72	27	82	40	82	65	70	104	54	115	74	104	151	52	104	185	254	169	283	259	419	391	289	207	62	327	361	484	291	484	596	949	1000	636	537	650	632	612	446	370	98	120	74	163	120	134	149	83	127	38	67	21	67	34	39	33	28	42	16	40	13	33	14
64	170	2	2	119	0	1953125	12	0.0	6870	2.20	0	0	V0.2	0	0	4	16	14	16	16	23	10	17	15	6	19	6	14	16	14	10	11	3	7	7	7	21	13	33	25	32	43	19	35	32	30	26	18	109	148	139	108	35	89	198	248	359	369	337	251	121	183	253	441	361	213	94	487	970	999	495	408	599	246	343	410	226	92	10	120	54	100	33	58	65	28	30	28	20	11	5	33	3	20	9	11	13	11	5	1
64	170	2	2	119	0	1953125	12	0.0	6913	2.21	0	0	V0.2	0	0	51	21	78	6	80	28	95	14	65	16	56	25	39	47	45	29	15	29	18	4	57	29	85	25	100	38	144	76	133	122	138	210	103	224	152	324	289	277	243	171	333	384	562	433	528	523	431	518	292	399	162	444	397	598	652	883	1000	732	521	234	620	606	477	383	256	356	149	224	178	241	170	121	144	36	74	97	130	28	101	68	95	56	113	95	88
64	170	2	2	119	0	1953125	12	0.0	7232	2.26	0	0	V0.2	0	0	27	50	20	59	36	64	35	44	37	17	39	16	38	35	34	43	24	28	27	17	55	24	81	52	104	61	116	104	161	137	219	154	220	163	198	158	138	91	168	137	176	105	73	88	326	355	426	426	407	450	246	391	562	750	740	1000	958	824	520	385	557	452	371	87	177	59	60	6	54	112	85	75	95	62	78	48	93	30	50	36	59	18	68	41	35
64	170	2	2	119	0	1953125	12	0.0	10816	2.88	0	0	V0.2	0	0	20	33	23	31	36	26	25	32	8	15	10	15	14	21	28	43	25	21	24	30	17	13	91	53	31	106	104	11	30	63	125	35	316	288	482	238	150	355	357	191	304	231	302	28	67	212	248	294	358	390	586	947	925	569	999	879	434	736	701	231	296	301	313	85	122	74	90	30	31	76	62	54	96	81	28	39	86	112	4	47	31	21	25	21	14
64	170	2	2	119	0	1953125	12	0.0	29944	6.16	0	0	V0.2	0	0	-24	-102	-155	-145	-5	-69	-96	-100	-105	-93	-79	-54	-33	-37	-79	-103	-77	-18	28	57	56	85	75	51	34	76	139	220	243	227	182	174	170	195	208	211	164	119	90	61	41	54	62	35	-17	-90	-119	-115	-82	-70	-84	-101	-122	-173	-210	-178	-120	-95	-107	-104	-85	-90	-87	-58	-6	22	54	76	95	87	83	94	134	151	170	166	157	166	175	201	243	231	193	132	88
64	170	2	2	119	0	1953125	12	0.0	11358	2.97	0	0	V0.2	0	0	166	251	334	417	434	433	408	353	281	242	219	262	287	272	288	225	207	79	52	140	270	376	489	554	595	589	589	534	485	432	377	418	479	581	696	731	763	768	791	815	686	581	620	648	627	649	693	740	815	1000	856	741	731	763	630	603	479	723	676	748	724	730	676	682	602	556	499	482	479	465	477	473	476	461	411	361	317	281	250	200	198	168	198	120	98
64	170	2	2	119	0	1953125	12	0.0	19257	4.32	0	0	V0.2	0	0	36	36	27	20	25	62	43	14	18	30	32	12	19	44	42	26	14	22	40	58	58	58	62	35	14	120	89	58	88	63	72	133	147	38	148	144	249	318	254	106	276	427	534	41	390	589	341	583	351	522	348	247	1000	602	262	356	462	73	213	229	264	42	162	175	74	16	73	107	46	93	73	73	21	31	55	58	42	36	10	4	11	48	12	11	15
64	170	2	2	119	0	1953125	12	0.0	6890	2.20	0	0	V0.2	0	0	166	248	348	397	427	432	387	342	262	240	226	237	270	289	266	228	179	86	57	140	266	377	475	524	592	593	580	534	455	421	364	422	483	576	669	699	784	762	752	744	736	585	562	684	615	566	783	693	707	908	872	1000	582	775	575	550	504	655	753	687	814	727	648	619	579	519	517	463	472	470	485	474	462	451	405	317	317	277	226	220	201	173	160	152	102
64	170	2	2	119	0	1953125	12	0.0	289	1.07	0	0	V0.2	0	0	138	210	292	331	352	357	330	287	225	209	206	200	240	241	234	192	144	79	33	114	223	328	397	452	485	492	476	456	423	307	291	335	372	522	567	628	594	745	696	620	435	551	467	322	695	708	585	376	909	719	705	740	544	1000	351	941	528	417	624	679	636	448	608	528	557	451	427	377	364	410	396	391	373	348	334	307	259	258	183	158	161	168	134	108	74
64	170	2	2	119	0	1953125	12	0.0	309	1.07	0	0	V0.2	0	0	28	18	45	14	54	15	55	16	53	23	40	31	35	41	39	44	41	37	42	35	32	42	50	66	51	76	43	66	37	83	58	136	125	195	232	208	310	174	276	240	356	276	266	392	420	547	393	189	85	105	214	300	591	817	999	938	950	734	397	305	108	56	134	175	119	182	127	110	117	58	110	64	138	82	120	86	80	80	59	76	43	70	47	64	52
64	170	2	2	119	0	1953125	12	0.0	456	1.10	0	0	V0.2	0	0	34	41	36	54	47	60	47	54	42	29	49	8	60	4	59	6	45	17	29	53	51	91	38	109	23	103	30	101	14	62	37	111	54	185	135	393	419	453	435	410	534	389	491	512	808	951	796	652	321	460	260	213	478	999	957	990	949	741	551	153	88	272	443	386	468	299	298	258	176	196	118	194	68	127	30	86	15	80	40	84	61	66	56	54	56
64	170	2	2	119	0	1953125	12	0.0	461	1.10	0	0	V0.2	0	0	16	39	18	48	22	59	12	56	3	43	17	38	27	40	27	35	17	21	24	44	52	47	83	22	89	30	54	36	58	20	95	66	128	88	214	316	286	402	239	378	324	264	277	335	603	628	569	388	111	237	245	237	607	1000	940	871	784	681	595	226	276	315	539	464	425	378	229	270	145	144	105	104	104	37	67	36	71	30	83	46	71	52	53	47	40
64	170	2	2	119	0	1953125	12	0.0	294	1.07	0	0	V0.2	0	0	13	33	25	38	41	33	45	28	46	25	37	32	38	31	42	28	44	24	27	34	16	61	11	90	32	101	84	66	90	42	79	51	80	149	106	152	89	34	64	53	49	139	211	134	141	154	97	94	202	341	416	650	751	926	999	768	708	627	484	340	254	397	355	429	351	278	288	193	209	151	124	154	93	134	68	97	75	62	69	49	73	48	68	59	60
64	170	2	2	119	0	1953125	12	0.0	224	1.06	0	0	V0.2	0	0	38	11	52	26	53	36	44	25	42	19	45	13	52	9	52	14	46	30	40	63	39	66	50	71	72	47	56	47	83	36	111	70	114	129	36	128	135	268	137	224	207	323	373	166	99	102	242	198	345	483	624	815	811	1000	960	743	652	489	445	161	307	319	421	382	268	301	189	223	170	119	145	90	149	70	120	75	93	82	61	77	43	73	44	66	51
64	170	2	2	119	0	1953125	12	0.0	11532	3.00	0	0	V0.2	0	0	8	25	20	31	30	30	28	26	16	17	15	14	20	12	19	17	10	21	13	11	23	31	40	25	35	36	70	21	58	96	152	157	71	35	121	183	263	314	208	103	323	392	514	166	233	546	547	268	476	924	999	743	167	463	585	325	600	900	570	117	231	345	319	240	48	122	24	51	35	48	14	38	33	55	4	31	31	13	28	9	17	12	22	12	11
64	170	2	2	119	0	1953125	12	0.0	24316	5.19	0	0	V0.2	0	0	-34	-183	-172	-33	72	133	-131	-55	-6	61	123	137	150	158	194	231	300	362	382	305	300	300	322	332	327	273	180	126	82	156	179	152	125	-13	-182	-262	-274	-252	-153	-106	-135	-202	-259	-346	-342	-322	-290	-260	-234	-247	-260	-224	-157	-121	-64	-30	5	-43	-19	97	165	203	228	242	232	208	254	297	396	404	382	340	273	199	143	143	154	105	91	28	-43	-98	-170	-192	-208
64	170	2	2	119	0	1953125	12	0.0	11644	3.02	0	0	V0.2	0	0	152	285	389	444	497	477	440	383	309	273	255	270	310	322	319	268	196	100	51	173	289	431	533	625	644	672	621	573	498	448	409	449	530	613	773	828	857	850	880	812	703	631	661	620	703	773	792	894	917	1000	672	881	846	724	664	808	553	665	818	778	741	767	713	738	666	591	557	518	521	547	514	489	489	494	446	379	340	315	247	240	230	197	174	136	111
64	170	2	2	119	0	1953125	12	0.0	7465	2.30	0	0	V0.2	0	0	171	280	369	448	457	451	435	349	288	269	233	258	304	337	304	256	191	110	63	193	266	412	498	601	642	668	624	561	502	458	391	452	533	601	726	794	824	928	899	695	772	591	693	666	680	664	790	970	1000	889	700	857	826	732	844	625	623	595	919	675	830	640	733	769	689	597	501	491	529	560	525	476	462	470	436	413	351	282	250	222	248	197	172	129	99
64	170	2	2	119	0	1953125	12	0.0	274	1.07	0	0	V0.2	0	0	137	216	296	331	378	376	341	304	236	225	190	194	230	266	246	200	143	77	42	130	254	325	399	452	531	503	512	418	417	360	294	400	446	442	588	567	716	722	684	587	682	452	507	589	514	623	501	662	982	565	529	1000	301	777	651	215	784	350	816	813	587	521	549	604	540	503	416	394	404	422	420	398	379	357	342	342	270	229	198	176	165	188	139	95	86
64	170	2	2	119	0	1953125	12	0.0	11546	3.00	0	0	V0.2	0	0	11	13	28	25	38	35	29	29	21	24	16	22	19	30	21	17	19	6	3	2	37	24	54	45	51	60	21	14	57	38	104	47	75	124	184	128	33	69	260	279	309	237	195	435	409	384	415	416	145	163	262	295	882	1000	818	519	337	417	616	386	531	450	315	260	105	158	39	101	27	86	32	16	48	27	15	35	8	36	15	25	16	22	6	12	11
64	170	2	2	119	0	1953125	12	0.0	114	1.04	0	0	V0.2	0	0	165	254	366	424	445	451	408	359	281	257	252	257	286	304	300	265	157	91	44	154	271	421	497	554	616	626	617	538	463	418	373	415	524	599	725	720	819	834	822	760	639	684	519	652	680	772	595	845	1000	754	912	707	760	621	874	553	770	427	850	741	833	633	650	692	657	592	504	473	482	496	502	510	461	417	419	346	341	299	240	225	195	202	170	140	94
64	170	2	2	119	0	1953125	12	0.0	94	1.04	0	0	V0.2	0	0	54	49	52	75	44	84	36	77	42	62	51	43	65	43	69	45	67	61	56	68	57	95	87	101	98	111	137	99	178	105	231	196	221	275	173	334	223	417	341	453	484	562	705	634	696	472	586	649	573	425	406	757	868	1000	667	632	744	723	621	330	363	205	125	119	249	288	194	261	159	231	162	144	139	101	143	74	133	61	111	72	87	76	69	78	57
64	170	2	2	119	0	1953125	12	0.0	91	1.04	0	0	V0.2	0	0	23	65	34	75	51	70	51	65	41	61	19	68	16	75	15	72	32	63	52	32	81	22	124	25	131	27	159	97	137	146	162	248	165	247	216	274	288	281	425	304	495	466	603	640	482	422	309	599	337	355	249	703	943	1000	936	741	892	705	555	415	266	278	26	169	150	290	199	220	217	152	209	82	160	64	135	85	100	92	70	97	56	91	52	79	48
64	170	2	2	119	0	1953125	12	0.0	18242	4.15	0	0	V0.2	0	0	11	5	21	22	29	23	27	16	22	10	14	13	20	18	26	15	8	17	10	19	15	21	34	10	63	8	77	33	43	49	91	111	26	45	160	109	144	55	183	252	362	416	318	362	284	132	275	404	226	335	395	433	849	941	549	575	1000	988	561	117	125	109	101	134	109	126	82	80	77	29	61	27	31	16	40	10	14	18	10	20	21	15	10	11	10
64	170	2	2	119	0	1953125	12	0.0	497	1.10	0	0	V0.2	0	0	180	278	373	455	490	482	449	393	301	283	278	266	306	331	308	286	195	91	62	170	286	427	534	623	648	697	629	602	509	464	420	406	523	665	804	839	869	843	827	875	723	700	624	598	734	734	880	906	870	916	1000	727	903	549	798	689	828	606	677	870	790	790	715	680	650	644	594	543	493	535	526	524	513	465	429	406	337	317	276	243	216	214	163	151	111
64	170	2	2	119	0	1953125	12	0.0	9457	2.64	0	0	V0.2	0	0	14	13	20	17	26	20	14	23	9	14	7	12	10	9	16	16	12	15	9	15	3	20	23	46	28	49	17	25	49	23	131	44	48	128	178	263	295	222	267	245	396	521	481	206	213	196	211	486	749	677	593	130	622	1000	720	629	640	440	102	348	172	174	74	194	142	117	89	18	31	73	4	19	62	15	39	21	31	19	10	14	10	9	15	3	6
64	170	2	2	119	0	1953125	12	0.0	9331	2.62	0	0	V0.2	0	0	6	29	19	41	39	49	36	32	34	26	26	27	31	23	30	24	10	19	20	27	42	29	41	27	92	63	44	68	46	49	89	200	199	104	105	90	304	255	241	181	201	371	414	436	309	250	351	342	327	51	419	513	397	229	437	873	1000	963	753	467	317	288	318	197	34	112	21	42	33	114	75	55	56	25	39	65	79	24	70	56	65	43	46	82	55
64	170	2	2	119	0	1953125	12	0.0	24844	5.28	0	0	V0.2	0	0	161	260	274	130	-77	-163	-99	-110	-101	-101	-89	-98	-99	-101	-103	-88	-69	-56	-33	-14	-8	4	14	20	35	67	80	79	87	97	101	108	129	135	130	127	103	98	90	71	63	54	42	7	-7	-26	-44	-50	-54	-67	-75	-96	-115	-126	-117	-120	-127	-116	-104	-116	-113	-102	-82	-67	-42	-22	-8	2	-5	2	8	29	43	68	95	116	128	131	123	130	128	118	110	110	105
64	170	2	2	119	0	1953125	12	0.0	7596	2.32	0	0	V0.2	0	0	163	272	373	451	472	477	432	384	319	262	249	285	279	325	313	276	207	67	40	159	298	415	529	576	679	667	648	572	507	433	404	447	533	637	720	848	853	870	856	819	704	636	646	633	644	848	854	772	888	1000	781	778	901	736	778	571	673	749	725	690	830	788	722	737	634	615	547	520	516	523	498	515	516	463	438	433	324	280	259	239	222	199	190	142	102
64	170	2	2	119	0	1953125	12	0.0	21	1.02	0	0	V0.2	0	0	132	226	307	387	398	390	361	323	269	232	212	243	237	247	269	266	151	85	37	113	239	374	428	505	527	540	543	516	446	349	340	380	448	499	593	625	804	687	698	817	640	476	546	524	588	585	650	829	940	643	947	417	966	643	268	536	999	950	476	896	520	803	596	533	522	439	496	467	399	451	458	450	426	401	362	301	271	241	228	195	182	167	151	147	111
64	170	2	2	119	0	1953125	12	0.0	24	1.02	0	0	V0.2	0	0	21	58	20	68	31	67	29	62	17	54	15	62	25	71	32	73	38	64	56	49	85	40	121	25	145	52	172	93	149	151	184	260	164	228	152	318	335	389	393	318	510	552	695	510	389	315	226	398	152	136	233	456	673	976	875	824	999	826	845	704	662	506	204	198	114	228	140	216	168	209	213	152	194	95	161	88	128	85	93	87	69	85	59	85	62
64	170	2	2	119	0	1953125	12	0.0	0	1.02	0	0	V0.2	0	0	34	64	11	77	16	79	18	78	25	76	38	83	42	87	42	88	49	77	73	66	109	59	139	53	159	91	171	126	135	170	165	257	178	212	196	280	390	333	422	285	483	518	598	505	326	283	139	333	134	111	98	390	688	905	920	833	1000	840	792	746	596	520	200	175	83	187	168	162	201	146	229	139	195	127	147	139	116	136	79	114	76	96	74	83	78
64	170	2	2	119	0	1953125	12	0.0	24	1.02	0	0	V0.2	0	0	37	23	65	7	74	6	67	8	59	25	48	46	45	56	50	59	56	54	57	53	71	77	84	99	94	139	104	163	91	182	166	233	211	167	240	231	424	317	424	307	448	527	537	498	318	257	168	330	227	121	70	406	797	948	998	886	1000	863	776	720	514	423	121	123	69	197	162	177	204	167	228	131	185	107	147	113	113	106	80	102	67	97	64	85	67
64	170	2	2	119	0	1953125	12	0.0	21	1.02	0	0	V0.2	0	0	23	58	20	66	31	63	28	62	22	61	25	71	29	74	33	77	43	66	61	52	92	48	125	41	144	68	165	105	135	145	164	241	157	216	156	286	322	351	375	260	412	414	538	464	370	327	149	336	195	189	124	313	596	898	903	875	1000	794	791	625	554	414	142	142	41	169	106	177	147	168	189	130	183	89	148	95	132	99	93	97	70	92	62	87	66
64	170	2	2	119	0	1953125	12	0.0	44	1.03	0	0	V0.2	0	0	15	46	27	56	39	54	39	48	27	45	11	51	13	58	17	61	30	53	46	33	67	26	98	16	112	29	141	70	123	106	147	199	133	201	111	267	231	342	310	275	375	391	529	452	446	371	164	262	119	153	97	275	530	891	862	940	1000	827	782	568	563	358	174	120	87	136	115	186	120	201	145	159	142	102	124	79	117	61	96	63	83	68	73	72	64
64	170	2	2	119	0	1953125	12	0.0	116	1.04	0	0	V0.2	0	0	35	2	49	12	61	12	62	12	54	11	48	14	41	23	41	30	37	30	35	37	30	41	47	57	48	53	61	84	44	92	52	132	94	149	139	174	196	224	321	227	344	305	419	467	413	387	139	191	74	144	66	446	643	861	878	900	1000	736	676	500	413	313	61	42	113	181	120	195	128	160	138	94	111	53	98	44	82	29	72	42	62	47	51	46	37
64	170	2	2	119	0	1953125	12	0.0	25152	5.34	0	0	V0.2	0	0	-26	-32	-31	-32	-16	216	168	111	50	-9	-66	-121	-171	-213	-258	-292	-322	-336	-345	-341	-339	-326	-301	-281	-247	-208	-165	-118	-71	-21	29	77	119	156	190	217	243	263	271	272	262	252	237	212	182	156	124	91	52	20	-13	-39	-68	-94	-121	-143	-161	-171	-183	-174	-167	-157	-140	-129	-113	-93	-72	-49	-25	-5	12	26	37	47	59	69	81	81	73	84	85	67	49	35	18
64	170	2	2	119	0	1953125	12	0.0	35366	7.09	0	0	V0.2	0	0	17	172	171	34	81	120	145	84	18	10	-14	-4	25	61	80	101	23	-58	-116	-70	17	81	68	1	-78	-153	-119	-56	29	76	45	-7	-82	-107	-57	21	69	38	6	-19	-54	-65	-55	27	92	114	90	20	-36	-69	-26	34	95	90	55	-4	-31	-17	35	63	62	16	-43	-74	-90	-43	3	30	41	-17	-88	-137	-142	-111	-18	38	33	-9	-94	-143	-109	-43	25	100	109
64	170	2	2	119	0	1953125	12	0.0	27138	5.68	0	0	V0.2	0	0	13	15	14	12	1	-2	0	2	2	7	6	10	8	8	7	4	5	6	3	1	2	3	1	0	3	4	6	9	8	7	4	5	5	7	7	3	3	7	4	1	2	-1	-4	0	2	1	1	6	10	8	7	9	9	-1	-3	-1	-1	2	4	1	-6	-7	-2	-1	4	3	3	2	0	-1	-4	-1	2	3	1	4	3	2	0	1	0	3	1	4	2
64	170	2	2	119	0	1953125	12	0.0	19804	4.42	0	0	V0.2	0	0	178	275	372	474	498	492	450	383	325	261	242	291	307	344	307	303	219	95	52	179	295	443	559	626	679	693	631	599	536	442	433	461	558	666	753	811	891	922	898	831	772	641	682	708	637	778	815	999	898	933	931	806	878	684	864	548	656	838	818	759	772	772	755	762	664	634	580	539	552	539	537	508	517	476	469	431	346	293	274	243	241	208	192	156	91
64	170	2	2	119	0	1953125	12	0.0	33606	6.79	0	0	V0.2	0	0	-443	-190	216	505	498	213	30	-183	-184	-53	133	273	282	150	-59	-238	-194	-14	173	240	205	53	-190	-313	-261	-64	118	198	110	-13	-193	-282	-237	-17	159	175	52	-128	-297	-355	-224	-12	219	228	64	-139	-292	-264	-105	115	256	231	108	-39	-151	-111	23	248	342	274	114	-76	-141	-119	37	211	315	182	-44	-227	-233	-85	129	264	249	9	-262	-398	-353	-143	151	286	253	12	-217
64	170	2	2	119	0	1953125	12	0.0	19929	4.44	0	0	V0.2	0	0	170	283	360	462	448	473	431	374	300	245	254	261	285	307	300	277	186	82	56	159	282	412	506	610	630	651	615	557	509	441	375	434	521	636	738	802	787	871	841	806	714	657	548	639	726	650	894	836	999	789	861	719	902	519	790	885	545	629	789	610	859	739	722	687	647	588	573	521	478	509	497	511	486	472	433	370	334	297	258	250	188	215	175	141	104
64	170	2	2	119	0	1953125	12	0.0	19840	4.42	0	0	V0.2	0	0	26	61	79	138	154	81	87	109	118	29	59	85	78	92	29	97	40	68	68	40	93	60	140	139	238	183	113	152	129	225	122	220	169	354	418	87	400	79	454	250	355	487	104	181	55	343	533	540	454	888	1000	503	572	528	161	130	506	566	169	290	209	230	136	282	294	44	186	80	301	184	99	110	156	221	22	191	71	111	88	62	90	30	49	38	72
64	170	2	2	119	0	1953125	12	0.0	13485	3.33	0	0	V0.2	0	0	189	295	380	464	496	477	480	394	322	274	250	294	293	316	337	289	192	110	43	185	306	441	539	630	649	695	669	620	527	444	413	474	542	692	730	871	866	924	882	826	806	606	705	694	722	788	677	985	958	960	883	1000	841	747	640	736	609	836	735	848	808	799	775	680	675	632	585	565	527	549	534	527	508	516	445	387	385	303	276	251	210	203	187	160	121
64	170	2	2	119	0	1953125	12	0.0	19927	4.44	0	0	V0.2	0	0	34	45	24	27	57	46	37	38	12	15	36	26	21	48	31	27	9	18	23	28	52	50	31	107	67	31	41	22	116	70	55	59	102	250	95	62	220	118	78	73	150	416	313	150	105	628	203	170	345	870	1000	255	376	937	686	401	807	549	745	367	106	201	229	210	192	122	43	76	59	123	57	57	17	70	19	169	84	49	48	26	20	12	26	39	20
64	170	2	2	119	0	1953125	12	0.0	524	1.11	0	0	V0.2	0	0	173	291	382	437	482	496	438	368	339	268	259	269	331	322	322	274	199	98	32	169	315	432	536	625	671	680	648	580	542	425	414	485	538	624	760	840	892	929	830	835	733	676	645	658	702	825	727	922	1000	831	949	905	842	751	588	780	595	807	736	860	792	753	748	692	640	644	598	538	525	512	540	548	509	485	412	381	396	306	248	257	210	222	151	192	103
64	170	2	2	119	0	1953125	12	0.0	329	1.08	0	0	V0.2	0	0	16	42	10	49	25	53	30	46	28	39	25	44	22	48	31	40	36	28	37	39	21	50	29	86	10	94	26	90	77	32	91	49	99	50	94	206	133	200	24	180	152	153	253	212	331	291	140	178	352	731	777	894	830	831	1000	835	511	254	222	405	300	325	259	224	289	171	160	96	46	78	51	110	30	98	57	59	53	46	74	37	64	49	48	49	28
64	170	2	2	119	0	1953125	12	0.0	186	1.05	0	0	V0.2	0	0	20	36	48	27	55	22	57	16	52	24	48	27	48	29	52	27	60	36	42	55	31	89	33	87	59	82	83	43	68	33	90	44	104	91	118	146	29	129	82	266	198	122	229	247	363	342	151	191	327	649	653	797	709	817	1000	887	692	366	291	390	317	376	206	284	253	285	308	178	194	128	115	120	56	112	49	108	55	81	68	54	71	42	66	39	61
64	170	2	2	119	0	1953125	12	0.0	89	1.03	0	0	V0.2	0	0	43	18	51	36	56	52	46	52	42	40	44	29	50	30	52	32	42	40	38	49	52	39	60	49	85	34	84	38	129	69	106	110	131	237	121	192	59	224	244	269	309	143	249	334	339	381	115	252	279	547	536	674	694	773	1000	943	796	503	410	460	340	352	150	211	166	267	282	201	254	162	190	158	114	132	72	127	69	110	72	80	83	61	77	49	65
64	170	2	2	119	0	1953125	12	0.0	66	1.03	0	0	V0.2	0	0	25	60	11	72	26	68	30	59	18	54	13	57	16	62	14	60	23	49	44	33	69	16	100	13	114	15	125	71	133	128	122	196	166	280	217	236	190	258	368	289	377	210	290	397	370	409	146	309	294	518	497	587	605	685	953	1000	967	624	530	488	406	377	155	204	118	268	229	222	249	161	235	137	180	117	119	114	92	118	67	102	67	91	69	78	70
64	170	2	2	119	0	1953125	12	0.0	39	1.03	0	0	V0.2	0	0	22	53	9	68	21	67	24	57	18	53	13	54	21	61	24	63	36	57	52	42	73	30	108	28	122	26	135	85	138	139	137	205	170	270	206	246	213	281	377	318	413	275	354	440	407	413	179	300	251	435	406	474	515	677	942	1000	984	646	594	502	445	396	196	215	96	232	187	223	226	175	232	139	193	115	137	114	115	119	81	108	71	97	72	87	74
64	170	2	2	119	0	1953125	12	0.0	41	1.03	0	0	V0.2	0	0	18	52	32	59	45	55	44	49	33	49	19	57	13	68	16	65	29	56	54	38	78	26	112	40	119	42	131	102	126	146	129	209	162	249	205	231	227	275	396	324	444	323	400	491	430	442	194	237	164	329	332	377	469	688	943	1000	999	655	624	526	479	429	218	218	57	188	135	191	186	161	215	127	193	98	138	95	112	103	77	98	63	93	60	87	67
64	170	2	2	119	0	1953125	12	0.0	39	1.03	0	0	V0.2	0	0	23	42	45	44	58	39	55	33	43	37	25	48	18	59	17	56	29	49	47	32	66	24	95	46	101	56	107	107	100	138	105	186	145	209	191	205	233	259	402	340	463	366	424	513	437	447	236	208	162	273	343	342	489	690	932	984	1000	672	632	565	491	449	223	211	62	174	132	172	182	148	207	123	185	99	131	95	104	102	72	96	60	90	58	83	64
64	170	1	2	119	0	1953125	12	0.0	19	1.02	0	0	V0.2	0	0	24	51	5	63	14	61	13	55	7	48	19	53	31	59	35	62	40	56	49	46	73	46	110	36	124	34	143	80	136	121	140	184	134	216	135	240	208	326	373	354	448	361	449	449	428	418	190	195	101	254	254	346	437	697	840	965	1000	691	675	548	540	432	231	219	55	161	106	172	151	156	192	134	189	98	142	90	116	101	85	98	66	90	63	86	67
64	170	1	2	119	0	1953125	12	0.0	16	1.02	0	0	V0.2	0	0	21	53	26	58	31	59	31	57	27	59	26	68	33	74	33	75	47	68	64	55	91	49	121	55	130	64	139	113	126	144	130	197	139	196	161	220	251	299	391	325	437	369	446	469	417	410	212	240	150	246	250	340	471	703	826	928	1000	721	697	571	533	433	230	226	68	154	106	166	153	154	190	133	186	100	143	95	122	101	86	95	69	95	64	84	67
64	170	1	2	119	0	1953125	12	0.0	21	1.02	0	0	V0.2	0	0	19	51	15	60	26	60	23	54	15	51	19	59	29	68	32	69	40	62	55	46	80	42	113	35	127	44	143	89	127	124	131	182	118	190	127	225	216	316	346	314	422	377	480	450	440	411	220	284	150	237	213	257	375	660	731	897	1000	783	792	629	619	444	265	255	96	181	108	179	139	177	183	149	189	102	153	88	131	91	100	93	78	93	65	88	69
64	170	1	2	119	0	1953125	12	0.0	19	1.02	0	0	V0.2	0	0	18	45	37	48	49	45	48	43	39	45	23	56	21	67	24	66	40	61	58	44	78	44	105	60	111	74	123	121	101	143	117	189	137	159	162	178	251	255	358	274	424	412	498	513	446	443	301	365	289	239	269	213	443	646	755	832	1000	830	843	728	628	511	262	272	139	202	150	161	175	156	213	139	198	113	152	116	120	110	83	102	70	96	67	90	74
64	170	1	2	119	0	1953125	12	0.0	21	1.02	0	0	V0.2	0	0	22	53	33	56	43	53	42	51	35	53	27	68	31	75	33	78	49	70	65	53	89	52	119	64	126	82	137	126	115	153	130	199	143	172	167	191	258	267	358	275	423	416	517	523	469	470	345	438	359	310	309	240	447	642	739	814	1000	853	866	726	626	495	259	278	154	214	157	165	175	158	209	138	196	117	157	116	127	117	95	112	77	100	70	93	76
64	170	1	2	119	0	1953125	12	0.0	19	1.02	0	0	V0.2	0	0	21	44	39	49	52	47	51	45	44	48	31	60	27	69	30	73	49	68	66	54	87	57	112	74	116	92	128	138	111	163	135	203	163	170	191	173	268	244	360	275	422	427	516	548	491	496	391	472	418	344	370	219	435	606	728	799	1000	870	874	753	636	527	280	292	178	218	177	162	188	156	219	143	200	126	154	125	120	120	91	113	77	102	75	95	79
64	170	1	2	119	0	1953125	12	0.0	16	1.02	0	0	V0.2	0	0	24	48	42	49	55	45	53	45	42	49	31	64	31	77	37	79	54	71	71	57	89	64	117	84	122	105	132	151	113	172	137	208	171	170	206	168	274	233	368	274	429	440	536	592	529	528	422	512	478	397	434	193	400	573	715	787	1000	872	891	789	676	568	306	320	205	230	190	158	191	149	222	143	200	128	158	131	127	129	93	119	81	105	77	95	82
64	170	1	2	119	0	1953125	12	0.0	19	1.02	0	0	V0.2	0	0	24	59	18	71	26	73	29	67	27	62	24	66	34	72	41	80	56	79	72	64	98	58	134	53	147	59	171	111	162	155	171	229	159	233	167	251	232	319	349	321	437	451	617	582	614	557	447	601	479	543	428	322	358	650	676	840	1000	902	917	762	790	555	376	344	211	281	172	218	164	210	207	185	212	133	182	110	157	108	121	106	96	104	83	102	84
64	170	1	2	119	0	1953125	12	0.0	19	1.02	0	0	V0.2	0	0	34	68	44	72	56	73	58	70	50	74	45	87	46	101	54	104	72	97	95	84	123	82	155	98	160	117	174	172	158	206	184	271	213	239	248	228	319	282	424	310	466	484	650	692	644	644	521	721	670	671	655	431	466	604	738	781	1000	863	911	793	789	657	378	386	245	310	241	220	225	177	245	165	231	140	184	145	154	146	115	138	96	121	87	110	94
64	170	1	2	119	0	1953125	12	0.0	69	1.03	0	0	V0.2	0	0	45	15	67	3	78	2	77	8	70	27	57	37	49	49	45	52	51	52	61	55	67	67	80	96	75	92	84	125	77	148	113	203	163	175	202	151	238	203	351	244	416	427	612	641	560	536	374	570	463	447	362	239	437	757	847	814	1000	839	882	729	735	602	307	293	145	251	156	210	157	186	193	144	181	85	145	70	124	70	96	75	77	77	69	82	66
64	170	1	2	119	0	1953125	12	0.0	71	1.03	0	0	V0.2	0	0	19	53	18	68	32	65	34	57	27	53	14	57	19	65	24	65	33	58	52	36	70	24	102	19	111	25	134	77	126	123	138	205	134	199	132	203	198	244	284	206	338	340	509	463	366	287	137	363	224	239	56	425	647	961	1000	851	955	776	758	597	535	454	162	166	69	198	138	182	159	150	186	104	156	69	125	75	92	72	65	76	49	74	48	71	48
64	170	1	2	119	0	1953125	12	0.0	20629	4.56	0	0	V0.2	0	0	5	19	36	31	48	30	42	30	36	23	31	24	30	23	30	23	32	5	14	11	38	29	53	56	75	51	72	36	54	32	57	99	85	74	42	30	287	199	307	72	279	250	389	306	96	631	539	543	744	866	929	745	886	772	1000	135	590	685	460	347	178	165	329	407	194	133	74	28	65	46	22	63	54	49	24	37	35	20	15	18	16	19	24	18	14
