34928	35048	35167	35286	35405	35524	35644	35763	35882	36001	36120	36240	36359	36478	36597	36716	36836	36955	37074	37193	37313	37432	37551	37670	37789	37909	38028	38147	38266	38385	38505	38624	38743	38862	38981	39101	39220	39339	39458	39577	39697	39816	39935	40054	40174	40293	40412	40531	40650	40770	40889	41008	41127	41246	41366	41485	41604	41723	41842	41962	42081	42200	42319	42439	42558	42677	42796	42915	43035	43154	43273	43392	43511	43631	43750	43869	43988	44107	44227	44346	44465	44584	44703	44823	44942
64	170	1	2	119	0	1953125	12	0.0	0	0.97	0	0	V0.2	0	0	35	69	42	69	50	67	57	67	64	66	69	69	71	74	74	79	76	86	82	89	87	91	94	85	102	81	112	75	115	69	116	70	116	100	124	154	139	215	190	275	266	349	357	428	431	523	538	616	669	709	787	854	921	965	1000	882	836	654	537	387	312	197	189	122	136	129	124	146	119	152	121	151	124	144	123	130	121	114	119	104	111	94	99	87	87
64	170	1	2	119	0	1953125	12	0.0	0	0.97	0	0	V0.2	0	0	61	49	58	57	56	63	56	68	57	71	62	73	67	75	72	77	77	82	80	89	81	96	77	102	74	109	69	111	73	105	83	105	94	99	117	119	185	141	244	217	282	315	354	384	472	464	508	598	593	680	757	813	871	1000	857	911	806	618	520	380	246	241	138	147	124	113	142	108	148	113	146	117	139	121	128	120	114	117	102	108	91	100	84	88	77
64	170	1	2	119	0	1953125	12	0.0	0	0.97	0	0	V0.2	0	0	61	49	58	57	56	63	56	68	57	71	62	73	67	75	72	77	77	82	80	89	81	96	77	102	74	109	69	111	73	105	83	105	94	99	117	119	185	141	244	217	282	315	354	384	472	464	508	598	593	680	757	813	871	1000	857	911	806	618	520	380	246	241	138	147	124	113	142	108	148	113	146	117	139	121	128	120	114	117	102	108	91	100	84	88	77
64	170	1	2	119	0	1953125	12	0.0	0	0.97	0	0	V0.2	0	0	66	32	68	37	67	47	65	53	64	60	65	64	68	67	72	69	78	72	83	79	84	83	83	91	75	102	67	108	58	103	63	103	73	93	128	110	184	168	242	250	311	300	414	389	428	510	551	607	667	765	819	929	930	990	1000	954	735	733	528	395	288	225	157	139	117	107	139	106	147	115	145	124	136	133	125	132	114	127	106	118	99	107	95	95	89
64	170	1	2	119	0	1953125	12	0.0	0	0.97	0	0	V0.2	0	0	36	72	39	76	47	75	54	74	61	74	69	76	71	81	76	86	77	95	81	98	83	103	88	97	98	95	105	85	121	75	119	78	131	100	136	124	162	213	201	288	288	378	379	472	472	545	568	635	634	772	774	901	999	969	1000	997	863	689	593	428	299	214	190	111	158	113	140	152	129	159	133	157	124	154	124	143	121	127	118	112	110	100	104	89	93
64	170	1	2	119	0	1953125	12	0.0	0	0.97	0	0	V0.2	0	0	111	68	106	79	100	90	95	102	82	103	78	114	68	113	72	123	69	126	76	134	73	149	70	156	61	179	42	181	34	198	57	192	94	198	158	189	220	212	279	221	387	288	458	377	528	466	594	550	740	703	813	953	980	979	1000	936	799	684	472	464	245	244	173	184	204	128	217	109	242	75	243	92	225	98	210	124	176	126	154	136	121	128	104	120	86
64	170	1	2	119	0	1953125	12	0.0	0	0.98	0	0	V0.2	0	0	14	132	26	133	35	134	46	132	54	132	63	132	71	134	78	140	86	148	90	160	100	172	110	185	125	193	148	202	175	200	209	193	243	189	294	205	345	224	420	294	442	370	527	437	601	538	628	661	722	704	860	875	911	982	1000	948	878	751	576	479	385	309	305	227	295	177	309	159	293	157	279	154	252	162	220	159	190	154	157	143	133	131	115	117	106
64	170	1	2	119	0	1953125	12	0.0	0	0.97	0	0	V0.2	0	0	31	58	37	60	43	54	51	56	54	57	62	59	60	65	67	67	64	74	71	75	76	79	83	74	94	71	92	63	103	61	95	59	92	93	95	137	145	190	161	251	238	320	322	363	338	404	451	511	568	582	585	702	845	847	1000	858	648	576	549	376	320	171	135	102	122	105	110	136	97	128	103	127	102	128	111	106	103	101	105	88	95	84	85	72	77
64	170	1	2	119	0	1953125	12	0.0	0	0.97	0	0	V0.2	0	0	40	64	36	66	40	69	42	68	51	69	54	71	63	72	64	80	69	85	69	93	70	95	72	100	74	95	89	87	91	78	108	63	119	72	135	141	177	201	248	273	280	376	355	411	436	555	534	599	638	709	693	844	885	905	980	1000	785	679	515	349	280	197	161	119	157	99	135	125	139	139	128	151	123	144	116	140	113	126	111	117	109	101	102	93	91
64	170	1	2	119	0	1953125	12	0.0	0	0.97	0	0	V0.2	0	0	114	29	111	33	115	49	108	55	106	65	102	75	98	77	101	89	96	85	106	99	103	101	116	124	108	143	103	159	72	171	50	167	26	185	40	198	97	240	199	308	274	364	442	437	484	554	557	474	667	656	600	667	894	837	768	1000	897	694	634	587	338	343	196	258	167	196	161	177	207	137	205	127	222	88	213	85	201	65	185	71	155	62	144	66	119
64	170	1	2	119	0	1953125	12	0.0	0	0.97	0	0	V0.2	0	0	126	30	122	41	128	61	116	65	120	84	107	89	108	96	103	106	104	102	110	121	105	119	117	147	97	156	99	186	54	180	43	185	23	162	73	169	82	232	238	290	338	440	504	456	636	654	701	660	821	791	804	868	999	952	823	951	944	714	577	613	381	343	187	258	178	178	174	134	218	96	207	93	236	71	215	88	203	85	172	101	142	87	126	95	100
64	170	1	2	119	0	1953125	12	0.0	0	0.93	0	0	V0.2	0	0	21	23	20	18	18	17	19	10	17	2	15	2	16	6	14	6	27	9	30	16	40	33	34	47	19	46	25	55	26	91	54	121	84	150	93	126	111	133	88	208	244	285	257	343	371	427	507	608	730	858	998	965	1000	919	640	425	583	609	728	696	611	445	407	275	220	103	101	93	43	52	36	65	23	66	45	45	33	32	42	10	30	21	21	18	19
64	170	1	2	119	0	1953125	12	0.0	0	0.97	0	0	V0.2	0	0	81	46	84	50	88	58	91	68	92	75	94	82	96	87	103	91	108	94	118	93	125	101	138	113	153	133	150	134	136	141	122	153	149	207	181	263	258	357	337	377	385	413	427	439	510	524	591	594	680	674	736	643	696	803	942	876	1000	939	831	572	532	431	293	259	198	208	150	197	171	209	184	203	191	181	174	149	157	129	136	114	124	103	106	93	92
64	170	1	2	119	0	1953125	12	0.0	0	0.97	0	0	V0.2	0	0	85	71	100	64	110	47	108	46	121	24	111	32	121	19	113	36	120	30	129	44	132	34	153	36	144	28	171	47	148	54	163	91	126	127	151	192	119	308	245	380	304	507	370	434	342	469	347	422	484	664	725	911	990	1000	995	875	694	511	475	304	273	199	193	180	147	228	85	221	86	205	61	207	96	180	100	181	128	137	125	123	122	94	118	84	101
64	170	2	2	119	0	1953125	12	0.0	0	0.97	0	0	V0.2	0	0	62	61	56	74	55	72	59	85	61	82	74	91	75	91	92	97	90	106	103	112	99	129	102	132	105	161	111	157	120	177	117	135	124	146	135	131	233	250	310	339	548	563	584	635	786	699	651	642	666	631	644	806	825	868	961	1000	823	769	596	503	385	354	253	270	275	242	244	224	257	197	230	190	205	166	188	170	160	149	148	145	119	127	116	113	96
64	170	2	2	119	0	1953125	12	0.0	0	0.98	0	0	V0.2	0	0	57	140	54	137	60	144	65	130	58	139	71	124	62	131	71	128	71	137	69	152	86	159	84	177	117	167	117	197	163	187	197	190	246	137	289	121	287	69	327	135	374	292	580	410	536	546	679	558	507	592	674	440	524	927	1000	769	664	861	669	428	396	298	377	172	268	104	321	110	272	121	292	146	229	155	199	151	167	153	131	130	128	135	98	104	110
64	170	2	2	119	0	1953125	12	0.0	0	0.97	0	0	V0.2	0	0	38	78	39	70	52	69	49	75	69	68	65	86	80	80	83	105	86	99	96	120	92	117	110	124	111	133	142	120	143	140	172	115	185	151	200	160	217	194	226	244	266	276	291	449	581	692	789	917	944	964	943	1000	966	815	492	685	603	475	413	451	371	237	169	194	248	155	159	134	186	134	154	165	168	150	137	163	126	126	109	128	93	96	93	94	73
64	170	2	2	119	0	1953125	12	0.0	0	0.97	0	0	V0.2	0	0	117	17	114	20	125	29	112	25	118	41	107	44	105	45	109	61	101	53	119	76	102	67	124	89	105	99	124	126	98	163	88	170	55	208	31	170	50	237	139	235	203	267	272	306	391	395	437	454	606	578	614	848	1000	858	692	824	782	479	264	306	174	134	39	166	84	153	89	159	163	105	147	107	187	47	163	54	169	16	156	40	132	26	128	47	97
64	170	2	2	119	0	1953125	12	0.0	0	0.98	0	0	V0.2	0	0	120	43	130	39	135	24	131	28	144	18	134	32	147	29	139	53	151	48	159	75	173	65	192	69	187	54	217	57	215	94	293	124	295	203	350	240	290	296	291	256	230	401	404	446	427	668	638	683	586	757	656	671	720	752	795	885	1000	788	729	553	565	297	315	195	306	217	203	187	220	218	164	228	160	219	109	219	91	181	71	182	53	141	62	145	46
64	170	2	2	119	0	1953125	12	0.0	0	0.97	0	0	V0.2	0	0	44	61	40	72	60	54	61	67	67	55	78	75	74	70	91	89	82	87	110	94	100	96	137	95	124	109	170	123	146	154	185	173	112	163	131	154	73	170	154	230	240	357	456	532	586	608	737	700	742	751	732	705	885	1000	881	773	806	663	357	225	236	203	78	97	110	191	159	145	171	187	199	134	166	150	151	106	126	132	110	100	104	115	82	79	88
64	170	2	2	119	0	1953125	12	0.0	0	0.97	0	0	V0.2	0	0	83	88	101	83	117	55	111	59	135	22	116	32	140	8	125	34	139	20	138	49	142	32	160	77	144	65	177	148	129	143	148	235	56	199	53	242	70	185	71	218	95	288	295	434	504	571	705	704	769	822	911	795	827	1000	985	709	689	784	460	219	121	217	103	36	72	114	171	45	162	77	231	43	211	89	190	98	160	129	115	113	108	140	64	104	70
64	170	2	2	119	0	1953125	12	0.0	0	0.97	0	0	V0.2	0	0	64	40	78	37	70	54	77	47	77	70	75	61	88	80	81	76	107	86	98	94	130	90	117	111	139	96	129	136	138	125	165	206	180	211	220	286	233	260	253	303	243	240	317	354	359	423	611	643	660	753	951	820	796	860	1000	778	793	850	800	491	422	375	307	238	183	237	197	184	138	189	164	156	164	187	170	138	159	146	133	103	131	108	97	91	105
64	170	2	2	119	0	1953125	12	0.0	0	0.97	0	0	V0.2	0	0	54	64	75	51	67	65	81	51	80	75	82	65	94	89	84	87	110	97	95	107	133	98	121	120	159	95	152	133	174	114	207	196	223	195	265	296	261	277	280	350	238	259	318	426	373	464	636	778	748	797	999	930	845	891	975	762	779	851	722	446	413	359	315	183	189	199	184	152	139	189	151	161	160	206	158	153	149	158	124	115	128	113	96	94	107
64	170	2	2	119	0	1953125	12	0.0	0	0.97	0	0	V0.2	0	0	45	80	63	66	65	80	72	69	85	85	79	82	99	93	83	103	106	102	95	124	117	106	114	128	123	100	145	137	152	125	205	183	209	184	261	253	232	274	307	325	290	435	468	480	450	604	547	559	546	702	566	499	659	942	900	837	956	1000	774	435	387	334	291	137	186	175	180	129	175	191	163	165	170	186	130	150	137	145	101	123	117	105	87	102	96
64	170	2	2	119	0	1953125	12	0.0	0	0.97	0	0	V0.2	0	0	61	79	80	68	77	80	90	70	94	89	95	86	108	104	101	110	124	119	117	136	146	128	146	149	169	123	175	149	182	122	212	185	226	201	300	330	337	396	423	438	357	492	528	556	503	723	783	781	839	1000	952	829	913	978	885	757	864	884	755	596	536	440	443	283	299	269	270	200	220	229	205	210	221	239	185	196	181	186	140	154	147	133	117	125	122
64	170	2	2	119	0	1953125	12	0.0	0	0.97	0	0	V0.2	0	0	64	88	78	78	87	85	89	82	104	91	99	98	114	102	106	119	123	117	123	137	141	128	153	142	162	128	181	132	175	131	206	151	185	170	233	245	250	340	373	429	415	567	573	599	572	753	750	749	737	827	830	836	986	973	870	904	1000	715	547	533	546	355	347	266	333	282	262	228	238	232	184	206	201	209	162	193	175	170	138	152	140	117	114	114	109
64	170	2	2	119	0	1953125	12	0.0	0	0.97	0	0	V0.2	0	0	64	63	69	62	80	61	79	68	88	68	87	82	93	83	99	101	104	103	118	114	124	117	143	118	152	130	174	128	178	144	190	155	202	207	233	257	258	343	340	417	384	508	492	581	574	697	723	853	880	914	946	1000	965	809	708	764	713	410	401	394	344	161	269	250	284	206	224	234	228	209	184	215	179	182	161	188	155	156	147	148	126	116	122	108	96
64	170	2	2	119	0	1953125	12	0.0	0	0.97	0	0	V0.2	0	0	42	110	33	121	16	120	6	123	8	121	21	120	29	121	42	121	44	131	59	134	62	146	73	141	84	145	94	133	119	125	147	103	193	85	222	97	281	176	336	259	390	346	444	426	519	568	654	668	740	894	1000	984	977	961	969	731	470	301	285	249	140	131	171	99	189	97	219	154	176	163	153	185	115	184	105	199	76	188	69	172	55	154	59	131	50
64	170	2	2	119	0	1953125	12	0.0	0	0.97	0	0	V0.2	0	0	53	100	47	112	34	116	21	120	9	122	15	118	20	123	34	117	37	126	41	123	45	136	48	140	68	145	83	138	119	114	130	90	170	50	167	53	235	131	279	235	379	326	451	449	557	567	620	592	548	643	675	611	598	780	1000	930	819	799	681	433	321	178	253	121	184	100	194	134	172	162	175	195	126	194	100	185	62	173	54	156	44	146	46	122	43
64	170	2	2	119	0	1953125	12	0.0	0	0.96	0	0	V0.2	0	0	84	46	85	62	74	67	67	75	59	79	48	78	47	86	37	82	44	95	36	95	41	111	23	116	19	120	7	123	30	104	47	104	97	68	108	71	182	64	209	155	305	206	339	290	365	301	419	400	493	630	825	803	866	1000	997	719	507	393	178	38	46	89	43	43	83	12	154	60	137	98	130	114	98	124	83	125	65	136	46	125	37	123	32	107	37
64	170	2	2	119	0	1953125	12	0.0	0	0.97	0	0	V0.2	0	0	62	54	74	46	71	56	77	52	81	69	81	70	92	85	89	89	107	94	106	104	127	93	122	105	135	89	140	117	145	107	160	161	151	150	166	237	178	241	241	329	285	360	414	498	527	699	803	859	898	1000	961	754	789	747	637	422	614	766	587	340	351	282	258	187	173	192	161	169	132	182	146	171	146	174	142	141	131	125	112	101	108	91	87	79	84
64	170	2	2	119	0	1953125	12	0.0	0	0.97	0	0	V0.2	0	0	58	84	45	85	42	97	28	94	19	97	11	98	10	93	10	101	20	95	20	111	23	110	29	128	37	129	62	130	70	118	107	95	105	84	159	62	167	79	262	151	282	236	372	289	332	336	345	289	395	551	595	593	835	1000	835	699	708	588	272	121	130	59	110	11	129	45	151	70	165	118	135	120	114	135	87	126	75	130	55	128	44	114	37	109	34
64	170	2	2	119	0	1953125	12	0.0	0	0.97	0	0	V0.2	0	0	64	39	71	47	68	47	77	55	71	63	82	67	79	80	90	75	93	92	104	88	123	106	126	98	137	109	127	116	153	143	157	171	165	182	159	214	184	232	222	332	322	354	373	493	523	470	551	669	777	724	837	952	999	887	914	873	768	607	587	437	342	241	248	221	194	204	170	194	149	183	157	175	151	171	158	146	138	134	132	108	114	106	105	89	95
64	170	2	2	119	0	1953125	12	0.0	0	0.97	0	0	V0.2	0	0	80	80	74	90	67	101	54	103	50	114	34	108	41	117	34	114	47	124	40	131	47	131	31	146	35	146	45	180	71	147	100	140	130	72	143	124	170	116	288	191	329	238	407	315	349	302	525	587	689	757	948	999	955	872	885	802	699	706	535	424	240	220	161	48	119	30	151	36	182	92	187	114	165	137	122	127	105	140	77	133	72	131	49	115	46
64	170	2	2	119	0	1953125	12	0.0	0	0.85	0	0	V0.2	0	0	24	10	23	13	15	19	7	15	9	9	12	1	10	3	13	6	16	11	19	20	9	24	10	20	36	23	58	58	63	116	52	101	79	48	46	91	85	221	249	305	315	282	279	167	165	407	476	482	591	730	744	438	598	801	957	995	1000	775	540	221	184	121	212	209	188	125	137	76	49	58	21	22	42	19	25	38	14	35	24	18	24	8	21	15	7
64	170	1	2	119	0	1953125	12	0.0	0	0.98	0	0	V0.2	0	0	60	142	47	140	40	148	36	141	20	141	18	148	7	138	15	149	22	145	45	181	43	185	51	202	24	211	58	247	69	308	153	268	150	257	180	205	149	330	337	335	416	364	488	289	415	382	559	565	820	888	1000	879	951	990	736	643	725	854	702	562	392	437	231	222	215	195	164	188	256	175	269	121	282	64	234	54	230	31	206	47	189	28	164	37	140
64	170	2	2	119	0	1953125	12	0.0	0	0.97	0	0	V0.2	0	0	47	48	64	40	58	48	70	39	65	57	69	51	75	73	71	69	87	80	81	87	113	86	109	99	135	80	129	110	151	100	175	175	188	141	166	218	157	168	161	270	216	310	320	448	412	464	473	565	526	620	703	864	886	853	999	856	727	559	437	301	261	200	247	166	158	148	156	144	121	161	132	155	125	163	120	127	115	128	100	99	104	96	84	82	89
64	170	2	2	119	0	1953125	12	0.0	0	0.98	0	0	V0.2	0	0	50	121	50	137	32	131	30	138	21	137	23	136	23	145	37	137	44	157	52	158	66	185	51	185	65	211	53	236	106	260	97	260	159	228	138	241	238	286	282	333	416	321	393	347	519	390	543	526	759	727	826	930	1000	816	706	758	685	735	594	572	330	351	242	288	188	169	189	165	221	139	255	106	235	75	230	49	193	52	191	45	159	52	143	35	127
64	170	2	2	119	0	1953125	12	0.0	0	0.97	0	0	V0.2	0	0	81	38	71	46	82	47	72	63	77	57	77	78	79	68	92	85	88	78	115	92	107	99	134	106	119	128	136	127	120	172	136	159	130	228	158	191	155	260	243	219	258	332	322	262	338	441	465	434	646	785	874	826	992	1000	899	850	864	615	417	321	299	164	98	145	134	154	105	163	145	141	124	141	146	113	135	124	135	95	117	102	99	80	93	88	72
64	170	2	2	119	0	1953125	12	0.0	0	0.97	0	0	V0.2	0	0	48	55	48	55	66	48	57	56	71	49	66	69	74	62	76	83	75	80	94	95	93	102	124	98	115	107	149	91	147	137	195	126	173	167	185	156	169	243	236	239	254	375	321	339	296	459	385	469	619	805	857	864	982	1000	906	813	748	488	336	343	297	168	146	127	194	134	137	142	149	140	121	160	133	144	120	156	117	119	106	119	95	91	96	90	77
64	170	2	2	119	0	1953125	12	0.0	0	0.97	0	0	V0.2	0	0	48	50	46	53	61	40	55	52	63	44	66	63	65	58	74	73	67	77	91	84	89	96	113	77	106	93	130	74	149	132	176	105	155	145	145	127	154	225	206	228	239	354	262	261	259	379	310	458	613	749	783	843	1000	932	772	661	599	431	388	353	316	160	167	141	169	102	103	116	114	122	112	154	115	130	104	130	95	101	94	100	82	80	86	72	65
64	170	2	2	119	0	1953125	12	0.0	0	0.98	0	0	V0.2	0	0	59	149	52	143	42	148	46	147	23	143	21	150	9	136	9	152	10	148	33	176	25	181	35	200	14	224	52	244	57	293	122	246	115	267	178	269	201	323	336	231	336	278	391	174	316	421	576	550	807	947	1000	801	843	799	652	700	790	787	470	546	368	306	160	207	163	167	189	192	262	143	265	109	266	42	231	45	224	19	205	35	178	19	164	30	137
64	170	2	2	119	0	1953125	12	0.0	0	0.98	0	0	V0.2	0	0	58	151	55	143	45	154	44	151	23	146	27	149	17	136	1	156	20	149	22	175	22	169	25	201	28	229	73	240	89	247	122	221	103	275	223	258	253	236	335	78	222	197	387	279	509	631	725	582	718	774	659	464	786	995	954	1000	964	735	353	276	156	146	110	188	182	174	263	134	295	72	256	31	257	31	226	43	228	66	189	67	168	57	151	59	134
64	170	2	2	119	0	1953125	12	0.0	0	0.98	0	0	V0.2	0	0	45	66	39	59	46	77	39	66	52	74	43	69	69	73	67	86	88	79	88	104	101	99	120	153	121	148	128	174	110	192	178	241	169	270	231	231	157	227	236	254	331	498	565	453	571	587	542	410	550	804	884	779	999	973	888	717	692	590	449	389	465	369	305	285	214	270	191	189	156	216	173	175	176	176	155	122	145	117	116	103	128	94	96	94	101
64	170	2	2	119	0	1953125	12	0.0	0	0.98	0	0	V0.2	0	0	75	45	78	60	64	56	73	67	64	74	81	75	76	82	91	75	102	96	117	93	140	119	133	107	151	135	156	164	206	219	174	201	149	191	101	222	249	381	355	470	420	423	407	419	366	394	593	813	855	791	905	866	769	594	803	996	1000	770	747	514	353	257	246	220	168	195	187	245	180	230	170	203	132	168	130	146	116	135	121	110	102	101	97	84	92
64	170	2	2	119	0	1953125	12	0.0	0	0.98	0	0	V0.2	0	0	64	121	75	128	79	116	78	121	94	102	82	106	91	97	85	105	88	108	97	110	91	132	117	133	122	162	177	112	170	118	198	102	213	141	312	87	318	168	290	156	275	192	316	354	560	546	519	548	510	450	509	737	965	927	959	1000	696	347	269	97	86	22	146	70	261	104	236	142	217	148	164	152	166	168	145	186	97	163	84	156	57	131	65	131	48
64	170	2	2	119	0	1953125	12	0.0	0	0.98	0	0	V0.2	0	0	43	50	44	58	58	45	62	54	63	48	72	61	62	61	77	67	64	76	89	74	86	86	109	68	109	92	134	78	146	113	134	82	119	134	113	145	140	228	142	231	216	290	268	359	347	334	393	552	602	424	546	833	1000	733	887	966	753	321	322	292	198	78	63	108	101	135	83	163	127	139	93	139	117	105	98	110	112	80	98	85	86	61	80	69	62
64	170	2	2	119	0	1953125	12	0.0	0	0.97	0	0	V0.2	0	0	43	50	44	58	58	45	62	54	63	48	72	61	62	61	77	67	64	76	89	74	86	86	109	68	109	92	134	78	146	113	134	82	119	134	113	145	140	228	142	231	216	290	268	359	347	334	393	552	602	424	546	833	1000	733	887	966	753	321	322	292	198	78	63	108	101	135	83	163	127	139	93	139	117	105	98	110	112	80	98	85	86	61	80	69	62
64	170	2	2	119	0	1953125	12	0.0	0	0.85	0	0	V0.2	0	0	14	27	16	17	21	8	22	10	13	15	3	15	6	11	8	13	18	8	23	7	33	28	21	34	11	42	26	19	30	29	70	118	64	144	122	168	124	26	20	123	200	401	452	439	369	319	284	366	547	427	688	1000	951	431	598	721	656	689	670	579	356	168	137	50	76	93	115	62	104	87	54	61	35	57	44	14	36	24	20	35	17	28	27	16	28
64	170	2	2	119	0	1953125	12	0.0	0	0.84	0	0	V0.2	0	0	92	102	82	108	88	93	102	74	101	76	78	91	56	89	60	70	80	48	89	54	82	93	62	119	47	116	100	90	130	90	121	187	13	247	118	204	163	101	87	204	168	444	398	428	315	259	196	465	446	470	748	1000	688	404	525	599	716	641	716	487	316	131	65	79	208	33	194	96	123	183	44	145	106	85	143	71	107	113	53	118	56	85	81	42	87
64	170	2	2	119	0	1953125	12	0.0	0	0.84	0	0	V0.2	0	0	83	104	84	98	98	79	103	77	90	92	64	92	59	77	78	51	86	51	78	78	52	102	51	113	90	89	119	65	137	115	64	160	102	189	238	78	231	39	201	95	158	208	427	352	453	369	402	198	347	300	744	1000	853	654	629	422	383	489	517	518	301	302	64	65	145	99	121	183	6	182	113	92	160	47	128	109	72	125	62	95	94	45	97	37	73
64	170	2	2	119	0	1953125	12	0.0	0	0.84	0	0	V0.2	0	0	27	13	21	20	8	24	12	15	20	4	21	13	16	17	15	20	11	21	11	21	31	6	38	30	38	55	10	63	44	37	68	31	24	124	106	181	156	134	206	95	4	169	295	414	395	417	511	336	281	133	479	870	1000	761	862	588	191	285	413	364	344	230	210	80	20	61	65	65	102	77	67	74	49	71	56	31	49	28	28	40	22	33	35	25	35
64	170	2	2	119	0	1953125	12	0.0	0	0.97	0	0	V0.2	0	0	45	108	45	118	29	116	29	117	29	106	19	111	25	105	23	107	27	106	28	111	25	129	42	131	48	154	84	132	87	130	109	121	121	133	197	84	225	60	215	64	177	57	257	315	433	372	490	498	326	184	275	591	820	888	999	925	552	333	258	93	76	69	85	58	179	45	204	101	167	98	139	114	124	115	119	141	81	126	67	124	43	107	38	94	39
64	170	2	2	119	0	1953125	12	0.0	0	0.97	0	0	V0.2	0	0	54	34	65	24	64	37	65	33	68	46	59	45	71	54	63	60	82	57	79	69	98	58	107	84	120	75	128	97	99	73	126	124	110	139	141	203	124	170	122	221	176	219	262	399	484	412	412	485	649	629	700	878	1000	895	780	774	643	252	103	75	187	111	143	114	151	189	127	140	110	149	94	125	120	136	111	115	120	96	91	81	96	69	74	71	71
64	170	2	2	119	0	1953125	12	0.0	0	0.98	0	0	V0.2	0	0	46	62	50	65	43	70	42	61	48	72	51	65	64	74	64	73	84	84	83	97	106	109	102	130	107	129	103	157	109	167	143	217	150	181	136	190	155	194	235	335	409	335	376	407	502	386	466	622	907	915	885	1000	872	504	311	363	644	605	585	409	392	339	276	238	160	193	149	177	164	208	187	164	155	138	136	103	120	99	106	80	103	79	80	68	79
64	170	2	2	119	0	1953125	12	0.0	0	0.85	0	0	V0.2	0	0	105	124	102	122	113	106	120	93	112	96	94	104	73	97	72	85	88	64	98	67	100	88	84	114	78	145	116	112	169	59	223	102	158	140	100	156	337	115	371	265	486	258	138	180	586	392	674	859	911	370	265	396	466	808	918	1000	941	658	293	46	111	259	137	331	137	205	208	56	223	118	116	182	79	158	145	85	164	69	141	108	81	115	54	98	75
64	170	2	2	119	0	1953125	12	0.0	0	0.98	0	0	V0.2	0	0	53	128	60	140	50	131	42	142	35	134	14	134	18	136	9	133	17	152	20	145	26	172	9	167	34	215	27	218	58	219	68	205	88	214	128	265	298	209	297	229	344	175	339	525	773	573	722	769	708	225	235	514	657	718	811	1000	786	576	312	298	191	136	98	236	234	246	280	190	283	103	251	69	234	54	244	41	212	33	194	34	158	30	148	26	138
64	170	2	2	119	0	1953125	12	0.0	0	0.98	0	0	V0.2	0	0	55	135	53	145	65	139	57	137	69	133	66	124	60	134	71	126	63	145	77	138	69	161	84	166	96	191	131	184	171	153	165	151	208	120	245	157	379	123	339	204	394	155	460	561	783	543	744	782	589	247	338	629	673	696	823	999	765	513	344	264	252	98	204	179	330	148	337	149	304	115	258	130	224	125	214	154	168	147	141	143	110	124	100	106	100
64	170	2	2	119	0	1953125	12	0.0	0	0.98	0	0	V0.2	0	0	66	135	64	143	77	136	71	133	79	130	79	119	70	129	81	122	73	141	88	135	80	156	94	163	113	185	148	173	184	139	175	148	225	113	272	154	383	118	344	212	413	196	505	593	792	538	701	692	493	197	372	708	782	774	858	1000	734	479	341	259	248	124	243	202	357	154	342	162	302	124	257	140	227	143	216	172	162	158	138	149	109	132	103	119	100
64	170	2	2	119	0	1953125	12	0.0	0	0.98	0	0	V0.2	0	0	107	118	105	118	120	113	126	96	125	97	133	79	121	91	138	80	129	97	141	95	144	108	159	117	197	111	215	94	248	43	221	58	288	51	300	153	368	211	293	304	394	330	495	718	738	615	630	717	426	251	470	875	903	845	938	1000	749	436	361	223	276	109	312	211	364	234	299	278	227	241	181	257	140	246	117	256	61	226	44	200	25	180	31	157	34
64	170	2	2	119	0	1953125	12	0.0	0	0.97	0	0	V0.2	0	0	64	24	70	47	61	47	67	61	53	61	67	63	63	74	80	66	81	80	85	69	100	97	94	99	118	138	84	124	86	129	53	153	111	172	126	217	196	150	204	287	339	305	495	655	665	444	534	495	392	226	607	945	999	818	859	848	543	351	174	211	156	215	192	283	223	244	203	204	177	141	164	138	162	130	166	120	136	110	122	96	95	94	89	82	78
64	170	1	2	119	0	1953125	12	0.0	0	0.97	0	0	V0.2	0	0	44	48	62	42	59	42	71	36	60	49	71	47	68	66	75	57	77	70	79	64	104	77	104	74	133	84	105	68	118	82	106	118	136	161	99	195	121	155	125	313	305	362	446	622	532	361	406	386	373	342	670	974	1000	720	751	646	419	164	154	174	220	191	214	270	207	225	145	186	119	132	121	145	133	126	142	111	117	86	109	78	84	75	84	69	65
64	170	1	2	119	0	1953125	12	0.0	0	0.98	0	0	V0.2	0	0	104	76	104	71	115	67	121	48	113	51	122	34	111	42	125	29	114	44	125	44	132	58	151	52	181	40	175	22	199	18	200	41	259	131	216	147	215	185	209	317	381	431	417	600	414	385	243	421	424	483	685	1000	920	679	623	512	368	108	228	235	335	196	303	266	254	234	144	218	120	205	121	241	69	222	46	207	21	180	29	159	24	148	38	124	24
64	170	1	2	119	0	1953125	12	0.0	0	0.84	0	0	V0.2	0	0	114	98	120	102	111	113	93	114	90	98	101	74	102	69	85	84	64	93	60	97	90	78	114	60	139	88	124	125	94	149	144	77	228	69	280	200	163	195	140	51	406	331	473	476	434	419	153	264	429	383	747	1000	771	488	370	240	261	421	405	469	361	217	229	65	120	167	54	161	203	50	218	79	156	158	77	149	93	107	131	63	121	76	80	95	40
64	170	1	2	119	0	1953125	12	0.0	0	0.83	0	0	V0.2	0	0	30	26	12	37	15	26	31	6	32	25	22	29	21	33	24	30	25	27	41	24	48	45	36	76	42	65	57	37	81	76	57	126	112	206	227	145	127	21	59	231	391	403	491	446	347	184	52	431	652	540	919	1000	646	298	121	299	599	515	557	378	274	173	88	119	138	98	154	152	123	144	95	78	92	61	63	69	38	64	60	42	61	45	41	50	36
64	170	1	2	119	0	1953125	12	0.0	0	0.84	0	0	V0.2	0	0	119	89	120	107	94	125	79	112	102	74	119	61	99	90	55	106	49	94	86	61	125	41	124	89	94	142	69	141	135	59	227	105	213	247	144	263	106	84	203	280	475	541	382	475	146	81	241	663	782	695	894	1000	414	103	189	604	820	672	616	324	254	79	63	258	173	142	253	40	235	174	88	196	73	141	163	55	156	93	103	139	36	126	69	75	103
64	170	1	2	119	0	1953125	12	0.0	0	0.85	0	0	V0.2	0	0	100	121	111	111	121	100	120	103	100	110	80	106	82	86	96	60	104	63	92	85	77	115	77	114	108	84	165	74	182	138	126	223	66	205	122	51	290	338	289	436	215	448	50	299	339	459	733	903	431	405	430	383	256	526	999	950	684	309	213	101	80	219	221	146	276	33	177	157	81	168	111	130	151	81	151	113	106	136	66	127	84	83	96	49	87
64	170	1	2	119	0	1953125	12	0.0	0	0.85	0	0	V0.2	0	0	15	35	26	21	35	12	25	19	12	21	2	20	11	14	10	15	16	12	31	11	29	35	16	56	20	73	76	47	87	14	89	95	48	105	199	192	351	334	317	102	84	47	454	668	718	606	717	530	168	80	526	847	904	999	939	649	312	144	306	378	407	339	187	203	149	93	97	16	56	84	41	65	46	40	68	27	53	38	25	45	22	21	28	13	30
64	170	1	2	119	0	1953125	12	0.0	0	0.84	0	0	V0.2	0	0	131	127	144	124	141	130	124	138	107	128	108	105	122	80	116	82	99	110	70	122	85	122	133	83	170	72	186	164	126	195	91	194	245	87	304	252	312	494	139	190	156	174	578	755	648	685	578	468	52	241	695	944	933	999	860	433	256	181	345	520	477	273	234	15	233	197	61	167	154	112	227	101	177	154	122	187	92	154	120	99	142	76	108	92	70
64	170	1	2	119	0	1953125	12	0.0	0	0.84	0	0	V0.2	0	0	105	120	116	111	124	104	120	105	103	110	82	110	86	85	96	61	104	66	88	95	67	124	76	109	122	88	179	66	172	110	121	196	136	88	257	73	411	308	296	163	95	136	487	486	631	599	766	498	78	78	477	570	758	997	1000	517	158	193	243	409	251	336	186	139	218	89	110	158	83	166	154	105	168	82	159	116	110	138	77	126	97	76	103	51	94
64	170	1	2	119	0	1953125	12	0.0	0	0.84	0	0	V0.2	0	0	32	12	35	23	20	34	3	31	23	14	30	18	31	25	30	32	28	42	21	40	44	28	71	41	58	90	51	114	58	60	108	54	99	183	163	288	324	340	258	44	18	154	512	741	741	607	647	288	69	302	769	883	1000	962	942	316	108	239	485	457	456	298	180	154	99	106	127	54	93	116	80	101	62	65	80	40	60	51	25	55	44	38	51	28	41
64	170	1	2	119	0	1953125	12	0.0	0	0.84	0	0	V0.2	0	0	126	108	110	132	94	130	107	100	125	76	118	90	83	113	53	109	70	84	109	48	125	70	114	137	61	173	60	171	165	84	194	115	133	315	121	347	234	292	263	198	107	392	435	764	574	516	381	165	165	503	840	1000	833	736	605	193	270	377	577	424	451	259	102	203	61	126	235	62	186	170	89	211	78	154	142	90	163	85	112	126	52	131	62	88	93
64	170	1	2	119	0	1953125	12	0.0	0	0.84	0	0	V0.2	0	0	37	11	38	26	24	38	4	35	26	16	32	19	35	28	32	32	33	46	22	49	41	39	73	33	70	83	71	129	58	92	106	57	132	179	182	302	291	403	305	17	35	148	415	806	736	665	649	414	153	219	628	895	1000	938	965	493	242	220	390	533	494	325	227	164	167	156	95	74	113	85	121	106	61	91	63	67	73	33	53	55	37	60	42	41	51
64	170	1	2	119	0	1953125	12	0.0	0	0.84	0	0	V0.2	0	0	31	16	39	14	31	35	5	37	21	25	34	22	37	26	36	34	37	43	22	52	34	45	66	18	72	76	68	116	45	115	114	78	117	101	111	256	262	376	288	127	203	43	281	618	573	586	692	533	325	29	356	517	828	930	1000	586	407	12	210	373	375	286	235	175	168	145	67	73	87	65	94	80	54	81	56	63	64	28	52	45	32	51	32	38	47
64	170	1	2	119	0	1953125	12	0.0	0	0.84	0	0	V0.2	0	0	13	38	44	6	46	25	25	41	13	39	34	31	44	30	41	34	49	42	33	60	31	66	66	33	90	64	100	128	47	125	99	94	153	125	179	293	266	406	241	58	94	96	415	742	600	632	619	422	211	245	624	759	894	1000	967	453	201	249	364	519	425	310	218	151	174	160	88	96	120	94	128	102	73	99	62	72	77	38	61	58	45	68	44	46	56
64	170	2	2	119	0	1953125	12	0.0	0	0.84	0	0	V0.2	0	0	98	129	123	100	138	95	123	119	85	132	76	109	105	62	116	56	104	96	63	126	48	132	102	90	167	48	186	129	106	196	75	193	249	53	388	168	300	350	70	162	378	205	659	626	611	518	235	66	305	538	1000	917	811	729	600	102	273	608	523	563	355	281	256	51	179	216	26	237	169	124	233	50	188	152	94	177	74	136	135	62	148	61	102	104	37
64	170	1	2	119	0	1953125	12	0.0	0	0.83	0	0	V0.2	0	0	103	124	94	118	114	95	126	90	107	106	76	111	72	88	93	63	104	59	89	93	63	124	61	120	131	76	178	73	138	163	79	184	200	64	355	105	279	252	101	157	396	213	608	540	537	379	182	124	374	581	999	880	669	561	427	223	398	641	498	454	237	194	175	106	85	199	53	197	185	67	195	92	130	162	78	132	117	84	139	66	111	92	59	103	43
64	170	2	2	119	0	1953125	12	0.0	0	0.83	0	0	V0.2	0	0	132	122	104	138	102	125	129	91	132	91	103	114	65	116	75	95	104	58	115	68	104	120	59	155	92	142	179	44	200	120	143	217	110	171	357	112	384	220	271	147	285	161	600	612	740	447	394	123	175	495	974	1000	831	803	673	316	220	522	548	534	295	320	166	32	170	155	59	248	119	160	202	49	195	139	103	154	88	132	134	72	135	66	98	97	45
64	170	2	2	119	0	1953125	12	0.0	0	0.84	0	0	V0.2	0	0	35	16	26	35	2	36	24	20	37	18	32	27	31	35	30	35	26	40	33	35	53	21	61	51	43	75	37	101	78	55	91	53	119	195	217	299	265	311	336	60	148	241	426	771	777	557	556	275	126	369	721	1000	981	894	767	399	59	269	493	458	493	320	238	138	119	145	105	66	106	75	101	100	58	84	55	66	73	37	54	50	40	60	40	44	49
64	170	2	2	119	0	1953125	12	0.0	0	0.84	0	0	V0.2	0	0	113	141	107	134	128	104	145	95	126	118	86	131	69	110	101	72	124	51	117	97	82	139	54	155	120	123	199	32	214	142	148	227	86	184	382	142	438	304	395	203	160	82	489	599	850	588	643	413	196	209	668	991	1000	985	785	572	168	212	421	534	383	434	191	147	243	54	150	205	58	212	164	109	213	71	177	132	102	162	77	129	120	61	129	50	98
64	170	1	2	119	0	1953125	12	0.0	0	0.84	0	0	V0.2	0	0	80	99	102	77	112	80	93	104	64	106	72	77	94	42	96	55	73	84	41	101	54	87	100	55	143	48	135	117	70	158	116	96	214	74	344	214	199	240	90	84	421	312	547	518	545	435	218	219	511	548	831	1000	923	638	379	370	420	597	524	490	363	225	180	70	55	182	71	165	180	48	191	72	131	135	61	126	85	84	121	42	109	72	65	90	23
64	170	2	2	119	0	1953125	12	0.0	0	0.84	0	0	V0.2	0	0	10	21	23	9	26	8	18	17	5	20	10	19	18	14	20	17	27	15	31	26	24	42	12	38	32	18	64	45	68	110	91	146	114	121	91	49	121	244	287	408	401	411	315	127	228	331	541	752	750	576	604	363	286	601	856	1000	893	585	322	81	69	157	213	208	209	132	131	118	64	72	49	28	58	40	44	59	34	52	45	33	41	22	30	34	22
64	170	2	2	119	0	1953125	12	0.0	0	0.83	0	0	V0.2	0	0	96	89	80	103	77	93	93	72	97	68	77	82	52	83	56	68	75	44	83	46	79	77	56	102	68	98	133	39	155	59	141	147	73	85	231	76	328	243	310	138	152	80	361	447	601	499	585	451	275	244	579	858	1000	983	857	658	314	317	424	493	307	268	151	105	124	129	17	158	99	113	172	35	141	98	90	117	70	94	97	56	102	53	72	68	39
64	170	2	2	119	0	1953125	12	0.0	0	0.83	0	0	V0.2	0	0	24	8	30	17	15	29	8	22	19	11	22	15	20	21	21	21	17	29	15	24	34	14	37	39	37	73	40	67	63	11	57	71	46	127	172	187	222	106	88	59	157	320	494	432	479	411	226	209	554	613	776	842	1000	684	362	431	659	666	616	413	295	169	33	100	162	123	124	126	72	84	64	23	49	43	27	50	36	34	44	20	34	30	16	29	24
64	170	2	2	119	0	1953125	12	0.0	0	0.84	0	0	V0.2	0	0	22	28	6	30	18	15	29	9	24	23	20	28	16	26	21	26	26	24	39	21	43	41	23	50	14	43	41	0	54	69	72	139	123	175	147	131	105	83	146	261	344	527	592	384	267	181	269	520	840	911	953	799	766	394	510	903	1000	894	680	354	186	24	168	236	239	153	158	130	82	89	47	35	55	28	46	52	29	59	45	43	52	29	41	37	28
64	170	2	2	119	0	1953125	12	0.0	0	0.83	0	0	V0.2	0	0	19	27	5	22	18	7	23	9	16	18	7	19	12	13	12	15	22	9	26	18	23	30	8	27	23	8	49	46	51	90	48	97	81	33	33	71	87	246	307	271	233	176	144	153	314	538	626	577	612	387	229	431	797	965	1000	855	627	367	280	319	338	267	230	112	91	43	44	47	77	46	58	67	35	50	27	26	36	14	20	27	10	26	22	16	24
64	170	2	2	119	0	1953125	12	0.0	0	0.83	0	0	V0.2	0	0	8	20	19	4	19	12	10	18	4	14	11	6	14	12	15	10	19	15	11	21	7	13	21	6	37	34	31	69	42	60	28	10	23	75	106	177	167	193	199	79	23	204	336	377	439	468	428	195	285	381	644	819	999	845	645	429	457	512	520	398	329	181	90	55	97	64	103	80	70	69	24	40	26	13	32	18	10	34	17	25	29	10	21	16	12
64	170	2	2	119	0	1953125	12	0.0	0	0.83	0	0	V0.2	0	0	7	19	21	2	21	14	8	19	7	14	14	7	15	13	15	14	18	17	10	21	6	15	22	7	30	37	31	73	49	62	36	14	34	72	102	162	167	198	233	96	52	152	286	346	467	494	466	252	271	311	637	827	1000	903	765	508	418	440	511	424	371	222	113	34	89	53	100	88	68	73	28	45	34	10	28	17	9	32	18	22	28	11	20	18	11
64	170	2	2	119	0	1953125	12	0.0	0	0.83	0	0	V0.2	0	0	15	21	5	17	15	5	18	7	11	14	5	13	10	8	8	11	17	8	21	13	18	22	3	20	19	5	47	44	44	74	43	78	55	12	43	92	79	213	248	218	141	130	106	174	299	446	526	473	445	253	290	504	678	856	1000	843	493	317	323	314	329	257	212	79	65	9	40	47	72	38	51	51	33	42	15	20	28	10	20	25	10	23	17	15	20
64	170	2	2	119	0	1953125	12	0.0	0	0.84	0	0	V0.2	0	0	71	81	76	77	79	71	78	67	71	70	60	70	53	62	60	47	65	43	64	57	56	67	55	74	81	69	100	49	128	49	133	76	76	90	167	19	188	129	307	229	165	176	146	72	331	363	512	569	543	423	362	444	561	801	1000	971	627	478	312	288	267	326	211	201	145	75	113	83	68	105	68	91	107	53	116	53	92	81	58	85	47	64	64	36	64
64	170	2	2	119	0	1953125	12	0.0	0	0.98	0	0	V0.2	0	0	35	136	24	139	28	140	23	134	16	143	25	135	26	140	32	135	38	148	38	157	51	169	47	188	70	191	77	211	102	207	129	240	188	187	241	203	233	168	288	264	396	309	534	382	458	302	455	347	450	540	794	923	1000	908	786	584	502	717	618	617	398	414	321	211	205	143	256	101	237	103	270	70	249	87	227	75	198	94	166	76	158	90	125	70	123
64	170	2	2	119	0	1953125	12	0.0	0	0.97	0	0	V0.2	0	0	42	60	58	46	54	59	69	49	72	66	71	58	77	75	70	79	90	85	79	95	105	87	103	104	124	83	138	121	158	104	186	138	146	94	187	206	204	228	308	373	271	299	256	225	192	417	516	594	602	718	794	639	619	786	923	979	993	1000	775	444	250	210	214	109	181	184	214	169	184	209	166	171	148	179	120	147	135	151	107	126	121	108	90	98	98
64	170	2	2	119	0	1953125	12	0.0	0	0.97	0	0	V0.2	0	0	61	35	63	29	70	49	59	42	68	54	54	58	76	61	67	71	82	56	83	78	93	64	107	94	94	84	119	120	83	109	111	136	78	153	158	215	132	192	226	193	124	172	231	311	420	524	566	434	430	437	495	427	790	951	999	791	655	473	234	162	273	250	188	178	165	201	128	135	123	147	109	113	130	115	106	105	133	94	92	86	102	70	71	78	74
64	170	2	2	119	0	1953125	12	0.0	0	0.97	0	0	V0.2	0	0	62	30	53	34	72	33	54	43	64	34	61	62	67	49	76	69	67	59	95	71	83	73	118	74	101	93	129	82	100	117	118	110	139	202	168	189	144	226	175	200	234	333	367	499	535	537	374	290	440	441	510	664	999	873	722	548	485	256	318	439	434	305	243	223	188	181	112	169	139	147	112	168	135	126	119	141	123	92	108	101	94	76	98	82	70
64	170	2	2	119	0	1953125	12	0.0	0	0.97	0	0	V0.2	0	0	70	48	86	53	73	49	91	51	75	72	99	65	84	89	97	69	102	103	109	80	134	103	120	88	163	107	131	102	161	115	139	168	196	201	161	248	221	221	189	366	352	484	579	672	590	386	413	488	474	571	880	1000	960	743	824	584	415	549	801	602	444	357	356	258	150	183	197	207	129	196	182	189	137	186	175	142	124	138	137	93	114	115	110	76	98
64	170	2	2	119	0	1953125	12	0.0	0	0.97	0	0	V0.2	0	0	60	56	75	33	74	53	69	46	91	68	72	65	93	67	73	89	107	75	99	103	119	72	129	108	129	82	160	115	121	110	196	166	124	170	191	215	144	290	335	403	414	578	527	367	311	517	521	495	720	1000	914	604	671	674	635	642	896	983	686	347	346	292	168	107	194	249	178	192	200	236	156	194	185	185	127	154	156	131	117	134	137	96	103	106	96
64	170	2	2	119	0	1953125	12	0.0	0	0.84	0	0	V0.2	0	0	86	85	90	81	88	84	81	84	75	80	71	71	70	56	71	55	63	65	53	73	64	63	86	52	109	65	110	63	120	65	136	78	164	34	268	123	329	210	185	58	326	250	487	605	741	446	284	366	472	609	965	1000	825	801	661	314	468	899	716	410	239	213	43	159	20	142	94	115	145	51	138	65	115	106	72	101	85	70	103	55	86	66	52	72	39
64	170	2	2	119	0	1953125	12	0.0	0	0.84	0	0	V0.2	0	0	13	18	13	16	16	10	14	7	12	10	5	9	3	11	5	10	11	8	23	10	26	24	15	36	4	19	18	34	19	63	18	67	72	177	128	147	173	138	36	240	344	416	466	572	512	177	336	471	583	834	1000	773	552	656	729	675	829	922	678	255	117	58	137	155	129	79	109	67	47	50	14	42	24	11	27	19	14	37	19	27	27	12	26	15	11
64	170	2	2	119	0	1953125	12	0.0	0	0.84	0	0	V0.2	0	0	81	78	86	77	81	80	75	81	68	75	70	61	72	51	63	61	50	71	45	68	66	58	83	51	87	78	92	79	98	71	121	72	201	50	217	41	263	65	148	155	441	330	578	487	414	133	471	444	605	856	1000	710	521	678	740	891	940	924	574	352	74	133	112	269	61	166	88	109	118	66	111	83	84	101	75	88	99	51	103	59	72	72	38	70	45
64	170	2	2	119	0	1953125	12	0.0	0	0.84	0	0	V0.2	0	0	14	15	14	10	14	9	13	8	8	11	0	10	7	9	7	5	11	7	20	19	13	27	4	30	17	23	8	27	3	53	17	65	89	119	108	108	194	87	52	168	273	331	516	486	392	203	401	330	450	749	965	796	674	610	588	799	1000	768	629	391	199	43	145	154	147	85	97	88	27	41	23	22	28	6	17	27	12	31	28	13	26	15	17	20	6
64	170	2	2	119	0	1953125	12	0.0	0	0.84	0	0	V0.2	0	0	79	75	84	78	75	78	70	78	68	70	69	57	69	51	58	55	50	65	52	57	65	50	87	50	84	58	94	77	100	67	98	48	183	96	173	129	212	193	127	94	215	276	512	541	348	364	420	323	365	712	871	878	870	772	501	759	1000	780	602	520	278	109	60	190	111	157	154	53	133	46	122	89	77	98	72	80	96	52	90	63	61	76	36	62	45
64	170	2	2	119	0	1953125	12	0.0	0	0.97	0	0	V0.2	0	0	26	123	50	105	44	114	62	105	62	103	67	105	87	87	69	107	96	90	83	124	114	98	109	122	131	107	162	102	157	94	217	76	200	61	272	111	162	67	261	174	309	377	497	495	397	492	450	446	539	787	890	994	1000	857	596	607	911	806	635	518	492	216	221	67	194	122	163	130	193	195	127	189	131	213	72	199	69	171	38	170	53	137	43	141	44
64	170	2	2	119	0	1953125	12	0.0	0	0.84	0	0	V0.2	0	0	79	82	86	77	82	78	78	83	69	76	65	67	69	53	65	52	60	67	45	70	51	74	80	59	84	68	101	83	92	74	98	111	173	21	205	57	265	118	140	90	219	158	545	456	401	299	428	210	457	736	841	776	943	834	382	687	1000	868	615	612	299	161	100	207	52	231	77	140	102	95	132	70	93	93	76	104	80	75	98	48	89	59	53	68	36
64	170	2	2	119	0	1953125	12	0.0	0	0.97	0	0	V0.2	0	0	14	126	39	118	37	115	43	123	62	107	56	117	81	92	63	117	83	104	87	125	96	116	111	122	113	132	161	101	148	120	214	71	200	81	251	59	174	84	295	188	334	352	434	422	333	368	311	428	630	812	784	832	886	726	539	709	1000	879	687	531	477	135	128	53	207	90	168	140	194	170	136	195	119	186	80	199	53	151	46	169	37	128	44	131	27
64	170	2	2	119	0	1953125	12	0.0	0	0.97	0	0	V0.2	0	0	67	36	53	34	66	40	53	53	69	50	63	69	69	53	76	77	77	66	101	85	87	77	116	93	96	104	123	114	103	143	131	150	117	178	130	140	119	222	234	287	298	343	400	335	320	266	360	470	672	699	703	695	796	665	670	781	1000	874	680	522	377	170	79	155	145	153	126	197	169	151	141	170	161	120	139	128	125	91	125	110	104	84	104	87	73
64	170	2	2	119	0	1953125	12	0.0	0	0.97	0	0	V0.2	0	0	25	112	22	108	9	112	12	118	23	108	21	114	38	100	33	119	48	111	53	126	52	127	67	138	71	149	107	137	112	154	163	111	164	107	195	69	213	162	331	210	337	251	337	248	268	247	413	516	658	690	570	503	612	728	797	877	1000	876	581	376	291	107	103	114	225	90	205	109	211	114	179	144	159	138	132	154	98	133	96	152	60	120	63	116	43
64	170	2	2	119	0	1953125	12	0.0	0	0.97	0	0	V0.2	0	0	71	43	66	38	75	51	64	57	81	66	69	73	81	66	78	85	92	72	100	95	103	80	120	108	105	104	130	134	105	145	142	169	106	170	132	169	124	220	231	272	287	344	411	342	342	314	416	424	586	709	754	722	822	872	778	737	1000	969	701	492	399	245	109	137	149	180	128	176	163	170	142	153	162	137	137	122	136	99	114	107	111	86	93	91	80
64	170	2	2	119	0	1953125	12	0.0	0	0.97	0	0	V0.2	0	0	66	38	63	34	73	44	62	48	75	54	66	67	80	63	80	81	88	66	100	88	102	77	127	101	114	96	138	117	111	129	150	159	127	184	162	184	119	209	195	240	257	365	389	358	432	443	495	406	548	619	695	744	1000	936	784	739	956	805	565	492	453	293	185	184	160	160	114	176	159	179	140	169	163	147	140	136	142	107	121	110	117	89	107	95	88
64	170	2	2	119	0	1953125	12	0.0	0	0.97	0	0	V0.2	0	0	72	37	67	40	77	47	65	55	76	56	71	71	79	65	85	82	88	69	103	85	99	82	126	102	111	110	136	125	105	138	133	158	119	188	156	180	125	212	191	209	242	344	375	334	418	466	550	513	578	574	648	767	989	866	863	903	999	726	550	483	377	242	202	219	158	155	113	166	153	160	142	156	166	138	145	127	141	102	123	105	109	87	100	91	83
64	170	2	2	119	0	1953125	12	0.0	0	0.97	0	0	V0.2	0	0	50	48	60	41	67	48	63	45	73	53	66	62	80	64	73	79	87	70	88	90	101	78	119	99	121	83	144	103	128	95	165	139	148	136	170	174	129	177	185	248	228	346	371	430	391	445	499	538	526	582	689	846	1000	886	903	884	912	687	612	517	364	195	208	168	163	128	131	157	161	170	133	172	151	158	124	144	126	118	111	116	109	92	102	95	89
64	170	2	2	119	0	1953125	12	0.0	0	0.97	0	0	V0.2	0	0	40	63	53	51	55	61	63	55	72	64	66	62	76	69	68	79	85	80	78	94	96	81	98	101	112	80	127	106	136	85	154	116	130	67	130	139	146	154	212	276	241	294	334	385	269	333	427	587	596	666	693	745	761	780	881	1000	947	734	639	431	234	64	105	96	146	123	145	133	149	152	122	140	126	141	98	118	103	110	88	103	94	82	76	79	75
64	170	2	2	119	0	1953125	12	0.0	0	0.82	0	0	V0.2	0	0	69	64	76	67	69	75	61	72	62	56	65	48	60	54	45	59	43	53	52	42	64	45	70	56	63	70	72	70	100	26	144	49	129	97	83	71	203	128	286	217	304	236	186	172	290	346	618	614	458	377	436	535	753	999	967	767	542	319	367	556	334	241	135	150	66	124	29	122	78	81	119	44	99	72	74	83	63	66	74	46	72	47	51	56	32
64	170	2	2	119	0	1953125	12	0.0	0	0.82	0	0	V0.2	0	0	20	11	11	19	6	14	15	2	18	12	6	13	8	12	7	9	13	7	21	13	19	19	13	29	12	10	33	28	36	80	59	75	33	77	30	73	116	252	258	236	242	183	103	299	377	447	575	553	406	305	523	635	773	1000	958	608	469	350	426	498	390	167	101	63	51	67	93	70	66	45	31	46	21	11	18	5	17	28	11	22	22	8	20	15	9
64	170	2	2	119	0	1953125	12	0.0	0	0.82	0	0	V0.2	0	0	61	68	71	62	74	67	64	69	53	64	58	50	61	43	54	53	41	56	38	55	56	50	68	44	78	61	64	73	70	69	142	18	146	52	154	94	135	93	300	165	386	321	229	107	296	265	539	603	602	423	491	470	510	868	1000	826	521	404	262	407	320	255	104	166	79	44	51	123	45	96	87	55	107	54	89	68	60	75	58	59	66	36	63	43	42
64	170	2	2	119	0	1953125	12	0.0	0	0.84	0	0	V0.2	0	0	94	87	93	94	87	95	82	85	85	75	86	67	75	70	59	75	55	66	74	56	90	53	86	77	91	91	94	83	112	99	143	83	151	169	212	276	63	121	247	260	276	478	586	519	246	436	317	452	626	880	817	833	682	404	737	1000	809	671	644	309	76	195	156	131	174	80	184	55	141	93	84	123	94	104	110	71	110	90	76	103	46	89	65	52	74
64	170	2	2	119	0	1953125	12	0.0	0	0.98	0	0	V0.2	0	0	52	75	53	71	52	81	48	69	62	85	62	83	83	87	71	92	94	97	93	124	108	117	99	144	102	133	114	172	110	143	133	189	165	171	223	227	237	148	256	286	418	431	581	627	591	471	504	581	744	839	969	1000	856	760	449	455	579	668	568	479	391	354	211	184	197	213	194	171	212	181	180	148	198	157	151	124	149	116	103	108	112	93	79	92	78
64	170	2	2	119	0	1953125	12	0.0	0	0.84	0	0	V0.2	0	0	20	11	21	15	13	16	8	16	9	7	11	4	14	10	14	12	16	19	2	18	13	8	34	20	29	36	40	64	7	71	42	70	21	102	98	189	235	328	280	203	201	144	133	528	611	537	495	513	318	300	607	735	786	1000	977	476	236	394	400	331	394	285	182	44	97	12	55	30	60	34	62	62	41	58	20	42	38	9	23	21	17	33	21	21	23
64	170	2	2	119	0	1953125	12	0.0	0	0.97	0	0	V0.2	0	0	69	86	76	111	55	108	45	117	36	114	18	107	24	122	13	105	19	125	11	112	27	141	18	137	32	146	46	157	81	119	98	120	141	51	136	126	296	123	314	225	396	194	250	268	448	334	524	599	584	439	465	481	539	764	961	1000	729	575	378	198	128	98	179	75	175	56	223	97	177	97	185	152	128	145	113	149	87	161	62	141	45	145	27	107	33
64	170	2	2	119	0	1953125	12	0.0	0	0.98	0	0	V0.2	0	0	92	142	98	155	122	126	105	144	135	117	122	124	136	111	133	120	129	134	156	127	136	160	194	132	172	166	249	117	232	146	331	71	305	114	376	86	411	224	479	326	581	484	514	448	516	435	374	485	651	798	835	783	779	672	666	894	999	954	798	694	680	340	361	207	367	160	307	217	338	234	256	283	207	246	160	273	110	221	102	235	52	186	71	182	41
64	170	1	2	119	0	1953125	12	0.0	0	0.97	0	0	V0.2	0	0	59	38	52	29	61	50	47	48	66	59	47	60	66	54	60	72	76	56	82	83	79	64	100	101	77	95	114	130	69	126	127	152	71	155	155	183	133	216	280	281	271	223	260	173	264	339	476	434	465	500	523	407	502	689	828	926	999	886	490	332	237	202	89	154	165	196	142	177	175	159	135	133	158	116	123	115	140	97	106	103	108	81	86	92	79
64	170	2	2	119	0	1953125	12	0.0	0	0.97	0	0	V0.2	0	0	47	104	26	98	23	110	24	98	11	100	21	101	30	92	24	101	43	86	28	112	53	96	52	118	77	96	92	97	98	88	148	61	132	57	209	59	167	49	223	136	129	76	236	206	268	365	447	353	174	323	450	518	748	1000	934	681	622	513	252	101	228	176	164	54	179	95	119	94	112	135	57	129	67	157	10	140	29	138	21	128	49	101	34	100	53
64	170	2	2	119	0	1953125	12	0.0	0	0.97	0	0	V0.2	0	0	42	29	52	34	45	49	47	40	47	58	43	44	58	62	50	54	72	61	57	65	81	68	73	95	86	89	82	123	73	94	93	146	90	116	143	185	147	112	188	174	136	114	278	269	272	310	499	383	247	296	537	599	743	1000	996	760	575	596	390	218	160	208	138	127	88	155	152	117	103	124	136	94	124	115	122	78	113	101	92	74	95	85	66	71	78
64	170	2	2	119	0	1953125	12	0.0	0	0.98	0	0	V0.2	0	0	68	97	71	90	73	100	89	78	79	92	100	69	84	87	100	76	99	92	101	90	117	93	111	112	152	97	147	120	201	68	195	98	233	31	230	109	274	96	322	268	321	225	293	305	251	288	554	674	596	592	601	592	428	616	944	1000	882	815	711	433	335	171	289	137	205	98	261	174	190	154	195	186	141	181	127	177	87	175	71	144	62	151	42	112	59
64	170	2	2	119	0	1953125	12	0.0	0	0.97	0	0	V0.2	0	0	53	16	57	38	51	29	57	44	41	40	60	48	49	57	69	49	62	65	76	51	87	82	88	67	100	98	79	85	101	120	83	129	110	134	86	159	133	108	82	165	201	191	319	388	423	307	352	378	426	457	788	1000	974	852	787	627	319	268	498	404	283	216	205	204	103	102	102	144	89	108	128	130	108	101	133	100	96	91	111	75	77	81	84	59	61
64	170	2	2	119	0	1953125	12	0.0	0	0.84	0	0	V0.2	0	0	15	11	20	7	14	13	7	17	7	10	11	5	12	8	14	9	14	18	10	22	6	20	20	0	25	28	15	50	24	56	25	46	61	23	33	43	35	88	211	183	204	157	241	95	118	204	329	426	627	582	346	284	487	455	728	1000	843	380	274	174	128	177	233	184	129	94	55	62	33	8	28	26	22	43	23	31	34	16	33	20	16	24	13	20	21
64	170	2	2	119	0	1953125	12	0.0	0	0.98	0	0	V0.2	0	0	48	41	56	46	51	58	51	48	51	60	50	53	67	67	65	63	85	67	83	81	108	84	112	108	120	99	126	137	134	139	148	182	145	182	160	221	141	210	209	314	339	425	443	439	417	414	394	386	647	863	1000	806	819	724	529	402	696	835	694	507	472	373	283	211	170	205	174	189	178	231	166	178	148	176	121	129	123	129	97	107	109	94	80	91	92
64	170	2	2	119	0	1953125	12	0.0	0	0.98	0	0	V0.2	0	0	59	117	57	123	75	114	75	106	78	107	78	99	73	107	87	95	76	111	89	110	87	135	112	131	125	136	142	121	166	131	176	110	228	84	230	64	285	73	205	46	302	245	431	428	548	530	507	423	402	571	814	903	938	1000	858	503	209	271	368	293	264	226	280	146	243	63	220	120	187	90	199	152	157	143	151	168	97	145	89	141	67	127	57	108	54
64	170	2	2	119	0	1953125	12	0.0	0	0.98	0	0	V0.2	0	0	42	129	43	125	48	133	50	124	48	131	63	115	53	124	60	123	64	137	67	141	78	141	69	166	99	168	111	190	174	145	157	139	209	117	230	162	350	209	412	265	442	275	420	302	506	552	733	618	636	604	526	361	416	779	1000	838	733	628	425	239	231	115	205	139	267	128	288	110	256	101	244	113	211	122	184	123	165	135	132	121	117	117	94	97	99
64	170	2	2	119	0	1953125	12	0.0	0	0.97	0	0	V0.2	0	0	69	33	76	38	69	45	85	52	74	62	82	59	76	76	87	71	96	88	103	75	115	81	104	79	135	101	127	120	150	128	90	123	103	133	92	225	222	318	280	376	402	365	318	355	433	571	679	670	757	651	524	342	391	661	1000	830	877	649	499	360	239	105	125	191	154	192	170	213	137	169	151	159	127	133	139	112	113	105	123	89	99	86	88	66	77
64	170	2	2	119	0	1953125	12	0.0	0	0.98	0	0	V0.2	0	0	60	166	61	176	75	167	71	167	82	161	83	152	78	161	90	156	82	175	95	176	96	205	125	199	142	214	164	228	219	208	272	196	328	137	348	222	481	258	538	363	586	259	485	426	729	560	734	761	847	596	568	791	960	917	829	1000	842	419	317	436	431	317	416	281	395	111	330	113	341	122	335	170	271	154	256	187	202	181	176	175	134	152	127	140	118
64	170	2	2	119	0	1953125	12	0.0	0	0.98	0	0	V0.2	0	0	60	166	61	176	75	167	71	167	82	161	83	152	78	161	90	156	82	175	95	176	96	205	125	199	142	214	164	228	219	208	272	196	328	137	348	222	481	258	538	363	586	259	485	426	729	560	734	761	847	596	568	791	960	917	829	1000	842	419	317	436	431	317	416	281	395	111	330	113	341	122	335	170	271	154	256	187	202	181	176	175	134	152	127	140	118
64	170	2	2	119	0	1953125	12	0.0	0	0.84	0	0	V0.2	0	0	15	32	22	17	28	9	27	18	12	23	4	18	11	16	15	15	25	10	32	24	35	55	14	58	25	28	42	52	35	118	73	133	68	141	139	135	94	173	152	232	266	339	338	334	392	137	71	254	601	518	615	862	1000	464	65	427	827	822	857	697	446	181	69	156	256	192	214	192	102	113	47	33	43	5	35	38	18	58	39	44	50	25	42	34	25
64	170	2	2	119	0	1953125	12	0.0	0	0.81	0	0	V0.2	0	0	9	21	27	1	27	23	8	28	15	13	23	13	20	18	22	24	14	26	16	19	31	14	43	45	31	62	15	36	31	44	54	104	75	160	106	79	14	134	154	287	263	260	199	49	54	156	355	581	666	428	383	201	195	413	812	1000	951	519	289	48	190	274	342	258	205	125	35	62	104	89	103	110	70	70	57	35	49	43	28	48	34	29	43	29	29
64	170	2	2	119	0	1953125	12	0.0	0	0.81	0	0	V0.2	0	0	81	102	71	93	95	64	99	75	70	94	56	79	81	43	86	51	59	77	35	81	75	48	113	43	104	94	62	104	109	33	188	83	153	161	111	78	192	150	296	233	185	261	61	98	307	375	456	561	403	301	98	304	662	883	1000	867	593	111	144	328	409	366	336	80	124	133	112	110	215	48	161	135	39	125	112	49	129	78	76	112	33	83	72	32	80
64	170	2	2	119	0	1953125	12	0.0	0	0.81	0	0	V0.2	0	0	32	21	14	31	11	22	26	5	26	24	13	25	20	22	19	23	25	12	30	31	24	49	25	43	38	6	34	57	21	104	97	83	97	51	62	93	150	220	289	194	198	112	78	213	394	351	493	478	391	199	195	441	810	928	999	864	456	35	293	371	452	423	277	162	57	59	129	157	125	151	104	67	82	53	37	63	49	46	57	32	41	40	21	40	37
64	170	2	2	119	0	1953125	12	0.0	0	0.82	0	0	V0.2	0	0	90	107	112	90	118	97	95	111	78	98	94	68	99	67	79	87	55	88	68	70	104	51	114	79	98	109	100	94	158	30	214	82	178	113	187	39	274	157	354	199	257	196	154	158	441	343	441	541	365	144	184	435	744	864	1000	953	598	30	176	410	415	417	381	118	165	175	70	190	225	39	223	112	106	165	90	110	142	56	127	92	68	108	47	89	78
64	170	2	2	119	0	1953125	12	0.0	0	0.82	0	0	V0.2	0	0	16	37	18	20	32	5	25	24	10	29	15	19	23	15	22	16	29	25	20	45	17	37	34	11	31	45	20	84	55	105	89	49	76	56	78	150	220	251	284	166	178	23	217	329	445	379	495	430	186	84	434	615	857	925	1000	730	251	129	456	474	502	442	268	141	83	96	158	178	129	157	114	68	79	49	26	58	43	45	56	25	45	38	20	44	34
64	170	2	2	119	0	1953125	12	0.0	0	0.81	0	0	V0.2	0	0	111	106	132	103	122	123	94	121	101	92	115	74	102	93	70	102	69	83	95	57	117	75	108	109	93	115	141	69	198	51	200	122	175	95	238	40	350	240	346	181	201	105	403	383	504	427	432	411	58	220	645	909	999	958	906	496	123	489	618	675	562	339	263	96	21	253	250	133	283	72	167	178	84	144	167	69	170	108	98	133	59	108	91	57	108
64	170	2	2	119	0	1953125	12	0.0	0	0.81	0	0	V0.2	0	0	118	92	118	113	95	122	96	99	113	74	104	88	75	102	64	84	89	54	99	59	92	97	76	107	109	73	162	60	170	109	135	132	173	80	265	136	287	272	225	136	213	158	495	508	409	303	175	197	254	533	839	1000	756	465	357	98	505	765	776	611	425	61	68	214	202	182	323	75	207	171	61	154	164	54	183	110	110	148	61	117	97	58	108	53	83
64	170	1	2	119	0	1953125	12	0.0	0	0.98	0	0	V0.2	0	0	74	116	85	111	90	106	100	96	97	91	95	95	101	89	99	94	104	94	100	117	123	118	135	123	156	110	173	115	201	100	248	79	253	65	310	118	319	183	432	248	391	315	540	474	501	449	444	446	480	644	853	1000	908	667	559	216	226	446	611	577	548	357	419	159	226	83	279	143	286	193	226	182	184	191	150	194	119	184	83	161	76	152	59	132	58
64	170	1	2	119	0	1953125	12	0.0	0	0.97	0	0	V0.2	0	0	83	38	85	39	88	51	81	56	86	64	82	73	94	77	97	87	105	78	115	94	128	96	144	111	128	108	140	129	124	156	151	182	95	179	147	221	173	314	381	388	336	355	446	438	512	599	690	660	587	535	674	783	1000	874	949	753	449	184	268	291	360	347	338	298	186	201	135	175	160	195	178	168	164	133	148	125	155	116	133	104	113	87	94	87	82
64	170	1	2	119	0	1953125	12	0.0	0	0.97	0	0	V0.2	0	0	73	59	77	51	86	54	88	60	96	62	88	73	95	78	100	97	109	94	121	106	128	104	157	109	153	98	178	106	170	133	215	171	150	180	174	212	199	364	428	519	410	487	448	452	468	709	769	909	832	777	738	724	892	851	1000	988	792	374	315	195	293	254	370	288	270	240	200	208	181	226	188	231	170	186	148	176	156	153	147	138	130	105	116	101	99
64	170	1	2	119	0	1953125	12	0.0	0	0.97	0	0	V0.2	0	0	37	87	33	82	48	86	49	87	67	79	64	90	78	88	84	109	85	104	91	126	88	136	109	147	93	144	122	139	119	158	191	133	155	107	197	135	246	279	463	409	411	393	412	381	519	683	763	901	765	749	583	693	821	893	903	999	673	358	204	259	222	273	301	280	257	173	222	158	218	156	218	173	184	138	160	152	145	143	133	139	102	110	96	98	80
64	170	1	2	119	0	1953125	12	0.0	0	0.97	0	0	V0.2	0	0	64	60	64	57	78	54	78	62	89	56	82	73	86	73	94	95	97	93	113	102	115	109	149	101	138	99	168	88	167	122	207	133	137	135	158	187	222	345	404	466	348	408	367	450	524	771	801	938	780	705	623	714	927	938	999	910	643	240	248	242	311	237	361	270	254	193	200	204	184	205	184	220	149	169	143	179	139	151	139	131	109	103	112	94	92
64	170	1	2	119	0	1953125	12	0.0	0	0.97	0	0	V0.2	0	0	73	54	68	55	83	48	81	63	90	57	88	73	84	73	100	94	98	92	117	93	113	104	147	92	139	99	163	82	164	127	193	141	129	146	119	161	184	307	367	479	414	459	405	352	394	655	746	996	987	887	737	592	659	718	900	1000	922	485	354	191	199	116	253	237	236	202	201	224	170	194	169	217	152	161	135	158	129	135	139	123	111	94	105	81	81
64	170	2	2	119	0	1953125	12	0.0	0	0.97	0	0	V0.2	0	0	60	144	52	144	42	144	38	156	13	148	7	151	8	138	17	155	22	157	39	166	26	181	42	189	34	213	62	201	56	240	146	205	169	159	214	141	216	218	429	336	541	349	513	220	399	441	714	833	1000	887	783	600	524	579	767	939	845	606	362	269	189	138	181	232	257	147	295	117	278	59	285	93	249	78	230	104	193	100	182	121	138	105	120	91	109
64	170	2	2	119	0	1953125	12	0.0	0	0.97	0	0	V0.2	0	0	81	28	74	36	75	39	80	58	76	57	79	66	72	66	91	76	93	80	111	76	110	91	127	91	122	111	120	103	128	152	127	161	93	152	91	144	128	250	328	415	445	396	436	268	346	517	708	885	1000	869	768	573	536	584	824	898	886	543	371	246	115	108	164	240	162	205	178	211	157	161	173	171	158	121	152	117	131	106	140	105	106	87	95	74	71
64	170	2	2	119	0	1953125	12	0.0	0	0.98	0	0	V0.2	0	0	32	141	41	143	44	135	37	145	41	137	38	137	46	130	40	138	41	151	56	154	48	174	65	177	71	198	101	185	97	218	175	196	211	144	248	122	243	180	425	330	565	350	526	270	402	418	695	800	1000	880	807	650	523	513	662	833	832	643	408	329	222	142	211	227	276	148	309	127	286	70	288	98	254	79	230	97	196	95	185	111	144	92	130	79	120
64	170	2	2	119	0	1953125	12	0.0	0	0.98	0	0	V0.2	0	0	78	34	74	35	77	38	67	48	77	53	78	69	80	62	87	77	93	79	119	90	117	90	142	96	143	112	164	107	151	138	187	180	183	214	184	214	155	244	293	435	473	535	528	465	343	442	544	768	960	1000	956	795	680	443	563	703	871	707	532	410	289	156	193	232	230	218	229	251	183	197	173	216	154	171	141	159	119	136	130	121	105	102	101	79	85
64	170	2	2	119	0	1953125	12	0.0	0	0.98	0	0	V0.2	0	0	49	148	41	146	33	145	36	149	17	147	9	152	21	137	12	151	23	152	37	173	31	175	41	194	38	213	73	208	58	228	118	236	169	221	271	177	227	165	328	300	522	429	654	450	477	290	453	523	868	941	1000	905	827	464	334	495	647	713	438	467	287	210	193	204	226	165	270	152	283	73	266	76	269	53	236	60	204	55	189	71	160	63	144	64	117
64	170	2	2	119	0	1953125	12	0.0	0	0.83	0	0	V0.2	0	0	101	102	94	107	93	101	103	87	101	82	85	88	68	85	67	74	78	65	77	67	75	87	78	99	75	112	113	97	153	49	144	128	130	112	232	200	346	83	295	31	176	251	554	501	607	381	346	70	317	558	706	744	1000	671	219	240	380	571	425	458	201	174	66	99	95	197	30	178	105	120	154	83	124	100	107	114	92	99	103	73	104	61	78	70	51
64	170	2	2	119	0	1953125	12	0.0	0	0.83	0	0	V0.2	0	0	12	30	17	17	26	7	20	19	7	21	8	13	15	10	16	11	23	9	21	25	3	27	13	22	41	24	54	71	46	114	44	51	15	46	85	260	221	269	241	220	79	184	340	543	535	557	460	281	115	425	556	613	1000	848	522	215	284	450	392	350	351	175	128	37	54	77	119	77	86	75	42	59	16	22	27	9	21	33	6	31	25	17	26	12	14
64	170	2	2	119	0	1953125	12	0.0	0	0.83	0	0	V0.2	0	0	17	33	17	22	29	5	24	17	11	24	6	15	16	11	17	15	25	7	26	25	11	33	11	29	42	16	72	76	58	131	55	64	30	63	98	275	252	330	249	253	91	175	343	620	606	592	489	377	135	452	634	701	1000	953	626	319	220	504	447	376	381	205	171	47	23	83	123	77	107	74	59	73	15	39	26	5	34	33	11	38	20	29	31	10	25
64	170	1	2	119	0	1953125	12	0.0	0	0.98	0	0	V0.2	0	0	97	107	97	121	89	124	78	122	77	128	66	124	69	131	60	122	74	133	76	138	89	151	90	169	90	191	77	225	50	205	54	276	77	286	144	352	188	255	176	374	311	498	557	633	617	418	336	250	397	700	867	941	999	743	469	397	311	475	393	485	279	328	187	296	120	245	162	248	173	212	201	176	199	152	218	99	193	77	175	63	166	53	147	45	132
64	170	1	2	119	0	1953125	12	0.0	0	0.98	0	0	V0.2	0	0	136	65	146	78	136	78	137	86	129	79	129	82	129	87	124	78	138	89	140	82	164	100	164	107	186	141	178	168	177	173	179	248	189	291	152	380	132	313	173	480	336	580	500	719	498	461	307	446	527	785	884	1000	933	602	434	488	556	566	551	545	332	295	211	303	147	300	147	330	94	300	96	278	95	263	122	213	110	196	116	167	113	148	102	127	88
64	170	1	2	119	0	1953125	12	0.0	0	0.98	0	0	V0.2	0	0	121	103	127	121	111	118	110	127	101	125	98	128	95	130	90	122	105	138	106	135	127	156	118	162	135	205	117	228	107	235	94	303	115	329	143	395	170	314	171	472	347	547	548	705	583	397	287	384	525	690	867	1000	974	581	443	552	539	579	544	638	327	361	182	334	110	296	157	311	160	261	188	230	189	202	219	143	191	123	186	97	170	88	157	70	135
64	170	1	2	119	0	1953125	12	0.0	0	0.98	0	0	V0.2	0	0	63	166	59	177	69	169	64	166	66	165	60	158	57	163	67	155	55	175	65	177	66	201	81	210	106	229	134	234	163	217	197	272	300	214	398	226	404	136	406	319	587	403	736	599	671	263	343	419	678	648	862	1000	968	509	494	689	727	673	629	668	479	303	336	231	330	150	370	130	346	79	344	99	306	114	277	136	224	121	210	130	178	125	153	106	141
64	170	1	2	119	0	1953125	12	0.0	0	0.98	0	0	V0.2	0	0	53	147	51	159	43	154	33	159	26	157	12	152	9	154	16	153	18	167	25	167	28	192	30	203	44	227	57	238	80	247	131	282	207	239	257	253	273	226	371	366	508	339	500	357	470	259	447	578	704	536	548	666	694	538	733	1000	880	609	419	407	241	265	252	307	286	188	278	130	273	98	302	79	279	48	250	55	223	60	210	75	172	68	153	60	138
64	170	2	2	119	0	1953125	12	0.0	0	0.98	0	0	V0.2	0	0	44	127	40	138	33	133	29	131	28	129	13	129	10	133	20	128	16	140	23	149	35	173	39	173	47	189	57	207	93	215	127	224	180	190	216	228	252	212	335	310	406	289	483	361	458	229	392	419	523	532	774	1000	858	628	473	352	379	550	646	716	471	391	306	177	180	128	231	164	284	107	271	58	230	47	235	67	198	64	174	66	152	66	134	57	121
64	170	2	2	119	0	1953125	12	0.0	0	0.82	0	0	V0.2	0	0	101	120	95	118	116	96	122	94	100	108	73	103	82	79	100	59	93	74	69	100	60	103	105	76	148	61	140	96	120	123	169	86	263	53	300	64	190	20	288	168	444	329	450	218	215	38	347	505	622	567	727	763	270	68	535	1000	953	833	764	412	33	239	181	398	250	200	257	42	130	189	71	167	176	57	183	97	110	132	70	118	88	72	111	47	87
64	170	2	2	119	0	1953125	12	0.0	0	0.83	0	0	V0.2	0	0	34	11	33	29	9	32	13	19	24	4	25	19	17	24	18	20	9	25	23	12	45	26	43	56	30	63	5	48	38	79	76	134	116	222	139	117	70	202	160	357	323	442	391	290	191	102	352	614	571	549	865	806	347	82	651	1000	980	879	915	403	60	151	297	301	305	208	181	124	55	62	97	69	76	83	46	65	40	28	43	20	30	38	18	32	30
64	170	2	2	119	0	1953125	12	0.0	0	0.98	0	0	V0.2	0	0	41	152	34	160	38	154	27	155	22	160	23	154	22	158	33	152	34	172	43	179	55	198	54	203	68	220	79	242	129	243	160	248	234	214	257	252	304	265	417	373	489	347	549	332	432	271	580	567	645	640	939	1000	734	589	567	605	557	743	847	792	469	392	316	182	199	150	270	160	316	106	294	63	253	61	258	89	210	88	185	87	163	90	142	78	131
64	170	2	2	119	0	1953125	12	0.0	0	0.98	0	0	V0.2	0	0	42	141	38	152	39	148	33	146	36	146	32	141	28	149	40	143	34	158	41	165	50	191	61	197	78	214	88	230	131	236	166	240	244	216	265	236	317	248	391	320	450	332	537	371	492	360	568	477	523	553	879	1000	874	897	886	640	342	461	612	659	424	430	375	240	254	113	245	139	306	119	307	82	257	69	252	95	217	96	190	93	164	92	146	77	133
64	170	2	2	119	0	1953125	12	0.0	0	0.97	0	0	V0.2	0	0	57	55	66	54	69	50	75	52	72	57	79	64	79	76	86	77	86	87	95	89	114	100	121	90	135	94	138	99	163	121	167	138	177	167	172	191	177	281	262	355	288	368	333	400	343	422	487	541	462	480	660	852	788	829	1000	834	531	266	434	407	339	262	328	215	177	135	125	144	138	179	146	169	112	139	116	134	112	125	112	98	92	90	91	74	79
64	170	2	2	119	0	1953125	12	0.0	0	0.97	0	0	V0.2	0	0	37	66	38	74	37	71	45	76	46	74	58	73	59	80	71	83	72	96	74	99	82	120	78	122	88	137	87	144	114	154	135	152	176	139	180	165	217	230	332	321	371	313	347	298	348	375	526	582	514	498	549	719	600	731	905	1000	648	407	306	311	193	244	246	241	190	146	154	122	163	139	183	133	155	112	136	110	126	119	113	103	90	96	80	83	76
64	170	2	2	119	0	1953125	12	0.0	0	0.97	0	0	V0.2	0	0	43	70	41	78	38	77	51	84	52	83	64	79	64	87	77	90	81	105	82	106	88	126	82	131	93	147	89	153	118	162	140	169	192	156	191	169	223	228	351	355	436	388	398	296	308	322	514	609	629	665	669	728	478	528	755	1000	813	636	469	364	140	178	183	225	187	173	182	141	169	137	183	136	164	121	146	112	125	114	116	107	98	100	83	83	75
64	170	2	2	119	0	1953125	12	0.0	0	0.97	0	0	V0.2	0	0	74	62	71	75	62	73	69	86	68	89	78	88	77	94	93	93	102	110	109	108	118	129	112	134	122	162	107	173	127	200	132	221	185	230	187	235	228	295	364	426	489	461	501	381	377	350	578	639	749	800	939	885	616	534	824	1000	917	767	677	479	212	204	199	245	178	232	185	210	171	191	186	174	184	154	169	123	151	123	146	112	130	109	108	93	95
64	170	2	2	119	0	1953125	12	0.0	0	0.97	0	0	V0.2	0	0	64	67	77	62	77	64	89	65	88	74	93	74	93	92	99	94	108	107	110	107	130	111	133	111	162	110	160	120	187	133	192	164	204	194	198	231	223	324	340	437	395	464	394	409	349	518	595	696	702	764	841	768	605	632	955	1000	869	683	620	361	232	187	298	219	228	195	182	185	151	195	156	195	139	176	128	147	122	142	126	119	114	105	102	88	93
64	170	2	2	119	0	1953125	12	0.0	0	0.97	0	0	V0.2	0	0	72	49	81	48	80	52	87	55	84	68	90	70	91	86	97	88	106	98	112	101	136	106	139	109	163	114	163	134	188	154	186	184	200	219	210	262	231	344	332	424	380	455	438	449	430	565	631	656	660	708	831	779	704	757	1000	917	750	612	622	411	329	286	345	257	229	206	174	198	172	225	176	205	154	183	142	159	144	153	137	122	123	111	110	98	102
64	170	2	2	119	0	1953125	12	0.0	0	0.98	0	0	V0.2	0	0	49	161	38	166	34	168	21	165	13	171	9	167	18	173	27	169	40	183	43	199	63	212	51	228	71	240	73	269	126	278	149	285	232	275	264	276	326	317	440	383	524	417	605	374	546	435	638	533	649	748	1000	957	841	741	720	680	579	827	843	787	470	457	347	228	221	184	270	190	329	141	313	76	279	75	272	82	238	86	202	77	184	85	160	71	149
64	170	1	2	119	0	1953125	12	0.0	0	0.98	0	0	V0.2	0	0	39	149	30	157	41	152	41	146	39	152	42	147	43	154	55	146	50	162	56	175	74	193	79	197	102	206	108	223	160	227	186	229	268	198	288	199	322	221	427	334	524	384	585	346	475	350	550	496	608	720	975	1000	855	712	598	568	545	766	837	767	504	394	358	161	223	116	275	135	322	117	296	99	247	96	243	120	200	121	172	114	152	114	129	96	123
64	170	1	2	119	0	1953125	12	0.0	0	0.98	0	0	V0.2	0	0	60	139	55	152	42	149	34	152	27	153	19	152	21	158	29	154	40	168	45	175	61	201	49	208	58	234	52	250	81	266	100	286	181	287	216	293	249	276	312	377	451	424	567	429	501	368	532	480	566	641	910	1000	891	848	804	680	461	557	638	644	370	441	309	284	225	170	190	174	247	158	278	92	249	66	247	53	223	50	198	44	173	49	158	41	141
64	170	1	2	119	0	1953125	12	0.0	0	0.97	0	0	V0.2	0	0	30	67	36	74	43	69	50	71	51	70	65	75	65	84	76	84	72	98	79	103	88	124	91	124	106	138	111	131	135	137	150	150	203	180	231	182	234	184	245	253	357	398	487	489	455	436	418	461	433	587	787	999	871	897	879	750	458	453	520	510	307	337	289	237	206	138	153	111	159	146	193	151	161	136	149	131	129	132	117	112	100	110	91	91	84
64	170	1	2	119	0	1953125	12	0.0	0	0.97	0	0	V0.2	0	0	50	62	57	67	65	59	70	62	68	64	80	73	77	83	88	83	82	94	95	95	103	110	114	99	127	110	139	102	154	108	149	115	184	177	214	205	226	238	175	208	227	360	419	541	509	504	450	447	389	448	688	958	941	894	1000	862	584	431	479	426	278	234	267	204	204	159	154	136	119	133	138	161	127	149	120	136	104	123	108	107	91	95	91	80	80
64	170	1	2	119	0	1953125	12	0.0	0	0.97	0	0	V0.2	0	0	51	48	51	53	61	48	64	58	68	54	71	65	68	69	82	80	79	88	94	86	93	98	110	91	118	108	140	104	157	127	155	108	165	161	195	194	247	303	244	241	193	258	265	405	466	544	554	595	535	469	513	701	742	819	999	999	779	563	482	319	193	135	199	177	200	172	189	175	155	143	131	154	127	147	130	146	108	123	109	111	92	99	96	87	85
64	170	1	2	119	0	1953125	12	0.0	0	0.97	0	0	V0.2	0	0	43	64	36	66	45	69	46	75	55	67	57	76	63	73	74	87	72	88	82	98	72	106	86	112	79	125	98	124	106	147	136	123	131	142	162	139	212	253	303	240	254	216	209	222	356	428	541	627	627	610	537	594	562	694	868	1000	811	640	489	360	184	154	91	141	120	131	143	148	176	123	139	114	130	99	127	115	112	96	101	99	81	83	78	76	64
64	170	1	2	119	0	1953125	12	0.0	0	0.84	0	0	V0.2	0	0	71	78	79	69	84	69	77	78	60	78	57	66	65	46	68	47	58	66	37	78	35	80	59	69	72	75	74	108	31	161	16	185	115	117	91	106	19	280	215	334	266	275	302	105	105	325	467	567	627	668	591	426	457	593	878	1000	856	642	512	267	131	132	311	202	195	169	74	151	78	70	116	65	92	113	45	113	60	87	85	49	84	46	60	65	29
64	170	1	2	119	0	1953125	12	0.0	0	0.84	0	0	V0.2	0	0	83	81	73	92	71	83	80	66	86	59	75	70	52	79	39	72	57	53	76	41	73	58	62	87	56	97	81	93	124	78	158	26	156	84	97	100	222	213	375	192	322	217	217	44	302	386	605	550	696	585	404	355	513	715	1000	998	898	656	315	191	128	367	239	295	121	202	138	39	123	91	71	130	61	100	92	77	110	48	103	62	68	83	32	73	44
64	170	2	2	119	0	1953125	12	0.0	0	0.83	0	0	V0.2	0	0	12	17	24	0	24	19	11	25	10	20	21	15	26	21	26	23	27	26	19	31	19	22	40	24	56	46	57	79	35	65	21	19	68	102	118	208	180	261	220	119	40	183	203	350	454	576	504	382	298	205	514	762	1000	975	835	574	333	437	563	494	445	342	233	115	56	108	103	97	123	86	79	65	44	61	34	33	42	24	39	42	30	41	36	32	38
64	170	1	2	119	0	1953125	12	0.0	0	0.80	0	0	V0.2	0	0	30	22	10	29	15	15	28	13	21	22	13	22	19	20	25	23	29	23	29	28	13	35	38	28	67	51	47	58	8	28	75	80	114	135	89	131	42	77	121	239	230	362	285	234	61	263	394	583	764	700	425	180	309	643	876	1000	908	491	173	152	210	306	232	163	114	46	37	85	98	74	93	73	50	64	46	39	48	31	34	48	27	33	38	21	27
64	170	2	2	119	0	1953125	12	0.0	0	0.80	0	0	V0.2	0	0	27	23	6	28	19	13	27	14	20	25	14	23	22	20	24	25	29	19	27	32	18	40	48	35	61	39	33	39	37	44	105	90	118	107	57	64	74	144	261	294	215	231	105	78	194	483	543	620	583	463	62	306	698	1000	867	752	509	117	268	366	315	300	162	106	86	111	76	104	108	77	95	72	49	57	35	34	54	39	38	50	28	32	37	26	31
64	170	2	2	119	0	1953125	12	0.0	0	0.80	0	0	V0.2	0	0	34	4	30	27	9	32	21	19	31	17	23	28	22	27	26	33	28	29	40	21	32	45	27	62	63	44	72	28	24	67	68	87	148	97	136	124	18	71	243	263	310	333	259	218	48	307	523	675	769	749	283	53	472	864	944	1000	817	314	107	211	272	311	211	212	109	51	68	93	78	104	103	71	77	53	29	60	49	28	54	42	32	44	29	30	36
64	170	2	2	119	0	1953125	12	0.0	0	0.80	0	0	V0.2	0	0	12	29	15	17	31	12	22	27	10	23	21	18	25	20	26	25	24	26	18	33	34	26	56	43	46	65	28	29	61	47	86	126	92	119	88	34	56	185	239	324	279	197	101	84	204	513	580	592	579	368	58	308	760	999	873	635	460	123	261	367	340	235	157	84	49	106	106	80	110	83	68	83	57	40	44	38	39	51	37	41	42	22	33	38	24
64	170	2	2	119	0	1953125	12	0.0	0	0.81	0	0	V0.2	0	0	7	25	30	4	29	26	9	28	21	19	27	20	26	24	22	26	21	29	24	32	48	31	53	51	21	50	54	44	104	96	87	125	66	74	90	125	157	260	252	285	197	27	170	368	448	619	529	370	217	201	415	649	967	1000	629	265	292	464	443	405	297	116	22	46	61	110	123	77	90	68	33	53	47	25	40	41	31	46	32	27	36	20	22	37	24
64	170	2	2	119	0	1953125	12	0.0	0	0.82	0	0	V0.2	0	0	79	101	77	91	94	72	95	79	72	90	57	80	74	54	79	50	66	70	42	88	50	85	93	53	108	70	74	144	71	138	173	53	211	105	80	155	202	175	388	237	337	128	126	174	463	530	651	499	454	251	285	434	852	1000	718	489	412	353	341	384	241	249	38	123	102	102	57	153	62	122	127	51	137	90	91	113	68	89	99	47	96	59	63	78	35
64	170	2	2	119	0	1953125	12	0.0	0	0.81	0	0	V0.2	0	0	13	22	31	3	29	26	7	31	20	15	26	17	22	22	25	26	19	29	21	25	43	29	59	54	40	73	42	21	81	78	88	159	124	164	128	20	64	203	257	399	398	252	158	129	267	568	624	672	717	504	246	230	731	1000	824	600	661	320	205	302	326	194	132	96	77	62	59	36	85	48	54	77	43	39	39	19	32	37	19	37	34	21	36	25	14
64	170	2	2	119	0	1953125	12	0.0	0	0.81	0	0	V0.2	0	0	6	24	25	4	28	18	12	28	15	16	24	16	21	18	23	21	18	25	15	27	34	26	58	41	48	65	24	35	75	60	106	145	125	179	104	24	88	187	266	411	369	271	160	153	271	579	589	720	673	461	181	262	756	1000	760	608	591	264	150	316	324	211	124	92	80	71	41	51	88	44	68	70	38	53	31	24	40	28	26	42	25	31	34	19	24
64	170	1	2	119	0	1953125	12	0.0	0	0.81	0	0	V0.2	0	0	90	63	90	83	64	96	68	74	88	52	81	71	47	81	40	65	68	36	81	55	56	99	26	106	83	65	119	81	59	156	78	172	202	60	180	111	57	228	336	326	402	134	220	194	384	545	663	635	586	286	165	463	939	1000	736	645	476	222	254	357	343	204	35	134	93	42	94	150	16	136	90	77	127	67	85	104	52	90	85	45	88	45	58	72	26
64	170	1	2	119	0	1953125	12	0.0	0	0.81	0	0	V0.2	0	0	13	15	24	5	21	22	4	22	17	10	21	16	17	15	17	18	10	21	20	21	36	23	43	41	28	49	33	14	61	83	100	133	103	106	8	86	111	292	341	358	263	180	151	296	431	584	655	578	459	233	379	809	1000	949	839	776	378	230	407	470	333	158	135	28	34	71	96	63	79	60	45	47	23	19	25	16	27	37	17	32	27	11	26	21	13
64	170	1	2	119	0	1953125	12	0.0	0	0.81	0	0	V0.2	0	0	59	80	67	68	79	58	72	70	52	74	54	57	67	40	62	50	39	65	33	66	62	45	86	40	78	77	40	103	125	50	178	38	140	93	145	122	278	212	407	223	181	55	371	361	575	526	571	376	378	381	682	956	1000	780	583	630	467	466	511	511	194	122	18	136	37	165	89	111	104	40	105	75	59	88	74	67	97	39	81	63	43	71	38	49	57
64	170	1	2	119	0	1953125	12	0.0	0	0.81	0	0	V0.2	0	0	19	10	27	13	16	27	10	18	22	12	22	19	18	19	15	22	19	25	30	23	44	36	32	45	19	20	69	68	88	120	74	87	51	24	139	249	208	308	282	201	49	257	425	548	539	523	463	310	468	681	795	1000	972	660	418	650	729	568	525	412	181	55	110	148	131	92	121	62	26	40	21	8	44	43	29	41	23	29	28	10	23	26	11	26	24
64	170	1	2	119	0	1953125	12	0.0	0	0.80	0	0	V0.2	0	0	92	72	75	96	63	85	85	59	90	71	58	86	42	71	69	37	77	51	57	92	25	96	80	52	115	62	57	144	83	142	184	38	181	114	90	174	259	257	455	166	156	133	314	380	662	623	557	218	369	399	746	998	1000	741	589	669	425	535	596	442	74	95	112	144	112	206	53	114	110	54	104	107	44	119	97	65	114	56	76	82	43	75	60	41	71
64	170	1	2	119	0	1953125	12	0.0	0	0.80	0	0	V0.2	0	0	92	72	75	96	63	85	85	59	90	71	58	86	42	71	69	37	77	51	57	92	25	96	80	52	115	62	57	144	83	142	184	38	181	114	90	174	259	257	455	166	156	133	314	380	662	623	557	218	369	399	746	998	1000	741	589	669	425	535	596	442	74	95	112	144	112	206	53	114	110	54	104	107	44	119	97	65	114	56	76	82	43	75	60	41	71
64	170	1	2	119	0	1953125	12	0.0	0	0.81	0	0	V0.2	0	0	16	16	29	8	21	25	4	20	21	11	22	16	21	20	18	22	14	26	28	27	49	32	46	58	23	42	63	38	89	133	121	148	75	24	38	149	244	403	355	258	164	111	174	513	700	694	479	400	376	345	833	1000	969	889	871	475	267	735	724	340	174	117	59	104	146	128	113	55	68	72	36	27	42	23	27	45	25	38	27	18	33	24	17	32	19
64	170	1	2	119	0	1953125	12	0.0	0	0.81	0	0	V0.2	0	0	24	5	30	20	12	28	13	15	26	13	22	20	19	23	16	22	21	28	39	30	47	36	25	53	45	37	90	83	93	127	78	78	91	88	135	267	281	300	161	78	125	260	419	640	594	274	195	275	345	796	1000	863	655	672	489	391	719	895	408	85	178	174	131	163	177	76	61	39	7	49	60	32	39	39	21	42	25	19	26	12	21	34	15	20	24
64	170	1	2	119	0	1953125	12	0.0	0	0.80	0	0	V0.2	0	0	83	72	84	80	73	87	72	75	80	63	74	66	54	69	47	63	59	48	69	52	59	88	33	99	77	70	123	66	56	156	83	147	208	62	200	98	124	157	269	300	441	136	119	157	364	441	707	597	416	239	445	373	654	999	658	214	367	611	355	278	277	251	90	51	94	138	36	153	96	61	113	76	89	105	74	86	96	60	91	57	62	67	46	63	54
64	170	1	2	119	0	1953125	12	0.0	0	0.80	0	0	V0.2	0	0	22	5	21	15	8	22	12	10	20	8	16	17	9	12	12	16	17	19	26	10	27	28	8	25	44	31	68	63	54	58	24	9	76	144	163	199	72	101	96	180	299	470	375	221	195	358	305	577	699	673	319	466	483	646	970	1000	597	179	304	346	181	249	210	95	76	62	47	72	91	70	78	71	28	33	39	25	38	41	21	35	27	15	29	27	14
64	170	1	2	119	0	1953125	12	0.0	0	0.80	0	0	V0.2	0	0	83	73	82	83	71	85	76	72	80	66	67	70	54	69	50	57	60	53	64	55	54	83	46	91	82	66	110	78	73	135	102	153	236	39	167	46	118	229	421	300	372	158	357	206	449	618	795	462	487	510	549	750	997	1000	589	573	516	482	575	564	283	188	60	108	96	178	45	171	104	69	109	72	72	120	79	81	102	53	88	64	56	70	44	59	59
64	170	1	2	119	0	1953125	12	0.0	0	0.80	0	0	V0.2	0	0	87	67	76	84	61	84	76	61	83	59	63	76	41	71	54	46	73	41	61	73	26	98	68	62	107	39	85	127	60	136	169	78	212	61	63	181	257	219	440	295	301	54	370	379	491	575	776	431	282	489	731	725	878	1000	667	514	653	636	436	404	232	168	87	166	69	173	22	140	113	55	82	87	65	106	86	64	102	53	80	70	44	68	49	47	62
64	170	2	2	119	0	1953125	12	0.0	0	0.81	0	0	V0.2	0	0	62	85	80	63	88	67	69	85	53	78	68	51	77	45	57	67	30	80	46	61	84	35	86	75	33	126	77	108	157	23	133	124	76	155	236	215	353	122	170	157	279	325	639	579	486	190	376	357	578	823	1000	695	485	610	501	628	805	795	398	199	164	173	135	241	96	171	78	79	102	81	52	122	72	99	105	42	105	64	62	81	44	66	66	33	65
