34928	35048	35167	35286	35405	35524	35644	35763	35882	36001	36120	36240	36359	36478	36597	36716	36836	36955	37074	37193	37313	37432	37551	37670	37789	37909	38028	38147	38266	38385	38505	38624	38743	38862	38981	39101	39220	39339	39458	39577	39697	39816	39935	40054	40174	40293	40412	40531	40650	40770	40889	41008	41127	41246	41366	41485	41604	41723	41842	41962	42081	42200	42319	42439	42558	42677	42796	42915	43035	43154	43273	43392	43511	43631	43750	43869	43988	44107	44227	44346	44465	44584	44703	44823	44942
64	170	1	2	119	0	1953125	12	0.0	0	0.65	0	0	V0.2	0	0	28	27	18	24	33	27	19	30	36	26	25	39	39	28	35	46	40	33	44	53	43	40	55	58	45	44	64	57	59	53	92	78	89	83	151	115	179	162	270	202	254	300	346	352	379	477	494	514	513	674	571	776	672	1000	689	828	696	701	463	355	344	252	149	99	126	119	88	70	95	97	85	66	84	83	72	61	70	66	54	52	56	50	41	42	43
64	170	1	2	119	0	1953125	12	0.0	0	0.65	0	0	V0.2	0	0	25	31	27	22	32	34	26	27	39	36	28	36	44	37	32	45	48	40	40	56	53	42	50	61	53	44	58	61	68	48	88	76	96	81	149	125	181	156	265	227	286	302	378	340	406	484	526	581	502	753	627	817	732	1000	726	886	720	825	484	373	391	243	160	103	136	125	74	72	105	99	80	62	93	84	63	62	79	66	47	56	64	46	36	50	47
64	170	1	2	119	0	1953125	12	0.0	0	0.65	0	0	V0.2	0	0	25	29	20	20	30	29	20	26	36	30	24	35	40	31	30	43	43	33	39	52	46	37	49	56	47	41	59	57	56	45	84	70	93	80	142	124	166	152	256	192	254	285	346	333	365	455	477	530	493	665	585	761	603	1000	656	765	781	667	440	392	305	261	147	89	137	108	78	69	95	93	76	62	85	79	65	59	71	63	47	52	57	45	37	45	42
64	170	1	2	119	0	1953125	12	0.0	0	0.65	0	0	V0.2	0	0	28	30	21	23	33	30	21	30	38	31	25	38	42	31	33	47	43	35	44	55	47	38	53	57	48	43	61	57	59	44	85	77	92	82	156	107	175	165	242	208	273	271	368	355	366	476	517	533	487	706	570	765	683	1000	674	807	778	690	455	415	336	244	150	97	133	113	78	68	99	92	77	65	86	77	65	61	72	62	49	54	57	44	38	44	42
64	170	1	2	119	0	1953125	12	0.0	0	0.65	0	0	V0.2	0	0	19	17	23	25	20	20	27	27	21	24	30	28	22	28	33	29	25	33	35	30	29	35	37	26	28	31	35	15	26	24	53	37	62	56	123	82	143	137	233	154	253	274	303	321	403	448	458	551	481	650	601	780	612	1000	699	782	729	715	444	367	369	221	126	96	115	73	56	32	55	66	57	37	52	60	54	38	46	51	48	35	38	43	39	28	30
64	170	1	2	119	0	1953125	12	0.0	0	0.65	0	0	V0.2	0	0	24	16	18	27	24	16	22	30	24	17	27	33	25	21	32	36	24	26	37	36	25	27	40	32	22	23	37	24	24	18	59	36	63	58	117	95	165	137	237	194	250	257	360	346	366	477	512	531	522	738	598	785	689	1000	733	862	763	709	471	394	369	237	140	101	123	74	41	35	64	63	52	37	59	60	48	40	57	52	41	41	49	43	33	35	40
64	170	1	2	119	0	1953125	12	0.0	0	0.65	0	0	V0.2	0	0	25	18	20	28	25	18	24	31	26	20	30	33	27	25	34	36	27	30	38	35	27	32	42	32	26	29	40	26	27	21	57	36	61	58	118	80	155	144	230	185	271	272	333	352	379	456	483	546	490	703	615	762	658	1000	732	820	753	745	468	392	372	222	142	104	117	79	48	37	68	65	50	39	61	59	49	42	54	51	42	39	47	42	31	34	36
64	170	1	2	119	0	1953125	12	0.0	0	0.65	0	0	V0.2	0	0	23	15	15	25	24	14	21	29	24	16	26	31	23	19	31	34	23	25	37	35	23	26	39	29	22	26	36	23	19	8	50	38	63	60	119	81	129	137	236	179	252	260	299	311	378	463	477	510	491	677	632	808	701	1000	691	835	805	694	425	398	386	201	133	88	115	83	40	20	56	65	44	37	57	52	43	41	55	47	38	40	48	40	29	33	37
64	170	1	2	119	0	1953125	12	0.0	0	0.60	0	0	V0.2	0	0	7	2	10	12	9	2	8	13	13	5	5	13	14	7	3	13	14	7	4	19	20	13	12	33	35	34	36	59	63	63	59	81	61	40	99	68	141	150	299	237	343	383	479	447	545	564	578	544	452	586	445	671	614	930	681	1000	938	859	638	539	456	297	204	114	129	40	55	47	59	14	27	36	36	13	17	31	19	5	14	18	9	4	12	14	4
64	170	1	2	119	0	1953125	12	0.0	0	0.65	0	0	V0.2	0	0	23	15	17	26	23	15	23	29	23	17	28	31	22	21	32	33	22	25	36	33	22	26	38	27	19	23	34	22	23	16	44	25	44	35	92	77	119	107	211	167	234	267	325	335	361	470	448	496	488	649	551	759	606	1000	680	775	694	654	336	309	284	123	82	60	75	22	12	11	33	33	20	15	40	40	32	28	44	41	32	32	41	36	26	28	33
64	170	1	2	119	0	1953125	12	0.0	0	0.65	0	0	V0.2	0	0	32	26	20	30	34	26	25	37	36	26	32	42	37	29	38	47	37	34	46	49	38	38	53	49	38	41	56	46	46	48	77	59	89	85	157	127	186	201	307	249	343	396	442	463	507	616	574	666	612	766	656	842	654	1000	666	784	662	627	381	287	301	170	93	59	95	55	28	24	61	57	43	38	64	60	50	49	63	55	45	49	54	44	35	40	41
64	170	1	2	119	0	1953125	12	0.0	0	0.60	0	0	V0.2	0	0	10	10	24	25	14	6	22	29	20	4	21	32	26	8	19	37	33	17	22	47	47	41	34	70	76	71	65	111	106	108	83	128	78	73	107	52	112	90	325	228	398	467	600	618	733	881	969	914	909	999	810	934	517	987	438	975	939	995	989	791	838	529	461	327	364	201	166	131	171	119	86	51	71	67	51	26	35	49	46	30	27	41	42	27	26
64	170	1	2	119	0	1953125	12	0.0	0	0.57	0	0	V0.2	0	0	14	21	21	11	6	19	26	21	8	11	23	28	20	10	19	33	35	26	18	35	44	46	28	28	37	41	36	20	38	41	111	123	160	149	238	210	228	115	156	47	18	253	207	450	480	767	769	853	766	1000	692	740	349	463	156	329	800	508	731	615	650	339	258	139	149	66	1	39	38	27	50	70	64	47	42	60	53	34	24	33	36	30	18	17	27
64	170	1	2	119	0	1953125	12	0.0	0	0.58	0	0	V0.2	0	0	8	6	12	15	13	5	9	18	19	10	3	18	24	19	5	14	27	25	14	7	20	25	21	5	13	21	8	23	26	30	66	78	114	98	216	144	216	136	292	189	259	160	267	201	228	525	475	769	493	1000	792	818	504	906	166	105	625	488	614	466	723	355	288	206	184	118	53	48	4	43	39	58	16	6	30	32	15	13	30	34	26	16	22	30	23
64	170	1	2	119	0	1953125	12	0.0	0	0.55	0	0	V0.2	0	0	14	0	14	23	23	15	2	14	26	27	17	1	19	27	27	16	2	19	34	35	20	8	30	48	47	44	34	66	61	70	22	35	13	41	165	97	214	137	276	291	275	140	289	20	126	512	553	727	612	1000	809	783	579	629	172	499	881	859	851	620	660	456	201	113	65	40	89	123	155	85	83	90	99	75	44	25	43	39	33	16	11	28	35	31	17
64	170	2	2	119	0	1953125	12	0.0	0	0.65	0	0	V0.2	0	0	33	34	26	29	38	34	26	36	43	35	32	46	48	39	42	55	51	42	49	58	49	44	61	64	56	54	70	61	66	44	78	64	98	87	177	178	245	243	359	270	310	308	361	333	415	583	594	715	767	948	780	987	760	1000	741	966	876	870	687	587	468	360	195	147	150	112	79	70	111	98	90	88	104	90	75	70	78	66	58	64	65	54	50	54	48
64	170	2	2	119	0	1953125	12	0.0	0	0.55	0	0	V0.2	0	0	6	11	15	11	3	6	13	16	13	5	5	16	19	15	4	10	18	19	12	2	10	15	25	23	21	22	52	58	66	71	70	104	66	12	87	71	200	213	357	286	315	270	401	244	167	390	392	604	596	970	744	1000	655	981	319	560	704	677	687	637	600	353	238	115	105	42	60	89	81	62	81	85	81	50	34	31	34	25	17	5	14	22	22	17	12
64	170	1	2	119	0	1953125	12	0.0	0	0.51	0	0	V0.2	0	0	6	8	15	18	16	10	7	13	20	21	17	10	9	16	22	24	19	14	16	25	28	25	16	7	13	22	36	37	43	30	42	38	7	34	86	93	130	153	224	140	160	24	23	192	275	512	450	570	441	488	327	119	411	402	773	922	1000	759	523	334	152	123	115	126	127	84	93	67	73	41	33	32	25	39	43	49	38	28	23	25	28	26	21	16	16
64	170	1	2	119	0	1953125	12	0.0	0	0.52	0	0	V0.2	0	0	14	18	17	10	5	12	18	20	17	9	11	19	24	22	14	9	17	25	31	29	24	25	40	50	45	45	23	35	23	52	98	91	130	131	152	115	101	96	41	201	300	378	421	437	334	295	231	121	294	538	726	862	1000	973	560	438	95	102	424	366	422	216	220	122	109	58	41	69	48	58	70	75	70	46	31	29	38	36	35	25	21	28	31	28	18
64	170	1	2	119	0	1953125	12	0.0	0	0.55	0	0	V0.2	0	0	10	6	9	14	15	10	5	10	16	18	14	7	7	11	17	20	12	3	15	20	6	12	33	40	26	19	25	37	3	37	90	87	142	148	236	124	177	110	160	127	153	378	308	444	446	638	367	505	265	433	417	620	903	1000	982	928	840	389	421	329	408	189	280	204	174	28	33	30	38	27	30	46	32	4	11	16	4	17	24	26	15	8	11	15	16
64	170	1	2	119	0	1953125	12	0.0	0	0.51	0	0	V0.2	0	0	8	2	10	16	17	13	7	4	12	17	17	13	6	9	19	25	20	12	11	19	23	22	29	23	36	52	75	69	67	46	19	41	77	145	192	205	231	179	220	12	102	298	311	578	465	635	416	287	49	230	483	709	982	1000	865	796	584	257	291	222	360	229	241	172	131	17	14	29	7	46	56	71	53	37	27	30	32	27	25	19	17	22	25	22	17
64	170	1	2	119	0	1953125	12	0.0	0	0.53	0	0	V0.2	0	0	13	11	4	5	11	16	14	9	1	10	17	19	14	5	7	18	16	7	8	19	16	9	11	10	18	39	75	81	94	79	105	68	20	74	145	214	265	350	369	258	182	162	128	413	461	711	553	661	569	580	323	497	795	622	906	985	1000	579	582	357	314	106	218	215	144	114	111	92	65	14	0	8	11	32	37	30	10	16	22	20	9	1	9	14	15
64	170	1	2	119	0	1953125	12	0.0	0	0.54	0	0	V0.2	0	0	12	8	4	7	12	13	9	5	8	13	14	11	3	6	15	22	14	4	11	21	16	6	17	24	14	2	24	18	35	64	112	88	123	111	129	70	64	152	202	265	287	404	305	385	274	425	290	439	498	603	699	816	1000	836	659	501	436	163	553	560	587	344	324	187	135	87	60	74	57	94	91	80	47	16	16	20	9	6	16	17	14	9	1	11	16
64	170	2	2	119	0	1953125	12	0.0	0	0.51	0	0	V0.2	0	0	5	10	17	20	18	12	7	12	19	21	18	12	8	13	22	27	22	14	10	16	19	21	27	23	23	32	45	38	24	4	37	36	80	108	133	84	98	21	14	161	234	377	350	439	348	324	230	82	441	589	845	1000	952	871	480	313	169	279	593	479	436	235	140	56	28	81	80	95	74	53	51	49	48	42	41	34	33	35	38	36	29	23	20	22	26
64	170	2	2	119	0	1953125	12	0.0	0	0.51	0	0	V0.2	0	0	22	21	15	5	12	20	24	22	14	8	17	28	30	22	12	14	24	30	33	27	23	28	53	64	54	40	18	23	24	67	119	117	156	144	177	57	43	166	193	333	401	535	456	366	250	185	247	527	857	909	989	1000	801	638	80	308	781	600	890	596	452	161	90	38	19	116	127	133	93	47	37	45	54	48	42	33	32	42	47	42	27	18	21	28	32
64	170	2	2	119	0	1953125	12	0.0	0	0.55	0	0	V0.2	0	0	16	19	15	4	7	17	22	19	8	5	19	25	19	5	10	27	24	10	10	26	26	18	22	9	31	59	101	89	108	117	167	111	92	22	60	173	216	437	374	474	463	500	348	364	222	409	466	718	974	861	1000	773	898	722	593	404	754	586	817	651	517	242	209	124	114	53	43	73	27	66	81	73	28	24	39	45	25	6	13	25	23	17	5	11	21
64	170	2	2	119	0	1953125	12	0.0	0	0.56	0	0	V0.2	0	0	2	8	10	9	4	3	9	13	9	2	7	13	14	12	2	11	18	20	5	7	19	23	12	5	15	20	13	2	42	15	79	74	112	100	169	155	169	58	166	108	87	291	298	387	332	540	424	353	183	307	64	486	867	1000	922	808	954	519	267	103	313	44	196	185	252	87	87	106	125	55	5	36	43	37	39	32	17	25	39	39	18	17	35	37	23
64	170	2	2	119	0	1953125	12	0.0	0	0.66	0	0	V0.2	0	0	57	41	7	50	59	24	27	58	47	2	49	61	27	33	71	62	20	58	78	50	34	76	76	39	60	95	81	34	99	103	108	94	179	189	167	166	228	204	266	196	288	316	274	362	359	444	363	565	555	810	745	1000	761	982	492	451	630	552	491	416	542	398	266	131	220	186	91	55	166	151	79	81	150	126	32	72	110	70	22	99	103	35	51	98	73
64	170	2	2	119	0	1953125	12	0.0	0	0.54	0	0	V0.2	0	0	12	2	10	18	21	14	3	12	20	23	16	2	12	22	25	21	9	9	27	38	36	24	17	40	45	37	6	2	14	33	83	76	100	86	171	128	151	61	130	96	125	299	251	347	358	540	494	439	239	314	333	494	927	1000	871	898	860	696	273	53	279	142	264	246	237	118	96	67	88	66	46	46	26	32	47	52	35	21	22	37	33	20	9	17	25
64	170	2	2	119	0	1953125	12	0.0	0	0.54	0	0	V0.2	0	0	15	5	8	18	22	18	7	7	19	24	21	8	5	16	25	27	17	11	26	40	39	29	16	38	41	42	29	34	53	86	129	122	148	113	169	62	46	166	197	309	355	482	360	372	262	347	104	157	473	489	724	808	1000	938	534	438	375	94	336	437	406	225	219	175	166	77	47	28	12	55	77	82	58	36	39	49	38	25	8	19	26	25	18	8	18
64	170	2	2	119	0	1953125	12	0.0	0	0.67	0	0	V0.2	0	0	50	94	80	32	79	103	60	43	100	93	30	79	111	62	44	120	111	20	95	147	98	21	133	138	55	108	193	160	77	141	201	103	108	282	300	306	287	526	440	334	306	507	233	297	495	614	590	698	1000	775	715	769	911	761	644	695	997	658	785	572	497	168	264	208	191	118	208	195	148	155	168	110	56	120	126	63	96	135	93	29	99	107	35	59	107
64	170	2	2	119	0	1953125	12	0.0	0	0.54	0	0	V0.2	0	0	5	13	18	16	9	2	13	20	19	12	0	14	23	23	13	1	11	20	31	29	20	16	38	47	41	29	25	32	21	38	59	66	103	134	166	154	143	112	108	92	174	348	324	394	367	530	308	385	106	124	347	490	999	686	858	623	541	251	146	148	235	175	169	185	133	34	22	13	48	41	41	41	18	23	42	39	19	9	17	27	23	14	5	12	21
64	170	2	2	119	0	1953125	12	0.0	0	0.54	0	0	V0.2	0	0	6	14	18	15	8	3	13	20	19	11	2	15	22	21	10	4	14	19	27	23	14	21	46	51	40	29	36	47	39	30	54	71	126	185	202	190	157	143	149	75	159	355	388	496	481	603	316	335	158	182	322	403	1000	711	961	897	740	137	179	178	159	166	192	197	132	57	47	45	55	41	43	30	14	34	44	39	18	11	22	26	19	8	7	16	20
64	170	2	2	119	0	1953125	12	0.0	0	0.54	0	0	V0.2	0	0	12	11	6	4	10	13	12	9	5	8	13	16	13	3	9	18	15	6	8	13	11	9	24	16	16	33	60	57	61	56	73	38	36	89	111	181	223	329	296	287	218	221	89	292	402	506	517	584	622	511	484	274	566	395	904	816	999	543	478	350	196	130	154	191	111	112	107	105	73	29	15	13	21	26	37	26	13	17	22	18	10	3	8	13	13
64	170	2	2	119	0	1953125	12	0.0	0	0.53	0	0	V0.2	0	0	4	10	13	12	6	1	10	16	16	10	0	9	15	15	11	3	5	12	20	22	16	15	36	42	33	22	22	21	8	42	79	86	132	169	185	143	115	85	65	180	290	418	391	461	381	387	161	203	380	398	737	745	999	728	680	461	402	227	430	436	399	285	229	165	116	40	31	37	45	78	84	77	46	37	38	42	31	20	9	11	22	24	19	10	16
64	170	2	2	119	0	1953125	12	0.0	0	0.53	0	0	V0.2	0	0	18	19	12	2	8	17	20	18	9	5	16	24	21	13	5	19	26	24	16	7	9	25	49	51	43	42	58	56	49	20	35	59	110	181	209	195	198	170	129	84	194	357	354	503	503	530	329	241	199	156	565	671	1000	753	985	769	712	157	200	299	323	338	277	224	182	69	56	31	60	85	90	82	49	49	55	57	45	27	15	22	29	29	22	13	20
64	170	2	2	119	0	1953125	12	0.0	0	0.53	0	0	V0.2	0	0	15	4	13	22	26	20	7	9	23	26	22	10	7	19	28	31	17	11	36	48	41	25	9	26	42	50	71	64	93	123	181	135	136	58	67	77	122	350	356	490	455	572	373	305	160	230	326	522	835	828	1000	776	876	602	580	551	816	510	763	607	627	137	50	74	65	181	160	181	109	74	72	88	78	48	25	6	21	31	34	19	9	20	31	28	18
64	170	2	2	119	0	1953125	12	0.0	0	0.54	0	0	V0.2	0	0	16	20	16	7	5	16	21	20	11	1	14	24	24	14	4	19	28	26	20	9	14	30	53	51	42	41	56	58	55	37	19	33	82	157	185	200	209	175	209	69	24	161	173	394	445	622	514	456	286	318	133	73	437	437	861	836	1000	484	242	61	151	119	117	157	167	75	67	68	58	35	25	21	10	18	28	31	17	13	21	24	21	12	8	14	17
64	170	2	2	119	0	1953125	12	0.0	0	0.54	0	0	V0.2	0	0	18	20	14	3	8	17	21	17	6	7	18	24	20	10	10	28	32	27	13	9	21	29	44	38	37	48	70	68	69	33	39	43	11	87	120	177	229	288	295	216	142	120	94	151	277	498	569	672	728	637	400	369	89	310	423	592	1000	761	676	460	339	96	6	81	50	81	101	131	95	55	46	46	56	36	29	9	24	31	35	24	14	22	30	27	16
64	170	2	2	119	0	1953125	12	0.0	0	0.54	0	0	V0.2	0	0	14	17	14	7	3	13	19	17	10	2	13	22	22	14	6	18	26	25	16	5	9	21	43	43	36	32	45	44	48	17	25	0	51	108	133	159	171	183	211	128	76	122	86	286	376	547	482	512	384	442	148	146	234	229	750	808	1000	585	391	236	199	118	76	135	106	80	99	103	79	36	20	13	35	31	35	19	11	21	31	28	14	11	18	23	18
64	170	2	2	119	0	1953125	12	0.0	0	0.53	0	0	V0.2	0	0	8	14	15	12	5	6	15	18	16	8	7	17	22	22	14	9	18	22	24	20	16	19	42	47	42	30	28	30	31	15	39	41	84	127	152	139	146	119	146	48	57	237	278	454	461	612	395	379	135	163	223	297	748	740	1000	917	930	385	181	27	135	190	179	217	148	83	77	56	73	52	45	32	21	41	52	50	28	18	29	36	30	17	7	19	29
64	170	2	2	119	0	1953125	12	0.0	0	0.53	0	0	V0.2	0	0	11	15	15	10	4	9	16	19	17	9	7	16	22	21	15	6	12	19	26	27	22	20	31	38	30	21	9	9	3	40	71	66	96	97	113	66	64	51	76	196	253	405	379	407	275	336	54	75	314	435	675	676	999	820	548	493	289	172	247	357	320	193	211	137	111	26	29	49	21	48	59	63	48	33	25	34	33	26	19	11	17	24	26	19	12
64	170	2	2	119	0	1953125	12	0.0	0	0.52	0	0	V0.2	0	0	11	3	10	18	20	16	7	7	16	22	21	14	5	13	23	29	25	17	17	29	31	26	15	5	14	35	61	67	79	62	85	53	29	42	76	142	190	299	354	293	203	164	10	179	357	554	563	713	787	767	423	255	280	220	708	886	1000	754	752	464	342	17	108	166	103	120	113	115	96	48	31	16	33	46	51	41	30	31	38	40	29	16	15	23	29
64	170	2	2	119	0	1953125	12	0.0	0	0.52	0	0	V0.2	0	0	10	17	19	14	6	8	17	21	21	13	6	15	23	23	17	8	8	19	31	36	32	25	32	44	34	20	5	14	32	66	116	113	129	107	109	46	41	187	221	311	383	503	415	343	172	212	282	506	771	819	906	999	939	702	277	320	497	682	799	631	561	248	161	48	16	107	122	131	87	67	65	63	60	37	26	15	29	37	41	32	20	21	27	28	23
64	170	2	2	119	0	1953125	12	0.0	0	0.52	0	0	V0.2	0	0	12	7	2	7	12	14	11	4	5	12	16	15	10	5	13	22	21	14	6	9	12	18	23	21	20	35	53	55	50	32	42	13	30	86	122	153	195	239	232	149	108	181	200	345	440	562	504	567	447	301	236	386	678	676	1000	912	988	582	367	152	159	226	232	229	148	82	80	52	47	41	44	42	32	38	47	43	28	17	15	20	21	18	12	11	18
64	170	2	2	119	0	1953125	12	0.0	0	0.52	0	0	V0.2	0	0	12	6	3	10	15	15	10	2	7	15	18	16	9	6	15	25	24	16	6	11	15	20	23	21	18	30	50	55	50	33	45	18	30	78	111	142	187	224	222	157	117	183	184	326	413	535	497	528	419	351	195	304	626	707	978	919	1000	593	382	156	138	208	230	232	151	97	89	67	66	43	42	42	38	47	56	48	32	21	19	24	25	21	13	14	21
64	170	2	2	119	0	1953125	12	0.0	0	0.52	0	0	V0.2	0	0	5	12	17	17	11	3	10	18	20	16	8	6	16	20	20	17	9	14	26	32	24	14	8	17	18	19	30	34	51	67	100	74	63	48	55	74	121	224	278	274	285	268	120	127	229	338	409	594	696	787	675	486	378	85	600	784	1000	785	740	570	402	83	39	147	115	144	139	130	110	70	51	32	39	48	56	51	39	34	36	36	30	23	18	21	25
64	170	2	2	119	0	1953125	12	0.0	0	0.52	0	0	V0.2	0	0	15	17	13	6	6	15	20	19	14	5	12	21	25	21	11	7	16	21	24	23	17	16	33	39	31	21	12	12	7	32	78	71	97	95	111	59	34	109	147	223	311	374	319	326	144	152	96	275	500	656	841	896	1000	815	300	48	313	507	613	586	531	283	212	83	46	101	109	120	78	68	73	77	72	48	34	23	34	43	45	36	22	20	26	29	25
64	170	2	2	119	0	1953125	12	0.0	0	0.52	0	0	V0.2	0	0	15	12	4	6	14	17	15	10	4	12	18	20	16	9	10	19	23	19	11	3	9	17	31	32	25	25	37	35	37	8	21	17	63	100	140	122	117	108	101	63	109	240	260	400	393	469	298	202	52	100	358	524	813	983	1000	863	714	234	108	283	243	243	236	215	181	84	35	23	39	69	75	76	57	44	42	47	43	33	22	16	21	28	27	20	14
64	170	2	2	119	0	1953125	12	0.0	0	0.52	0	0	V0.2	0	0	7	6	14	19	18	13	4	12	21	22	18	8	8	16	24	26	19	12	20	31	30	23	4	9	13	19	42	43	56	55	88	66	64	41	67	84	142	249	284	252	236	247	97	72	184	348	376	625	714	826	647	454	210	92	516	707	999	845	847	599	467	98	58	143	104	134	140	150	133	84	55	36	48	53	58	48	32	31	39	42	31	18	16	23	28
64	170	1	2	119	0	1953125	12	0.0	0	0.52	0	0	V0.2	0	0	10	1	11	19	21	16	5	8	19	22	19	10	3	14	23	26	20	9	19	35	32	24	4	20	21	24	42	44	59	63	122	88	105	56	83	68	127	274	328	333	293	304	185	109	153	340	416	638	776	852	651	503	260	212	478	596	1000	858	858	598	498	95	40	124	86	123	134	156	130	80	57	46	55	53	49	36	26	34	42	41	25	15	21	27	29
64	170	1	2	119	0	1953125	12	0.0	0	0.56	0	0	V0.2	0	0	17	6	9	19	24	17	4	12	25	26	18	2	16	25	24	15	4	17	32	32	17	16	49	65	58	54	74	89	99	88	38	68	71	175	273	272	357	383	450	267	212	83	202	232	353	642	567	829	723	1000	710	513	398	476	338	369	789	381	522	429	484	162	186	154	138	50	19	53	43	26	55	84	67	42	39	55	48	29	11	21	30	30	18	5	20
64	170	1	2	119	0	1953125	12	0.0	0	0.56	0	0	V0.2	0	0	15	9	2	11	17	15	7	4	14	19	16	5	9	17	18	12	4	12	22	25	17	11	24	37	37	40	39	61	57	48	10	32	11	52	121	112	191	212	296	236	281	181	282	101	86	196	171	358	391	686	685	768	716	1000	457	485	310	153	261	317	393	186	185	136	175	116	67	17	45	37	37	47	25	23	35	44	34	21	18	30	28	18	11	18	22
64	170	1	2	119	0	1953125	12	0.0	0	0.65	0	0	V0.2	0	0	25	22	14	22	27	21	17	27	29	20	20	31	30	21	27	36	31	24	32	39	28	22	34	34	22	24	36	34	33	27	50	41	49	35	86	72	121	87	160	162	205	211	285	292	280	361	388	373	387	546	506	685	729	1000	816	929	792	681	452	281	249	160	88	63	94	60	36	22	65	70	62	46	60	60	51	36	47	48	40	33	42	41	29	26	32
64	170	1	2	119	0	1953125	12	0.0	0	0.65	0	0	V0.2	0	0	26	25	11	19	30	23	13	27	33	20	18	34	34	19	25	40	33	21	35	45	35	27	45	50	33	31	52	44	41	18	53	35	37	28	63	48	89	46	140	75	129	155	240	233	289	463	546	518	605	758	701	805	685	1000	684	701	509	609	328	194	257	171	63	66	126	89	47	28	80	80	57	39	67	74	60	42	60	63	46	35	48	47	29	30	38
64	170	1	2	119	0	1953125	12	0.0	0	0.60	0	0	V0.2	0	0	29	16	4	25	33	24	2	26	37	26	3	26	40	31	7	31	45	39	13	37	59	62	24	47	66	74	32	17	10	71	134	129	185	267	336	323	359	484	607	495	556	678	531	538	289	515	29	243	654	540	654	670	952	804	632	879	1000	679	298	192	370	236	128	189	53	145	148	158	55	49	89	105	64	5	56	71	35	16	45	49	25	18	38	43	26
64	170	1	2	119	0	1953125	12	0.0	0	0.61	0	0	V0.2	0	0	15	1	15	22	17	4	15	24	21	6	17	26	24	9	17	31	27	10	18	37	27	15	21	40	25	25	33	49	34	12	43	26	30	113	40	165	117	242	177	301	212	406	208	338	288	567	290	532	266	404	120	13	701	330	1000	626	835	561	634	450	369	104	186	149	193	86	79	59	116	79	59	29	66	67	54	23	39	42	33	15	27	34	27	15	21
64	170	1	2	119	0	1953125	12	0.0	0	0.61	0	0	V0.2	0	0	34	28	9	25	39	32	12	26	44	40	19	27	48	49	25	28	55	56	34	33	60	74	47	47	60	93	58	68	34	111	67	66	75	166	140	159	138	184	384	248	411	451	723	580	857	795	928	637	573	547	443	246	643	391	752	484	1000	602	540	744	676	635	417	286	358	292	143	85	145	146	119	71	66	92	97	53	38	67	72	44	23	56	63	41	22
64	170	2	2	119	0	1953125	12	0.0	0	0.59	0	0	V0.2	0	0	13	3	7	15	15	7	4	14	17	12	1	12	18	14	2	13	21	17	5	14	24	29	14	20	29	39	19	25	22	40	29	0	37	43	112	71	169	93	258	162	264	136	394	218	334	168	338	255	154	451	382	640	443	1000	591	808	581	828	296	341	217	178	37	30	140	41	85	93	119	58	58	63	74	48	34	38	46	34	20	19	27	22	12	9	19
64	170	2	2	119	0	1953125	12	0.0	0	0.59	0	0	V0.2	0	0	26	21	4	16	29	28	13	11	30	34	24	3	27	38	35	14	19	36	48	31	16	35	62	45	31	24	64	65	88	59	116	133	133	85	152	145	162	121	171	63	45	236	271	349	276	651	598	580	598	846	721	926	592	1000	365	291	640	412	548	411	643	350	289	248	289	246	147	84	112	120	85	80	29	63	78	77	39	43	56	62	38	30	45	54	39
64	170	2	2	119	0	1953125	12	0.0	0	0.68	0	0	V0.2	0	0	131	111	143	146	113	127	145	119	114	146	127	107	143	138	112	131	146	119	140	155	114	133	182	148	97	223	243	109	193	274	257	111	338	272	185	321	483	423	292	570	653	690	274	837	408	705	223	1000	406	569	793	814	498	931	634	524	938	490	896	433	922	582	397	141	542	380	212	153	266	142	145	280	252	99	159	239	163	117	186	163	95	154	170	96	119
64	170	2	2	119	0	1953125	12	0.0	1790	1.33	0	0	V0.2	0	0	91	72	40	69	94	68	57	85	87	68	70	90	95	82	86	90	108	108	90	125	119	129	98	167	158	140	128	191	134	135	177	209	142	136	211	234	254	227	508	179	341	182	322	239	452	427	316	378	602	944	254	1000	438	948	985	736	841	640	625	64	255	178	384	152	172	182	238	168	190	218	162	159	174	187	110	145	149	140	104	131	106	116	94	115	91
64	170	2	2	119	0	1953125	12	0.0	0	0.66	0	0	V0.2	0	0	20	24	25	27	28	28	26	25	22	19	18	17	18	22	26	32	34	40	44	46	46	49	45	44	38	46	37	32	46	27	53	23	76	55	115	63	185	112	219	121	206	138	248	206	282	292	320	413	380	568	411	697	494	991	586	1000	668	778	479	503	252	279	120	176	95	113	80	86	72	57	64	59	69	67	71	74	78	75	74	71	65	58	50	42	32
64	170	2	2	119	0	1953125	12	0.0	0	0.66	0	0	V0.2	0	0	24	34	38	28	27	38	36	26	37	45	36	32	48	51	39	45	58	54	42	58	66	55	45	62	62	54	57	65	88	68	111	96	149	101	175	134	214	130	275	226	327	275	437	418	498	521	591	653	584	761	687	887	540	973	791	1000	692	968	657	588	490	435	270	205	228	228	147	103	146	137	101	70	109	101	69	72	96	78	53	70	76	51	41	61	54
64	170	2	2	119	0	1953125	12	0.0	0	0.65	0	0	V0.2	0	0	26	17	13	26	27	15	19	31	27	15	24	33	26	18	30	37	24	22	35	38	24	22	39	31	17	19	31	19	20	5	44	39	54	40	114	94	165	114	235	199	256	248	401	377	394	471	555	581	537	755	654	828	568	1000	726	774	608	807	465	273	313	224	117	61	117	43	20	11	58	44	40	29	57	60	51	38	54	53	42	36	47	44	32	33	41
64	170	2	2	119	0	1953125	12	0.0	0	0.61	0	0	V0.2	0	0	8	10	6	1	8	11	7	0	8	12	9	1	8	13	10	1	11	15	12	4	15	21	18	8	17	23	19	7	6	6	31	44	85	71	158	153	225	188	318	246	295	235	350	246	272	245	344	312	253	486	451	699	561	1000	699	921	697	745	447	376	310	227	140	80	114	44	54	50	60	18	27	36	38	11	13	25	19	3	11	18	11	2	14	15	6
64	170	2	2	119	0	1953125	12	0.0	0	0.60	0	0	V0.2	0	0	10	11	6	1	9	12	9	1	8	13	11	4	6	12	12	5	5	11	14	7	2	8	15	11	4	6	18	35	39	42	71	87	94	97	140	135	173	121	198	129	178	147	242	205	294	390	439	516	564	709	696	865	742	1000	625	718	505	466	272	214	288	169	173	150	176	108	104	86	106	60	51	41	53	33	22	16	24	20	12	5	14	16	12	7	12
64	170	2	2	119	0	1953125	12	0.0	0	0.60	0	0	V0.2	0	0	8	8	3	4	9	9	4	3	9	10	6	1	10	12	7	3	11	13	9	4	14	18	14	7	15	19	11	5	8	6	42	37	69	77	136	136	199	169	279	206	287	235	343	209	299	280	320	305	325	535	521	724	671	1000	783	910	702	683	385	362	263	162	125	102	117	44	74	71	75	31	43	47	46	19	20	30	24	8	10	19	15	3	8	12	10
64	170	2	2	119	0	1953125	12	0.0	0	0.61	0	0	V0.2	0	0	6	3	10	12	7	2	10	13	8	2	10	15	9	3	11	16	12	6	13	22	18	13	19	32	30	30	36	53	58	59	70	99	89	92	118	124	123	61	135	54	115	87	161	155	237	356	374	483	525	695	634	779	714	1000	603	785	581	670	291	281	235	144	98	60	102	39	66	66	73	38	48	54	55	33	31	38	32	19	18	24	18	10	14	17	13
64	170	2	2	119	0	1953125	12	0.0	0	0.61	0	0	V0.2	0	0	1	8	12	10	1	9	14	10	2	8	14	12	2	7	14	13	4	6	15	16	7	3	18	19	10	10	25	34	37	36	66	78	85	83	146	133	171	111	246	173	208	144	269	185	207	261	258	319	323	537	393	636	592	1000	672	912	721	863	488	426	284	272	123	53	70	37	20	38	34	19	29	47	31	20	27	37	22	16	20	24	13	9	18	19	10
64	170	2	2	119	0	1953125	12	0.0	0	0.63	0	0	V0.2	0	0	13	2	11	18	13	0	13	20	14	1	17	23	13	3	19	23	11	5	25	26	13	9	35	24	7	5	23	19	32	35	63	94	111	117	191	197	272	194	401	288	429	281	588	437	673	443	753	557	633	769	553	662	313	970	527	1000	986	884	550	708	718	522	348	300	358	266	175	134	198	142	96	66	104	87	52	37	64	56	30	22	44	41	16	17	35
64	170	1	2	119	0	1953125	12	0.0	0	0.65	0	0	V0.2	0	0	34	31	14	28	38	27	18	38	42	25	26	47	43	25	38	55	41	30	49	61	42	30	61	58	36	36	58	35	37	40	69	17	29	64	83	34	92	157	241	230	307	439	426	505	519	834	575	790	638	854	466	834	600	1000	234	613	539	642	352	175	307	131	172	113	159	14	54	60	104	44	38	57	93	67	43	69	79	55	39	59	57	33	36	49	37
64	170	1	2	119	0	1953125	12	0.0	0	0.63	0	0	V0.2	0	0	13	12	7	11	14	12	7	12	15	12	9	11	17	14	6	16	19	13	8	18	19	15	14	18	11	14	19	29	44	20	71	43	108	103	208	191	227	282	376	352	314	456	334	367	273	456	164	292	278	451	486	376	658	503	773	852	1000	423	692	537	612	293	350	260	317	127	140	144	162	70	52	78	93	51	22	54	62	40	12	40	49	30	6	33	38
64	170	1	2	119	0	1953125	12	0.0	0	0.63	0	0	V0.2	0	0	5	13	14	6	6	16	15	5	10	19	14	4	13	19	14	4	19	23	12	12	27	29	8	19	29	31	7	19	23	6	63	38	59	96	137	126	169	296	254	275	236	404	323	407	378	569	263	463	517	681	474	537	663	462	756	661	1000	580	805	638	536	393	373	278	158	138	140	129	70	50	70	81	57	28	46	59	31	11	31	38	18	5	23	25	13
64	170	1	2	119	0	1953125	12	0.0	0	0.65	0	0	V0.2	0	0	24	13	16	27	22	11	22	30	21	14	29	32	20	20	34	32	18	26	38	29	17	23	37	21	12	16	24	18	23	14	59	42	76	71	132	113	125	195	192	190	178	258	155	288	239	342	121	300	350	421	405	572	683	733	712	880	999	630	732	545	492	223	238	156	175	68	82	83	110	66	66	73	84	57	48	67	61	43	43	54	43	32	40	44	31
64	170	1	2	119	0	1953125	12	0.0	0	0.66	0	0	V0.2	0	0	32	22	19	32	33	19	28	39	32	20	35	42	30	25	44	46	30	34	50	47	31	40	56	39	32	39	63	38	36	51	61	35	64	84	85	41	54	113	173	162	237	333	246	372	349	582	421	705	701	808	695	779	1000	831	933	800	940	409	524	372	412	96	185	154	219	103	120	122	148	99	99	111	112	74	67	81	69	50	52	62	47	37	48	50	35
64	170	2	2	119	0	1953125	12	0.0	0	0.64	0	0	V0.2	0	0	10	21	26	16	13	25	27	15	17	29	27	15	22	33	28	15	30	34	26	19	34	40	24	29	39	38	18	30	31	55	14	37	37	96	68	117	116	199	115	169	201	315	221	361	347	555	457	704	764	834	716	881	971	1000	856	691	671	287	303	137	162	80	31	45	46	95	48	33	60	64	45	27	52	51	40	28	44	43	33	31	43	37	27	32	40
64	170	2	2	119	0	1953125	12	0.0	0	0.64	0	0	V0.2	0	0	11	23	27	18	14	28	29	15	20	33	28	14	25	36	31	13	31	37	27	17	37	45	28	34	45	50	27	39	50	48	26	37	27	55	48	99	103	236	144	244	272	403	268	397	339	509	283	566	518	708	460	696	847	1000	661	870	768	471	306	200	265	122	69	94	63	148	90	72	83	116	85	41	64	70	53	24	54	54	30	20	46	42	20	29	46
64	170	2	2	119	0	1953125	12	0.0	0	0.65	0	0	V0.2	0	0	29	9	23	37	30	10	31	42	26	14	39	45	23	26	48	47	22	38	64	55	35	56	79	55	46	66	93	59	66	87	122	67	150	191	293	204	257	390	378	413	509	692	472	487	305	626	186	560	323	580	49	462	113	1000	260	689	336	958	78	195	144	337	207	224	78	213	187	202	85	156	139	111	37	67	84	50	33	49	45	9	29	40	26	14	36
64	170	2	2	119	0	1953125	12	0.0	0	0.63	0	0	V0.2	0	0	6	7	17	17	6	11	20	19	7	11	22	20	5	14	25	21	7	16	28	24	12	16	41	29	18	27	48	31	39	30	70	29	64	94	148	93	140	169	256	240	246	344	288	312	168	302	109	199	226	233	306	261	688	454	1000	509	634	300	604	395	323	129	193	120	172	73	119	109	107	45	58	76	80	46	34	46	38	26	20	35	30	16	20	33	25
64	170	2	2	119	0	1953125	12	0.0	0	0.64	0	0	V0.2	0	0	18	17	4	12	20	15	1	18	24	16	3	21	25	13	9	29	28	12	17	38	32	15	35	48	37	32	63	63	58	29	87	71	89	78	150	113	151	44	199	135	161	112	145	76	166	193	175	302	481	592	736	711	1000	499	813	543	833	197	423	110	228	127	85	68	163	106	58	41	106	63	43	33	67	42	18	26	38	26	10	26	36	23	14	31	32
64	170	2	2	119	0	1953125	12	0.0	0	0.65	0	0	V0.2	0	0	16	13	34	31	9	23	42	33	6	31	43	29	9	37	44	22	16	39	43	13	20	45	45	4	26	40	36	18	21	58	37	68	21	90	29	132	50	167	149	171	188	383	195	535	383	882	474	1000	949	889	889	701	777	851	697	270	447	565	98	284	358	378	90	136	136	203	112	53	110	94	65	16	59	56	34	12	43	41	15	32	49	34	14	38	44
64	170	2	2	119	0	1953125	12	0.0	0	0.65	0	0	V0.2	0	0	10	13	26	27	13	12	30	29	17	15	32	34	17	14	34	39	26	16	37	42	34	12	42	52	47	17	53	67	59	36	43	83	94	57	20	79	145	238	245	324	356	416	346	712	507	962	583	1000	760	723	638	563	410	769	538	180	385	649	343	519	111	308	168	313	88	130	93	144	57	54	50	95	57	25	23	34	27	16	29	29	10	16	34	29	10
64	170	2	2	119	0	1953125	12	0.0	0	0.68	0	0	V0.2	0	0	99	93	55	87	105	68	70	109	89	59	103	107	58	89	119	75	68	123	104	43	123	136	38	95	169	119	38	172	225	100	151	211	206	52	190	262	296	241	292	328	291	359	399	557	278	747	443	709	632	683	619	404	978	431	999	625	790	322	605	466	235	215	271	255	151	116	187	206	86	117	152	124	24	94	94	23	69	81	26	60	96	53	39	96	79
64	170	2	2	119	0	1953125	12	0.0	0	0.68	0	0	V0.2	0	0	25	21	23	26	28	24	25	32	28	22	30	37	28	26	41	38	27	41	50	42	42	71	70	60	86	112	110	109	165	176	198	161	230	199	231	184	267	255	247	227	227	268	236	327	262	532	188	530	380	416	482	614	1000	665	930	717	962	449	687	459	469	216	214	185	232	141	121	146	143	124	77	116	109	86	57	76	72	34	49	69	52	28	58	60	32
64	170	2	2	119	0	1953125	12	0.0	0	0.68	0	0	V0.2	0	0	29	16	23	32	25	19	31	33	22	26	37	33	27	35	42	34	34	46	47	43	50	70	66	69	89	107	113	122	169	181	217	192	252	221	269	224	296	280	288	267	247	272	231	300	233	502	211	499	370	397	408	567	973	759	1000	751	946	485	719	486	534	293	255	198	244	166	151	171	149	130	96	123	102	83	68	79	71	45	54	62	55	40	54	59	43
64	170	2	2	119	0	1953125	12	0.0	0	0.64	0	0	V0.2	0	0	10	10	9	11	13	10	9	12	14	12	10	13	15	10	10	18	16	5	16	24	18	3	31	36	27	25	57	71	80	80	148	108	128	116	201	140	174	168	232	132	129	174	225	176	112	340	44	219	198	174	247	351	888	614	866	724	1000	455	748	539	509	230	210	144	149	40	62	67	83	30	39	59	64	36	30	47	41	22	22	35	28	13	19	28	19
64	170	2	2	119	0	1953125	12	0.0	0	0.64	0	0	V0.2	0	0	11	11	4	6	13	11	2	9	16	10	3	10	16	10	3	17	18	7	9	23	22	10	25	31	28	24	51	62	75	67	118	81	114	116	163	112	147	152	170	92	126	132	172	113	64	257	46	125	168	221	364	472	883	643	867	811	1000	511	774	551	421	136	199	131	109	14	39	46	78	42	28	41	58	35	18	38	40	24	14	33	32	18	16	30	27
64	170	2	2	119	0	1953125	12	0.0	0	0.64	0	0	V0.2	0	0	12	14	7	7	14	13	4	9	16	14	4	12	18	13	2	18	19	7	9	25	21	6	24	33	22	23	50	64	63	56	103	68	106	101	141	95	118	118	139	67	97	101	145	109	44	273	109	213	299	305	531	558	999	654	980	799	978	549	787	495	381	132	172	96	108	23	34	42	89	48	38	45	66	47	28	39	42	32	21	34	34	24	19	31	27
64	170	2	2	119	0	1953125	12	0.0	0	0.63	0	0	V0.2	0	0	13	3	9	17	14	2	12	20	14	0	14	19	13	2	17	25	15	8	24	31	20	17	37	37	26	32	59	63	66	63	102	63	93	102	145	98	123	100	145	88	117	126	167	77	49	189	143	206	322	324	564	610	1000	675	983	796	906	457	664	396	278	35	114	36	88	68	38	27	84	59	44	25	52	44	28	25	34	31	21	21	30	27	19	22	28
64	170	2	2	119	0	1953125	12	0.0	0	0.64	0	0	V0.2	0	0	10	15	10	2	13	15	8	5	15	16	6	8	18	17	3	15	21	13	3	22	21	11	17	29	27	18	37	54	59	38	77	49	66	50	116	75	116	52	129	61	88	94	116	87	48	258	185	319	432	433	597	611	1000	683	965	773	852	335	543	317	205	39	78	21	101	75	39	32	91	57	40	39	57	39	22	38	43	29	16	30	34	23	17	30	29
64	170	2	2	119	0	1953125	12	0.0	0	0.64	0	0	V0.2	0	0	3	12	19	13	3	17	21	11	6	18	19	6	11	21	16	1	15	20	14	7	16	16	9	15	19	11	17	38	44	14	53	38	46	16	89	53	99	28	108	35	47	99	70	145	104	354	246	424	522	527	654	653	999	682	929	719	763	241	436	225	156	72	59	8	111	81	43	38	94	55	39	46	59	38	20	42	42	29	18	34	35	21	20	32	28
64	170	1	2	119	0	1953125	12	0.0	0	0.65	0	0	V0.2	0	0	11	5	19	20	8	11	22	19	3	15	24	17	3	19	24	14	6	22	24	7	9	21	22	5	13	18	9	24	25	9	33	28	38	8	76	27	69	42	82	17	13	167	100	218	216	413	311	457	564	589	653	634	1000	664	855	589	711	252	382	138	205	62	47	27	129	83	50	44	103	55	39	49	63	41	26	49	45	28	23	40	37	21	25	37	28
64	170	1	2	119	0	1953125	12	0.0	0	0.65	0	0	V0.2	0	0	9	8	20	18	6	14	23	17	4	18	24	14	7	21	23	10	11	22	20	4	11	20	19	4	14	11	16	19	13	12	26	35	42	12	88	16	62	44	84	42	53	197	132	254	246	417	334	467	532	630	716	689	1000	558	709	560	681	239	396	166	193	126	76	41	118	85	62	38	94	57	44	43	65	46	28	38	45	35	24	35	37	27	22	32	30
64	170	1	2	119	0	1953125	12	0.0	0	0.64	0	0	V0.2	0	0	6	21	23	11	9	24	24	9	14	27	23	6	19	28	20	6	25	28	14	11	23	25	9	23	29	18	20	35	33	29	47	66	76	26	105	36	93	31	129	90	94	278	130	309	341	517	376	600	715	765	871	747	1000	593	686	621	738	301	416	45	237	175	82	34	140	81	45	16	90	55	40	29	58	42	22	29	44	39	22	30	39	33	23	32	37
64	170	1	2	119	0	1953125	12	0.0	0	0.64	0	0	V0.2	0	0	7	15	27	21	4	21	30	19	6	27	32	16	12	30	30	7	20	31	23	0	21	32	18	15	27	23	10	31	37	39	50	64	78	12	97	40	113	59	149	143	124	311	149	358	401	550	468	700	808	806	886	708	1000	612	696	688	841	252	325	120	334	163	86	54	152	87	46	32	98	58	38	35	67	46	25	42	51	40	25	43	47	33	28	43	41
64	170	1	2	119	0	1953125	12	0.0	0	0.64	0	0	V0.2	0	0	5	18	26	18	6	23	29	14	11	28	30	11	17	32	26	4	23	32	20	3	24	32	15	19	27	23	9	36	44	40	68	65	86	22	109	47	130	87	169	169	122	297	142	352	394	571	521	703	813	758	844	680	1000	617	745	727	875	267	360	225	383	164	122	60	150	87	44	33	95	56	37	32	68	49	28	41	56	43	27	43	51	36	30	44	44
64	170	1	2	119	0	1953125	12	0.0	0	0.64	0	0	V0.2	0	0	12	24	22	8	17	26	21	7	22	30	20	9	26	31	17	15	30	27	9	20	30	26	7	34	32	21	26	49	53	44	94	83	104	58	146	59	151	105	193	177	137	289	120	326	385	537	513	722	812	702	816	657	1000	661	788	794	967	374	459	296	451	156	146	64	160	78	39	20	85	59	43	19	62	54	32	31	50	46	29	35	46	41	28	38	43
64	170	1	2	119	0	1953125	12	0.0	0	0.64	0	0	V0.2	0	0	12	23	20	5	18	27	18	6	24	30	19	9	28	30	15	17	32	28	7	22	31	28	6	37	37	22	29	50	58	47	104	93	113	64	156	58	148	106	207	200	174	336	163	335	394	540	514	761	844	696	790	642	987	700	793	800	1000	449	486	296	464	151	155	59	167	75	25	15	76	63	42	16	63	52	32	31	55	49	28	37	50	41	26	40	47
64	170	1	2	119	0	1953125	12	0.0	0	0.64	0	0	V0.2	0	0	12	26	22	6	17	28	21	5	24	29	18	8	27	29	13	14	29	25	8	19	28	25	5	33	30	16	27	47	52	42	102	85	102	61	151	50	140	109	194	188	165	314	142	310	368	478	470	696	775	602	717	563	906	643	748	791	1000	451	494	304	461	138	159	62	169	70	29	14	77	60	44	20	61	51	34	29	52	47	30	35	47	40	27	37	41
64	170	1	2	119	0	1953125	12	0.0	0	0.64	0	0	V0.2	0	0	14	21	16	3	17	24	14	6	23	25	13	8	25	25	9	15	28	22	4	18	25	20	7	32	27	15	28	46	56	41	107	83	104	65	150	65	155	133	205	191	143	274	105	253	301	420	407	594	641	494	598	471	794	615	715	830	1000	454	512	344	464	135	166	72	163	64	23	11	70	59	39	9	52	50	32	23	49	44	25	30	42	37	23	33	40
64	170	1	2	119	0	1953125	12	0.0	0	0.64	0	0	V0.2	0	0	15	23	16	1	18	24	14	7	23	26	12	10	27	25	9	19	29	22	2	22	28	21	9	35	31	16	31	50	61	42	108	89	110	70	153	81	161	141	211	181	133	262	94	224	282	387	371	554	606	466	569	439	787	621	717	854	1000	482	515	357	454	132	152	63	154	69	16	2	65	64	42	9	52	51	34	23	47	41	24	26	40	34	19	31	39
64	170	1	2	119	0	1953125	12	0.0	0	0.64	0	0	V0.2	0	0	15	20	11	5	17	20	10	8	23	23	9	12	25	22	5	19	28	18	1	23	26	18	10	36	32	16	35	47	57	39	102	89	112	73	153	78	145	132	202	179	136	276	108	239	283	357	324	518	590	466	544	460	759	640	699	819	999	504	494	331	435	124	135	43	145	67	13	10	56	67	46	15	46	51	37	18	45	43	27	23	39	35	20	27	38
64	170	1	2	119	0	1953125	12	0.0	0	0.64	0	0	V0.2	0	0	13	22	17	0	17	23	14	4	22	25	12	9	25	25	9	15	28	22	3	21	26	20	6	34	33	18	32	45	55	35	98	90	111	72	155	83	129	121	195	168	129	279	128	246	277	343	290	476	572	501	552	485	779	682	732	825	1000	559	517	329	427	120	133	36	137	70	14	7	55	67	47	13	48	48	35	19	43	41	27	25	39	35	22	30	39
64	170	1	2	119	0	1953125	12	0.0	0	0.65	0	0	V0.2	0	0	16	13	27	28	13	19	33	27	9	25	35	25	13	31	36	21	14	34	38	18	21	37	36	6	15	27	25	8	17	10	67	52	72	54	126	50	96	152	173	223	199	367	203	337	347	428	360	580	632	579	601	497	809	711	713	862	1000	499	461	311	411	110	119	39	161	80	31	10	78	63	42	24	60	44	20	38	52	40	26	44	47	32	30	43	40
64	170	1	2	119	0	1953125	12	0.0	0	0.65	0	0	V0.2	0	0	39	29	17	36	41	23	26	47	43	21	37	52	38	26	52	60	38	40	65	61	40	53	78	57	44	59	79	45	39	42	90	64	101	128	177	132	135	275	280	379	365	577	374	522	516	611	552	750	798	765	686	573	896	869	766	958	1000	486	400	267	379	60	81	19	151	73	18	32	88	46	34	64	79	46	41	74	67	48	53	69	54	39	52	57	35
64	170	1	2	119	0	1953125	12	0.0	0	0.65	0	0	V0.2	0	0	49	34	19	46	51	27	32	57	51	24	46	66	46	31	64	72	45	46	79	73	46	58	91	66	47	66	87	52	39	47	106	69	108	163	196	183	157	372	370	507	493	750	512	657	633	780	674	887	920	900	751	626	999	955	744	954	976	380	349	180	351	67	116	83	133	53	29	68	79	32	24	72	84	44	40	77	71	46	48	71	54	33	53	59	34
64	170	1	2	119	0	1953125	12	0.0	0	0.67	0	0	V0.2	0	0	109	49	96	129	77	57	127	115	39	99	139	81	50	138	130	25	108	162	94	45	161	166	46	116	205	152	66	174	249	134	146	254	312	188	269	391	321	401	495	691	521	780	678	769	594	810	801	870	812	921	841	675	931	1000	728	815	993	508	323	233	492	62	116	209	332	85	109	261	225	51	127	248	172	10	159	198	90	59	166	144	26	113	153	80	55
64	170	1	2	119	0	1953125	12	0.0	0	0.66	0	0	V0.2	0	0	26	75	77	27	51	87	63	17	79	91	37	47	100	83	4	86	114	64	43	119	118	43	88	143	116	40	129	153	130	55	174	189	167	188	264	272	178	401	436	519	443	738	528	577	511	726	560	651	668	835	616	650	832	1000	475	728	846	411	262	168	314	113	144	111	195	48	99	145	130	12	100	162	107	22	114	142	61	50	123	108	18	81	117	68	40
64	170	1	2	119	0	1953125	12	0.0	0	0.65	0	0	V0.2	0	0	38	32	12	31	42	26	18	45	45	22	33	52	41	22	47	64	42	36	64	68	42	44	79	69	48	53	88	60	59	56	130	94	127	170	195	204	167	379	367	499	457	697	455	582	487	681	492	664	609	793	565	740	782	1000	448	744	770	380	281	102	280	133	141	116	117	52	55	78	54	23	11	57	66	29	24	63	59	35	40	59	45	24	43	50	26
64	170	1	2	119	0	1953125	12	0.0	0	0.65	0	0	V0.2	0	0	39	24	20	40	39	19	31	47	39	22	42	53	34	31	55	60	37	47	67	60	40	55	79	61	50	61	87	55	58	63	127	84	127	171	183	195	165	375	351	487	450	660	423	556	449	655	469	647	571	800	569	773	775	1000	491	761	767	390	301	112	280	126	139	126	112	51	55	83	39	17	5	49	54	30	16	54	55	39	29	50	47	28	32	43	31
64	170	1	2	119	0	1953125	12	0.0	0	0.65	0	0	V0.2	0	0	35	23	15	35	36	19	25	42	38	20	37	48	32	26	51	58	36	44	65	59	42	51	77	60	51	60	88	56	59	63	126	83	127	165	185	193	157	351	338	456	423	618	391	520	421	613	422	621	548	761	561	777	797	999	497	789	818	391	325	124	283	100	124	111	109	43	51	76	42	22	5	49	60	32	22	56	57	43	36	53	48	33	36	45	33
64	170	1	2	119	0	1953125	12	0.0	0	0.66	0	0	V0.2	0	0	40	33	16	36	45	28	24	46	48	25	38	56	46	29	53	66	45	47	73	72	52	60	89	78	64	74	104	72	75	81	139	98	143	183	208	211	186	371	366	471	445	628	409	523	433	614	431	615	551	739	544	787	820	1000	551	824	878	405	385	195	323	54	130	101	134	13	51	79	60	17	33	70	70	43	39	71	62	48	47	59	48	36	42	47	31
64	170	1	2	119	0	1953125	12	0.0	0	0.66	0	0	V0.2	0	0	39	34	18	34	44	30	22	45	48	29	36	54	47	31	51	66	50	48	72	75	55	61	91	80	66	76	105	75	75	78	136	96	145	189	217	206	197	373	371	457	457	631	395	507	405	605	423	648	585	754	553	766	829	999	644	893	934	420	406	208	337	58	149	124	137	23	59	90	65	23	41	84	78	51	50	77	69	53	54	66	51	38	47	50	34
64	170	2	2	119	0	1953125	12	0.0	0	0.65	0	0	V0.2	0	0	32	14	34	44	28	20	42	46	25	27	51	48	25	37	57	49	28	49	68	51	34	52	72	42	41	54	77	32	28	45	107	42	101	143	178	143	196	345	375	419	414	673	444	615	507	843	631	871	670	1000	569	792	610	998	498	907	732	552	237	20	274	120	120	112	108	98	94	96	34	39	32	36	33	36	33	18	53	49	28	33	52	44	27	35	46
64	170	2	2	119	0	1953125	12	0.0	0	0.64	0	0	V0.2	0	0	3	16	23	16	4	20	24	14	7	24	24	10	13	24	22	1	17	24	21	2	22	31	21	15	31	32	6	34	41	60	47	85	80	38	142	92	187	4	225	44	114	193	115	139	107	309	104	480	289	588	232	609	525	1000	512	999	703	980	490	495	425	381	212	165	188	152	68	33	92	88	67	31	58	66	61	34	57	57	49	28	43	48	36	25	36
64	170	2	2	119	0	1953125	12	0.0	0	0.67	0	0	V0.2	0	0	48	61	33	30	62	52	15	51	65	31	31	68	56	6	58	73	34	35	81	68	12	76	95	59	48	117	107	68	112	163	146	119	200	215	229	183	328	238	321	229	411	269	337	285	402	352	422	478	475	529	534	739	542	999	751	885	501	748	393	385	288	387	231	124	184	219	156	77	181	190	136	72	157	156	81	71	132	107	24	85	106	53	39	97	81
64	170	2	2	119	0	1953125	12	0.0	0	0.65	0	0	V0.2	0	0	25	27	21	22	30	28	23	28	34	29	25	34	37	31	31	41	40	33	35	44	38	32	39	44	36	38	47	44	40	38	67	68	92	88	152	141	206	182	306	247	350	291	414	305	381	366	472	403	463	540	603	644	623	919	805	1000	814	920	576	530	402	375	247	184	158	136	92	80	97	98	85	66	78	78	69	58	69	66	56	51	56	50	42	42	42
64	170	2	2	119	0	1953125	12	0.0	0	0.65	0	0	V0.2	0	0	25	21	14	22	27	20	17	28	29	20	21	31	28	20	25	35	27	22	32	38	29	25	38	37	25	22	36	31	26	26	43	73	87	91	127	132	164	134	212	185	210	160	281	203	301	315	504	472	531	727	675	879	723	1000	776	992	773	869	486	414	316	314	183	143	137	107	53	43	62	70	56	37	49	55	49	36	50	51	43	35	44	44	34	31	36
64	170	2	2	119	0	1953125	12	0.0	0	0.67	0	0	V0.2	0	0	84	102	59	57	106	91	35	88	114	64	52	114	101	26	94	131	73	47	137	134	30	96	160	113	23	136	166	63	99	186	160	39	180	264	204	151	243	323	282	249	436	521	323	508	614	716	495	837	871	751	765	932	1000	786	788	626	549	366	563	328	361	153	181	78	191	203	202	108	163	181	127	65	147	152	59	78	136	103	5	101	126	57	50	116	97
64	170	2	2	119	0	1953125	12	0.0	0	0.65	0	0	V0.2	0	0	25	12	20	29	23	12	25	31	19	16	31	31	18	24	37	34	20	29	42	35	24	31	50	25	22	25	40	17	11	28	31	12	25	30	106	71	120	97	217	132	264	327	290	312	249	569	388	643	583	824	694	853	826	1000	523	629	450	691	247	138	204	119	52	21	99	67	40	38	69	53	42	26	63	62	44	31	52	54	38	31	46	40	24	30	38
64	170	2	2	119	0	1953125	12	0.0	0	0.65	0	0	V0.2	0	0	27	21	20	29	29	21	23	32	30	22	29	35	29	24	34	40	30	31	41	41	32	31	44	35	25	25	34	19	19	20	43	25	47	53	131	138	192	187	301	263	337	348	433	399	422	525	480	548	494	693	550	780	765	1000	738	885	743	671	424	423	419	280	179	101	131	89	69	52	82	65	53	42	64	64	52	46	55	52	43	42	49	43	34	35	39
64	170	2	2	119	0	1953125	12	0.0	0	0.65	0	0	V0.2	0	0	33	24	23	35	35	24	30	40	34	27	38	45	37	32	44	49	36	39	51	51	39	46	65	54	48	55	69	53	54	44	91	55	74	61	126	98	180	179	312	223	341	371	474	491	541	736	676	758	689	880	729	823	578	1000	602	850	588	607	335	292	302	286	206	160	173	102	75	70	112	98	81	58	80	77	67	58	67	63	53	47	53	50	40	39	41
64	170	2	2	119	0	1953125	12	0.0	0	0.60	0	0	V0.2	0	0	5	4	10	12	9	1	10	13	12	4	6	14	15	8	4	16	18	8	5	20	21	14	11	30	31	27	28	53	53	53	59	81	78	67	122	102	167	153	317	287	372	386	529	528	600	682	697	703	608	734	596	732	633	776	518	902	1000	935	741	538	482	332	220	173	170	81	41	22	48	21	15	31	33	15	11	25	13	6	12	17	11	4	10	13	7
64	170	2	2	119	0	1953125	12	0.0	0	0.65	0	0	V0.2	0	0	29	23	19	28	30	23	23	33	33	25	31	40	36	29	38	44	35	34	44	46	37	35	47	43	35	42	55	45	51	52	88	73	92	90	150	122	165	139	235	180	208	229	325	379	502	646	654	765	747	900	832	982	890	1000	654	741	693	718	478	417	359	211	123	93	146	113	81	67	101	103	86	71	85	79	58	47	60	59	48	49	56	51	41	43	46
64	170	2	2	119	0	1953125	12	0.0	0	0.55	0	0	V0.2	0	0	11	9	2	4	10	12	9	2	5	11	13	10	3	5	10	15	11	5	6	17	18	19	10	19	26	25	16	21	10	27	27	33	53	80	121	170	176	164	201	136	212	142	354	352	446	492	573	499	533	391	494	469	346	822	432	956	830	1000	545	400	199	181	16	43	125	106	119	92	118	78	67	37	45	30	19	19	10	12	17	23	17	10	12	18	15
64	170	2	2	119	0	1953125	12	0.0	0	0.57	0	0	V0.2	0	0	5	12	15	13	5	7	14	17	12	4	14	21	18	8	4	21	27	19	3	15	25	26	18	7	12	11	44	25	28	25	65	38	49	93	110	154	100	107	220	65	66	108	95	262	386	505	648	402	604	297	113	333	789	837	1000	599	666	341	144	284	80	200	269	98	7	29	108	114	50	11	28	49	50	18	20	28	32	27	8	16	30	32	18	6	21
64	170	2	2	119	0	1953125	12	0.0	0	0.53	0	0	V0.2	0	0	16	15	10	4	10	16	18	13	5	9	17	20	17	10	8	19	24	23	17	8	18	23	34	18	10	7	21	51	61	72	44	90	49	58	64	88	180	140	281	224	296	143	265	23	113	315	350	507	526	705	652	643	839	725	326	656	683	1000	661	709	562	498	225	86	82	8	75	87	143	98	84	46	60	51	45	27	17	23	32	38	29	21	18	24	23
64	170	2	2	119	0	1953125	12	0.0	0	0.55	0	0	V0.2	0	0	5	8	14	16	11	5	8	15	17	13	5	9	17	18	10	5	13	19	19	11	3	14	24	23	21	15	37	67	76	65	57	91	58	14	108	143	168	213	294	263	293	249	244	62	13	246	132	358	473	653	564	726	752	999	420	490	697	666	629	603	677	489	241	77	58	31	54	103	122	73	62	57	68	56	32	19	23	22	18	8	4	13	19	19	12
64	170	2	2	119	0	1953125	12	0.0	0	0.55	0	0	V0.2	0	0	9	1	8	14	15	9	1	9	16	16	10	1	12	16	14	9	1	11	21	23	19	15	25	43	48	49	51	66	52	37	25	37	85	135	257	276	352	301	372	243	251	218	249	304	409	615	598	728	859	1000	763	776	620	993	739	963	988	973	760	736	649	431	306	170	160	49	76	99	115	64	62	60	58	36	21	27	29	20	12	2	8	15	19	16	8
64	170	2	2	119	0	1953125	12	0.0	0	0.54	0	0	V0.2	0	0	6	1	8	13	13	8	2	9	16	15	9	3	12	18	16	7	3	11	18	19	13	9	17	30	37	39	37	55	66	62	29	39	63	71	169	213	302	271	334	240	233	189	241	230	303	532	624	728	692	838	723	646	419	646	538	899	1000	956	706	639	577	416	262	161	175	69	89	100	106	70	67	64	65	33	14	12	23	22	21	14	4	17	25	23	9
64	170	2	2	119	0	1953125	12	0.0	0	0.56	0	0	V0.2	0	0	12	14	10	3	8	14	16	10	1	12	18	17	10	4	10	19	19	10	6	19	23	20	4	17	31	35	24	28	36	45	16	16	52	69	137	219	252	215	259	169	136	199	237	330	286	445	368	425	421	575	453	235	213	183	143	672	1000	825	571	436	367	351	117	66	156	66	115	124	142	91	64	68	70	44	26	0	24	31	28	16	5	21	30	26	8
64	170	2	2	119	0	1953125	12	0.0	0	0.67	0	0	V0.2	0	0	73	90	58	50	91	82	40	75	98	61	45	99	94	32	76	114	69	41	112	114	30	80	141	101	20	118	134	39	85	165	160	43	139	216	205	33	102	239	195	195	327	449	348	506	573	635	409	682	614	549	750	929	1000	558	535	505	574	246	453	169	138	50	155	152	204	196	156	65	122	150	105	63	137	145	54	74	127	98	3	91	112	51	51	109	91
64	170	2	2	119	0	1953125	12	0.0	0	0.58	0	0	V0.2	0	0	14	8	8	12	13	10	8	14	14	11	10	13	16	11	4	16	23	18	6	13	27	29	22	4	17	30	19	8	32	18	30	52	33	18	60	83	134	212	320	314	310	299	300	138	42	259	221	391	519	560	517	178	275	1000	746	393	67	122	321	153	331	322	333	304	254	129	43	40	82	46	15	41	27	26	27	10	22	33	34	18	8	29	33	22	1
64	170	2	2	119	0	1953125	12	0.0	0	0.56	0	0	V0.2	0	0	5	1	6	10	9	3	3	9	12	9	3	6	13	14	7	2	10	14	13	3	6	10	16	7	6	8	5	27	44	36	57	83	100	104	139	159	144	96	174	153	215	270	330	359	375	435	422	364	271	210	147	213	383	954	878	1000	918	806	473	362	318	234	165	177	190	107	98	97	121	68	35	21	31	29	16	6	12	13	15	12	3	11	18	17	4
64	170	2	2	119	0	1953125	12	0.0	0	0.56	0	0	V0.2	0	0	15	15	8	1	13	18	18	9	6	18	22	16	6	5	16	23	18	7	9	26	31	26	10	26	49	54	44	45	50	47	16	50	91	106	223	263	317	262	353	280	248	197	312	291	381	627	636	800	737	864	724	904	704	899	587	819	1000	988	811	848	878	581	301	130	118	21	65	115	142	79	91	90	93	59	26	39	48	35	17	4	22	30	29	16	7
64	170	2	2	119	0	1953125	12	0.0	0	0.56	0	0	V0.2	0	0	16	13	6	5	15	19	15	4	8	18	21	15	2	10	16	20	14	2	12	25	26	17	5	23	40	43	42	54	68	62	16	43	60	63	184	224	288	276	391	341	264	191	242	139	261	556	584	801	826	877	671	890	806	1000	489	546	682	862	678	811	871	640	351	179	155	58	43	97	113	62	86	95	92	54	34	49	53	34	12	12	28	30	23	10	14
64	170	2	2	119	0	1953125	12	0.0	0	0.58	0	0	V0.2	0	0	19	16	9	12	21	20	13	11	22	28	19	3	21	33	28	8	16	32	43	31	10	23	48	43	17	9	12	60	68	52	61	89	140	143	224	280	230	141	208	164	189	278	382	486	448	657	517	658	499	540	501	505	207	655	412	764	1000	973	770	751	797	561	136	33	62	45	92	146	161	79	101	115	89	30	31	70	65	27	16	46	57	39	8	24	41
64	170	2	2	119	0	1953125	12	0.0	0	0.58	0	0	V0.2	0	0	23	22	17	13	22	26	19	12	23	30	23	12	23	34	31	15	15	33	49	35	10	28	61	53	23	5	19	72	78	61	67	95	137	121	241	304	261	153	236	189	189	259	370	525	600	885	574	673	507	632	486	623	424	563	239	743	1000	861	665	786	939	717	260	53	65	130	112	127	132	50	114	138	87	11	52	80	59	10	45	68	60	25	18	48	51
64	170	2	2	119	0	1953125	12	0.0	0	0.58	0	0	V0.2	0	0	17	11	4	15	22	18	4	13	24	25	13	6	24	32	21	0	22	33	35	16	11	35	51	30	5	24	25	30	33	22	43	72	80	78	191	229	263	230	304	331	265	169	179	117	262	614	397	565	646	772	531	703	568	1000	470	185	207	189	168	403	644	635	384	286	277	198	87	39	81	43	44	51	19	40	46	24	9	42	56	42	8	31	51	45	14
64	170	2	2	119	0	1953125	12	0.0	0	0.58	0	0	V0.2	0	0	6	9	14	16	9	7	15	20	14	2	15	24	23	12	8	26	33	23	7	23	36	35	24	16	37	44	35	18	36	37	24	24	15	31	121	141	188	204	284	326	306	294	267	83	64	355	135	327	414	533	375	426	535	1000	575	476	180	261	195	86	359	392	275	248	258	185	104	90	117	67	27	29	13	45	43	23	9	33	45	33	7	26	42	38	16
64	170	2	2	119	0	1953125	12	0.0	0	0.67	0	0	V0.2	0	0	10	23	21	6	17	25	16	17	33	30	17	25	33	20	17	34	33	21	44	59	46	44	49	51	27	46	65	57	58	95	117	93	104	114	196	144	204	314	309	294	347	345	319	283	362	632	364	693	747	755	606	403	645	1000	319	340	91	305	329	17	391	417	331	257	286	240	170	138	184	125	71	87	103	70	42	68	71	46	36	57	51	29	35	47	36
64	170	2	2	119	0	1953125	12	0.0	0	0.58	0	0	V0.2	0	0	15	10	16	22	22	11	14	25	27	14	12	28	36	25	2	27	41	37	19	15	33	47	50	22	22	38	41	42	19	12	81	55	68	59	197	224	235	312	380	277	240	145	178	331	526	998	706	905	999	786	353	230	220	577	551	690	901	361	527	401	769	593	349	196	200	172	66	27	39	60	109	105	28	54	69	63	21	39	65	59	26	13	45	53	38
64	170	2	2	119	0	1953125	12	0.0	0	0.58	0	0	V0.2	0	0	16	7	14	22	23	10	14	25	26	12	11	27	33	24	2	27	41	31	11	22	40	44	46	14	36	47	46	32	19	45	95	56	62	79	214	220	253	324	401	287	201	162	138	346	557	931	641	1000	978	891	435	456	511	632	410	601	816	564	594	338	676	455	346	221	245	186	58	55	97	60	74	62	17	71	69	37	16	62	69	43	7	39	58	48	17
64	170	2	2	119	0	1953125	12	0.0	0	0.67	0	0	V0.2	0	0	101	106	75	89	116	93	66	110	118	72	83	123	102	63	113	123	66	89	149	121	31	122	155	92	67	142	130	35	128	189	132	30	163	187	158	39	262	324	285	251	373	394	276	454	525	463	332	795	815	821	830	966	1000	853	572	517	69	350	287	212	211	160	147	111	193	200	181	87	204	195	94	70	147	130	34	94	148	98	42	117	122	56	78	130	103
64	170	2	2	119	0	1953125	12	0.0	0	0.66	0	0	V0.2	0	0	31	19	7	28	29	11	22	36	29	16	36	44	28	26	44	43	22	44	62	51	45	69	75	51	46	64	56	36	77	98	80	63	93	96	99	76	150	177	213	208	253	318	331	490	511	510	274	431	547	575	675	685	999	851	933	729	533	159	200	305	343	96	66	70	82	52	94	136	170	111	98	100	94	60	54	76	74	54	50	62	51	35	46	57	46
64	170	2	2	119	0	1953125	12	0.0	0	0.66	0	0	V0.2	0	0	23	26	14	18	30	24	15	30	36	24	22	37	35	20	27	42	31	29	49	55	42	45	64	55	32	40	55	41	56	86	87	65	67	76	94	76	110	149	199	179	187	294	328	474	508	568	353	448	519	505	561	580	931	807	1000	876	723	165	124	296	348	74	74	52	58	15	76	122	136	72	90	97	78	42	62	75	50	46	62	55	27	38	50	34	26
64	170	2	2	119	0	1953125	12	0.0	0	0.66	0	0	V0.2	0	0	24	26	15	20	31	26	17	32	37	25	23	39	36	19	30	43	32	31	51	56	42	43	65	54	32	40	59	45	59	90	94	74	73	76	96	76	108	146	197	182	197	299	320	468	518	595	387	481	539	555	589	590	872	806	999	893	767	219	107	260	322	74	90	57	56	14	82	119	131	69	93	96	75	38	65	78	50	50	67	57	28	40	50	33	25
64	170	2	2	119	0	1953125	12	0.0	0	0.66	0	0	V0.2	0	0	30	23	16	31	35	22	22	38	34	20	29	39	29	21	39	45	31	38	54	51	34	41	59	41	35	47	58	48	58	87	82	58	60	55	85	57	114	166	222	225	232	328	349	445	472	543	335	544	682	794	775	810	1000	924	924	854	634	38	98	117	189	52	181	116	64	7	78	111	133	60	72	78	70	31	48	69	49	33	52	53	29	27	47	39	17
64	170	2	2	119	0	1953125	12	0.0	0	0.58	0	0	V0.2	0	0	5	12	13	8	4	11	14	10	5	9	15	13	5	8	17	19	11	8	23	36	30	18	25	38	27	20	17	23	15	15	34	11	13	24	84	61	138	211	302	288	296	409	422	444	392	474	239	548	737	842	792	808	1000	891	805	760	527	201	299	91	183	232	340	245	148	70	110	118	120	35	45	45	45	26	7	20	25	28	16	10	30	32	20	3	21
64	170	2	2	119	0	1953125	12	0.0	0	0.58	0	0	V0.2	0	0	7	12	12	6	7	13	14	9	4	12	18	15	2	11	22	24	14	8	24	38	33	20	24	39	28	20	17	25	20	9	38	18	15	24	84	65	137	218	305	284	298	426	429	433	353	452	237	562	759	830	796	838	1000	889	782	747	505	205	280	119	218	261	343	237	142	67	109	112	112	26	37	41	42	27	8	17	26	31	18	11	31	35	23	5	21
64	170	2	2	119	0	1953125	12	0.0	0	0.58	0	0	V0.2	0	0	12	13	7	4	13	15	10	3	11	17	15	7	5	17	22	18	7	16	31	38	25	21	32	41	21	16	27	27	15	17	47	20	21	35	91	69	151	235	308	289	321	445	426	435	356	477	279	633	804	873	815	880	1000	879	785	748	553	242	308	178	275	287	353	238	157	63	100	99	108	26	20	23	34	28	17	2	18	30	28	12	21	30	25	13	11
64	170	1	2	119	0	1953125	12	0.0	0	0.58	0	0	V0.2	0	0	8	11	10	5	8	12	12	7	7	11	14	10	4	12	19	18	7	11	25	33	23	17	28	37	22	15	23	24	14	17	47	23	27	42	89	63	136	210	268	253	300	442	422	458	392	495	271	522	688	734	756	830	1000	865	899	810	551	84	175	93	205	255	323	227	136	87	114	109	99	27	40	43	38	14	8	19	21	20	10	12	28	28	17	7	19
64	170	2	2	119	0	1953125	12	0.0	0	0.68	0	0	V0.2	0	0	69	91	64	58	95	87	42	81	103	64	58	102	84	44	100	108	44	78	132	95	28	117	119	41	92	160	114	32	166	183	102	76	217	191	102	174	262	264	152	172	293	283	301	612	477	656	605	1000	753	788	707	660	429	264	597	556	696	303	359	429	576	283	214	167	298	193	76	149	204	72	82	175	139	20	104	149	85	46	126	109	34	88	114	65	61
64	170	2	2	119	0	1953125	12	0.0	0	0.66	0	0	V0.2	0	0	60	46	16	52	61	28	31	65	54	7	53	68	33	29	71	60	5	62	85	49	30	84	73	26	48	95	70	39	103	101	87	52	148	171	166	143	253	252	252	274	366	377	314	366	241	422	315	464	416	594	563	795	598	1000	553	559	445	823	561	263	336	237	89	114	278	280	145	127	229	185	78	78	173	138	19	111	147	83	29	118	119	32	72	122	84
64	170	2	2	119	0	1953125	12	0.0	0	0.67	0	0	V0.2	0	0	28	32	10	21	40	29	14	39	43	22	25	42	38	14	42	48	33	44	71	63	41	59	62	54	33	81	90	70	108	119	151	110	175	247	291	236	336	327	339	273	359	461	399	573	483	809	473	720	585	778	682	974	621	1000	360	400	371	773	453	377	488	331	177	233	388	369	246	145	231	157	76	63	149	131	34	94	124	75	14	86	96	37	47	91	72
64	170	2	2	119	0	1953125	12	0.0	0	0.67	0	0	V0.2	0	0	32	28	11	25	33	19	14	29	26	10	28	37	24	26	46	40	22	38	48	35	35	57	57	43	60	82	76	74	108	116	103	55	87	75	66	72	111	182	179	233	292	414	442	651	584	754	482	605	406	267	334	256	583	440	939	1000	752	142	371	472	486	251	121	85	179	106	70	130	161	86	79	120	105	46	56	93	66	21	62	68	26	31	66	50	6
64	170	2	2	119	0	1953125	12	0.0	0	0.67	0	0	V0.2	0	0	74	84	51	56	88	73	42	78	89	48	58	99	79	29	87	107	52	54	112	94	14	103	133	64	55	135	133	43	97	164	130	22	140	151	88	63	167	271	183	241	379	441	348	574	579	691	443	721	579	414	492	500	604	517	1000	936	647	216	451	407	397	196	161	84	144	148	131	85	171	157	80	83	149	127	34	93	132	77	30	106	104	29	73	113	72
64	170	2	2	119	0	1953125	12	0.0	0	0.67	0	0	V0.2	0	0	98	97	54	77	107	79	53	101	104	52	78	118	85	41	111	123	53	74	133	103	29	121	143	55	79	156	146	34	111	181	140	22	139	158	98	56	189	274	164	228	383	445	305	582	620	724	528	817	619	485	450	568	514	456	1000	799	591	175	385	406	443	230	187	88	196	171	150	69	166	140	58	94	158	127	20	108	139	73	43	117	110	33	80	118	76
64	170	2	2	119	0	1953125	12	0.0	0	0.68	0	0	V0.2	0	0	121	138	88	100	147	115	75	134	140	81	113	154	107	84	155	139	58	142	184	99	81	187	149	43	163	207	101	104	278	249	116	140	288	267	123	209	365	205	186	341	467	466	575	901	738	964	887	1000	776	782	851	735	747	740	995	640	633	172	138	470	593	192	177	252	399	226	70	252	276	63	128	244	173	35	177	209	92	102	174	125	70	142	146	77	108
64	170	2	2	119	0	1953125	12	0.0	0	0.67	0	0	V0.2	0	0	29	17	22	33	29	21	32	36	25	26	36	33	27	37	47	42	46	61	61	55	61	70	63	59	77	86	91	108	138	136	136	114	139	144	126	124	178	203	191	216	319	440	426	632	657	890	774	929	809	733	538	547	521	446	1000	910	801	324	359	541	542	253	243	212	289	149	121	154	157	63	106	157	116	62	104	121	61	48	91	73	20	59	76	39	37
64	170	2	2	119	0	1953125	12	0.0	0	0.66	0	0	V0.2	0	0	26	30	20	24	34	29	20	34	39	29	30	44	42	31	44	53	42	43	60	64	53	65	81	71	61	77	83	67	76	84	95	83	123	159	144	149	155	202	198	244	323	390	284	380	372	545	362	631	688	712	707	705	938	788	999	748	572	263	447	322	314	12	89	88	147	75	127	154	133	80	108	128	102	74	95	101	64	65	80	70	45	61	66	44	40
64	170	2	2	119	0	1953125	12	0.0	0	0.66	0	0	V0.2	0	0	26	30	20	24	34	29	20	34	39	29	30	44	42	31	44	53	42	43	60	64	53	65	81	71	61	77	83	67	76	84	95	83	123	159	144	149	155	202	198	244	323	390	284	380	372	545	362	631	688	712	707	705	938	788	999	748	572	263	447	322	314	12	89	88	147	75	127	154	133	80	108	128	102	74	95	101	64	65	80	70	45	61	66	44	40
64	170	2	2	119	0	1953125	12	0.0	0	0.66	0	0	V0.2	0	0	32	29	25	31	35	28	29	37	36	31	39	45	40	40	51	54	45	53	64	62	58	69	78	65	66	76	75	63	80	85	93	100	138	164	142	164	150	171	167	223	271	335	224	397	398	538	392	671	675	700	692	744	1000	806	983	702	622	347	540	379	326	50	114	97	152	79	128	147	130	85	107	129	105	76	92	101	70	62	79	75	48	53	65	49	36
64	170	2	2	119	0	1953125	12	0.0	0	0.66	0	0	V0.2	0	0	27	27	19	28	35	28	26	37	39	28	34	43	38	33	47	53	42	48	63	63	55	69	83	72	71	84	83	60	61	62	71	68	125	162	144	182	184	231	220	293	337	374	241	348	337	475	361	674	682	767	728	856	1000	751	900	608	562	345	558	430	349	96	147	142	196	100	131	137	124	74	107	131	107	79	100	102	68	62	80	73	49	58	65	48	37
64	170	2	2	119	0	1953125	12	0.0	0	0.66	0	0	V0.2	0	0	28	26	21	27	33	26	27	36	38	29	35	42	37	34	45	50	41	47	57	57	51	64	78	71	79	95	99	80	78	72	71	34	80	94	84	133	156	219	212	321	406	459	342	423	369	431	279	536	540	613	666	795	1000	811	882	637	574	313	505	368	298	84	115	124	181	104	127	135	124	68	92	123	105	78	91	100	69	54	72	70	45	51	64	51	35
64	170	2	2	119	0	1953125	12	0.0	0	0.66	0	0	V0.2	0	0	27	29	18	23	34	27	22	35	40	30	31	44	40	31	44	52	40	41	57	59	48	61	79	72	77	95	105	87	81	80	82	38	75	87	74	114	141	211	205	306	410	472	358	444	395	461	294	537	533	578	631	761	1000	802	894	661	586	315	533	376	314	90	114	121	176	96	127	135	122	65	97	123	99	78	96	99	62	57	76	66	42	57	64	44	39
64	170	2	2	119	0	1953125	12	0.0	0	0.58	0	0	V0.2	0	0	10	11	6	6	11	12	6	5	13	16	13	4	10	16	16	10	3	13	22	22	7	16	33	34	25	33	56	61	53	45	69	78	43	23	20	63	98	155	123	213	313	409	348	396	332	368	133	289	286	363	514	710	999	790	897	555	391	92	335	237	194	205	183	89	2	57	91	78	25	41	48	53	27	17	35	34	18	6	10	22	25	14	2	18	24
64	170	2	2	119	0	1953125	12	0.0	0	0.56	0	0	V0.2	0	0	3	10	14	11	4	5	13	15	11	2	9	17	18	11	4	15	21	18	10	5	15	23	28	19	23	38	58	57	49	39	63	54	45	23	30	65	83	145	131	211	289	355	296	313	226	224	35	218	378	369	581	724	1000	746	701	411	239	26	288	241	253	281	225	128	48	49	74	55	41	31	9	18	33	32	29	13	24	35	30	15	9	22	23	17	6
64	170	1	2	119	0	1953125	12	0.0	0	0.57	0	0	V0.2	0	0	11	8	3	8	12	11	6	5	11	14	10	5	9	11	11	9	7	8	15	17	4	10	29	34	25	32	51	46	37	12	33	34	19	45	23	81	92	181	200	255	301	326	226	241	153	272	191	407	515	461	601	806	999	648	687	349	422	261	594	464	388	327	238	112	42	22	58	34	37	42	12	10	23	25	30	12	16	28	21	5	14	21	16	9	7
64	170	1	2	119	0	1953125	12	0.0	0	0.67	0	0	V0.2	0	0	25	22	25	30	30	27	32	35	31	29	34	35	32	37	44	43	41	50	53	53	56	64	70	66	80	86	83	75	80	75	74	93	113	135	128	185	180	228	191	254	274	262	151	282	295	403	380	556	611	566	652	820	1000	711	813	485	601	387	634	492	417	254	216	147	132	88	130	131	101	71	94	113	79	72	93	88	57	62	76	60	42	59	61	39	39
64	170	1	2	119	0	1953125	12	0.0	0	0.66	0	0	V0.2	0	0	26	24	21	29	32	26	27	34	30	24	33	37	31	34	44	45	37	48	56	53	51	64	72	59	69	77	75	63	70	83	79	99	121	145	128	174	172	226	176	220	239	238	128	288	338	449	413	610	649	592	640	825	1000	703	860	527	635	447	686	521	417	239	201	126	122	73	120	118	97	67	90	112	82	75	94	89	61	65	76	64	48	57	62	43	38
64	170	1	2	119	0	1953125	12	0.0	0	0.66	0	0	V0.2	0	0	26	25	20	28	33	27	26	36	34	26	33	40	35	35	46	49	39	49	60	59	56	69	79	65	71	79	77	67	81	99	101	118	146	170	156	190	190	246	182	196	198	219	129	325	398	531	488	689	701	640	629	774	967	707	1000	665	749	530	734	548	425	209	192	124	123	67	123	127	105	79	103	121	88	81	102	97	68	74	83	69	51	62	63	43	43
64	170	1	2	119	0	1953125	12	0.0	0	0.66	0	0	V0.2	0	0	37	15	57	59	18	36	64	44	9	58	63	20	41	76	58	18	66	82	44	45	90	85	43	69	105	74	49	101	110	75	107	163	165	139	153	218	189	192	159	203	155	190	180	359	398	593	575	739	705	687	627	689	889	713	1000	713	818	531	718	583	453	170	185	146	150	49	106	156	127	44	109	154	96	52	123	127	48	69	116	88	17	78	95	42	38
64	170	1	2	119	0	1953125	12	0.0	0	0.57	0	0	V0.2	0	0	14	14	9	2	11	15	14	7	5	14	18	14	3	8	16	19	11	4	20	31	22	14	34	43	32	21	25	22	18	50	48	61	98	146	161	174	187	258	268	227	218	198	49	294	425	621	564	857	835	764	641	823	938	558	1000	615	780	622	887	675	470	273	213	61	29	71	48	40	33	72	45	31	7	40	48	31	10	32	32	19	4	15	21	22	16
64	170	1	2	119	0	1953125	12	0.0	0	0.57	0	0	V0.2	0	0	8	10	8	2	5	10	11	7	2	8	12	11	6	3	10	15	11	5	13	23	19	10	14	22	16	6	8	8	24	48	65	60	98	120	145	127	105	94	106	42	69	166	120	351	424	543	424	571	471	444	288	432	721	550	999	746	719	512	585	413	249	146	130	69	30	85	68	63	17	50	48	46	19	22	32	24	9	6	12	17	17	8	2	15	19
64	170	1	2	119	0	1953125	12	0.0	0	0.58	0	0	V0.2	0	0	8	5	2	7	11	9	2	7	13	13	7	1	10	14	11	4	6	10	15	14	4	10	23	18	11	22	39	39	41	42	78	56	63	48	55	11	34	93	53	149	214	310	253	398	369	419	227	322	258	266	439	522	899	798	1000	702	466	207	316	196	176	201	154	107	36	80	84	74	31	48	46	38	14	20	28	25	8	6	16	21	14	4	8	18	19
64	170	1	2	119	0	1953125	12	0.0	0	0.58	0	0	V0.2	0	0	5	8	7	5	7	8	7	5	8	11	11	6	4	10	13	12	4	6	18	21	10	7	27	30	21	28	50	51	45	24	44	22	11	51	32	96	111	188	181	240	298	372	287	330	220	309	163	405	525	607	759	822	1000	793	901	523	409	121	391	313	319	299	257	162	76	78	103	78	34	18	23	34	29	6	11	15	20	19	5	10	22	20	8	8	18
64	170	1	2	119	0	1953125	12	0.0	0	0.58	0	0	V0.2	0	0	11	12	10	7	11	15	14	7	9	16	18	14	5	11	21	23	12	4	21	28	13	5	30	35	19	30	59	40	22	21	34	53	90	139	112	167	181	255	257	273	306	312	215	221	205	538	461	832	840	833	761	895	973	658	1000	432	648	340	745	564	528	346	298	110	47	39	61	33	42	52	15	11	32	27	25	14	23	37	29	9	18	27	23	8	4
64	170	1	2	119	0	1953125	12	0.0	0	0.67	0	0	V0.2	0	0	20	12	18	25	19	18	27	27	19	23	27	21	19	31	33	30	35	44	41	42	52	59	58	59	79	75	77	76	91	82	107	134	172	177	157	188	154	182	112	149	121	164	86	277	305	552	440	660	540	511	357	415	575	354	1000	601	772	406	737	530	486	185	197	75	107	14	109	131	86	81	98	105	54	62	88	80	40	62	75	40	31	56	48	22	51
64	170	1	2	119	0	1953125	12	0.0	0	0.67	0	0	V0.2	0	0	45	55	33	26	53	48	21	43	56	31	29	60	53	10	48	69	40	19	65	67	15	47	87	58	15	67	88	36	58	114	107	65	119	163	107	64	61	129	79	74	91	194	111	272	280	416	215	443	341	338	227	270	537	376	999	646	611	331	570	320	274	109	128	28	38	25	99	54	50	88	66	38	55	78	47	36	68	61	18	42	57	29	21	52	44
64	170	1	2	119	0	1953125	12	0.0	0	0.67	0	0	V0.2	0	0	48	50	22	36	56	40	21	50	51	21	40	60	38	20	60	63	20	43	74	54	14	71	85	34	47	88	76	23	95	117	86	83	150	156	86	82	104	114	28	154	164	194	148	310	277	379	242	458	307	305	353	325	596	525	1000	699	637	374	503	255	288	105	104	20	61	61	83	80	103	88	47	78	94	71	33	80	80	32	43	73	51	8	60	66	22
64	170	1	2	119	0	1953125	12	0.0	0	0.66	0	0	V0.2	0	0	24	20	17	23	24	18	23	29	27	24	31	36	28	30	38	37	30	39	46	42	43	52	57	44	53	59	62	63	81	91	94	94	113	114	87	86	79	115	60	164	160	221	152	274	259	416	268	470	368	412	411	392	684	633	1000	776	695	365	524	316	318	109	131	55	92	30	90	96	75	61	82	93	66	62	74	72	45	50	58	47	34	43	44	29	30
64	170	1	2	119	0	1953125	12	0.0	0	0.66	0	0	V0.2	0	0	21	18	17	21	21	16	20	24	23	21	28	30	26	29	36	34	30	38	43	40	42	50	54	43	52	57	61	64	83	89	94	95	116	117	94	94	82	123	69	173	164	219	161	274	242	413	273	475	372	421	423	396	652	634	1000	814	734	368	507	313	326	106	140	66	90	28	89	103	84	71	90	102	71	65	78	76	49	54	62	50	35	47	49	34	36
64	170	1	2	119	0	1953125	12	0.0	0	0.66	0	0	V0.2	0	0	25	16	18	27	22	15	25	29	21	22	34	33	24	33	40	33	28	42	44	36	42	51	53	38	54	58	57	62	84	88	87	92	111	112	84	93	76	126	60	178	156	215	150	262	192	402	251	472	381	448	452	417	644	603	1000	813	756	350	500	289	340	112	153	54	81	19	74	91	75	64	81	92	64	60	69	68	45	49	57	46	34	43	44	32	32
64	170	1	2	119	0	1953125	12	0.0	0	0.67	0	0	V0.2	0	0	51	54	25	37	60	45	20	54	59	24	38	66	47	15	61	71	27	39	80	65	4	68	91	44	40	91	88	29	93	127	108	71	135	167	105	88	118	166	38	186	195	211	132	278	221	390	224	485	406	431	466	469	651	574	1000	745	673	349	505	250	334	152	171	28	57	58	94	64	91	100	63	69	91	87	38	63	83	51	29	70	66	16	47	71	41
64	170	1	2	119	0	1953125	12	0.0	0	0.67	0	0	V0.2	0	0	74	50	34	73	72	30	55	81	54	29	76	76	25	61	94	62	22	89	97	35	60	115	92	6	99	123	68	58	141	123	67	152	222	171	85	188	196	167	64	220	202	160	183	321	233	413	363	645	496	565	621	630	785	624	1000	648	701	437	578	392	469	183	181	101	168	110	83	118	138	61	42	125	122	51	65	123	88	3	84	102	47	39	92	76	14
64	170	1	2	119	0	1953125	12	0.0	0	0.67	0	0	V0.2	0	0	52	49	22	41	57	35	25	58	56	18	43	65	41	19	63	65	17	48	80	56	17	79	94	47	53	105	109	42	83	116	95	66	150	166	104	168	209	229	130	209	245	280	83	251	248	329	241	473	459	420	541	660	834	692	1000	565	508	173	393	222	242	197	175	59	77	101	149	102	89	102	86	57	65	90	62	51	79	73	31	46	68	43	22	58	56
64	170	1	2	119	0	1953125	12	0.0	0	0.66	0	0	V0.2	0	0	28	15	17	29	25	12	27	33	23	21	37	37	23	33	44	37	26	44	50	38	42	57	58	42	62	73	74	64	94	97	96	85	113	116	77	117	124	174	120	201	174	214	111	302	299	524	359	554	459	410	402	446	659	666	1000	756	727	315	560	351	383	135	153	76	74	27	84	88	82	77	86	91	73	70	70	70	57	59	58	52	47	46	43	41	40
64	170	1	2	119	0	1953125	12	0.0	0	0.67	0	0	V0.2	0	0	54	53	21	43	62	36	25	61	58	15	47	69	40	25	70	66	9	59	88	55	29	91	97	36	66	109	86	36	114	137	98	119	193	187	127	175	219	222	130	226	203	176	156	279	267	376	378	552	506	543	663	712	845	801	1000	684	584	354	437	326	373	242	216	152	166	113	107	108	133	97	55	101	110	68	54	103	93	36	62	89	56	22	74	73	18
64	170	1	2	119	0	1953125	12	0.0	0	0.66	0	0	V0.2	0	0	21	13	17	25	21	15	22	27	19	17	27	28	18	24	33	28	21	32	37	28	25	34	41	26	29	33	33	22	32	56	57	64	79	94	92	103	111	171	137	170	142	197	99	176	164	297	217	345	377	410	538	594	752	778	1000	807	704	289	366	265	238	192	204	118	57	41	60	75	74	34	50	56	44	29	49	54	35	37	45	40	24	32	38	27	19
64	170	1	2	119	0	1953125	12	0.0	0	0.66	0	0	V0.2	0	0	19	11	17	25	20	13	22	26	18	17	26	26	16	23	31	26	20	32	37	27	25	36	41	25	32	36	35	24	37	57	58	54	70	83	76	93	121	171	138	184	163	230	133	217	195	310	189	283	319	382	509	547	734	777	999	792	701	307	366	255	238	168	191	114	56	30	62	75	73	38	50	56	46	34	49	56	40	39	45	41	28	33	37	29	24
64	170	1	2	119	0	1953125	12	0.0	0	0.66	0	0	V0.2	0	0	23	16	16	26	24	16	22	28	22	17	26	30	20	22	33	31	23	31	39	31	24	35	43	28	30	35	37	26	33	55	59	50	63	78	79	88	122	170	147	186	171	239	143	218	201	315	178	275	318	399	488	538	737	795	1000	793	700	309	369	271	244	170	202	118	53	31	64	73	65	29	49	56	41	31	50	57	35	37	46	39	22	32	38	26	19
64	170	1	2	119	0	1953125	12	0.0	0	0.66	0	0	V0.2	0	0	19	13	15	23	21	14	21	26	21	16	25	27	18	21	29	27	21	30	36	28	26	34	42	29	31	35	36	27	35	53	57	45	59	73	73	93	127	171	148	194	189	249	147	235	212	308	162	250	299	372	442	513	737	781	999	761	677	300	354	265	246	158	199	116	48	23	63	75	66	29	48	58	45	33	49	58	39	37	46	41	25	33	39	29	21
64	170	1	2	119	0	1953125	12	0.0	0	0.66	0	0	V0.2	0	0	21	15	14	22	22	15	20	28	23	17	26	29	20	20	30	29	20	28	37	30	24	35	43	29	28	33	38	26	33	48	56	40	53	76	70	92	118	159	131	175	177	252	142	278	248	388	221	284	310	329	375	410	633	670	1000	816	788	381	453	335	298	120	183	104	42	33	62	73	64	33	55	64	49	36	53	60	39	41	50	44	24	34	40	27	20
64	170	1	2	119	0	1953125	12	0.0	0	0.67	0	0	V0.2	0	0	12	50	53	17	35	60	40	11	54	57	15	41	69	46	15	66	71	28	50	88	64	30	87	97	58	61	117	107	81	107	157	110	105	168	180	170	201	285	228	232	260	345	205	333	309	513	327	444	503	501	477	477	673	624	1000	901	911	507	667	515	463	230	295	181	111	96	163	148	104	132	149	112	72	108	111	67	70	101	74	40	75	80	39	50	79
64	170	1	2	119	0	1953125	12	0.0	0	0.66	0	0	V0.2	0	0	33	31	26	33	37	30	30	39	39	32	41	48	42	41	51	56	47	53	62	59	55	67	78	67	74	81	88	77	99	106	119	94	125	139	135	184	205	262	199	258	264	307	208	369	304	508	327	523	526	551	571	567	797	697	1000	877	879	506	640	456	497	259	296	184	134	68	114	130	114	88	108	115	87	76	93	92	65	67	76	66	49	59	62	45	42
64	170	1	2	119	0	1953125	12	0.0	0	0.67	0	0	V0.2	0	0	31	24	21	33	32	24	30	37	31	28	38	40	32	40	50	45	42	57	60	56	60	73	73	69	88	96	97	98	134	130	146	126	171	161	159	216	236	283	236	318	304	344	252	390	298	492	317	537	519	532	555	572	795	729	1000	838	868	513	634	437	526	285	335	233	192	116	141	163	145	113	124	140	105	82	96	102	71	61	81	73	46	57	70	53	40
64	170	1	2	119	0	1953125	12	0.0	0	0.66	0	0	V0.2	0	0	23	17	16	25	24	17	23	29	24	19	29	31	22	23	33	31	22	30	39	32	27	37	45	30	32	32	35	22	32	46	56	43	59	89	91	123	138	186	144	180	176	231	113	254	219	382	206	342	375	400	392	470	663	689	1000	777	812	401	521	372	342	123	179	75	48	23	69	71	63	32	56	66	57	38	56	59	39	40	50	46	27	35	41	29	20
64	170	1	2	119	0	1953125	12	0.0	0	0.66	0	0	V0.2	0	0	23	17	16	25	24	17	23	29	24	19	29	31	22	23	33	31	22	30	39	32	27	37	45	30	32	32	35	22	32	46	56	43	59	89	91	123	138	186	144	180	176	231	113	254	219	382	206	342	375	400	392	470	663	689	1000	777	812	401	521	372	342	123	179	75	48	23	69	71	63	32	56	66	57	38	56	59	39	40	50	46	27	35	41	29	20
