34928	35048	35167	35286	35405	35524	35644	35763	35882	36001	36120	36240	36359	36478	36597	36716	36836	36955	37074	37193	37313	37432	37551	37670	37789	37909	38028	38147	38266	38385	38505	38624	38743	38862	38981	39101	39220	39339	39458	39577	39697	39816	39935	40054	40174	40293	40412	40531	40650	40770	40889	41008	41127	41246	41366	41485	41604	41723	41842	41962	42081	42200	42319	42439	42558	42677	42796	42915	43035	43154	43273	43392	43511	43631	43750	43869	43988	44107	44227	44346	44465	44584	44703	44823	44942
64	170	1	2	119	0	1953125	12	0.0	2011	1.36	0	0	V0.2	0	0	27	19	36	10	47	29	34	12	47	25	37	25	54	18	46	33	49	28	44	61	33	67	44	91	41	108	66	69	50	75	136	95	184	198	225	204	255	185	10	106	245	488	454	415	469	326	215	212	127	317	374	521	1000	950	350	490	304	572	485	142	228	408	362	62	178	173	152	81	116	191	101	88	85	140	78	75	92	69	53	64	92	51	55	64	67
64	170	1	2	119	0	1953125	12	0.0	2011	1.36	0	0	V0.2	0	0	25	24	40	12	54	16	41	17	53	26	36	39	50	29	42	48	52	35	50	60	43	64	54	91	48	111	57	83	37	92	119	96	183	181	240	185	277	147	53	96	205	465	401	432	440	354	189	272	92	254	342	447	1000	879	410	529	342	533	420	115	199	417	310	79	159	159	147	41	127	157	92	72	87	132	50	77	68	74	40	65	75	40	50	57	61
64	170	1	2	119	0	1953125	12	0.0	2011	1.36	0	0	V0.2	0	0	11	34	28	28	26	38	30	31	26	36	16	42	23	43	15	50	29	33	40	38	54	28	77	45	84	57	89	47	56	87	84	119	138	206	201	218	229	159	54	65	241	421	409	407	442	349	165	263	34	226	368	428	1000	864	412	580	353	507	394	140	228	434	255	123	148	211	131	46	128	139	126	41	130	103	73	61	92	78	36	74	61	54	38	69	52
64	170	1	2	119	0	1953125	12	0.0	2011	1.36	0	0	V0.2	0	0	24	22	36	11	50	12	39	16	48	22	33	36	46	26	37	43	46	31	46	55	39	57	46	81	42	100	48	74	31	81	106	86	168	159	217	171	257	128	60	78	188	426	359	410	410	314	177	282	86	244	317	434	1000	833	397	560	335	515	391	91	200	407	285	83	163	151	132	31	124	146	84	67	85	124	44	73	65	69	35	63	68	35	46	52	56
64	170	1	2	119	0	1953125	12	0.0	2011	1.36	0	0	V0.2	0	0	26	14	31	4	44	17	32	7	42	17	32	22	44	15	39	28	40	23	39	49	26	59	33	77	30	99	44	66	34	66	108	75	167	164	205	182	245	138	57	76	206	423	375	408	437	298	193	261	83	291	305	469	1000	860	392	595	317	501	425	82	234	394	300	70	189	153	120	44	118	165	79	77	80	126	55	75	77	63	44	59	77	35	47	53	56
64	170	1	2	119	0	1953125	12	0.0	2013	1.37	0	0	V0.2	0	0	27	15	31	4	48	23	34	14	44	20	34	24	48	15	41	28	43	27	40	51	27	60	32	76	31	94	49	63	38	55	107	79	165	164	195	189	230	140	57	77	220	409	379	405	427	264	203	244	74	311	282	481	1000	847	386	613	296	507	435	84	248	383	297	60	189	148	108	49	107	166	78	79	80	121	61	71	80	58	47	52	72	34	49	55	56
64	170	1	2	119	0	1953125	12	0.0	2011	1.36	0	0	V0.2	0	0	29	16	27	11	41	28	30	17	38	20	34	20	44	12	43	25	38	22	37	49	26	61	36	72	36	91	54	58	44	51	109	82	164	177	193	201	215	142	54	79	243	412	395	409	448	258	207	222	61	344	284	501	1000	865	385	637	278	503	460	85	267	379	300	55	198	159	103	56	101	175	85	79	83	118	70	68	90	59	48	49	75	40	45	55	55
64	170	1	2	119	0	1953125	12	0.0	2013	1.37	0	0	V0.2	0	0	26	15	34	3	47	21	36	13	45	19	35	24	49	16	41	29	46	27	40	51	27	59	31	77	30	94	45	64	35	59	111	83	165	159	201	177	217	120	47	103	233	415	372	410	403	245	182	217	85	327	274	484	1000	815	379	585	261	533	439	78	243	381	296	63	177	137	110	52	106	164	79	81	77	120	59	72	76	56	44	52	72	37	51	54	55
64	170	1	2	119	0	1953125	12	0.0	1986	1.36	0	0	V0.2	0	0	27	14	32	10	50	10	39	15	46	18	38	28	42	23	46	31	41	30	46	52	35	66	37	82	40	105	52	77	47	65	106	80	165	163	202	197	226	136	61	88	236	405	368	405	410	233	189	216	87	341	272	494	1000	816	348	568	254	546	453	89	253	379	301	44	167	150	125	79	100	180	102	86	84	128	85	65	92	68	57	47	81	55	46	58	64
64	170	1	2	119	0	1953125	12	0.0	2033	1.37	0	0	V0.2	0	0	21	13	34	24	32	25	34	19	34	25	35	13	44	23	37	22	46	33	31	48	32	55	25	75	26	78	33	63	30	64	108	95	165	147	210	162	219	93	29	129	239	438	365	424	390	288	150	239	121	285	306	442	1000	767	382	526	313	547	371	91	249	432	253	134	171	171	123	37	143	130	97	66	111	103	52	79	65	65	43	75	51	43	50	58	43
64	170	1	2	119	0	1953125	12	0.0	1986	1.36	0	0	V0.2	0	0	22	30	7	45	26	34	21	43	27	35	27	47	18	45	31	45	22	42	50	34	54	47	68	50	81	89	64	67	58	87	73	97	158	162	201	191	252	104	64	80	214	418	331	423	393	283	156	258	87	289	306	446	1000	751	403	546	254	539	385	88	213	398	269	82	145	139	140	53	117	157	103	81	82	136	68	71	70	77	49	50	80	55	47	50	66
64	170	1	2	119	0	1953125	12	0.0	2011	1.36	0	0	V0.2	0	0	28	19	35	18	43	33	34	19	44	30	37	22	52	24	44	32	53	34	40	57	37	62	36	86	42	94	57	73	48	60	118	97	173	166	211	194	228	131	43	109	244	436	377	414	419	273	169	214	112	334	300	480	1000	804	378	547	253	569	412	56	252	404	280	90	180	145	122	44	129	158	81	85	88	122	45	83	68	63	40	64	69	38	56	55	53
64	170	1	2	119	0	1953125	12	0.0	2011	1.36	0	0	V0.2	0	0	28	16	33	6	46	21	35	13	42	18	34	22	45	17	44	29	42	25	41	49	28	62	33	78	33	98	48	70	44	66	113	85	173	164	203	193	233	133	48	104	247	431	362	411	418	251	179	223	131	329	261	475	1000	814	364	563	274	578	417	43	262	400	303	76	199	158	122	59	122	177	84	89	88	127	62	78	83	62	50	59	80	40	51	58	58
64	170	1	2	119	0	1953125	12	0.0	2011	1.36	0	0	V0.2	0	0	20	26	33	20	46	17	37	22	44	26	28	40	39	34	31	46	41	31	45	47	44	50	55	72	54	90	51	70	32	86	96	98	163	157	209	175	247	97	43	100	231	441	337	409	390	287	129	258	101	285	322	399	1000	768	362	543	313	557	370	89	205	423	261	104	149	157	131	18	129	135	96	60	98	120	43	72	63	72	26	65	62	42	46	56	54
64	170	1	2	119	0	1953125	12	0.0	2011	1.36	0	0	V0.2	0	0	28	18	26	15	39	31	28	18	36	20	32	19	44	12	44	26	40	25	37	48	24	60	35	71	37	91	57	58	48	52	114	84	166	175	186	204	217	146	60	93	274	442	396	406	442	237	179	203	96	378	296	490	1000	859	345	594	259	562	452	83	262	391	315	58	203	162	107	62	105	181	88	83	89	123	72	69	90	58	48	52	80	43	50	59	57
64	170	1	2	119	0	1953125	12	0.0	2036	1.37	0	0	V0.2	0	0	20	32	10	28	19	48	5	32	23	35	20	28	38	29	35	37	38	30	37	48	38	46	57	50	57	64	79	25	57	54	117	108	153	197	159	217	176	150	60	90	317	441	422	394	457	220	191	178	75	408	311	514	1000	859	330	617	257	536	458	99	289	391	295	63	202	170	80	55	91	166	84	74	91	97	65	57	86	42	46	48	65	33	50	56	43
64	170	1	2	119	0	1953125	12	0.0	2036	1.37	0	0	V0.2	0	0	28	29	14	24	25	39	16	30	22	23	27	27	33	13	41	33	28	22	35	38	21	52	51	43	41	70	66	27	51	54	109	94	156	191	151	209	166	128	77	99	332	438	419	404	450	194	196	158	74	426	295	528	1000	831	346	635	235	538	468	108	290	388	282	66	194	180	79	51	82	161	103	64	101	89	73	45	93	48	41	50	65	44	38	61	46
64	170	1	2	119	0	1953125	12	0.0	2038	1.37	0	0	V0.2	0	0	21	11	31	6	42	13	31	4	37	10	25	22	40	12	33	25	36	18	35	42	18	50	25	63	19	80	24	45	19	63	106	80	168	141	184	144	199	61	47	149	280	460	350	424	375	199	123	203	146	398	285	435	1000	758	355	581	248	576	448	80	226	387	281	63	172	127	101	30	105	151	64	67	72	112	42	67	66	53	34	51	64	25	45	49	48
64	170	1	2	119	0	1953125	12	0.0	2036	1.37	0	0	V0.2	0	0	25	28	12	23	26	39	16	29	20	23	26	26	33	13	40	32	27	19	36	37	20	50	50	41	35	68	65	24	48	54	109	91	153	182	141	194	156	116	87	110	340	446	400	395	436	160	164	151	93	459	317	492	1000	833	306	632	232	552	501	145	274	384	281	43	183	168	84	44	73	158	101	56	95	87	70	41	91	48	35	44	64	42	34	58	44
64	170	1	2	119	0	1953125	12	0.0	2036	1.37	0	0	V0.2	0	0	19	19	32	11	42	6	32	11	38	12	24	32	38	19	27	37	36	23	41	44	28	44	41	62	34	78	28	48	11	82	106	93	162	147	184	135	195	47	16	158	279	471	344	410	360	214	87	197	153	383	347	409	1000	747	344	553	220	585	453	120	197	399	259	65	130	119	115	32	104	130	71	51	75	108	29	61	53	57	20	55	59	27	36	45	47
64	170	1	2	119	0	1953125	12	0.0	2011	1.36	0	0	V0.2	0	0	29	10	25	1	44	18	33	14	37	9	36	21	38	11	46	24	33	23	41	44	20	64	34	64	26	93	49	48	42	60	117	85	175	173	171	177	186	105	79	127	313	469	390	395	424	177	121	164	100	472	355	485	1000	855	311	612	178	571	547	158	251	375	297	16	153	143	105	73	65	168	106	58	80	106	84	40	88	58	40	38	72	55	29	54	55
64	170	1	2	119	0	1953125	12	0.0	2036	1.37	0	0	V0.2	0	0	17	12	37	13	37	16	34	5	37	17	28	19	43	16	30	27	43	24	32	47	26	47	29	70	19	78	31	54	22	73	119	95	163	144	191	126	187	58	23	172	279	482	361	400	354	211	56	179	162	399	375	391	1000	769	314	563	228	605	474	141	197	414	258	60	120	121	121	29	107	125	75	48	83	104	25	64	52	56	19	61	54	27	37	47	41
64	170	1	2	119	0	1953125	12	0.0	2011	1.36	0	0	V0.2	0	0	33	16	24	11	41	28	33	25	34	14	39	25	40	7	50	29	31	25	45	46	21	67	49	58	39	88	69	36	56	61	121	97	172	200	158	198	167	120	98	124	350	478	426	391	447	168	123	134	98	515	397	496	1000	880	278	638	180	571	576	207	257	390	297	43	143	160	113	73	57	164	130	43	91	95	93	28	91	64	39	45	69	63	21	57	56
64	170	1	2	119	0	1953125	12	0.0	2036	1.37	0	0	V0.2	0	0	14	36	8	30	6	49	8	34	14	37	12	36	30	35	26	44	31	31	36	43	44	31	71	28	64	41	87	8	52	70	114	128	138	212	139	204	125	125	103	117	368	464	447	378	436	176	124	111	105	487	392	467	1000	869	265	660	227	575	555	199	267	407	278	44	156	166	97	44	67	150	107	47	96	78	68	36	86	45	38	49	59	40	37	58	41
64	170	1	2	119	0	1953125	12	0.0	2011	1.36	0	0	V0.2	0	0	24	13	26	12	45	5	31	9	38	7	30	28	36	19	37	29	33	21	41	43	24	56	33	66	28	93	32	50	21	69	116	80	172	155	193	148	198	71	50	152	289	482	372	415	390	186	100	203	135	474	380	413	1000	840	310	634	245	569	559	182	211	390	304	4	131	114	118	77	67	157	86	58	58	111	69	48	72	53	41	38	71	43	30	45	52
64	170	1	2	119	0	1953125	12	0.0	2033	1.37	0	0	V0.2	0	0	17	28	8	27	19	45	3	30	22	35	17	26	39	30	29	31	35	29	33	46	36	41	54	45	47	58	73	10	46	54	123	111	154	198	151	184	145	120	101	130	348	486	443	385	456	196	109	155	72	512	443	475	1000	936	285	664	220	551	586	210	254	396	310	20	163	143	91	53	62	159	88	57	75	94	62	51	83	41	40	48	69	32	41	54	45
64	170	1	2	119	0	1953125	12	0.0	2011	1.36	0	0	V0.2	0	0	29	12	25	3	43	20	30	13	36	8	34	20	37	7	45	24	33	20	40	44	17	62	34	61	22	94	52	42	36	59	121	82	174	180	175	175	191	112	80	128	312	485	414	396	437	198	118	193	59	498	432	474	1000	917	303	656	225	540	586	226	229	383	315	27	144	135	110	77	48	161	108	44	69	101	83	32	83	54	39	36	72	53	22	50	53
64	170	1	2	119	0	1953125	12	0.0	2036	1.37	0	0	V0.2	0	0	19	25	14	27	24	43	9	26	24	29	20	20	39	22	32	28	36	25	31	46	27	46	45	54	37	69	68	21	41	45	125	103	157	188	167	180	160	114	85	133	326	476	431	390	440	198	133	190	62	509	422	457	1000	907	295	690	259	542	589	205	233	383	302	8	157	126	85	51	62	150	74	51	61	91	52	51	71	34	32	42	61	22	40	46	39
64	170	1	2	119	0	1953125	12	0.0	2036	1.37	0	0	V0.2	0	0	25	24	15	22	31	38	15	22	26	22	24	20	36	11	38	30	31	14	34	43	16	52	43	50	22	76	63	18	37	56	129	92	170	191	159	168	162	111	106	147	350	507	437	394	448	188	95	163	84	539	460	483	1000	927	266	662	211	556	610	228	230	378	312	37	149	143	100	62	46	153	98	39	65	90	69	37	81	43	29	38	67	40	29	48	43
64	170	1	2	119	0	1953125	12	0.0	2058	1.37	0	0	V0.2	0	0	18	34	8	30	16	46	3	30	19	34	14	29	36	29	31	37	31	24	36	46	31	42	58	36	39	58	78	3	49	66	132	108	162	203	149	176	137	122	117	158	378	511	459	398	457	198	100	120	114	551	443	487	1000	917	239	643	228	565	606	222	250	397	311	42	161	158	95	43	51	150	94	45	75	82	58	41	83	38	30	39	59	30	38	51	37
64	170	1	2	119	0	1953125	12	0.0	2011	1.36	0	0	V0.2	0	0	27	7	25	15	44	8	41	12	33	13	40	27	29	29	51	25	26	32	50	38	28	72	34	62	34	109	39	51	38	81	126	82	198	178	182	166	206	107	72	151	331	524	414	420	444	192	69	157	123	544	453	483	999	909	243	622	187	579	627	244	212	376	332	71	123	140	132	101	30	164	132	36	65	100	103	12	83	69	48	29	71	71	16	45	57
64	170	1	2	119	0	1953125	12	0.0	2036	1.37	0	0	V0.2	0	0	15	38	8	31	11	54	7	34	16	41	13	34	34	37	28	44	36	32	39	48	47	37	73	35	65	50	94	7	56	74	128	130	154	230	151	205	139	148	120	125	372	502	480	384	480	236	87	100	90	544	481	487	1000	941	215	647	214	585	628	247	251	404	306	60	143	167	113	60	55	156	111	43	87	82	71	35	87	47	39	47	63	40	37	59	42
64	170	1	2	119	0	1953125	12	0.0	2011	1.36	0	0	V0.2	0	0	33	20	23	13	41	30	32	23	32	13	38	27	40	6	54	33	33	25	47	48	19	69	53	58	37	94	78	34	57	69	133	97	180	213	163	195	173	151	93	133	351	506	458	394	464	204	85	117	103	542	455	493	1000	937	221	643	193	602	647	262	237	393	323	73	128	165	136	88	45	166	138	32	84	97	97	19	90	69	40	38	70	66	19	55	55
64	170	1	2	119	0	1953125	12	0.0	2011	1.36	0	0	V0.2	0	0	32	29	23	20	40	45	21	29	38	32	33	31	50	23	48	39	45	31	46	58	38	61	61	64	56	87	90	33	62	64	137	118	171	219	176	204	166	154	86	136	354	509	479	405	471	216	81	118	110	562	481	477	1000	937	185	648	222	600	665	278	231	392	326	68	121	147	129	90	44	166	123	45	75	97	87	29	84	56	41	39	68	52	28	55	51
64	170	1	2	119	0	1953125	12	0.0	2011	1.36	0	0	V0.2	0	0	26	19	24	17	38	32	22	17	36	21	28	18	45	12	41	26	38	21	36	51	23	56	37	67	30	86	63	39	41	54	134	100	174	193	188	169	171	119	77	154	320	500	454	420	455	203	76	156	128	546	453	480	1000	918	251	646	202	591	651	240	221	368	316	40	127	120	118	88	49	161	97	55	60	107	72	46	78	48	40	37	71	42	35	49	50
64	170	1	2	119	0	1953125	12	0.0	2036	1.37	0	0	V0.2	0	0	14	29	10	28	20	47	1	28	21	35	16	24	39	29	29	33	37	28	33	47	37	43	55	46	46	62	79	10	49	62	135	118	163	208	157	176	142	134	116	153	359	515	473	403	471	199	50	108	135	573	492	484	1000	944	197	616	173	599	667	255	243	386	314	53	133	138	111	74	49	159	98	48	70	93	65	45	81	43	37	41	64	32	40	52	42
64	170	1	2	119	0	1953125	12	0.0	2011	1.36	0	0	V0.2	0	0	32	14	24	6	43	25	32	19	37	11	38	24	42	7	51	30	34	22	46	48	17	69	45	60	26	98	66	38	45	67	135	96	188	208	173	178	183	133	96	142	345	530	475	424	491	209	69	143	127	586	494	501	1000	946	233	639	178	584	688	282	234	380	321	76	119	140	131	95	30	161	132	34	72	100	95	18	84	64	38	32	70	65	19	49	55
64	170	1	2	119	0	1953125	12	0.0	2008	1.36	0	0	V0.2	0	0	28	18	28	9	46	31	28	19	44	23	32	24	51	13	42	29	45	25	40	55	25	59	39	69	25	90	61	40	37	57	136	96	179	193	185	158	188	122	84	148	307	527	459	414	468	222	40	178	115	547	504	474	999	936	246	621	197	593	664	253	213	377	314	49	113	110	124	93	49	159	94	53	57	110	71	44	76	51	39	36	69	40	34	50	53
64	170	1	2	119	0	1953125	12	0.0	2011	1.36	0	0	V0.2	0	0	19	13	32	12	41	17	29	0	40	14	24	20	42	9	31	25	39	16	34	48	21	51	29	70	15	88	35	46	14	65	128	84	174	169	199	134	207	87	59	169	278	532	427	424	444	254	44	211	140	507	512	434	1000	884	279	601	226	585	613	242	187	392	292	18	97	91	130	82	69	141	77	53	58	115	47	55	57	57	30	47	68	31	35	42	51
64	170	1	2	119	0	1953125	12	0.0	2058	1.37	0	0	V0.2	0	0	0	28	15	26	12	43	19	23	5	36	1	24	23	37	12	36	28	28	25	38	39	20	57	17	42	37	74	19	33	62	123	113	138	209	134	170	128	120	141	141	362	514	493	405	503	208	92	146	102	555	486	490	1000	947	269	680	198	556	632	244	257	385	280	19	168	133	71	26	54	138	74	52	71	76	44	54	77	27	35	42	54	13	45	45	29
64	170	1	2	119	0	1953125	12	0.0	2123	1.38	0	0	V0.2	0	0	32	47	20	51	24	67	10	50	31	49	25	41	47	39	43	49	43	33	54	64	43	65	78	45	45	86	125	28	90	119	190	148	194	240	109	79	131	267	207	44	199	607	602	305	584	217	360	272	264	520	678	352	545	999	306	230	201	434	444	242	271	344	332	120	188	238	173	140	124	234	152	113	129	146	113	62	117	71	52	47	91	55	41	66	67
64	170	1	2	119	0	1953125	12	0.0	2146	1.39	0	0	V0.2	0	0	5	47	39	30	25	53	46	31	29	51	22	43	29	53	5	59	43	28	36	48	50	18	86	35	37	16	106	73	50	121	155	143	157	267	139	55	96	229	289	152	213	575	598	284	676	274	333	240	227	635	801	359	533	1000	221	277	192	392	424	216	348	441	341	168	194	287	149	109	131	204	153	81	157	109	88	56	125	59	43	62	73	36	49	77	46
64	170	1	2	119	0	1953125	12	0.0	2171	1.39	0	0	V0.2	0	0	7	49	30	31	10	59	36	35	27	54	11	43	36	54	9	59	41	22	42	52	48	31	80	31	28	32	109	64	55	114	154	117	173	244	108	39	98	233	240	93	220	546	560	322	651	265	312	205	242	526	644	264	562	1000	223	234	307	432	459	220	353	438	330	141	196	257	120	82	116	189	129	64	134	93	69	47	102	36	36	54	61	17	51	67	33
64	170	1	2	119	0	1953125	12	0.0	2126	1.38	0	0	V0.2	0	0	54	20	34	24	58	31	52	43	41	8	55	42	36	19	71	46	10	37	67	47	24	95	57	17	25	115	93	31	92	124	146	64	249	224	55	71	187	264	179	61	208	517	474	333	643	217	264	117	330	507	617	288	515	1000	241	235	215	371	443	221	244	382	360	187	154	247	167	111	94	184	184	46	125	121	116	24	103	97	34	37	71	76	12	59	73
64	170	1	2	119	0	1953125	12	0.0	2146	1.39	0	0	V0.2	0	0	27	29	28	29	41	51	16	25	43	39	21	20	55	28	34	34	48	15	42	62	23	52	38	57	30	89	86	30	42	116	180	76	207	185	119	30	180	265	190	78	181	601	499	314	559	238	405	169	344	493	698	322	604	1000	247	253	197	408	442	207	227	413	375	133	218	196	170	101	139	211	109	98	101	146	60	82	95	59	32	60	82	21	44	58	55
64	170	1	2	119	0	1953125	12	0.0	2121	1.38	0	0	V0.2	0	0	41	31	32	32	71	8	36	34	63	7	31	52	50	26	46	55	40	34	72	65	22	67	66	73	49	121	59	56	44	170	173	91	223	190	155	30	232	226	161	106	235	663	506	340	515	202	493	197	248	421	748	280	676	1000	235	360	157	422	482	274	146	404	351	125	152	165	198	132	128	210	141	111	88	167	94	58	79	80	55	37	89	55	32	48	75
64	170	1	2	119	0	1953125	12	0.0	41	1.03	0	0	V0.2	0	0	30	16	23	56	62	39	3	40	46	25	12	31	28	17	22	24	3	13	29	27	60	76	35	29	105	126	109	95	74	118	211	100	220	146	106	212	288	166	259	349	60	597	531	265	659	246	560	446	259	331	796	368	643	1000	260	598	213	328	424	110	174	370	200	213	253	99	138	189	150	177	117	65	92	137	103	67	45	42	55	56	35	15	8	14	7
64	170	1	2	119	0	1953125	12	0.0	69	1.03	0	0	V0.2	0	0	16	13	40	10	53	13	56	8	49	4	42	16	38	26	40	32	38	27	26	20	26	26	30	68	67	79	32	139	44	141	117	81	184	189	171	185	257	101	267	316	166	591	681	234	786	246	657	450	233	272	779	601	599	1000	190	858	439	656	407	336	306	368	23	151	213	41	165	86	87	116	97	57	46	82	52	43	27	38	32	36	39	38	42	34	30
64	170	1	2	119	0	1953125	12	0.0	2196	1.40	0	0	V0.2	0	0	15	37	43	17	22	56	49	19	15	46	46	43	15	33	52	54	23	21	29	39	55	26	11	75	77	54	14	100	81	105	147	113	92	156	198	21	59	298	227	164	231	631	638	137	511	275	566	95	330	437	683	564	573	1000	441	453	256	668	371	58	400	391	310	297	183	163	191	114	119	173	119	74	89	95	60	63	78	34	23	67	58	27	28	49	48
64	170	1	2	119	0	1953125	12	0.0	2173	1.39	0	0	V0.2	0	0	47	26	32	7	74	37	36	22	66	22	38	41	65	7	58	51	51	18	64	70	23	59	44	68	39	106	91	38	49	153	190	64	208	165	133	58	170	300	218	132	224	628	542	315	417	101	501	246	284	405	692	428	628	1000	213	325	116	453	449	250	202	398	435	198	171	212	178	168	81	213	165	77	89	133	125	14	99	80	51	18	81	67	14	53	70
64	170	1	2	119	0	1953125	12	0.0	2148	1.39	0	0	V0.2	0	0	49	33	23	10	62	48	29	31	55	30	33	38	57	12	54	49	40	17	61	69	22	66	57	47	21	97	102	23	65	133	189	83	205	196	120	64	137	278	246	94	210	579	560	251	448	142	506	285	262	404	702	397	535	1000	281	384	90	455	450	334	195	353	395	226	128	201	172	172	94	195	184	80	106	120	129	27	98	85	48	27	76	77	18	53	70
64	170	1	2	119	0	1953125	12	0.0	2146	1.39	0	0	V0.2	0	0	33	40	22	29	40	61	11	30	42	47	20	30	58	33	36	44	49	18	43	65	39	43	54	47	42	71	102	37	58	113	192	106	176	189	132	86	93	272	276	142	180	595	595	225	431	115	575	372	230	417	718	414	489	1000	270	497	45	462	470	352	223	336	394	218	140	195	175	182	106	210	170	94	112	130	122	32	100	71	45	34	85	64	26	64	71
64	170	1	2	119	0	1953125	12	0.0	2148	1.39	0	0	V0.2	0	0	36	37	26	23	49	58	17	27	49	46	23	26	62	28	41	43	50	16	50	70	36	49	49	58	42	82	103	41	57	116	202	98	183	177	124	83	109	278	284	163	169	599	588	235	454	93	562	376	218	459	750	407	494	1000	259	529	8	457	452	349	228	337	403	200	142	176	184	192	98	211	169	106	101	130	121	27	91	67	49	26	81	65	21	52	67
64	170	1	2	119	0	1953125	12	0.0	2146	1.39	0	0	V0.2	0	0	29	31	46	29	54	50	31	18	57	44	29	19	72	29	36	41	68	22	42	76	36	36	32	86	52	80	90	73	57	124	219	92	181	156	164	113	118	296	317	262	140	656	589	266	490	134	637	401	231	522	911	531	523	1000	230	642	91	486	481	403	278	425	456	220	169	181	227	212	126	235	162	137	95	169	116	56	95	78	60	39	97	58	37	61	83
64	170	1	2	119	0	1953125	12	0.0	2171	1.39	0	0	V0.2	0	0	17	36	29	48	29	65	15	31	36	61	23	16	64	56	25	33	65	36	25	70	61	13	36	72	83	55	108	81	74	113	231	106	148	138	153	158	67	315	365	294	161	656	627	214	482	107	634	473	242	590	945	513	494	1000	211	655	83	513	573	412	275	428	479	221	173	199	226	207	120	239	164	113	91	158	109	51	98	65	40	45	95	44	38	64	72
64	170	1	2	119	0	1953125	12	0.0	2162	1.39	0	0	V0.2	0	0	33	42	27	26	52	65	12	25	53	55	19	31	72	42	36	50	65	20	46	75	53	33	52	70	66	71	122	73	62	123	215	89	168	156	153	143	49	293	337	231	167	622	586	193	436	74	572	471	176	526	767	428	523	999	319	644	179	429	529	383	231	355	454	252	117	188	205	209	85	201	185	99	87	120	130	11	86	75	53	18	79	71	13	47	66
64	170	1	2	119	0	1953125	12	0.0	2168	1.39	0	0	V0.2	0	0	17	43	64	14	56	27	57	18	63	40	35	46	70	36	25	61	75	19	47	74	39	25	64	116	23	52	67	144	21	167	205	114	112	163	240	120	99	213	360	342	192	665	590	220	523	199	651	498	134	466	932	471	559	1000	405	731	211	411	475	498	238	484	406	271	143	175	275	182	153	187	180	144	81	171	85	64	59	101	47	48	81	55	29	50	79
64	170	1	2	119	0	1953125	12	0.0	2171	1.39	0	0	V0.2	0	0	12	37	61	2	39	30	62	10	46	42	41	33	56	50	29	54	70	33	28	58	50	40	60	101	17	41	70	152	32	141	182	127	76	165	238	112	61	163	385	354	200	617	603	189	514	181	573	495	109	488	1000	551	530	981	324	747	209	326	470	507	266	489	387	265	109	188	266	159	166	176	198	124	102	159	85	73	70	104	31	56	73	58	25	65	77
64	170	1	2	119	0	1953125	12	0.0	2143	1.39	0	0	V0.2	0	0	37	32	42	11	68	43	30	9	66	38	25	30	76	19	40	44	66	12	53	81	33	41	39	89	56	83	91	73	55	131	227	91	164	148	167	137	87	248	279	281	134	660	625	220	425	159	529	504	75	408	869	635	468	1000	255	647	291	360	457	417	343	396	466	224	123	171	218	243	117	215	193	138	101	137	148	41	85	79	77	28	81	87	35	44	73
64	170	1	2	119	0	1953125	12	0.0	94	1.04	0	0	V0.2	0	0	14	28	48	53	26	17	51	58	32	24	49	42	18	27	46	34	16	13	2	3	28	4	36	61	80	27	5	100	107	100	158	64	113	207	161	189	185	117	187	460	148	384	550	185	583	445	324	443	319	36	820	643	367	1000	508	560	327	272	252	333	142	376	309	39	192	210	151	164	75	70	119	130	76	50	42	50	52	33	10	8	21	20	8	25	41
64	170	1	2	119	0	1953125	12	0.0	94	1.04	0	0	V0.2	0	0	28	11	35	22	38	24	33	18	29	6	29	3	31	7	33	12	22	26	10	31	5	49	18	69	10	70	32	84	38	41	146	33	141	129	112	158	148	78	76	344	209	308	576	70	606	270	303	299	259	79	572	757	134	1000	367	609	374	314	322	95	33	180	293	44	185	106	94	118	51	60	58	78	48	34	71	35	51	28	44	22	42	28	28	29	17
64	170	1	2	119	0	1953125	12	0.0	46	1.03	0	0	V0.2	0	0	18	22	34	22	41	20	38	16	31	24	24	32	23	34	25	35	23	30	28	32	26	63	37	80	36	86	16	100	55	43	155	65	139	129	122	135	155	66	65	335	227	294	569	101	577	254	302	288	253	131	594	724	227	1000	301	631	355	330	328	61	105	214	252	87	186	99	86	130	34	79	72	66	56	35	90	14	71	12	51	22	46	29	35	34	32
64	170	1	2	119	0	1953125	12	0.0	44	1.03	0	0	V0.2	0	0	28	21	30	31	29	31	24	23	24	11	27	7	34	7	35	19	27	30	18	37	20	70	14	73	53	74	61	74	81	47	166	55	111	188	81	200	115	112	110	349	181	313	620	68	617	212	339	353	206	152	583	681	267	1000	313	605	382	357	385	57	127	261	265	108	197	108	96	131	41	81	85	65	64	35	91	20	75	16	54	23	44	33	33	41	24
64	170	1	2	119	0	1953125	12	0.0	46	1.03	0	0	V0.2	0	0	29	9	45	21	47	22	44	11	39	3	40	12	47	18	45	22	31	31	22	42	8	81	9	92	25	96	42	106	60	56	173	51	144	160	107	200	159	99	104	370	195	368	607	69	676	242	432	351	178	163	600	594	287	999	264	703	328	403	341	56	167	226	244	107	235	70	125	118	51	93	68	74	45	61	81	40	72	28	57	23	52	28	40	37	29
64	170	1	2	119	0	1953125	12	0.0	44	1.03	0	0	V0.2	0	0	27	16	35	27	35	27	30	20	30	4	31	6	37	6	38	14	26	24	17	37	11	71	5	81	34	85	46	89	64	48	162	48	123	169	92	195	136	107	94	369	196	350	611	106	670	250	369	361	216	181	609	629	330	1000	205	716	404	330	385	52	171	242	224	131	222	71	102	127	37	85	69	61	52	45	77	25	70	21	50	18	45	25	34	35	25
64	170	1	2	119	0	1953125	12	0.0	66	1.03	0	0	V0.2	0	0	6	18	21	15	30	12	29	12	25	14	19	24	12	27	17	33	19	28	25	9	37	17	35	30	74	38	56	90	74	99	116	86	104	199	82	166	170	54	189	304	234	400	685	124	665	258	393	459	102	154	639	736	413	1000	235	686	460	409	451	79	130	325	215	109	169	97	112	106	67	22	115	37	75	11	89	11	51	25	24	38	17	46	11	47	10
64	170	1	2	119	0	1953125	12	0.0	19	1.02	0	0	V0.2	0	0	26	16	24	27	16	31	14	29	15	25	20	24	28	25	27	33	22	36	21	39	26	59	39	42	85	43	81	63	112	60	161	85	82	216	50	185	145	96	172	333	226	352	701	149	693	282	392	510	163	243	625	694	444	1000	210	684	458	398	490	80	171	354	193	155	167	99	117	124	73	64	125	11	83	48	90	41	66	39	39	43	32	40	37	37	39
64	170	1	2	119	0	1953125	12	0.0	19	1.02	0	0	V0.2	0	0	30	9	44	20	46	20	44	12	39	6	40	14	46	19	45	24	35	32	25	48	11	88	7	92	36	98	44	103	74	44	172	70	121	185	99	212	157	93	87	372	228	369	648	127	738	296	462	410	154	270	595	579	340	1000	250	754	408	393	464	53	257	252	171	165	226	37	120	113	44	103	70	55	50	62	73	31	77	23	59	19	46	22	37	32	27
64	170	1	2	119	0	1953125	12	0.0	44	1.03	0	0	V0.2	0	0	16	29	9	38	8	36	5	28	5	20	13	23	24	22	23	31	17	32	23	30	36	55	34	39	80	39	77	59	94	69	158	78	85	232	37	214	129	100	164	345	200	343	693	148	728	280	395	502	168	232	535	619	372	1000	241	679	512	313	501	68	201	333	224	167	186	94	85	136	44	64	100	45	72	23	88	7	72	15	42	25	31	32	21	39	15
64	170	1	2	119	0	1953125	12	0.0	69	1.03	0	0	V0.2	0	0	17	32	10	43	9	41	4	34	4	26	12	25	17	23	18	23	11	27	14	16	33	45	23	37	63	41	73	50	80	55	159	57	92	225	43	233	140	95	172	368	184	342	690	138	776	321	417	555	218	274	541	587	325	999	281	656	529	297	516	107	172	323	239	140	177	114	68	148	36	52	96	56	62	19	82	11	57	8	35	15	32	28	20	35	12
64	170	1	2	119	0	1953125	12	0.0	41	1.03	0	0	V0.2	0	0	22	14	37	10	41	8	37	2	31	9	27	19	30	19	33	21	29	25	26	31	12	66	25	76	36	83	47	89	75	31	175	71	131	182	101	200	149	103	93	357	220	280	658	128	732	346	377	461	198	180	457	633	207	1000	361	638	541	271	458	90	160	294	227	118	155	125	56	146	40	54	98	43	67	24	94	18	62	26	38	30	33	33	26	35	27
64	170	1	2	119	0	1953125	12	0.0	69	1.03	0	0	V0.2	0	0	20	29	19	40	14	42	10	35	11	21	19	16	25	15	25	18	16	26	14	22	25	55	17	53	50	58	65	59	81	39	165	65	103	211	82	220	131	121	109	348	233	260	692	144	709	377	321	491	245	180	505	653	200	1000	400	605	560	245	442	114	134	270	259	109	183	114	61	136	41	53	75	71	46	35	75	29	51	24	35	18	34	25	23	32	16
64	170	1	2	119	0	1953125	12	0.0	66	1.03	0	0	V0.2	0	0	25	18	25	31	22	34	17	26	14	16	19	12	28	12	32	25	23	32	16	33	17	59	10	58	59	60	75	58	99	35	173	63	113	215	85	221	128	140	103	327	249	227	707	141	701	380	302	467	192	106	438	703	170	1000	453	525	559	248	403	145	71	303	276	97	154	141	47	132	48	34	96	58	65	11	93	11	61	12	41	24	33	36	20	41	14
64	170	1	2	119	0	1953125	12	0.0	2216	1.40	0	0	V0.2	0	0	25	14	9	35	27	7	18	32	23	17	13	18	32	29	14	25	33	23	27	27	22	40	38	41	32	47	49	37	51	43	124	71	13	140	95	135	44	140	184	247	100	302	642	183	481	348	351	302	111	278	444	554	224	1000	724	276	310	346	390	222	265	352	390	262	154	190	124	81	120	96	93	99	65	34	57	61	35	9	33	40	27	37	35	25	28
64	170	1	2	119	0	1953125	12	0.0	2137	1.39	0	0	V0.2	0	0	49	48	25	66	25	40	20	78	36	20	39	78	29	14	51	83	27	35	80	61	13	52	108	62	46	54	114	83	80	164	158	106	164	263	186	46	125	227	248	223	99	488	575	296	608	446	311	308	113	349	672	450	402	1000	773	242	160	405	491	517	265	451	490	352	182	187	281	204	116	172	206	197	44	158	130	90	39	106	107	19	62	79	70	8	66
64	170	1	2	119	0	1953125	12	0.0	2121	1.38	0	0	V0.2	0	0	26	22	47	12	57	28	42	6	55	31	30	23	61	16	32	34	57	15	41	68	20	38	41	83	20	89	63	68	13	126	186	101	165	185	191	101	135	248	162	157	93	461	571	310	489	487	357	307	181	246	592	519	374	999	753	168	96	398	376	375	258	452	462	258	219	198	242	157	146	220	172	145	101	183	102	79	85	106	65	43	90	60	41	53	83
64	170	1	2	119	0	1953125	12	0.0	2096	1.38	0	0	V0.2	0	0	37	19	36	9	57	34	34	20	51	21	35	27	54	3	47	35	43	20	53	68	19	74	51	72	10	112	99	41	54	111	178	103	183	209	132	92	119	286	125	98	57	430	600	244	468	397	298	266	264	284	566	542	276	1000	644	157	95	387	392	299	278	369	480	246	201	198	203	200	113	226	191	141	120	154	152	57	108	97	87	39	90	91	46	52	77
64	170	1	2	119	0	1953125	12	0.0	2093	1.38	0	0	V0.2	0	0	26	27	52	12	56	14	57	13	52	26	38	35	44	37	37	48	48	30	50	59	45	55	74	81	46	105	68	94	35	153	171	128	183	213	207	57	165	213	177	178	97	495	634	403	481	462	321	247	150	295	741	563	420	1000	758	212	58	320	397	395	234	474	413	325	198	233	262	155	204	200	228	151	153	189	121	112	92	134	73	76	91	86	65	73	94
64	170	1	2	119	0	1953125	12	0.0	2096	1.38	0	0	V0.2	0	0	24	28	44	19	52	18	50	18	48	27	33	37	38	37	30	45	40	35	51	54	46	48	75	70	50	91	68	79	40	145	157	130	172	203	189	24	169	200	170	166	62	448	575	405	476	439	301	273	93	182	614	493	541	1000	744	194	95	240	316	348	248	480	385	313	188	222	232	148	203	190	216	140	155	171	118	108	94	124	63	78	81	82	61	69	82
64	170	1	2	119	0	1953125	12	0.0	2118	1.38	0	0	V0.2	0	0	35	17	55	18	56	25	54	19	52	25	44	21	54	21	45	34	56	32	46	64	28	54	43	84	8	98	50	74	29	132	181	117	173	170	193	69	171	216	146	159	37	468	586	425	463	458	319	256	81	101	619	557	558	1000	786	95	59	229	276	367	261	478	397	289	201	195	222	132	183	185	181	136	125	166	88	97	75	105	49	67	77	61	49	57	74
64	170	1	2	119	0	1953125	12	0.0	2121	1.38	0	0	V0.2	0	0	32	19	49	9	57	23	46	9	54	24	34	23	58	14	36	34	54	21	47	66	20	44	41	83	14	96	52	70	17	127	183	109	169	168	194	86	166	222	127	158	38	480	599	437	459	432	334	269	100	63	555	562	568	1000	748	63	59	250	285	320	251	462	435	269	217	180	217	138	163	197	159	142	100	171	84	89	72	97	54	50	80	53	49	51	76
64	170	1	2	119	0	1953125	12	0.0	2143	1.39	0	0	V0.2	0	0	28	14	48	20	50	28	47	18	48	29	40	17	55	19	36	31	59	29	39	63	24	39	32	84	12	83	48	76	25	120	182	116	143	150	207	108	155	218	147	173	44	459	595	434	397	409	355	240	110	41	575	588	570	1000	744	78	52	253	267	281	203	443	425	274	197	185	215	120	147	175	153	118	93	154	70	77	67	94	41	53	71	44	30	48	62
64	170	1	2	119	0	1953125	12	0.0	2116	1.38	0	0	V0.2	0	0	26	33	44	19	57	16	43	22	58	22	24	43	53	21	24	50	51	18	52	65	24	29	61	84	21	85	59	74	9	137	169	105	132	161	218	89	180	223	146	174	67	421	578	442	369	420	372	212	148	61	550	649	594	1000	804	101	46	217	216	274	237	436	432	273	199	166	227	153	148	186	158	141	84	165	97	80	69	99	67	39	82	64	50	40	74
64	170	1	2	119	0	1953125	12	0.0	2093	1.38	0	0	V0.2	0	0	23	49	27	44	34	45	32	46	38	41	17	54	27	44	25	65	34	37	58	53	56	37	100	55	72	79	107	72	63	149	141	127	123	202	212	64	192	250	183	175	100	333	558	456	387	462	331	206	216	131	545	631	638	1000	814	63	110	250	182	257	203	490	399	297	158	210	233	138	169	169	201	126	128	167	115	97	77	123	68	64	79	82	59	56	89
64	170	1	2	119	0	1953125	12	0.0	2091	1.38	0	0	V0.2	0	0	34	20	54	4	59	13	57	13	58	25	43	33	56	30	41	42	54	34	55	69	44	64	63	97	28	119	78	103	38	154	181	122	162	172	245	136	209	281	206	118	129	396	601	493	342	473	460	228	230	185	567	703	593	1000	831	156	119	394	277	292	219	494	459	323	201	220	269	163	193	197	207	151	136	190	117	112	91	134	75	72	94	87	69	62	90
64	170	1	2	119	0	1953125	12	0.0	2093	1.38	0	0	V0.2	0	0	41	26	55	26	59	40	49	28	57	33	48	27	66	26	57	37	62	37	59	79	37	76	51	102	39	125	101	85	68	133	196	123	162	174	216	197	157	350	184	42	143	323	578	449	325	441	577	308	286	124	463	779	522	1000	841	395	156	424	232	233	276	404	513	311	258	201	267	224	161	233	186	190	119	193	149	105	110	116	113	57	105	88	78	62	92
64	170	1	2	119	0	1953125	12	0.0	2071	1.38	0	0	V0.2	0	0	35	35	56	21	68	20	62	22	64	34	49	45	57	44	53	56	59	40	65	76	53	74	75	108	36	138	92	115	47	165	186	125	165	176	269	162	202	323	253	94	184	342	596	509	278	526	623	343	232	229	564	899	597	1000	974	446	71	392	307	347	301	448	499	370	234	194	304	232	194	216	227	218	121	209	154	139	97	148	130	73	105	103	98	58	107
64	170	1	2	119	0	1953125	12	0.0	2091	1.38	0	0	V0.2	0	0	44	16	57	25	58	23	61	30	52	26	56	29	57	31	60	38	61	48	60	72	50	82	54	110	37	130	83	116	55	149	192	147	169	171	281	181	190	291	254	114	145	333	611	551	270	532	610	363	172	211	614	865	625	977	1000	478	103	359	330	417	295	486	493	415	240	235	306	218	227	205	251	191	159	199	153	140	105	150	100	93	100	105	87	76	98
64	170	1	2	119	0	1953125	12	0.0	2068	1.37	0	0	V0.2	0	0	22	60	34	52	27	67	40	51	40	65	33	58	40	72	35	73	54	61	69	68	90	56	118	69	101	96	138	105	84	167	157	168	134	233	257	111	183	294	278	121	128	295	608	516	308	527	546	388	201	271	621	868	621	994	1000	477	94	309	404	429	306	448	453	420	189	220	277	243	229	179	263	190	172	176	174	151	102	148	111	105	96	117	99	78	102
64	170	1	2	119	0	1953125	12	0.0	2068	1.37	0	0	V0.2	0	0	28	41	50	37	52	39	61	34	48	49	47	51	39	64	42	62	52	56	64	64	77	66	100	86	78	109	109	115	64	162	154	150	148	216	247	87	171	258	279	97	150	299	583	492	320	539	509	360	139	295	604	820	510	996	1000	427	89	294	443	456	262	417	436	399	172	211	267	227	216	179	252	169	165	166	164	131	99	141	101	95	88	109	83	76	95
64	170	1	2	119	0	1953125	12	0.0	2071	1.38	0	0	V0.2	0	0	41	21	58	27	55	30	56	27	53	33	54	22	59	30	59	33	63	42	54	73	48	84	52	112	37	124	83	105	67	136	186	127	175	189	239	150	146	292	222	69	149	363	600	467	293	526	576	318	157	248	607	906	451	1000	997	536	134	357	410	509	357	403	492	361	242	173	304	247	200	216	226	218	125	202	152	137	98	140	124	75	104	101	95	62	100
64	170	1	2	119	0	1953125	12	0.0	2068	1.37	0	0	V0.2	0	0	30	28	51	20	54	20	58	21	51	36	47	38	42	49	43	49	49	47	56	61	63	72	80	95	57	113	79	107	46	147	153	124	158	193	237	72	159	221	238	89	160	317	532	458	287	546	469	280	136	278	613	795	427	940	1000	477	98	318	390	519	313	402	413	366	186	176	265	207	206	171	233	177	137	169	143	134	88	139	99	84	87	101	87	66	92
64	170	1	2	119	0	1953125	12	0.0	2061	1.37	0	0	V0.2	0	0	38	15	53	21	52	22	55	24	48	27	51	22	51	30	53	32	52	37	49	63	43	76	47	98	31	111	64	92	51	121	163	113	162	169	216	106	138	238	205	78	130	328	521	412	259	500	499	313	118	253	566	813	390	913	1000	537	158	280	367	500	358	368	432	348	228	152	265	220	193	187	211	194	113	173	135	131	84	122	103	70	89	88	83	56	89
64	170	1	2	119	0	1953125	12	0.0	116	1.04	0	0	V0.2	0	0	35	36	19	16	45	48	21	21	35	19	10	34	28	3	30	42	26	22	23	11	38	48	37	14	66	67	30	23	88	76	124	76	38	164	189	179	136	157	195	324	361	93	481	496	234	523	294	315	401	491	575	1000	577	894	982	200	306	431	242	416	210	295	376	212	134	245	97	87	95	78	105	64	14	30	47	26	16	35	48	35	25	36	52	53	44
64	170	1	2	119	0	1953125	12	0.0	89	1.03	0	0	V0.2	0	0	21	18	39	16	45	10	43	2	35	11	26	17	23	20	25	23	22	23	21	24	18	36	41	56	38	75	20	86	49	58	128	108	127	119	174	91	154	113	127	219	328	97	516	423	313	360	251	169	264	338	202	1000	601	838	988	317	447	413	247	181	112	138	402	176	142	171	136	122	80	61	52	92	46	50	61	49	43	38	43	28	42	27	28	28	22
64	170	1	2	119	0	1953125	12	0.0	91	1.04	0	0	V0.2	0	0	29	5	41	8	47	10	42	1	34	5	27	18	28	20	30	25	24	25	23	29	16	47	35	62	31	86	19	84	57	56	127	102	126	120	182	82	151	121	119	211	323	91	497	414	301	372	244	152	252	320	190	922	584	778	1000	303	435	454	220	183	93	112	375	200	145	147	148	98	93	57	50	96	35	63	50	62	27	48	34	36	36	32	31	27	23
64	170	1	2	119	0	1953125	12	0.0	139	1.04	0	0	V0.2	0	0	16	28	10	34	11	38	5	35	8	29	16	25	17	24	20	23	13	30	14	26	29	21	36	29	25	52	33	36	63	10	122	51	97	151	142	132	109	181	48	240	280	100	548	395	345	422	242	199	271	271	164	915	534	780	1000	283	508	420	261	147	144	113	371	183	88	173	110	101	54	59	29	88	24	60	32	54	19	43	32	26	34	21	36	17	36
64	170	1	2	119	0	1953125	12	0.0	91	1.04	0	0	V0.2	0	0	22	22	23	37	20	45	15	40	14	30	20	27	25	26	30	27	25	25	23	15	28	36	29	39	68	49	72	23	110	23	128	101	65	200	102	139	117	179	78	168	311	59	536	327	261	426	171	243	122	345	137	868	437	675	1000	229	461	419	260	153	116	161	275	198	88	186	114	73	104	10	98	33	82	18	48	40	24	39	17	47	16	48	19	37	19
64	170	1	2	119	0	1953125	12	0.0	114	1.04	0	0	V0.2	0	0	27	16	29	27	29	32	26	31	22	21	24	14	27	11	30	14	23	26	17	28	10	36	21	49	13	76	24	62	75	40	137	80	115	156	167	122	126	186	84	239	277	143	524	399	346	412	261	185	223	286	148	850	539	783	1000	283	445	440	282	83	131	81	370	202	93	167	130	97	59	60	33	100	25	67	38	63	23	45	31	33	36	25	34	20	34
64	170	1	2	119	0	1953125	12	0.0	116	1.04	0	0	V0.2	0	0	25	11	39	7	45	4	42	5	34	8	28	13	29	16	30	16	23	20	21	26	15	32	29	51	29	70	14	80	50	65	112	109	121	141	180	74	169	149	126	216	297	149	483	402	327	452	215	197	225	291	190	781	514	774	1000	233	427	449	264	105	112	31	350	214	108	154	143	82	73	57	34	92	22	62	35	63	17	52	31	36	34	29	32	23	30
64	170	1	2	119	0	1953125	12	0.0	114	1.04	0	0	V0.2	0	0	9	25	21	34	30	39	29	34	22	30	15	36	8	37	4	37	2	30	20	14	33	14	38	20	73	2	66	42	90	37	92	109	64	194	100	92	172	154	102	138	321	78	509	301	265	469	109	255	112	366	132	779	394	680	1000	141	451	390	276	72	98	83	255	244	85	185	116	68	92	27	82	36	70	13	30	39	36	44	28	48	16	46	15	35	21
64	170	1	2	119	0	1953125	12	0.0	114	1.04	0	0	V0.2	0	0	22	5	37	6	41	9	37	13	31	10	29	7	29	9	29	10	24	19	20	25	10	31	22	46	15	67	4	72	47	58	108	101	109	137	166	74	155	153	98	221	270	152	451	362	326	428	190	170	201	299	183	717	495	757	1000	183	484	458	230	82	137	15	348	212	110	173	135	87	64	65	33	97	22	63	35	62	19	41	31	34	38	26	33	23	30
64	170	1	2	119	0	1953125	12	0.0	91	1.04	0	0	V0.2	0	0	7	28	19	35	26	33	24	27	14	27	3	33	2	35	4	38	15	24	30	8	43	6	55	19	74	37	59	62	75	55	75	125	73	156	138	46	177	125	96	142	310	84	416	312	225	432	120	167	165	365	88	651	451	639	1000	117	460	462	180	105	88	39	266	238	128	163	136	43	95	32	66	69	51	55	22	69	5	52	16	47	28	40	31	31	27
64	170	1	2	119	0	1953125	12	0.0	89	1.03	0	0	V0.2	0	0	26	3	32	17	34	23	30	21	25	13	24	10	28	3	30	10	26	18	21	21	6	38	11	52	14	82	16	59	79	57	118	90	100	140	175	75	121	209	81	226	264	142	434	353	290	392	230	79	206	350	120	689	521	688	1000	212	550	531	179	80	189	52	338	193	99	193	122	93	53	81	39	97	30	57	51	55	27	30	33	27	40	27	33	28	29
64	170	1	2	119	0	1953125	12	0.0	64	1.03	0	0	V0.2	0	0	22	13	27	27	30	32	30	26	27	16	30	14	40	11	41	19	40	19	31	28	23	53	31	61	61	74	65	29	114	43	120	102	77	176	131	110	110	243	38	179	278	110	449	301	226	382	215	109	118	403	100	687	456	590	1000	260	557	522	234	158	199	96	288	183	87	234	90	94	90	59	91	57	77	16	72	36	36	35	27	47	23	53	20	48	20
64	170	1	2	119	0	1953125	12	0.0	116	1.04	0	0	V0.2	0	0	25	17	24	31	23	35	18	30	15	22	21	15	26	14	28	16	19	25	12	24	7	33	15	43	16	73	11	49	70	49	107	81	103	121	191	54	139	210	84	235	266	163	395	375	248	396	257	94	233	339	182	617	550	590	1000	296	478	599	197	82	189	35	325	243	106	172	144	66	62	70	28	92	23	61	13	64	6	45	20	36	32	24	36	15	34
64	170	1	2	119	0	1953125	12	0.0	64	1.03	0	0	V0.2	0	0	11	22	30	18	41	8	40	3	32	8	25	15	24	21	28	22	32	11	33	16	24	35	35	57	21	101	24	77	69	92	103	121	108	119	203	54	112	235	133	241	289	175	407	368	259	362	272	89	183	360	213	633	572	593	1000	348	489	601	245	91	232	59	337	200	89	217	133	112	59	96	61	95	60	52	75	45	46	22	42	31	40	40	27	40	21
64	170	1	2	119	0	1953125	12	0.0	64	1.03	0	0	V0.2	0	0	18	26	6	40	9	44	8	38	4	33	13	29	25	28	25	34	26	27	23	22	30	37	45	45	73	51	79	8	125	42	109	108	86	164	142	130	125	281	68	174	303	143	430	323	209	376	303	80	143	416	180	625	524	467	1000	425	519	614	254	148	231	65	293	196	52	239	107	116	56	101	58	92	56	47	66	42	43	24	48	31	47	36	38	34	33
64	170	1	2	119	0	1953125	12	0.0	64	1.03	0	0	V0.2	0	0	15	29	10	43	14	43	13	37	12	31	20	29	31	29	31	32	30	24	31	22	38	37	58	41	81	42	87	14	115	49	92	122	70	163	134	149	141	263	75	135	321	114	401	318	142	402	287	101	143	433	130	582	490	388	1000	414	468	605	287	186	207	58	240	221	72	228	100	90	89	59	81	50	77	21	61	44	38	40	27	47	24	49	20	40	23
64	170	1	2	119	0	1953125	12	0.0	64	1.03	0	0	V0.2	0	0	13	34	3	46	10	47	9	39	3	32	10	30	19	29	21	32	22	22	25	14	35	28	55	33	76	33	88	19	112	52	86	127	68	160	147	157	150	263	85	142	344	112	407	333	144	412	311	115	177	450	105	593	497	371	1000	441	424	635	317	197	212	47	238	238	68	223	117	90	95	58	87	45	79	21	56	48	38	42	28	48	24	48	21	39	25
64	170	1	2	119	0	1953125	12	0.0	64	1.03	0	0	V0.2	0	0	25	6	33	17	35	21	34	17	30	11	34	8	39	10	41	13	41	17	32	31	18	56	18	75	28	106	35	59	101	82	111	100	133	116	214	106	85	310	151	227	302	183	377	405	162	368	424	71	265	394	180	593	593	443	1000	521	465	726	254	158	252	89	321	214	61	199	146	88	47	102	29	100	36	65	54	62	39	30	42	24	44	28	42	32	36
64	170	1	2	119	0	1953125	12	0.0	64	1.03	0	0	V0.2	0	0	25	8	38	6	40	12	36	8	30	4	26	9	29	15	28	14	30	11	25	23	22	40	28	62	12	103	29	66	76	95	92	106	133	80	234	86	103	278	179	223	323	180	337	437	124	380	427	116	322	401	154	548	619	400	1000	516	442	775	244	193	229	75	315	237	89	172	163	60	65	90	34	93	28	68	34	68	16	42	28	33	38	27	41	23	35
64	170	1	2	119	0	1953125	12	0.0	36	1.03	0	0	V0.2	0	0	22	4	34	8	39	13	37	9	34	9	36	11	40	15	41	13	44	19	34	36	24	59	21	84	28	104	48	56	106	86	112	95	149	98	198	146	73	326	169	192	313	210	350	420	152	364	497	116	296	444	165	625	609	385	1000	609	467	793	287	243	293	120	337	184	65	216	144	99	70	112	55	90	66	54	82	52	57	30	50	37	43	46	35	48	34
64	170	1	2	119	0	1953125	12	0.0	64	1.03	0	0	V0.2	0	0	29	6	36	18	41	21	35	14	31	4	28	8	31	15	31	18	29	17	22	30	20	45	25	67	11	105	33	66	76	92	95	97	155	60	246	109	97	281	201	210	347	205	308	476	126	367	495	177	378	453	109	564	658	320	999	615	356	841	305	249	229	76	311	266	95	152	185	48	89	72	61	81	53	65	19	77	11	56	17	49	30	39	34	27	36
64	170	1	2	119	0	1953125	12	0.0	64	1.03	0	0	V0.2	0	0	30	9	39	23	39	29	35	25	28	14	30	4	35	5	36	13	35	17	24	28	11	48	9	77	16	114	29	63	99	90	119	89	183	80	256	151	101	358	182	242	335	256	339	520	192	419	605	153	398	413	114	625	670	337	1000	766	395	900	298	286	293	158	355	210	67	172	183	83	53	105	27	97	40	69	57	62	35	36	37	29	41	27	41	30	34
64	170	1	2	119	0	1953125	12	0.0	64	1.03	0	0	V0.2	0	0	30	9	39	23	39	29	35	25	28	14	30	4	35	5	36	13	35	17	24	28	11	48	9	77	16	114	29	63	99	90	119	89	183	80	256	151	101	358	182	242	335	256	339	520	192	419	605	153	398	413	114	625	670	337	1000	766	395	900	298	286	293	158	355	210	67	172	183	83	53	105	27	97	40	69	57	62	35	36	37	29	41	27	41	30	34
64	170	1	2	119	0	1953125	12	0.0	2066	1.37	0	0	V0.2	0	0	15	32	24	9	38	34	15	21	34	30	24	19	30	40	31	25	38	35	40	55	33	43	86	52	44	118	110	54	92	127	100	91	93	125	232	148	222	318	188	93	138	274	326	355	126	541	594	229	316	290	255	470	361	488	1000	779	161	603	454	207	186	334	405	386	245	223	229	189	169	140	150	165	111	111	149	104	72	98	88	67	76	68	64	74	64
64	170	1	2	119	0	1953125	12	0.0	2066	1.37	0	0	V0.2	0	0	15	32	24	9	38	34	15	21	34	30	24	19	30	40	31	25	38	35	40	55	33	43	86	52	44	118	110	54	92	127	100	91	93	125	232	148	222	318	188	93	138	274	326	355	126	541	594	229	316	290	255	470	361	488	1000	779	161	603	454	207	186	334	405	386	245	223	229	189	169	140	150	165	111	111	149	104	72	98	88	67	76	68	64	74	64
64	170	1	2	119	0	1953125	12	0.0	2061	1.37	0	0	V0.2	0	0	24	29	6	30	44	19	12	39	36	16	13	32	39	30	14	35	39	24	36	42	32	52	67	42	72	118	74	67	90	86	112	94	19	149	267	148	210	336	101	145	132	201	376	461	58	585	688	110	302	173	161	650	504	385	1000	941	94	486	411	128	244	415	375	339	287	189	203	227	143	133	187	149	117	147	138	92	92	100	83	82	72	58	74	76	57
64	170	1	2	119	0	1953125	12	0.0	2061	1.37	0	0	V0.2	0	0	24	29	6	30	44	19	12	39	36	16	13	32	39	30	14	35	39	24	36	42	32	52	67	42	72	118	74	67	90	86	112	94	19	149	267	148	210	336	101	145	132	201	376	461	58	585	688	110	302	173	161	650	504	385	1000	941	94	486	411	128	244	415	375	339	287	189	203	227	143	133	187	149	117	147	138	92	92	100	83	82	72	58	74	76	57
64	170	1	2	119	0	1953125	12	0.0	2086	1.38	0	0	V0.2	0	0	37	12	51	15	51	15	55	17	46	18	48	16	48	24	42	20	48	27	34	53	34	57	36	115	29	112	71	120	29	107	149	98	92	126	353	279	235	269	219	236	247	190	439	491	294	616	858	176	300	365	446	848	520	442	982	1000	358	306	510	356	503	380	460	463	340	208	301	249	207	162	200	222	121	170	140	143	74	116	114	67	77	85	94	46	79
64	170	1	2	119	0	1953125	12	0.0	2086	1.38	0	0	V0.2	0	0	37	12	51	15	51	15	55	17	46	18	48	16	48	24	42	20	48	27	34	53	34	57	36	115	29	112	71	120	29	107	149	98	92	126	353	279	235	269	219	236	247	190	439	491	294	616	858	176	300	365	446	848	520	442	982	1000	358	306	510	356	503	380	460	463	340	208	301	249	207	162	200	222	121	170	140	143	74	116	114	67	77	85	94	46	79
64	170	1	2	119	0	1953125	12	0.0	84	1.03	0	0	V0.2	0	0	26	27	39	47	37	56	31	49	28	33	36	24	44	19	45	26	44	22	31	27	33	48	52	86	68	88	90	29	128	68	107	149	180	122	239	340	158	424	120	219	466	263	372	641	443	531	725	40	496	610	269	887	779	237	1000	928	252	785	501	361	359	163	293	317	30	148	195	128	127	57	89	31	113	31	47	62	30	54	17	59	11	60	17	44	21
64	170	1	2	119	0	1953125	12	0.0	84	1.03	0	0	V0.2	0	0	26	27	39	47	37	56	31	49	28	33	36	24	44	19	45	26	44	22	31	27	33	48	52	86	68	88	90	29	128	68	107	149	180	122	239	340	158	424	120	219	466	263	372	641	443	531	725	40	496	610	269	887	779	237	1000	928	252	785	501	361	359	163	293	317	30	148	195	128	127	57	89	31	113	31	47	62	30	54	17	59	11	60	17	44	21
64	170	1	2	119	0	1953125	12	0.0	61	1.03	0	0	V0.2	0	0	28	9	42	25	47	33	45	28	39	13	41	1	49	6	51	9	51	16	32	36	17	60	22	105	31	118	69	71	115	99	107	119	225	66	240	314	90	420	181	224	399	345	257	642	494	435	781	104	506	557	275	780	844	209	851	1000	182	714	446	311	428	203	296	248	96	156	148	153	87	112	66	74	101	64	75	44	62	38	43	46	38	55	30	52	28
64	170	1	2	119	0	1953125	12	0.0	61	1.03	0	0	V0.2	0	0	28	9	42	25	47	33	45	28	39	13	41	1	49	6	51	9	51	16	32	36	17	60	22	105	31	118	69	71	115	99	107	119	225	66	240	314	90	420	181	224	399	345	257	642	494	435	781	104	506	557	275	780	844	209	851	1000	182	714	446	311	428	203	296	248	96	156	148	153	87	112	66	74	101	64	75	44	62	38	43	46	38	55	30	52	28
64	170	1	2	119	0	1953125	12	0.0	59	1.03	0	0	V0.2	0	0	27	6	38	18	42	29	42	25	33	18	33	3	41	5	41	6	43	14	28	28	13	44	8	87	11	111	40	76	90	107	90	100	218	26	244	252	39	358	210	218	355	347	174	638	462	342	750	154	521	495	213	644	867	197	750	999	116	725	367	256	395	202	311	225	114	104	171	123	65	121	13	104	50	93	43	67	44	37	44	26	48	28	49	28	42
64	170	1	2	119	0	1953125	12	0.0	106	1.04	0	0	V0.2	0	0	11	36	12	51	17	54	14	47	9	35	15	33	29	27	31	29	31	22	32	17	37	24	56	66	66	68	69	19	107	56	59	129	176	74	210	300	123	387	115	194	388	339	190	664	554	459	744	54	519	516	315	589	850	370	752	1000	238	664	415	332	422	176	192	255	127	123	98	147	58	114	26	60	80	67	51	28	54	21	55	30	47	35	43	33	30
64	170	1	2	119	0	1953125	12	0.0	106	1.04	0	0	V0.2	0	0	11	36	12	51	17	54	14	47	9	35	15	33	29	27	31	29	31	22	32	17	37	24	56	66	66	68	69	19	107	56	59	129	176	74	210	300	123	387	115	194	388	339	190	664	554	459	744	54	519	516	315	589	850	370	752	1000	238	664	415	332	422	176	192	255	127	123	98	147	58	114	26	60	80	67	51	28	54	21	55	30	47	35	43	33	30
64	170	1	2	119	0	1953125	12	0.0	2096	1.38	0	0	V0.2	0	0	26	28	37	33	45	28	47	22	33	36	38	37	21	51	33	41	37	49	39	36	69	55	67	66	83	47	77	93	51	68	78	191	196	173	342	308	117	147	145	367	429	130	376	735	595	521	667	195	684	404	290	876	1000	227	619	797	371	326	318	321	562	459	268	351	234	179	147	185	219	114	185	164	159	107	132	135	65	85	82	94	45	77	81	61	53
64	170	1	2	119	0	1953125	12	0.0	2096	1.38	0	0	V0.2	0	0	26	28	37	33	45	28	47	22	33	36	38	37	21	51	33	41	37	49	39	36	69	55	67	66	83	47	77	93	51	68	78	191	196	173	342	308	117	147	145	367	429	130	376	735	595	521	667	195	684	404	290	876	1000	227	619	797	371	326	318	321	562	459	268	351	234	179	147	185	219	114	185	164	159	107	132	135	65	85	82	94	45	77	81	61	53
64	170	1	2	119	0	1953125	12	0.0	2096	1.38	0	0	V0.2	0	0	4	48	56	18	31	50	65	14	36	49	46	32	37	57	34	50	65	51	16	52	77	71	67	111	53	42	84	132	75	48	112	193	221	137	428	303	113	126	167	464	431	132	359	775	652	603	695	102	700	497	339	933	1000	308	641	882	304	295	400	302	685	417	304	305	330	149	166	212	199	187	114	230	159	122	109	143	118	44	108	90	73	44	94	81	39
64	170	1	2	119	0	1953125	12	0.0	2096	1.38	0	0	V0.2	0	0	30	26	41	26	51	29	58	22	41	38	47	36	27	57	43	43	46	55	42	43	77	71	68	85	82	63	77	115	61	73	88	198	218	156	379	330	156	142	165	407	445	134	348	747	639	549	703	229	708	428	308	864	1000	219	597	841	412	287	338	364	588	447	257	357	266	173	174	194	235	117	187	186	156	120	128	154	66	94	90	100	54	76	90	61	55
64	170	1	2	119	0	1953125	12	0.0	2096	1.38	0	0	V0.2	0	0	47	72	16	38	25	88	31	50	42	69	10	60	51	67	23	80	69	41	35	80	101	34	113	93	79	20	142	139	48	62	143	227	191	185	447	338	142	146	225	458	395	95	334	738	693	659	727	215	663	449	356	801	930	390	545	1000	528	120	378	267	706	467	324	309	408	237	190	241	237	240	122	240	211	139	119	147	166	64	100	111	102	59	79	112	68
64	170	1	2	119	0	1953125	12	0.0	2096	1.38	0	0	V0.2	0	0	22	33	36	38	50	40	51	32	36	42	36	44	19	59	28	45	38	56	38	33	81	56	74	51	103	40	96	91	56	64	94	212	198	176	355	404	174	163	167	349	479	97	361	711	712	554	809	360	638	432	223	833	1000	275	482	885	599	148	260	330	561	474	319	380	262	247	191	245	239	123	221	176	187	103	165	145	80	92	91	103	43	91	79	67	51
64	170	1	2	119	0	1953125	12	0.0	2096	1.38	0	0	V0.2	0	0	22	33	36	38	50	40	51	32	36	42	36	44	19	59	28	45	38	56	38	33	81	56	74	51	103	40	96	91	56	64	94	212	198	176	355	404	174	163	167	349	479	97	361	711	712	554	809	360	638	432	223	833	1000	275	482	885	599	148	260	330	561	474	319	380	262	247	191	245	239	123	221	176	187	103	165	145	80	92	91	103	43	91	79	67	51
64	170	2	2	119	0	1953125	12	0.0	2093	1.38	0	0	V0.2	0	0	42	23	50	52	39	41	50	50	37	35	56	22	56	27	57	16	65	57	31	59	58	76	29	133	85	64	33	103	130	12	151	177	204	172	410	470	102	90	121	440	552	49	340	702	846	489	904	289	604	615	210	986	988	359	369	1000	617	120	368	181	705	386	362	286	355	220	192	275	190	194	140	239	182	117	153	131	122	50	127	93	67	64	96	79	48
64	170	2	2	119	0	1953125	12	0.0	2096	1.38	0	0	V0.2	0	0	41	8	54	27	47	21	60	30	38	13	56	8	45	20	54	4	56	46	26	45	44	87	7	120	37	69	33	118	99	24	109	154	228	104	416	391	152	79	185	432	488	87	279	705	780	484	802	340	631	569	173	807	1000	350	368	896	583	123	420	139	583	387	315	304	341	157	216	211	192	170	132	233	125	134	105	148	90	70	108	71	63	53	95	53	50
64	170	2	2	119	0	1953125	12	0.0	2118	1.38	0	0	V0.2	0	0	39	35	33	58	22	48	32	55	19	32	47	33	40	26	49	25	46	51	32	41	51	69	36	103	75	44	11	77	120	17	115	157	202	147	354	410	96	58	127	379	522	83	304	664	773	413	789	300	523	550	95	862	1000	379	353	808	556	100	328	77	590	357	346	279	319	173	175	226	150	156	100	199	128	96	112	106	82	44	98	54	45	41	74	42	39
64	170	2	2	119	0	1953125	12	0.0	2116	1.38	0	0	V0.2	0	0	41	17	50	42	34	30	54	46	29	14	56	19	39	16	61	13	49	46	31	33	37	83	21	99	38	49	37	92	111	8	89	140	215	99	356	351	136	45	145	390	474	136	287	639	717	404	687	323	515	526	123	820	1000	382	296	708	593	164	326	87	565	385	338	265	314	167	180	210	162	157	89	192	119	98	92	106	80	42	88	49	43	40	72	42	32
64	170	2	2	119	0	1953125	12	0.0	2096	1.38	0	0	V0.2	0	0	15	35	30	37	36	45	49	28	23	49	34	33	9	61	23	41	37	54	29	31	78	55	64	62	95	48	102	93	46	58	82	189	191	126	336	351	189	155	169	323	438	115	337	624	615	428	646	425	562	421	186	722	1000	257	294	645	653	203	332	185	472	445	222	334	277	178	187	176	238	136	155	188	142	130	92	155	72	73	77	96	66	52	89	62	51
64	170	2	2	119	0	1953125	12	0.0	2093	1.38	0	0	V0.2	0	0	44	8	57	29	52	22	63	35	44	22	59	12	51	23	57	6	59	49	33	52	43	83	4	121	43	73	21	113	105	20	121	150	213	107	376	389	154	42	164	385	472	100	292	626	726	394	732	370	534	541	135	812	1000	389	324	763	612	170	291	125	585	386	338	289	332	175	205	236	199	191	123	234	149	131	114	139	108	55	109	75	65	45	93	65	45
64	170	1	2	119	0	1953125	12	0.0	2093	1.38	0	0	V0.2	0	0	40	5	52	19	50	15	61	26	42	16	53	11	47	25	54	9	52	44	34	47	40	80	4	109	34	75	27	101	91	29	105	141	209	105	345	322	146	41	147	342	424	154	286	612	633	394	628	286	507	503	187	802	1000	374	375	614	502	219	275	144	547	391	296	263	287	144	170	197	187	180	112	210	129	126	93	130	95	52	95	68	62	39	83	58	41
64	170	1	2	119	0	1953125	12	0.0	2093	1.38	0	0	V0.2	0	0	40	5	52	19	50	15	61	26	42	16	53	11	47	25	54	9	52	44	34	47	40	80	4	109	34	75	27	101	91	29	105	141	209	105	345	322	146	41	147	342	424	154	286	612	633	394	628	286	507	503	187	802	1000	374	375	614	502	219	275	144	547	391	296	263	287	144	170	197	187	180	112	210	129	126	93	130	95	52	95	68	62	39	83	58	41
64	170	1	2	119	0	1953125	12	0.0	2091	1.38	0	0	V0.2	0	0	16	37	15	50	29	46	26	43	20	41	17	41	8	51	14	40	22	47	31	25	66	25	65	29	104	16	80	30	71	65	90	179	146	168	236	367	135	125	63	242	485	112	370	564	577	310	644	341	477	452	149	865	1000	296	305	552	617	258	193	175	523	426	262	279	206	207	104	214	200	130	156	141	176	71	131	96	84	55	79	89	34	63	61	65	32
64	170	1	2	119	0	1953125	12	0.0	2093	1.38	0	0	V0.2	0	0	19	27	26	37	41	34	39	32	30	35	27	38	11	51	22	35	25	49	35	25	66	46	59	39	91	40	82	65	43	62	75	182	170	133	266	320	165	143	127	268	442	123	367	597	512	314	608	393	561	414	148	800	1000	182	355	546	632	306	252	160	466	430	194	303	203	170	123	178	218	103	154	138	156	89	107	120	60	64	62	90	36	58	64	56	33
64	170	1	2	119	0	1953125	12	0.0	2091	1.38	0	0	V0.2	0	0	18	36	14	48	28	44	27	42	18	41	22	42	6	51	15	37	20	50	32	23	68	29	58	30	104	22	78	34	68	63	93	188	152	157	248	371	135	142	79	258	501	109	391	593	569	315	675	348	527	465	166	916	1000	213	378	589	621	267	221	175	536	414	252	295	205	190	99	216	205	114	152	142	174	68	130	101	76	53	80	91	29	61	60	62	30
64	170	1	2	119	0	1953125	12	0.0	2091	1.38	0	0	V0.2	0	0	28	8	33	11	45	12	47	6	33	18	37	20	23	34	35	21	32	39	27	28	52	63	34	67	54	55	64	84	53	48	70	164	196	95	296	265	142	130	141	320	419	170	342	636	496	350	547	294	619	454	216	834	999	143	503	521	530	359	309	130	474	400	161	299	226	110	117	140	201	116	116	155	118	101	76	125	53	58	59	69	40	49	72	44	36
64	170	1	2	119	0	1953125	12	0.0	101	1.04	0	0	V0.2	0	0	2	17	36	38	24	38	50	34	6	40	42	14	29	53	45	17	23	28	26	27	27	22	52	57	45	14	118	64	127	64	54	139	223	94	259	235	61	418	305	286	535	277	295	586	447	284	719	284	676	708	189	761	1000	91	710	371	370	304	572	74	538	290	217	406	160	132	128	123	156	154	62	28	71	87	50	32	17	33	33	17	20	43	55	45	36
64	170	1	2	119	0	1953125	12	0.0	99	1.04	0	0	V0.2	0	0	9	25	28	23	43	21	46	15	40	12	31	19	29	30	29	33	25	23	31	17	19	25	32	30	43	102	84	77	45	127	18	158	159	58	274	233	65	353	317	266	474	316	171	684	464	297	763	141	567	567	362	604	1000	191	698	756	472	506	476	117	529	264	262	242	132	114	107	131	39	136	1	82	56	106	32	46	38	27	42	28	47	38	44	36	31
64	170	1	2	119	0	1953125	12	0.0	2093	1.38	0	0	V0.2	0	0	31	17	17	32	28	8	29	32	21	14	22	34	26	6	24	41	22	26	42	30	36	50	31	38	78	46	28	66	58	16	83	176	125	102	276	272	92	119	53	275	403	168	261	672	433	192	574	293	438	445	277	682	1000	271	515	680	622	391	152	113	328	409	294	183	165	174	92	141	133	108	146	115	69	121	105	65	57	66	53	52	50	36	45	57	41
64	170	1	2	119	0	1953125	12	0.0	2066	1.37	0	0	V0.2	0	0	25	4	44	27	40	26	44	27	37	27	42	6	51	23	40	12	59	46	28	59	50	59	23	115	80	65	57	91	96	12	142	169	172	147	293	382	82	103	112	286	494	145	402	576	557	294	659	294	521	559	100	977	1000	259	474	594	656	335	279	18	547	404	234	218	244	197	74	201	177	156	109	156	180	79	117	97	112	47	85	94	52	49	68	85	40
64	170	1	2	119	0	1953125	12	0.0	2057	1.37	0	0	V0.2	0	0	24	28	30	52	15	54	18	46	22	51	30	32	45	51	33	38	49	53	35	60	79	31	73	77	127	20	114	66	85	51	132	202	149	179	271	383	136	167	115	235	453	122	432	588	497	348	645	379	552	437	148	915	1000	194	460	588	692	375	249	45	472	467	163	283	226	201	114	171	224	128	140	128	174	109	97	122	81	74	58	100	60	56	71	73	52
64	170	1	2	119	0	1953125	12	0.0	121	1.04	0	0	V0.2	0	0	13	13	30	39	27	29	48	42	11	32	49	33	18	48	60	37	13	32	27	22	40	43	39	46	50	4	106	52	127	59	45	117	215	88	291	236	15	383	325	305	525	253	243	611	536	328	747	326	641	768	132	754	1000	150	714	550	350	232	557	138	523	275	147	386	239	143	131	113	134	162	103	47	38	81	56	43	7	25	38	27	14	35	52	54	41
64	170	1	2	119	0	1953125	12	0.0	99	1.04	0	0	V0.2	0	0	8	23	28	16	43	14	43	5	46	7	36	15	34	19	33	23	31	12	33	13	18	28	22	20	40	87	78	66	35	119	8	151	148	73	265	252	71	318	289	240	447	302	117	688	512	288	792	176	607	537	288	551	1000	242	695	811	447	546	436	187	423	205	269	234	119	79	122	116	48	121	41	84	13	111	2	61	19	34	36	26	50	13	54	14	44
64	170	1	2	119	0	1953125	12	0.0	74	1.03	0	0	V0.2	0	0	8	24	25	21	39	19	40	10	34	11	23	20	19	32	20	31	29	24	39	13	33	17	42	31	47	95	85	75	47	136	16	168	157	94	266	271	80	306	292	218	448	312	100	705	515	303	779	197	623	550	277	551	1000	237	742	790	467	584	434	255	404	183	301	264	90	90	144	110	81	119	50	94	33	119	12	86	23	56	36	34	48	23	58	19	50
64	170	1	2	119	0	1953125	12	0.0	49	1.03	0	0	V0.2	0	0	35	36	47	51	46	53	43	40	39	23	49	12	58	12	60	20	57	29	41	53	40	72	62	115	60	90	128	51	140	112	92	191	215	163	193	449	31	428	221	132	522	402	214	718	695	434	873	218	604	724	432	718	999	317	906	877	625	574	606	325	451	63	281	362	42	201	118	171	130	108	70	43	108	62	72	92	66	86	45	69	30	62	36	43	44
64	170	1	2	119	0	1953125	12	0.0	2066	1.37	0	0	V0.2	0	0	22	43	40	5	47	58	34	5	41	48	43	24	31	49	55	29	30	41	56	65	47	32	85	129	50	44	133	101	41	69	112	202	191	111	306	447	159	201	144	200	319	160	364	734	592	458	830	473	376	400	356	808	1000	377	724	937	684	334	274	241	364	319	348	321	231	171	209	195	140	175	168	129	153	125	89	126	102	50	93	98	55	56	74	70	64
64	170	1	2	119	0	1953125	12	0.0	2068	1.37	0	0	V0.2	0	0	18	29	15	48	37	42	34	45	25	44	26	49	16	58	22	52	28	47	46	44	69	26	90	64	108	45	135	89	48	70	119	187	147	177	317	341	166	211	220	191	345	74	439	617	466	488	765	406	487	345	121	873	999	266	733	633	504	234	216	129	411	408	270	357	214	184	126	202	200	108	168	135	158	84	133	111	75	74	73	85	44	79	65	62	49
64	170	1	2	119	0	1953125	12	0.0	2066	1.37	0	0	V0.2	0	0	30	11	44	7	50	6	58	8	41	22	46	26	41	41	41	37	48	42	43	58	53	64	52	120	55	101	87	139	40	79	141	157	190	135	378	326	193	144	261	255	309	112	416	657	503	568	792	368	473	395	232	910	1000	295	860	712	450	217	249	250	455	398	290	373	296	139	187	187	212	141	151	194	124	133	100	141	68	87	86	80	65	68	90	57	65
64	170	1	2	119	0	1953125	12	0.0	2068	1.37	0	0	V0.2	0	0	40	14	53	37	46	31	53	34	47	33	56	24	60	32	63	31	62	47	49	76	50	74	49	135	83	112	105	125	85	61	184	163	161	184	351	408	149	228	216	214	359	94	458	608	562	545	911	357	368	412	188	1000	957	402	839	815	476	135	201	230	527	365	369	340	325	178	174	243	174	175	127	206	148	121	133	122	110	68	114	76	76	71	87	68	63
64	170	1	2	119	0	1953125	12	0.0	2043	1.37	0	0	V0.2	0	0	23	47	54	37	51	44	64	30	50	53	48	52	47	72	45	66	59	59	62	74	77	69	90	135	87	127	134	168	45	119	166	159	170	154	408	349	232	220	330	208	280	75	426	640	504	656	943	462	416	447	234	920	999	352	934	824	449	129	262	266	470	417	340	404	323	164	221	217	230	167	172	226	149	164	122	164	96	104	115	100	90	75	108	79	83
64	170	1	2	119	0	1953125	12	0.0	2041	1.37	0	0	V0.2	0	0	44	13	53	15	61	20	62	21	56	26	54	26	58	37	58	39	63	45	53	76	53	79	51	145	65	137	106	163	59	100	176	145	170	154	400	387	224	230	321	190	298	75	418	639	555	678	999	452	346	433	230	923	986	466	983	855	363	51	212	281	478	420	409	417	326	175	251	228	214	165	193	235	139	165	137	171	93	109	112	91	85	82	103	66	77
64	170	2	2	119	0	1953125	12	0.0	2066	1.37	0	0	V0.2	0	0	30	14	42	14	55	10	52	15	43	26	41	36	34	46	35	43	40	42	48	52	60	55	73	104	82	99	116	132	35	96	127	161	169	161	371	318	220	205	307	174	254	65	422	648	469	638	876	470	418	356	180	852	1000	374	935	760	379	152	241	244	400	430	330	423	245	202	181	212	208	113	197	152	160	107	146	125	83	96	80	87	54	89	68	70	66
64	170	2	2	119	0	1953125	12	0.0	2068	1.37	0	0	V0.2	0	0	32	23	53	18	57	19	65	15	45	35	50	33	37	56	44	43	46	44	48	60	63	64	71	126	75	114	110	155	37	98	145	156	183	141	398	327	211	189	319	203	293	78	416	677	482	630	888	420	431	443	204	890	1000	344	999	787	323	158	267	305	423	401	326	422	304	161	215	200	219	135	176	198	129	137	105	142	61	90	80	73	58	68	81	47	60
64	170	2	2	119	0	1953125	12	0.0	2068	1.37	0	0	V0.2	0	0	19	26	27	36	40	33	39	30	34	39	28	43	19	56	19	47	29	44	43	46	67	35	84	75	95	64	129	110	38	76	111	166	156	165	339	308	196	206	280	147	264	98	421	647	439	555	790	430	415	340	164	859	999	330	864	662	356	253	205	216	365	386	259	381	222	163	145	184	199	89	166	135	141	92	124	120	67	90	77	85	40	74	68	56	50
64	170	2	2	119	0	1953125	12	0.0	2091	1.38	0	0	V0.2	0	0	35	21	39	37	38	34	43	38	31	17	44	12	41	8	44	1	43	31	20	46	28	61	4	115	39	91	46	121	60	47	142	137	180	122	371	370	169	149	274	235	355	111	417	664	534	526	884	420	366	497	175	952	1000	407	859	673	381	225	125	219	438	345	350	341	292	123	204	194	160	129	126	188	76	111	82	112	44	81	82	43	45	55	72	23	48
64	170	2	2	119	0	1953125	12	0.0	2093	1.38	0	0	V0.2	0	0	31	11	52	7	49	14	61	9	40	20	47	18	36	36	39	30	44	32	19	46	46	58	54	116	38	74	100	139	38	64	130	159	190	105	408	342	200	169	336	238	330	96	405	679	496	589	905	496	361	482	199	891	1000	434	889	609	306	163	147	251	419	359	367	390	297	122	229	202	185	122	147	201	84	116	89	131	46	87	92	56	52	59	84	31	51
64	170	2	2	119	0	1953125	12	0.0	2091	1.38	0	0	V0.2	0	0	32	6	59	24	44	9	64	24	37	14	51	9	40	27	42	24	47	32	8	47	39	60	46	123	23	71	88	137	47	66	143	148	172	92	415	362	187	194	346	235	342	51	404	648	500	644	1000	486	290	480	217	929	916	496	991	665	223	29	211	320	469	324	436	408	306	118	260	236	166	121	160	218	73	118	107	129	46	80	97	40	42	58	78	16	51
64	170	2	2	119	0	1953125	12	0.0	2091	1.38	0	0	V0.2	0	0	30	8	51	12	43	6	56	14	36	17	42	17	38	29	33	30	44	28	22	51	40	48	51	119	30	80	93	135	26	76	141	134	144	110	382	316	188	224	344	184	278	35	392	582	418	623	950	458	210	438	148	836	821	492	1000	682	174	64	291	294	396	297	410	393	283	121	244	209	150	105	151	186	62	112	99	119	46	87	88	36	47	64	74	23	54
64	170	2	2	119	0	1953125	12	0.0	2066	1.37	0	0	V0.2	0	0	12	43	17	47	11	61	25	43	19	58	17	48	36	63	18	61	42	44	44	64	78	12	105	81	114	45	179	111	54	84	157	181	96	185	347	340	193	322	340	128	223	38	462	557	351	652	962	516	331	395	220	869	811	437	999	674	316	114	431	314	396	354	368	453	245	178	214	235	203	76	195	167	129	90	138	135	50	90	84	84	41	89	84	49	53
64	170	2	2	119	0	1953125	12	0.0	2091	1.38	0	0	V0.2	0	0	17	33	10	54	11	50	14	42	2	45	20	32	26	49	16	29	34	46	20	44	63	15	57	67	110	31	125	66	68	23	144	170	96	171	282	392	120	305	248	121	307	50	436	537	456	566	1000	474	290	359	88	876	806	406	928	806	376	158	385	188	393	297	396	400	258	190	183	247	128	115	146	143	121	73	144	77	75	64	91	51	48	73	52	38	48
64	170	2	2	119	0	1953125	12	0.0	2091	1.38	0	0	V0.2	0	0	17	33	10	54	11	50	14	42	2	45	20	32	26	49	16	29	34	46	20	44	63	15	57	67	110	31	125	66	68	23	144	170	96	171	282	392	120	305	248	121	307	50	436	537	456	566	1000	474	290	359	88	876	806	406	928	806	376	158	385	188	393	297	396	400	258	190	183	247	128	115	146	143	121	73	144	77	75	64	91	51	48	73	52	38	48
64	170	2	2	119	0	1953125	12	0.0	2116	1.38	0	0	V0.2	0	0	36	23	41	54	23	36	42	52	22	28	49	25	37	22	47	11	47	47	22	42	42	61	12	111	57	59	40	107	85	23	144	150	169	109	358	383	139	188	268	265	353	53	424	612	528	572	1000	451	280	459	221	958	824	331	987	870	392	109	382	294	459	247	388	393	324	118	231	216	121	93	121	175	56	100	96	97	37	83	82	17	45	59	54	12	58
64	170	2	2	119	0	1953125	12	0.0	2116	1.38	0	0	V0.2	0	0	36	23	41	54	23	36	42	52	22	28	49	25	37	22	47	11	47	47	22	42	42	61	12	111	57	59	40	107	85	23	144	150	169	109	358	383	139	188	268	265	353	53	424	612	528	572	1000	451	280	459	221	958	824	331	987	870	392	109	382	294	459	247	388	393	324	118	231	216	121	93	121	175	56	100	96	97	37	83	82	17	45	59	54	12	58
64	170	2	2	119	0	1953125	12	0.0	46	1.03	0	0	V0.2	0	0	12	12	36	14	49	17	48	16	37	10	35	24	36	32	38	29	47	25	37	32	22	44	22	82	37	123	49	93	65	138	42	117	197	52	251	278	88	375	280	214	346	336	75	660	583	258	1000	288	702	585	256	725	808	240	690	819	204	650	509	260	499	52	370	195	45	112	115	133	36	136	11	95	23	93	24	71	59	43	58	24	54	29	50	29	44
64	170	2	2	119	0	1953125	12	0.0	46	1.03	0	0	V0.2	0	0	12	12	36	14	49	17	48	16	37	10	35	24	36	32	38	29	47	25	37	32	22	44	22	82	37	123	49	93	65	138	42	117	197	52	251	278	88	375	280	214	346	336	75	660	583	258	1000	288	702	585	256	725	808	240	690	819	204	650	509	260	499	52	370	195	45	112	115	133	36	136	11	95	23	93	24	71	59	43	58	24	54	29	50	29	44
64	170	2	2	119	0	1953125	12	0.0	2041	1.37	0	0	V0.2	0	0	23	38	54	24	56	31	65	22	57	44	45	49	54	59	39	67	65	45	57	82	70	65	83	152	66	126	130	181	40	116	178	152	164	145	420	354	202	228	351	188	248	101	435	636	498	703	989	436	286	354	332	953	851	468	1000	727	289	91	278	353	476	319	422	412	321	140	263	247	202	154	183	248	127	156	137	166	96	113	134	92	86	85	117	73	79
64	170	2	2	119	0	1953125	12	0.0	2041	1.37	0	0	V0.2	0	0	23	38	54	24	56	31	65	22	57	44	45	49	54	59	39	67	65	45	57	82	70	65	83	152	66	126	130	181	40	116	178	152	164	145	420	354	202	228	351	188	248	101	435	636	498	703	989	436	286	354	332	953	851	468	1000	727	289	91	278	353	476	319	422	412	321	140	263	247	202	154	183	248	127	156	137	166	96	113	134	92	86	85	117	73	79
64	170	2	2	119	0	1953125	12	0.0	2066	1.37	0	0	V0.2	0	0	41	11	49	24	49	17	55	24	41	17	53	19	51	31	56	28	54	43	47	69	46	79	43	136	53	122	93	155	62	88	164	151	188	151	389	344	205	192	305	201	222	118	430	632	489	687	909	409	264	291	354	891	806	495	1000	680	309	94	293	362	422	344	409	429	297	163	253	213	202	130	192	197	115	144	120	142	64	115	88	83	68	85	82	61	78
64	170	2	2	119	0	1953125	12	0.0	2066	1.37	0	0	V0.2	0	0	20	41	26	52	37	51	40	45	24	54	29	54	22	69	23	62	39	54	50	56	84	30	107	78	125	57	168	119	64	82	136	195	152	211	358	349	190	276	305	138	237	35	492	667	453	675	918	479	386	269	272	926	892	443	999	707	442	79	339	280	410	377	365	450	240	205	179	237	201	102	199	154	160	89	159	127	86	95	84	88	52	98	70	66	61
64	170	2	2	119	0	1953125	12	0.0	2066	1.37	0	0	V0.2	0	0	39	3	51	18	51	16	57	21	45	18	48	14	53	26	49	26	56	38	43	71	46	74	38	140	52	117	87	148	62	70	161	155	197	162	404	370	160	189	279	230	331	71	440	726	586	642	950	367	387	448	276	999	940	416	981	780	354	81	224	268	476	297	370	371	318	124	212	209	160	131	128	207	95	131	105	130	68	89	102	56	64	65	86	43	63
64	170	2	2	119	0	1953125	12	0.0	2088	1.38	0	0	V0.2	0	0	42	3	50	15	56	8	61	20	43	15	56	18	41	36	55	29	51	45	39	56	47	75	41	122	53	104	77	141	44	65	129	167	230	153	410	328	193	148	284	234	323	136	416	779	579	658	869	389	455	453	261	911	1000	416	955	690	282	136	211	234	375	325	306	389	260	125	184	146	160	80	140	155	87	106	85	111	31	87	58	57	41	66	59	32	50
64	170	2	2	119	0	1953125	12	0.0	2063	1.37	0	0	V0.2	0	0	10	40	27	42	28	50	39	37	29	50	20	47	27	61	11	60	44	47	45	59	79	33	98	91	104	64	149	133	33	70	117	187	199	188	385	316	186	198	273	180	296	152	419	752	534	640	791	363	471	416	289	858	1000	456	884	581	244	202	126	216	333	333	276	368	225	119	152	141	169	83	143	158	103	99	96	129	47	78	72	74	47	60	76	43	47
64	170	2	2	119	0	1953125	12	0.0	2041	1.37	0	0	V0.2	0	0	20	42	9	46	1	62	15	47	18	54	16	46	36	56	25	59	44	46	47	62	82	24	104	74	124	54	168	114	67	70	126	193	169	215	346	330	178	218	245	127	279	151	448	713	527	605	751	346	427	359	348	879	1000	509	806	523	290	223	40	251	343	356	285	360	210	151	162	174	202	103	173	172	146	114	120	148	68	84	78	96	62	73	90	67	56
64	170	2	2	119	0	1953125	12	0.0	2038	1.37	0	0	V0.2	0	0	41	17	57	19	67	15	67	28	62	32	60	46	62	51	66	59	67	58	71	84	64	89	74	141	74	144	118	166	63	106	154	160	206	181	387	317	219	163	284	167	240	157	428	710	541	610	754	373	361	349	371	905	1000	522	795	489	307	197	106	288	353	356	319	358	221	164	206	190	204	123	194	178	146	133	134	146	74	102	84	99	69	90	83	73	72
64	170	2	2	119	0	1953125	12	0.0	2041	1.37	0	0	V0.2	0	0	41	13	50	24	53	25	56	28	50	29	55	27	60	37	63	39	66	48	55	79	58	85	54	141	78	133	114	156	85	80	174	168	199	183	374	379	186	192	273	196	294	131	444	700	617	576	845	396	297	420	299	972	999	567	772	572	364	188	80	240	424	317	388	338	288	156	232	224	183	163	160	223	127	155	129	157	99	100	114	88	88	78	101	71	78
64	170	2	2	119	0	1953125	12	0.0	2061	1.37	0	0	V0.2	0	0	34	33	29	57	17	53	25	56	27	45	41	38	50	43	53	40	55	56	50	71	68	68	77	108	118	91	141	110	107	43	170	199	179	219	321	421	141	223	222	185	347	96	463	675	652	513	878	412	277	442	215	1000	978	535	720	622	430	110	61	166	452	290	376	311	270	172	176	230	143	152	126	190	132	117	129	104	90	65	103	65	67	65	78	60	58
64	170	1	2	119	0	1953125	12	0.0	2061	1.37	0	0	V0.2	0	0	34	8	49	6	49	1	56	11	42	20	46	23	44	37	43	31	50	39	37	58	54	71	45	121	58	107	82	145	62	66	135	166	217	138	363	336	193	101	271	221	305	181	366	689	611	494	725	416	344	468	291	878	999	447	612	433	383	200	52	194	402	312	308	301	248	122	198	179	166	123	125	186	101	120	90	134	70	81	88	72	62	55	80	49	54
64	170	1	2	119	0	1953125	12	0.0	2063	1.37	0	0	V0.2	0	0	36	9	48	27	45	27	50	28	42	23	50	12	56	22	52	21	58	41	40	72	48	74	28	136	71	111	84	137	92	42	162	178	213	167	362	407	156	129	234	225	382	178	396	687	704	494	804	366	304	562	328	979	1000	561	588	388	376	202	29	204	476	276	380	273	248	140	194	232	143	150	113	202	120	117	123	122	95	63	108	65	62	57	85	59	52
64	170	1	2	119	0	1953125	12	0.0	2061	1.37	0	0	V0.2	0	0	23	32	20	57	8	56	12	49	14	49	26	34	43	50	32	33	47	53	33	56	75	35	71	81	132	44	138	81	97	36	142	218	171	211	280	419	161	188	177	153	396	148	447	666	640	456	783	389	346	470	320	984	1000	487	583	404	511	149	73	188	434	342	318	319	195	196	133	244	189	109	152	147	171	67	144	107	88	62	94	101	42	74	69	71	38
64	170	1	2	119	0	1953125	12	0.0	2036	1.37	0	0	V0.2	0	0	18	40	35	43	38	45	52	37	39	51	38	50	32	67	32	59	48	54	53	59	79	55	89	107	95	97	130	149	43	85	123	180	200	140	345	321	225	132	290	175	280	177	352	667	550	487	699	444	368	445	343	880	1000	359	632	351	477	207	107	221	391	333	234	309	225	129	181	179	206	121	137	180	126	126	94	150	79	79	80	87	70	55	85	63	62
64	170	1	2	119	0	1953125	12	0.0	2061	1.37	0	0	V0.2	0	0	38	10	43	5	53	11	50	12	43	12	42	24	38	31	41	31	41	36	40	50	49	64	48	103	64	98	83	128	48	73	114	173	219	137	333	315	239	97	249	207	308	227	373	666	542	479	659	448	355	408	403	896	999	399	563	303	500	223	99	268	389	364	271	331	203	164	201	201	202	94	170	155	137	108	122	131	58	82	71	86	48	74	67	58	52
64	170	1	2	119	0	1953125	12	0.0	2036	1.37	0	0	V0.2	0	0	14	40	12	56	21	54	26	50	22	54	22	53	25	63	21	57	36	52	51	55	81	29	100	70	124	57	155	106	55	69	112	204	182	183	314	357	227	183	224	146	347	215	397	653	546	493	702	433	359	456	480	932	1000	431	491	235	496	158	62	294	399	366	264	309	173	173	175	209	212	98	177	156	165	109	133	145	81	95	79	105	61	80	83	74	65
64	170	1	2	119	0	1953125	12	0.0	2058	1.37	0	0	V0.2	0	0	37	9	51	10	59	1	62	17	47	19	55	33	43	45	53	38	48	48	54	57	54	76	54	112	69	108	85	127	52	82	122	182	231	139	350	331	248	102	232	247	366	262	381	686	557	503	683	423	424	486	506	986	999	347	551	324	547	166	98	312	435	367	252	330	212	165	198	204	210	99	175	160	145	117	129	140	71	100	76	89	56	87	78	63	65
64	170	1	2	119	0	1953125	12	0.0	2061	1.37	0	0	V0.2	0	0	25	26	33	32	50	28	49	28	37	33	34	43	22	54	23	44	34	46	42	44	72	49	75	75	101	60	120	102	43	71	100	208	214	170	318	346	238	139	192	212	393	264	408	670	535	490	668	394	403	467	532	971	1000	427	490	211	507	173	87	324	410	361	273	328	182	176	187	219	205	88	177	151	149	94	133	131	70	91	79	96	49	80	71	61	54
64	170	1	2	119	0	1953125	12	0.0	2061	1.37	0	0	V0.2	0	0	29	25	47	25	54	25	64	23	45	40	53	39	37	57	45	45	47	51	50	55	67	68	63	109	82	95	100	128	45	70	116	187	222	129	346	336	241	129	236	248	375	245	374	659	514	481	701	429	407	509	462	991	1000	321	588	300	561	178	151	252	430	346	233	314	214	139	197	191	199	97	148	168	120	117	100	138	60	93	80	83	54	71	84	55	62
64	170	1	2	119	0	1953125	12	0.0	2061	1.37	0	0	V0.2	0	0	35	4	46	6	51	3	56	13	43	19	47	18	44	35	44	26	49	40	39	59	52	70	35	120	55	97	74	134	68	52	128	168	214	116	345	342	213	105	231	261	360	211	356	635	518	462	717	396	339	497	431	1000	960	370	597	332	495	198	113	276	453	308	281	297	248	135	226	216	188	126	138	197	107	129	99	142	73	90	97	78	68	62	88	52	63
64	170	1	2	119	0	1953125	12	0.0	2061	1.37	0	0	V0.2	0	0	30	21	48	21	53	19	63	16	43	34	55	35	36	53	45	40	49	49	47	54	62	68	55	109	70	94	90	125	48	60	115	181	221	130	341	310	211	118	222	262	373	246	390	659	444	460	665	354	417	479	463	999	984	381	673	262	489	187	131	298	423	320	244	317	214	131	208	202	202	107	148	175	115	121	96	136	56	94	83	82	60	70	88	54	63
64	170	1	2	119	0	1953125	12	0.0	2086	1.38	0	0	V0.2	0	0	40	14	42	22	46	23	49	25	37	15	47	11	40	23	50	9	43	39	33	48	42	72	14	105	45	79	46	111	80	33	111	173	237	116	322	307	180	65	191	272	414	284	390	673	468	432	623	290	418	504	443	1000	988	424	705	225	433	220	89	294	423	279	262	305	219	105	199	200	177	104	128	173	87	104	83	122	45	76	76	60	45	53	71	32	44
64	170	1	2	119	0	1953125	12	0.0	2086	1.38	0	0	V0.2	0	0	34	24	16	48	26	30	54	14	35	28	18	40	9	39	33	9	36	33	36	34	56	42	34	85	40	76	93	15	22	95	113	113	208	259	195	254	239	76	72	180	341	370	452	490	471	629	411	206	166	406	744	777	1000	718	570	102	287	256	218	265	282	366	353	206	167	219	203	157	176	157	95	128	144	88	99	107	56	58	75	56	46	61	45	36	51
64	170	1	2	119	0	1953125	12	0.0	2086	1.38	0	0	V0.2	0	0	27	13	38	35	27	31	35	29	27	26	33	11	42	22	32	4	48	35	15	52	44	41	5	101	69	57	54	86	81	14	121	173	166	126	280	313	64	128	150	204	416	172	437	584	403	427	645	153	324	427	321	1000	827	551	782	269	414	106	160	274	429	186	317	280	187	110	132	229	128	99	89	159	112	61	104	78	59	32	88	55	34	47	62	40	28
64	170	1	2	119	0	1953125	12	0.0	2086	1.38	0	0	V0.2	0	0	18	24	27	28	37	29	42	18	21	34	30	25	7	46	22	26	26	42	24	30	68	36	53	49	89	28	105	75	36	49	81	215	194	169	270	279	145	164	158	207	401	255	493	692	394	473	597	221	456	356	431	1000	980	597	870	231	408	221	217	360	384	286	285	378	165	110	144	207	189	59	156	138	112	58	117	115	37	59	66	69	22	70	62	34	32
64	170	1	2	119	0	1953125	12	0.0	2063	1.37	0	0	V0.2	0	0	21	21	44	4	38	14	53	1	37	26	40	19	37	37	32	31	48	36	30	55	53	57	46	112	47	78	74	120	56	27	116	177	211	133	324	258	113	87	189	233	378	253	451	673	402	492	558	113	433	449	413	1000	922	560	845	218	398	228	124	353	446	217	273	285	207	87	148	208	159	124	96	186	106	91	89	115	75	41	87	64	54	43	79	56	42
64	170	1	2	119	0	1953125	12	0.0	2086	1.38	0	0	V0.2	0	0	21	28	14	47	5	38	11	42	5	28	25	30	24	29	26	18	30	39	20	36	49	34	28	74	85	35	59	65	83	36	106	193	176	148	250	315	79	106	125	186	442	204	468	632	439	402	613	152	393	424	282	1000	868	532	810	307	455	213	174	315	439	191	297	282	196	111	128	229	132	100	93	159	105	61	102	82	59	34	85	45	39	49	62	33	34
64	170	1	2	119	0	1953125	12	0.0	2063	1.37	0	0	V0.2	0	0	22	16	48	6	40	5	51	5	43	24	39	19	46	31	37	33	53	33	31	64	49	60	41	121	48	88	76	126	60	27	128	178	204	155	331	279	96	113	188	195	380	222	486	676	445	531	611	90	387	418	361	1000	895	632	886	299	378	205	179	369	452	197	301	283	209	101	139	225	147	122	94	179	117	76	104	102	81	37	95	69	48	47	74	58	35
64	170	1	2	119	0	1953125	12	0.0	2061	1.37	0	0	V0.2	0	0	23	32	12	49	1	43	6	44	9	39	26	32	33	36	31	29	36	40	30	49	64	39	61	75	102	50	112	70	69	19	112	207	172	210	267	322	75	161	124	122	403	211	524	664	505	487	657	94	384	419	358	1000	901	717	837	327	334	187	278	350	417	198	340	276	167	119	143	240	139	125	121	162	119	78	122	91	82	46	93	58	54	58	64	53	46
64	170	1	2	119	0	1953125	12	0.0	2063	1.37	0	0	V0.2	0	0	28	3	45	27	35	18	46	25	35	20	42	7	48	20	45	16	51	34	30	62	46	64	25	115	58	88	69	113	69	12	133	190	213	174	331	282	61	88	153	207	401	241	516	695	471	538	595	26	445	460	428	999	870	668	861	228	395	212	264	399	428	174	318	272	193	88	161	231	144	127	107	185	102	89	98	104	73	48	92	56	58	51	74	47	48
64	170	1	2	119	0	1953125	12	0.0	2061	1.37	0	0	V0.2	0	0	32	8	46	10	44	6	52	13	40	18	43	13	38	28	42	26	48	35	32	55	51	66	40	114	44	87	65	126	59	31	124	191	238	166	350	248	102	61	171	243	368	273	510	745	451	564	555	59	516	443	498	1000	925	617	883	196	378	271	248	460	421	226	283	301	207	78	187	216	176	125	134	193	92	107	94	130	63	71	92	68	57	53	84	47	51
64	170	1	2	119	0	1953125	12	0.0	2063	1.37	0	0	V0.2	0	0	31	8	45	30	38	25	46	30	37	25	43	9	49	23	49	18	55	39	36	64	50	68	33	118	69	91	77	111	76	15	137	198	217	190	328	293	62	90	142	205	393	224	523	705	494	516	606	69	450	467	398	1000	878	609	824	276	376	232	246	387	440	196	309	268	206	114	155	234	150	136	106	185	114	89	106	102	81	49	96	60	55	53	74	53	46
64	170	1	2	119	0	1953125	12	0.0	2061	1.37	0	0	V0.2	0	0	24	22	31	45	20	42	21	40	22	34	31	20	43	30	35	18	46	39	25	56	59	48	44	96	95	61	94	82	76	18	122	216	193	208	285	319	62	119	101	159	423	222	532	675	522	469	630	87	422	486	393	1000	888	649	764	292	349	210	279	346	438	219	327	275	179	141	135	251	160	126	125	170	143	65	128	95	87	42	96	77	49	62	69	62	37
64	170	1	2	119	0	1953125	12	0.0	2063	1.37	0	0	V0.2	0	0	34	5	48	7	50	5	56	15	45	15	45	19	49	33	47	29	55	39	40	65	54	76	41	126	52	101	71	137	66	29	123	195	256	169	363	278	134	57	192	220	387	301	485	762	526	553	593	145	459	496	496	986	1000	664	839	234	270	227	233	427	437	267	315	307	220	87	196	218	182	137	136	202	100	115	94	130	69	70	95	69	64	54	85	49	56
64	170	1	2	119	0	1953125	12	0.0	2061	1.37	0	0	V0.2	0	0	32	15	42	35	36	32	40	35	33	26	42	12	47	20	44	13	51	36	29	60	50	63	27	114	73	84	71	109	80	6	128	197	219	184	318	317	86	79	147	179	406	245	481	687	553	472	611	118	369	508	425	1000	944	688	766	272	306	191	266	377	458	231	343	269	210	123	170	255	164	148	120	196	127	93	119	112	90	49	105	73	61	55	79	61	47
64	170	1	2	119	0	1953125	12	0.0	2063	1.37	0	0	V0.2	0	0	28	20	35	42	29	41	32	41	34	36	38	19	53	32	45	26	56	44	34	67	63	57	49	109	101	78	104	98	88	14	137	219	203	213	299	339	84	120	118	153	401	217	504	649	543	452	611	131	321	453	420	1000	906	737	752	242	358	169	320	369	452	233	358	281	195	149	158	270	170	143	135	182	146	80	136	100	93	50	108	83	56	67	78	69	46
64	170	1	2	119	0	1953125	12	0.0	2061	1.37	0	0	V0.2	0	0	33	15	45	33	38	29	44	31	38	25	43	10	49	24	48	17	56	39	33	65	51	66	29	122	75	93	76	117	80	17	139	198	220	183	325	319	99	95	152	189	377	238	484	663	525	482	589	126	326	439	442	1000	913	731	787	206	365	184	312	412	465	237	363	283	226	130	197	274	176	156	132	209	130	104	124	119	95	58	109	74	66	61	86	60	51
64	170	1	2	119	0	1953125	12	0.0	2063	1.37	0	0	V0.2	0	0	35	10	51	8	55	3	61	13	48	23	49	28	49	41	49	38	59	44	45	68	63	76	54	130	61	109	87	151	59	54	133	201	251	174	370	286	161	76	219	212	326	260	479	732	486	558	599	208	380	391	487	991	1000	707	896	202	336	224	294	473	447	311	339	336	242	115	236	245	210	144	162	212	110	131	109	144	72	87	102	79	70	65	91	53	63
64	170	1	2	119	0	1953125	12	0.0	2061	1.37	0	0	V0.2	0	0	32	23	39	44	29	38	36	40	30	30	40	16	47	24	44	13	51	41	27	58	51	60	26	112	79	83	75	107	84	13	136	197	209	186	315	325	91	117	154	184	374	203	489	658	518	486	641	169	310	416	368	1000	929	721	839	295	366	178	292	400	492	276	387	299	235	145	202	279	171	157	135	206	127	104	127	113	90	60	111	70	64	61	82	56	50
64	170	1	2	119	0	1953125	12	0.0	2063	1.37	0	0	V0.2	0	0	34	9	46	26	44	25	51	26	41	23	44	13	53	25	50	22	58	39	38	67	51	69	32	125	68	100	75	120	75	21	139	192	218	177	327	307	95	104	173	190	378	220	479	669	498	499	621	145	345	457	373	1000	959	706	866	276	370	194	235	384	480	278	356	276	220	127	189	256	166	152	124	201	120	109	115	113	85	57	106	68	65	57	82	58	54
64	170	1	2	119	0	1953125	12	0.0	2066	1.37	0	0	V0.2	0	0	30	21	37	40	27	36	35	37	29	28	39	16	43	22	42	12	49	38	29	56	50	57	26	105	78	76	67	98	80	13	130	192	201	174	295	309	72	100	145	192	390	208	476	645	480	443	607	159	345	450	340	1000	948	652	832	297	406	210	218	363	485	282	349	269	215	140	175	256	164	149	124	192	126	99	120	106	88	54	103	67	61	60	78	56	47
64	170	1	2	119	0	1953125	12	0.0	2063	1.37	0	0	V0.2	0	0	25	19	37	47	21	42	31	43	28	38	40	22	47	36	41	24	51	45	36	61	62	50	53	95	103	64	103	80	76	18	129	209	174	199	271	321	55	144	123	153	402	174	500	626	459	425	632	178	366	435	303	1000	953	637	829	340	433	223	204	312	466	297	326	264	175	155	127	245	166	134	128	158	146	72	126	87	86	49	94	79	52	65	66	63	43
64	170	1	2	119	0	1953125	12	0.0	2066	1.37	0	0	V0.2	0	0	32	7	40	21	37	16	46	24	33	19	44	7	40	20	43	13	46	34	28	52	45	64	17	108	52	85	49	110	65	20	119	178	216	146	316	266	87	67	172	229	379	230	458	672	426	471	567	154	436	472	358	1000	994	579	912	299	434	286	135	389	472	307	301	273	212	108	177	222	175	141	124	192	102	109	98	119	71	66	96	65	60	54	83	49	51
64	170	1	2	119	0	1953125	12	0.0	2063	1.37	0	0	V0.2	0	0	22	14	34	41	21	34	28	37	24	33	36	18	43	28	38	17	45	39	31	56	55	49	42	93	88	64	90	77	67	12	124	196	166	182	267	303	39	138	121	169	400	168	493	608	426	425	614	168	391	455	294	1000	939	617	865	351	451	248	164	313	475	294	317	251	178	149	126	236	161	137	119	159	137	77	123	88	89	50	94	71	52	62	68	61	47
64	170	1	2	119	0	1953125	12	0.0	2066	1.37	0	0	V0.2	0	0	22	23	25	43	17	40	20	39	21	35	30	19	39	32	28	16	44	40	22	52	58	40	38	88	92	53	89	72	67	12	122	200	161	179	268	312	44	144	124	164	392	162	499	610	431	428	622	184	370	430	301	1000	944	636	856	358	416	215	189	325	480	303	338	263	175	146	137	244	161	132	130	163	136	75	128	89	83	47	96	71	49	64	68	56	38
64	170	1	2	119	0	1953125	12	0.0	2066	1.37	0	0	V0.2	0	0	9	35	16	39	14	48	26	34	15	45	17	36	25	52	8	45	35	41	33	50	75	24	80	64	100	36	128	87	26	42	95	210	172	192	286	262	105	170	171	171	327	199	480	639	372	479	564	213	440	368	387	906	1000	601	859	295	335	257	184	371	403	363	272	314	146	116	154	195	202	90	157	146	123	85	105	120	50	71	71	81	41	61	73	52	46
64	170	1	2	119	0	1953125	12	0.0	2066	1.37	0	0	V0.2	0	0	17	35	7	45	17	44	17	40	10	41	16	35	20	45	15	35	27	41	30	40	68	19	66	50	107	23	117	56	51	35	100	216	160	203	256	315	75	175	120	145	405	181	518	632	435	455	639	194	432	432	349	1000	983	685	839	331	390	208	236	338	461	327	356	282	142	155	141	246	170	127	155	149	144	73	139	85	84	59	94	76	52	71	63	59	45
64	170	1	2	119	0	1953125	12	0.0	2068	1.37	0	0	V0.2	0	0	14	24	17	36	32	34	29	31	22	35	20	35	12	47	13	38	26	39	34	37	66	26	70	50	93	31	113	73	21	44	81	209	181	186	265	269	100	167	140	173	381	227	480	637	390	463	581	180	492	432	398	923	1000	637	816	286	354	251	211	354	407	346	302	293	114	134	142	212	191	97	164	128	138	75	130	98	67	73	75	79	41	72	60	57	48
64	170	1	2	119	0	1953125	12	0.0	2091	1.38	0	0	V0.2	0	0	29	7	36	3	43	5	47	9	32	13	37	14	22	27	37	15	27	33	26	23	47	53	33	56	56	48	70	75	40	47	69	193	207	137	262	230	119	125	131	218	381	272	438	639	373	444	509	168	502	437	418	871	1000	591	784	240	315	255	181	373	387	350	283	302	123	112	155	190	181	76	160	124	110	67	109	94	41	62	58	61	27	63	49	36	35
64	170	1	2	119	0	1953125	12	0.0	2116	1.38	0	0	V0.2	0	0	33	9	36	7	47	7	43	10	33	10	38	17	22	29	40	10	20	34	27	9	49	51	25	32	56	42	70	57	52	66	57	206	199	138	232	229	122	131	90	228	421	287	455	632	375	413	497	161	511	443	420	867	1000	590	772	260	309	249	177	367	388	344	285	312	119	102	135	178	168	56	145	111	94	46	102	80	33	53	52	48	20	63	41	26	29
64	170	1	2	119	0	1953125	12	0.0	2111	1.38	0	0	V0.2	0	0	20	17	30	21	37	26	45	12	21	29	33	17	8	44	30	18	24	42	21	17	61	47	32	30	67	36	83	58	48	61	66	215	187	146	238	233	109	141	94	225	415	280	462	631	376	428	498	136	501	431	426	849	1000	579	771	278	276	236	153	370	391	341	263	318	134	87	135	171	176	61	136	127	85	58	92	98	16	51	53	54	15	59	55	22	26
64	170	1	2	119	0	1953125	12	0.0	2081	1.38	0	0	V0.2	0	0	13	28	7	47	17	45	15	38	1	43	17	26	22	49	9	22	31	45	17	38	72	16	42	50	98	20	93	42	60	56	95	235	172	186	245	302	88	134	71	176	452	244	523	636	443	437	583	144	459	446	401	935	999	666	772	309	317	179	210	358	439	328	312	316	118	115	109	212	182	71	146	123	127	45	123	92	48	49	72	72	19	65	56	41	28
64	170	1	2	119	0	1953125	12	0.0	2088	1.38	0	0	V0.2	0	0	26	30	22	55	1	44	16	51	8	38	33	34	32	37	34	25	43	49	33	44	60	42	43	80	96	42	76	63	84	39	117	220	191	182	275	325	50	91	89	186	454	238	524	642	484	462	608	109	399	472	361	999	963	706	807	294	365	120	213	347	502	264	355	268	166	110	134	239	141	121	112	161	121	73	115	79	71	40	88	51	51	55	62	45	42
64	170	1	2	119	0	1953125	12	0.0	2091	1.38	0	0	V0.2	0	0	23	26	24	36	40	29	36	29	26	32	27	34	7	48	19	28	22	43	29	26	69	33	52	36	94	22	94	59	45	64	76	229	194	185	244	286	132	113	97	176	412	268	513	654	432	438	539	183	436	356	401	908	1000	655	756	234	325	171	252	378	425	327	301	331	133	124	130	213	179	75	156	125	126	53	125	89	50	54	66	64	28	69	52	41	36
64	170	1	2	119	0	1953125	12	0.0	2088	1.38	0	0	V0.2	0	0	29	11	41	11	45	12	55	6	31	24	42	16	26	40	38	27	42	40	29	39	58	61	38	84	50	61	74	104	52	38	88	194	224	133	298	229	137	77	155	219	353	296	438	674	412	478	473	126	434	372	404	841	1000	594	769	197	286	192	170	389	419	303	254	299	178	66	159	176	175	94	127	160	86	91	79	116	41	61	65	56	42	52	71	33	40
64	170	1	2	119	0	1953125	12	0.0	2086	1.38	0	0	V0.2	0	0	23	23	24	32	39	26	35	25	24	29	27	30	6	47	21	26	20	40	27	23	67	36	49	33	85	28	90	59	42	65	64	216	192	168	231	271	150	97	104	160	398	267	471	646	429	400	511	185	417	344	357	852	1000	589	702	241	306	187	217	339	398	320	269	313	129	112	120	198	177	64	145	116	118	49	115	90	47	55	66	67	26	67	52	39	32
64	170	1	2	119	0	1953125	12	0.0	2086	1.38	0	0	V0.2	0	0	16	30	1	50	20	42	12	43	8	35	18	36	15	45	18	31	25	45	30	30	68	22	49	41	99	7	83	38	64	66	80	218	175	178	224	308	116	92	72	131	433	238	491	633	480	386	560	155	377	390	300	908	1000	645	688	282	341	160	210	292	441	294	311	280	134	122	107	227	157	95	127	128	130	47	124	75	67	40	80	63	38	63	55	47	32
64	170	1	2	119	0	1953125	12	0.0	2111	1.38	0	0	V0.2	0	0	29	18	33	20	47	14	39	15	30	18	32	27	15	39	30	21	17	37	28	13	57	43	34	24	73	39	75	49	39	73	48	206	193	155	212	251	163	78	94	153	387	276	449	642	434	388	487	178	400	314	327	812	1000	587	687	249	278	179	216	326	379	308	265	316	126	104	112	188	164	52	136	103	104	36	111	78	38	43	55	49	20	60	40	30	27
64	170	1	2	119	0	1953125	12	0.0	2113	1.38	0	0	V0.2	0	0	17	24	12	45	31	36	28	32	18	37	24	32	4	49	16	25	21	48	29	20	69	31	39	23	89	26	81	38	50	69	65	222	178	170	215	276	148	86	86	136	396	256	466	638	460	396	508	168	374	308	305	798	1000	615	697	292	259	177	213	309	376	311	255	316	131	103	103	190	173	53	130	104	109	36	104	85	34	41	57	60	14	60	48	31	21
64	170	1	2	119	0	1953125	12	0.0	2111	1.38	0	0	V0.2	0	0	27	14	40	12	39	20	51	4	23	26	44	12	14	44	41	12	26	39	22	18	59	55	33	48	56	43	83	75	42	48	56	200	211	145	259	222	169	64	142	183	334	283	417	672	435	448	451	165	397	291	320	740	1000	578	734	261	220	178	183	349	366	293	236	321	179	67	143	163	170	66	126	138	73	63	78	107	18	54	56	50	17	57	61	21	28
64	170	1	2	119	0	1953125	12	0.0	2088	1.38	0	0	V0.2	0	0	9	30	9	49	15	50	19	37	2	46	19	32	23	53	7	32	31	47	23	36	74	19	56	39	98	7	112	56	43	43	78	220	180	201	247	287	150	112	128	106	354	237	452	649	472	444	532	177	363	263	276	753	999	611	739	322	227	178	235	321	351	300	234	327	145	105	113	188	189	59	141	119	117	60	103	107	40	54	58	73	25	60	62	42	29
64	170	1	2	119	0	1953125	12	0.0	2086	1.38	0	0	V0.2	0	0	20	25	26	34	36	34	39	24	23	35	27	32	9	50	19	30	22	40	26	29	70	34	59	40	86	26	111	78	29	42	61	213	206	197	267	271	179	90	158	111	320	255	433	675	484	482	523	188	356	228	283	726	1000	638	770	310	205	153	271	352	334	291	257	345	149	111	137	194	187	62	155	122	111	57	113	109	46	64	63	68	22	65	55	39	34
