34928	35048	35167	35286	35405	35524	35644	35763	35882	36001	36120	36240	36359	36478	36597	36716	36836	36955	37074	37193	37313	37432	37551	37670	37789	37909	38028	38147	38266	38385	38505	38624	38743	38862	38981	39101	39220	39339	39458	39577	39697	39816	39935	40054	40174	40293	40412	40531	40650	40770	40889	41008	41127	41246	41366	41485	41604	41723	41842	41962	42081	42200	42319	42439	42558	42677	42796	42915	43035	43154	43273	43392	43511	43631	43750	43869	43988	44107	44227	44346	44465	44584	44703	44823	44942
64	170	1	2	119	0	1953125	12	0.0	2556	1.46	0	0	V0.2	0	0	38	21	46	30	45	35	43	30	44	29	47	22	56	26	56	31	59	49	52	68	45	83	49	97	60	90	98	99	115	90	144	135	195	161	138	76	71	175	99	164	249	460	463	355	300	185	119	114	65	401	741	645	576	1000	804	252	305	107	430	564	401	253	323	213	215	171	220	202	114	154	127	149	93	118	123	99	114	87	106	61	87	71	70	60	68
64	170	1	2	119	0	1953125	12	0.0	2579	1.46	0	0	V0.2	0	0	31	28	32	44	30	46	27	41	30	34	39	25	47	24	47	23	46	35	35	47	33	64	33	79	54	78	84	89	97	83	140	122	179	130	126	53	65	185	124	209	249	480	451	358	274	200	127	98	52	388	764	640	636	1000	818	237	303	76	424	592	398	312	334	221	236	176	251	183	144	151	137	145	73	129	92	103	85	95	87	60	79	58	62	49	67
64	170	1	2	119	0	1953125	12	0.0	2581	1.46	0	0	V0.2	0	0	38	21	54	8	58	9	55	9	50	21	46	26	49	33	46	36	48	40	46	55	42	72	48	96	30	109	59	129	75	123	139	140	196	140	155	11	114	157	155	213	260	512	461	384	272	239	118	99	47	379	849	632	681	999	875	216	323	43	418	654	382	339	314	244	237	176	264	179	157	135	156	152	79	134	99	120	86	106	92	66	84	70	73	50	74
64	170	1	2	119	0	1953125	12	0.0	2559	1.46	0	0	V0.2	0	0	30	23	52	6	59	7	55	7	52	23	44	31	50	34	45	41	52	41	45	54	40	73	45	98	25	107	55	124	76	115	136	130	199	133	156	13	108	159	125	201	244	502	447	385	270	220	115	122	40	382	824	637	668	1000	849	216	330	49	433	637	393	312	318	229	241	168	258	193	144	150	145	164	80	138	115	121	99	94	102	60	91	68	74	50	75
64	170	1	2	119	0	1953125	12	0.0	2584	1.46	0	0	V0.2	0	0	36	27	38	41	36	43	35	39	34	30	42	19	48	19	50	20	46	35	38	52	32	72	32	88	48	88	82	99	102	92	144	126	193	137	139	51	74	190	124	213	254	492	455	372	271	196	132	99	58	405	789	647	649	1000	827	236	304	68	435	611	406	316	334	225	241	175	256	190	149	152	142	155	78	135	101	115	92	97	91	66	88	66	70	55	75
64	170	1	2	119	0	1953125	12	0.0	2579	1.46	0	0	V0.2	0	0	33	19	43	31	43	38	40	31	42	30	43	18	54	22	49	23	51	35	34	52	30	68	29	86	47	87	82	96	95	88	145	126	188	130	128	52	72	198	127	210	267	501	462	367	269	180	149	84	63	433	783	665	646	1000	801	255	276	87	458	608	429	304	353	231	241	188	250	210	135	168	139	155	83	126	114	93	97	89	101	58	84	62	65	50	70
64	170	1	2	119	0	1953125	12	0.0	2584	1.46	0	0	V0.2	0	0	30	20	49	6	54	5	54	6	46	20	41	27	39	35	40	37	40	35	40	44	42	60	51	83	36	102	52	123	62	125	122	144	183	143	142	27	110	134	174	203	277	508	467	386	287	237	95	89	49	369	856	624	707	1000	889	203	326	38	395	674	378	368	299	261	226	189	262	169	172	126	173	141	96	130	96	117	77	115	84	79	79	75	71	58	73
64	170	1	2	119	0	1953125	12	0.0	2579	1.46	0	0	V0.2	0	0	33	14	50	14	54	22	51	18	48	22	45	19	52	23	51	29	52	36	40	54	31	72	30	94	28	102	67	114	85	104	143	126	196	126	140	26	95	182	130	214	261	510	449	380	266	199	132	102	64	413	811	647	679	1000	811	218	308	63	448	632	413	323	333	225	241	179	257	196	145	158	143	159	82	135	109	109	97	97	99	60	88	65	69	49	72
64	170	1	2	119	0	1953125	12	0.0	2584	1.46	0	0	V0.2	0	0	24	43	10	47	9	52	15	44	17	44	15	41	23	45	20	47	26	40	38	40	54	31	80	26	82	36	111	73	100	107	109	161	136	187	67	82	70	125	204	121	325	429	496	312	326	176	24	29	47	429	777	626	638	999	813	203	260	76	426	631	367	322	285	282	162	219	204	187	148	118	181	102	122	87	124	97	86	101	77	76	58	82	58	60	61
64	170	1	2	119	0	1953125	12	0.0	2584	1.46	0	0	V0.2	0	0	43	32	22	60	37	28	61	26	40	47	26	53	30	44	57	29	48	47	44	34	58	75	28	82	93	43	112	127	80	112	164	163	159	203	116	41	111	195	143	209	419	476	527	483	235	142	145	107	158	385	738	893	843	1000	684	526	134	173	449	526	590	390	301	308	260	225	249	231	165	171	193	135	111	149	114	92	126	107	79	90	83	61	70	75	62
64	170	1	2	119	0	1953125	12	0.0	2584	1.46	0	0	V0.2	0	0	35	18	43	8	57	11	43	10	46	14	36	24	43	17	41	29	40	28	43	52	23	68	31	81	22	95	76	93	85	94	142	110	189	137	122	39	69	187	123	175	261	469	448	343	288	158	98	97	60	420	704	641	581	1000	767	258	265	109	431	557	416	259	330	250	181	203	192	220	112	145	150	118	111	78	135	81	96	79	92	72	61	81	59	57	55
64	170	1	2	119	0	1953125	12	0.0	2579	1.46	0	0	V0.2	0	0	38	37	26	38	24	58	18	40	19	43	33	34	29	36	44	44	26	29	46	49	37	36	76	36	79	27	115	63	115	91	106	151	143	198	37	58	75	148	195	136	342	432	470	296	330	182	4	33	35	427	724	612	700	999	802	168	242	61	381	632	393	356	254	279	202	220	219	166	173	116	168	116	99	113	100	108	58	110	76	64	53	74	71	41	53
64	170	1	2	119	0	1953125	12	0.0	2581	1.46	0	0	V0.2	0	0	22	36	62	18	53	2	69	36	38	15	61	40	38	15	68	59	31	36	61	60	60	25	110	64	81	68	101	159	76	109	121	197	224	100	172	87	93	186	65	233	388	474	498	455	352	111	62	99	42	489	819	682	785	1000	897	312	251	50	340	712	519	306	286	265	331	217	175	248	190	184	117	138	183	108	113	88	131	129	60	87	92	93	67	52	89
64	170	1	2	119	0	1953125	12	0.0	2584	1.46	0	0	V0.2	0	0	16	42	18	44	22	49	30	40	25	44	18	44	20	51	14	52	28	40	36	35	56	21	77	32	78	50	102	85	83	111	101	162	128	182	78	73	81	109	214	139	319	441	501	322	337	203	27	31	49	408	819	625	644	999	870	207	287	81	405	651	366	348	285	291	173	221	223	183	160	114	185	104	116	94	118	101	76	102	70	77	60	76	52	55	61
64	170	1	2	119	0	1953125	12	0.0	2581	1.46	0	0	V0.2	0	0	23	42	36	40	42	39	44	34	36	41	28	44	21	54	22	50	30	45	43	38	62	36	82	46	81	73	95	106	84	128	102	171	148	184	94	73	102	105	212	146	326	464	512	335	318	185	48	33	56	427	853	626	654	1000	852	158	267	62	441	680	367	336	278	287	170	219	219	186	160	116	190	103	123	91	126	104	88	106	74	81	62	85	57	63	63
64	170	1	2	119	0	1953125	12	0.0	2584	1.46	0	0	V0.2	0	0	30	16	52	4	57	8	58	9	49	21	47	25	46	34	45	34	47	37	39	47	39	64	42	85	29	105	49	123	60	120	121	138	179	132	136	19	114	146	178	211	281	519	470	385	281	223	99	96	48	387	890	634	713	999	871	175	325	37	418	696	384	371	298	258	225	190	267	171	173	125	172	137	91	127	94	115	71	107	76	71	73	67	61	51	68
64	170	1	2	119	0	1953125	12	0.0	2581	1.46	0	0	V0.2	0	0	40	21	47	27	49	33	42	27	46	27	45	17	52	19	50	24	49	35	40	57	32	75	33	89	43	93	84	101	98	90	143	122	191	137	129	43	67	192	125	200	262	494	463	370	271	163	102	120	47	429	787	671	638	1000	764	210	309	79	453	602	425	285	332	209	218	174	228	203	117	155	127	146	82	115	114	87	98	80	100	55	84	67	67	53	65
64	170	1	2	119	0	1953125	12	0.0	2584	1.46	0	0	V0.2	0	0	26	31	23	45	19	51	14	41	22	40	27	31	39	36	37	34	38	36	32	44	43	49	54	53	73	43	104	56	104	76	127	136	153	159	78	70	23	172	159	155	299	445	484	314	296	136	79	81	60	431	719	654	574	1000	775	253	244	107	442	570	422	274	329	245	183	213	197	215	114	153	147	116	108	87	130	69	101	74	87	60	70	72	48	55	56
64	170	1	2	119	0	1953125	12	0.0	2581	1.46	0	0	V0.2	0	0	37	18	46	24	48	31	41	23	43	24	41	14	51	17	48	22	48	30	36	54	28	71	29	88	37	89	78	97	91	91	144	116	186	134	130	37	66	181	120	199	246	486	456	360	276	177	102	133	39	397	757	636	607	999	798	235	319	90	434	588	417	282	332	208	216	170	228	199	118	156	125	145	78	117	112	89	96	80	97	51	81	64	65	50	65
64	170	1	2	119	0	1953125	12	0.0	2584	1.46	0	0	V0.2	0	0	32	13	49	15	53	22	50	16	48	21	44	16	51	21	48	25	49	30	35	50	26	64	25	88	19	97	56	112	70	102	134	118	181	117	138	11	90	164	136	214	244	511	454	368	257	215	115	125	25	354	816	621	657	1000	854	222	324	81	408	638	396	332	323	228	234	172	259	181	150	142	146	148	69	130	91	105	79	96	87	59	81	61	63	46	70
64	170	1	2	119	0	1953125	12	0.0	2581	1.46	0	0	V0.2	0	0	35	22	40	32	39	38	33	31	35	28	36	17	47	18	44	23	45	31	35	51	30	65	34	76	48	72	89	81	95	76	134	114	171	140	112	44	48	174	122	168	248	457	456	332	285	162	78	141	62	388	718	639	576	1000	769	230	311	118	422	560	410	256	323	205	190	171	200	195	98	147	120	126	81	98	116	71	95	69	93	51	76	65	55	50	57
64	170	1	2	119	0	1953125	12	0.0	2584	1.46	0	0	V0.2	0	0	25	18	45	8	51	8	54	7	46	23	42	26	39	36	39	37	42	34	34	38	39	52	46	72	33	93	49	115	52	115	107	135	152	132	112	35	92	120	186	202	278	489	469	355	278	195	78	102	67	365	869	630	713	1000	853	144	343	63	410	689	369	363	275	255	198	187	242	157	159	108	168	118	91	110	93	104	62	99	65	72	64	67	54	51	63
64	170	1	2	119	0	1953125	12	0.0	2581	1.46	0	0	V0.2	0	0	36	17	46	23	48	29	41	23	43	22	40	15	50	17	47	21	46	30	35	52	27	68	25	85	34	86	73	95	87	87	137	112	179	121	123	22	56	173	120	200	245	483	450	360	266	167	69	161	7	394	761	658	639	1000	777	210	344	76	430	594	418	283	317	191	203	154	215	186	109	143	118	139	72	112	105	85	87	73	92	50	78	60	62	47	63
64	170	1	2	119	0	1953125	12	0.0	2579	1.46	0	0	V0.2	0	0	30	13	50	7	55	12	53	11	47	20	46	20	46	27	47	29	48	33	36	45	31	63	33	85	20	101	48	116	63	111	126	126	174	116	124	19	93	153	162	229	275	520	466	374	251	195	96	125	60	394	885	658	710	1000	864	186	342	34	429	690	403	358	301	240	226	175	257	170	159	129	157	141	80	127	90	112	75	103	81	66	76	64	63	48	70
64	170	1	2	119	0	1953125	12	0.0	2581	1.46	0	0	V0.2	0	0	28	25	46	15	53	12	52	12	45	25	38	31	35	39	35	40	36	35	39	41	45	54	58	74	41	93	54	116	59	125	112	143	166	144	122	44	91	114	178	203	280	495	473	370	289	204	71	125	85	358	868	637	710	999	880	187	361	84	393	684	375	359	271	250	199	176	236	153	157	105	165	125	89	116	93	112	66	101	73	73	69	70	65	53	68
64	170	1	2	119	0	1953125	12	0.0	2579	1.46	0	0	V0.2	0	0	30	13	49	7	55	12	51	10	47	17	44	19	47	24	45	29	47	33	37	49	29	65	29	88	16	99	51	113	69	106	129	122	185	116	130	17	85	164	140	220	259	521	458	381	251	179	102	145	32	382	857	664	708	999	827	175	345	32	434	669	408	337	307	219	228	164	253	180	148	139	146	151	74	132	96	111	83	99	92	61	81	61	66	45	70
64	170	1	2	119	0	1953125	12	0.0	2581	1.46	0	0	V0.2	0	0	35	14	48	9	53	15	49	12	47	18	43	20	47	23	46	27	45	32	38	50	32	69	32	87	18	99	56	109	73	108	132	119	187	123	136	7	86	155	126	209	253	512	450	374	267	203	73	169	17	353	802	638	665	1000	851	233	361	78	392	627	406	320	304	205	217	152	236	169	135	133	131	144	69	124	92	101	79	88	88	56	78	59	66	46	67
64	170	1	2	119	0	1953125	12	0.0	2579	1.46	0	0	V0.2	0	0	31	13	44	23	45	29	42	26	43	23	43	14	49	16	46	19	44	27	29	48	24	63	17	79	27	86	61	95	76	89	131	106	170	104	115	23	58	170	129	220	255	501	443	365	255	178	74	172	30	387	795	659	681	999	805	211	369	70	425	622	412	313	312	197	211	151	228	170	125	135	122	138	63	117	88	91	77	78	78	46	74	52	56	41	63
64	170	1	2	119	0	1953125	12	0.0	2581	1.46	0	0	V0.2	0	0	35	16	51	8	53	12	52	12	47	18	45	19	48	25	45	27	44	31	36	49	32	69	31	88	17	101	52	112	70	106	130	118	182	114	125	24	75	166	140	226	265	522	453	378	256	176	97	176	63	399	858	675	711	1000	824	178	381	68	441	674	418	330	293	203	214	145	234	168	136	131	135	148	70	124	90	104	79	90	86	58	80	60	68	44	68
64	170	1	2	119	0	1953125	12	0.0	2579	1.46	0	0	V0.2	0	0	29	14	49	3	53	9	52	8	48	19	43	21	45	27	44	30	46	33	37	49	33	66	35	85	17	99	48	115	66	109	126	123	178	116	124	26	82	161	153	229	275	523	452	373	252	176	107	159	68	396	870	665	725	1000	829	162	363	52	446	688	410	345	293	217	221	161	247	170	149	133	147	149	79	130	93	110	75	95	84	63	81	63	69	47	69
64	170	1	2	119	0	1953125	12	0.0	2581	1.46	0	0	V0.2	0	0	34	14	49	9	53	14	50	12	47	18	44	18	47	22	44	25	43	30	35	47	30	69	31	87	17	99	52	109	71	107	132	120	186	117	128	16	80	162	134	224	266	522	451	375	255	187	85	176	47	380	835	665	696	1000	842	214	365	64	419	656	418	328	300	208	221	151	237	170	139	134	135	149	73	127	93	107	81	90	86	57	80	62	71	48	71
64	170	1	2	119	0	1953125	12	0.0	2579	1.46	0	0	V0.2	0	0	28	14	48	2	54	7	50	6	46	17	41	23	45	27	44	31	47	34	37	46	30	64	33	82	16	100	48	114	64	111	125	122	176	114	122	30	81	157	158	231	274	518	453	373	253	186	95	163	77	383	861	668	725	999	842	183	368	68	426	683	410	347	287	216	219	162	244	165	152	130	147	144	77	127	91	111	79	98	84	62	80	63	67	46	68
64	170	1	2	119	0	1953125	12	0.0	2581	1.46	0	0	V0.2	0	0	36	15	51	9	56	15	53	13	51	20	48	22	51	27	49	29	46	33	39	51	33	72	33	89	19	104	55	118	74	111	136	126	192	121	131	17	87	169	142	233	279	535	462	376	241	180	98	162	50	403	872	682	707	999	851	207	347	57	432	679	427	336	304	219	231	160	247	178	147	139	144	155	77	130	96	112	83	96	90	60	82	64	72	49	72
64	170	1	2	119	0	1953125	12	0.0	2579	1.46	0	0	V0.2	0	0	30	11	45	13	49	20	46	17	44	20	43	16	47	19	46	22	46	30	34	48	26	68	23	83	20	93	58	101	77	97	133	115	181	114	124	15	71	166	129	225	269	514	453	372	252	181	77	173	36	387	820	687	689	1000	839	246	340	76	408	637	439	326	313	210	228	162	238	182	137	144	133	151	77	128	100	103	85	85	89	58	82	61	68	49	69
64	170	1	2	119	0	1953125	12	0.0	2581	1.46	0	0	V0.2	0	0	36	16	50	9	54	13	49	12	47	19	44	19	47	24	45	27	43	30	37	49	31	69	30	85	18	99	54	109	73	105	131	119	182	116	127	20	69	165	142	233	269	515	453	377	252	181	74	184	83	406	851	698	724	1000	822	207	379	93	429	662	427	328	293	200	214	147	227	164	132	130	131	146	73	123	90	102	80	88	86	54	78	61	69	45	66
64	170	1	2	119	0	1953125	12	0.0	2579	1.46	0	0	V0.2	0	0	32	16	44	26	45	32	38	26	39	24	40	14	50	17	47	20	46	32	32	49	28	66	23	80	39	83	76	89	89	83	137	112	175	114	109	30	39	184	136	222	273	502	457	352	242	138	80	185	43	433	811	723	675	1000	773	207	341	83	458	629	453	293	317	194	215	163	216	192	115	150	124	149	85	117	111	90	95	74	92	52	81	63	61	47	65
64	170	1	2	119	0	1953125	12	0.0	2581	1.46	0	0	V0.2	0	0	36	15	52	11	55	15	52	13	49	18	45	19	50	25	50	28	47	34	38	50	32	72	31	90	21	106	57	118	77	112	137	122	189	119	129	26	80	178	154	244	275	531	461	373	236	172	107	162	72	414	881	705	721	999	831	180	340	52	441	681	433	335	304	215	230	157	244	178	147	143	143	158	76	131	98	111	83	95	94	61	84	66	74	50	73
64	170	1	2	119	0	1953125	12	0.0	2579	1.46	0	0	V0.2	0	0	34	13	50	15	55	22	49	17	47	20	46	18	51	22	49	27	51	35	38	52	31	73	27	91	28	103	64	113	85	109	142	124	193	121	128	26	84	187	144	236	279	539	466	368	235	175	130	144	21	403	867	705	697	999	837	217	287	35	437	671	443	330	320	224	245	176	258	197	151	159	149	166	85	137	109	115	95	95	97	63	89	67	72	51	74
64	170	1	2	119	0	1953125	12	0.0	2579	1.46	0	0	V0.2	0	0	39	19	49	21	51	28	47	25	47	25	46	18	52	21	50	26	49	35	40	56	32	75	31	90	33	96	74	102	91	98	144	122	192	129	128	25	69	174	123	220	271	512	460	361	257	182	88	166	28	387	791	689	652	1000	833	261	315	86	410	611	437	296	318	206	224	161	224	187	124	149	127	151	80	121	106	98	92	78	95	54	81	61	67	50	67
64	170	1	2	119	0	1953125	12	0.0	2579	1.46	0	0	V0.2	0	0	31	12	45	18	49	24	45	20	43	20	43	16	48	18	46	22	47	32	35	51	27	67	25	86	27	91	63	102	82	96	136	117	182	116	123	22	67	173	135	233	271	512	457	365	244	179	88	163	43	387	816	706	694	1000	832	237	315	64	410	629	437	319	316	211	231	166	239	185	137	149	134	153	79	128	103	103	87	87	91	58	83	61	67	49	70
64	170	1	2	119	0	1953125	12	0.0	2579	1.46	0	0	V0.2	0	0	40	20	49	24	50	30	46	27	48	28	47	22	55	22	51	26	50	36	39	56	34	76	33	90	39	93	79	101	97	97	145	125	192	136	130	35	68	177	126	216	275	507	469	362	261	181	91	158	36	381	778	704	651	1000	835	285	294	99	397	597	442	291	321	207	223	166	221	192	121	151	128	151	84	119	110	94	95	78	96	54	80	63	68	52	67
64	170	1	2	119	0	1953125	12	0.0	2579	1.46	0	0	V0.2	0	0	32	12	45	19	47	25	43	22	43	21	43	14	48	19	46	21	48	33	36	51	29	70	24	85	28	92	66	101	84	97	141	120	185	122	130	22	67	167	129	230	266	509	463	364	256	202	90	162	41	371	797	699	660	1000	863	284	306	92	384	610	436	312	326	218	236	171	242	191	136	152	134	155	81	129	105	104	96	92	96	58	86	66	68	48	69
64	170	1	2	119	0	1953125	12	0.0	2581	1.46	0	0	V0.2	0	0	34	14	48	12	53	18	48	15	48	19	42	18	49	22	47	26	45	32	38	51	31	70	31	89	20	98	58	111	79	106	137	122	189	124	133	13	84	163	130	223	263	522	465	373	257	209	94	159	43	362	825	689	688	999	864	256	312	82	381	632	424	324	311	219	232	162	243	179	143	145	143	156	78	131	100	106	83	91	91	58	81	64	72	51	73
64	170	1	2	119	0	1953125	12	0.0	2579	1.46	0	0	V0.2	0	0	33	14	50	14	53	19	51	17	48	20	46	20	51	25	50	29	51	36	40	55	33	71	29	92	27	103	63	115	83	107	142	129	192	126	138	22	93	169	138	231	273	531	474	371	244	209	118	138	19	366	843	699	684	1000	883	279	271	77	392	651	436	334	325	236	249	182	263	196	156	155	154	163	84	137	107	116	93	104	102	69	91	70	75	53	74
64	170	1	2	119	0	1953125	12	0.0	2581	1.46	0	0	V0.2	0	0	40	21	46	25	48	32	43	27	44	25	43	19	52	21	50	25	49	34	39	56	34	75	34	90	41	92	81	101	99	94	147	129	196	143	135	43	69	175	120	211	273	504	479	364	267	191	104	148	58	361	766	710	633	1000	863	338	262	127	366	583	450	294	334	220	236	178	231	201	128	158	133	155	88	122	114	98	102	86	103	60	85	69	70	55	70
64	170	1	2	119	0	1953125	12	0.0	2579	1.46	0	0	V0.2	0	0	31	21	39	30	38	36	32	32	36	29	38	17	45	20	44	22	44	33	33	49	32	65	34	77	49	73	84	78	96	78	135	122	177	138	112	42	44	166	122	194	277	480	471	345	276	170	83	154	75	369	729	705	622	1000	822	311	266	132	369	556	445	281	329	212	217	182	211	199	116	156	128	141	92	110	115	79	94	73	93	55	80	66	61	53	65
64	170	1	2	119	0	1953125	12	0.0	2579	1.46	0	0	V0.2	0	0	39	18	52	15	54	21	53	20	51	23	47	22	51	24	51	30	50	36	42	56	36	76	34	93	30	104	67	112	85	108	144	129	199	132	140	18	90	170	127	219	265	519	465	375	259	200	90	161	31	360	803	687	677	1000	855	265	288	79	379	614	427	311	314	213	231	161	235	181	136	145	136	153	77	124	97	100	86	88	93	58	83	63	69	48	69
64	170	1	2	119	0	1953125	12	0.0	2559	1.46	0	0	V0.2	0	0	31	23	49	10	57	9	54	10	52	24	44	31	46	37	46	41	50	43	47	55	42	73	48	95	30	106	56	123	79	115	135	132	201	136	151	12	103	143	121	211	256	521	473	394	269	221	77	174	56	333	825	685	680	1000	901	287	306	94	353	631	429	325	303	222	238	167	248	186	149	147	145	163	84	137	109	119	96	92	99	61	85	66	76	53	73
64	170	1	2	119	0	1953125	12	0.0	2581	1.46	0	0	V0.2	0	0	33	34	28	47	20	47	20	44	26	37	35	29	42	28	43	28	41	38	37	49	41	64	50	68	65	64	98	72	108	81	135	134	177	155	108	61	37	165	128	185	285	471	483	345	285	171	87	149	86	369	724	697	604	999	844	333	275	142	364	552	439	279	330	211	222	176	216	193	120	154	125	144	88	114	106	85	94	79	93	57	82	64	66	54	67
64	170	1	2	119	0	1953125	12	0.0	2579	1.46	0	0	V0.2	0	0	24	39	11	47	8	53	12	43	17	45	21	40	29	44	26	45	32	41	36	40	54	34	74	30	81	34	109	64	102	100	111	156	137	181	61	78	53	128	194	139	332	436	504	302	310	165	27	84	121	381	753	671	619	1000	850	275	226	124	372	597	404	316	293	278	168	223	196	199	144	127	174	105	127	85	132	94	95	95	78	75	61	80	53	60	58
64	170	1	2	119	0	1953125	12	0.0	2579	1.46	0	0	V0.2	0	0	36	41	21	48	14	53	11	48	23	45	27	37	38	40	36	42	36	42	40	49	54	52	75	48	84	42	115	61	112	95	126	155	152	190	78	84	33	146	182	140	321	441	512	311	321	160	54	86	122	369	723	680	589	1000	839	306	219	150	356	567	414	292	303	262	168	215	181	200	127	133	164	105	122	78	129	77	91	79	79	70	62	79	52	61	58
64	170	1	2	119	0	1953125	12	0.0	2579	1.46	0	0	V0.2	0	0	19	39	9	45	11	52	23	41	18	46	16	42	23	48	17	48	29	42	38	38	56	26	79	28	84	40	105	77	92	109	106	165	133	185	71	71	65	104	205	151	334	449	518	310	312	186	17	78	139	368	800	675	633	1000	897	281	252	139	353	636	399	337	284	293	178	224	208	189	156	117	184	106	123	91	124	100	82	98	74	81	62	83	58	61	64
64	170	1	2	119	0	1953125	12	0.0	2581	1.46	0	0	V0.2	0	0	38	19	46	27	45	33	42	30	43	26	43	18	52	19	49	22	47	33	37	55	31	73	32	87	43	88	80	93	97	90	143	122	187	138	126	39	61	173	126	215	273	499	472	352	265	175	85	167	56	370	764	708	626	1000	845	302	284	112	379	582	450	287	330	213	225	170	220	199	123	156	129	152	89	116	113	94	102	80	98	54	81	64	67	55	67
64	170	1	2	119	0	1953125	12	0.0	2579	1.46	0	0	V0.2	0	0	31	29	30	42	28	47	22	39	27	37	34	26	43	31	44	32	44	38	35	49	43	59	51	63	71	59	106	68	111	81	136	138	162	156	85	67	24	179	163	188	312	464	489	313	271	121	80	127	70	421	749	725	605	1000	789	272	216	98	422	577	453	275	330	243	205	212	203	220	122	161	149	133	116	97	135	81	114	83	99	66	77	77	58	60	62
64	170	1	2	119	0	1953125	12	0.0	2556	1.46	0	0	V0.2	0	0	38	17	48	12	54	19	46	18	49	22	44	24	54	25	51	32	52	41	47	62	37	80	42	95	43	92	84	95	101	89	142	127	196	151	132	47	63	162	111	183	276	481	469	348	277	156	58	180	86	385	746	703	604	1000	818	291	284	128	389	569	443	256	316	216	207	174	193	203	106	148	132	146	110	102	134	90	111	77	103	66	77	77	70	62	63
64	170	1	2	119	0	1953125	12	0.0	2579	1.46	0	0	V0.2	0	0	36	15	47	22	50	25	48	25	45	21	49	18	50	24	53	25	49	38	43	52	36	76	31	91	28	107	59	117	81	113	138	138	193	127	140	12	97	155	157	248	289	532	480	377	246	209	95	135	74	352	880	696	707	1000	923	257	290	62	367	678	414	368	303	265	237	191	257	175	178	131	177	145	106	132	102	122	85	116	81	79	77	76	65	58	72
64	170	1	2	119	0	1953125	12	0.0	2556	1.46	0	0	V0.2	0	0	28	37	43	35	51	32	50	33	47	41	38	48	36	57	36	57	47	56	59	59	66	71	80	88	65	109	73	135	78	138	129	162	201	165	154	43	122	111	159	213	288	531	488	378	273	237	71	159	92	328	898	680	672	999	968	274	301	93	347	693	414	345	281	263	239	172	252	180	171	129	172	165	99	140	110	136	87	105	95	77	88	76	87	56	77
64	170	1	2	119	0	1953125	12	0.0	2554	1.46	0	0	V0.2	0	0	33	21	51	9	56	6	55	11	50	25	48	31	46	40	49	40	52	47	51	55	48	77	51	95	39	112	55	129	75	123	130	143	200	143	153	21	110	131	144	223	272	522	475	375	261	223	73	163	89	335	883	682	685	1000	939	243	311	84	359	680	408	352	281	260	232	182	253	175	176	129	177	157	108	140	111	134	86	111	89	86	87	80	79	60	78
64	170	1	2	119	0	1953125	12	0.0	2581	1.46	0	0	V0.2	0	0	40	18	50	13	58	12	54	15	49	22	51	26	47	34	51	33	47	41	45	48	46	72	49	88	38	111	56	128	73	130	127	150	188	145	140	15	114	136	185	229	301	521	484	361	260	219	85	105	87	330	868	673	701	1000	945	245	278	74	358	681	399	371	280	282	216	207	246	176	180	118	187	126	118	118	111	117	78	107	72	87	71	83	65	66	69
64	170	1	2	119	0	1953125	12	0.0	2579	1.46	0	0	V0.2	0	0	31	19	49	8	58	8	56	9	49	23	45	28	45	36	46	39	48	39	42	50	44	67	47	88	35	110	56	127	71	128	132	144	185	137	138	5	112	145	180	240	298	535	479	364	245	217	110	119	68	348	882	683	699	999	948	278	280	56	368	690	426	370	300	268	248	196	268	185	181	138	176	154	100	138	103	124	82	116	93	83	86	75	75	56	75
64	170	1	2	119	0	1953125	12	0.0	2579	1.46	0	0	V0.2	0	0	25	36	41	31	49	31	51	27	44	37	37	43	31	51	33	52	38	46	46	44	60	51	77	65	70	93	85	120	79	137	113	167	161	170	116	43	116	114	215	198	334	494	492	329	278	205	66	85	106	375	869	664	682	1000	923	232	260	87	384	681	395	361	270	291	201	213	232	181	175	116	188	124	123	111	119	118	81	102	70	82	67	80	62	63	67
64	170	1	2	119	0	1953125	12	0.0	2554	1.46	0	0	V0.2	0	0	24	34	44	26	52	22	51	24	48	33	39	41	39	49	38	52	48	50	52	54	56	68	67	90	51	111	65	132	75	132	129	147	191	146	148	21	112	136	162	219	277	517	459	363	255	213	94	156	74	349	877	670	684	1000	922	230	315	63	384	679	406	339	285	247	238	172	257	186	167	139	162	167	94	143	111	133	97	117	110	76	92	76	86	54	77
64	170	1	2	119	0	1953125	12	0.0	2579	1.46	0	0	V0.2	0	0	40	21	53	14	61	14	58	17	53	23	50	28	48	37	53	37	49	43	48	52	49	73	52	90	43	114	61	131	77	137	131	153	188	148	142	15	122	138	189	226	305	519	477	354	262	229	94	105	74	336	870	655	681	1000	953	251	275	68	366	682	392	366	280	285	215	208	247	179	179	118	188	127	120	116	112	121	86	110	69	80	68	81	61	63	65
64	170	1	2	119	0	1953125	12	0.0	2579	1.46	0	0	V0.2	0	0	25	28	43	22	52	20	53	16	44	30	40	36	36	46	37	45	42	42	43	42	52	52	64	73	57	99	71	124	69	134	116	158	163	155	123	23	123	127	220	216	322	502	484	331	260	214	94	78	91	363	883	672	693	1000	933	231	255	65	383	696	404	376	283	295	220	219	256	190	187	125	193	134	123	124	122	129	87	110	77	86	74	82	64	62	70
64	170	1	2	119	0	1953125	12	0.0	2554	1.46	0	0	V0.2	0	0	34	33	51	22	58	20	57	24	54	32	44	43	46	49	45	52	52	53	59	62	57	80	65	100	44	116	65	137	83	133	137	141	205	147	158	11	117	148	143	214	261	520	456	366	255	218	95	169	54	332	849	671	655	1000	921	267	322	91	362	655	419	317	292	232	239	157	245	187	147	138	145	166	84	133	109	121	94	96	103	67	88	68	81	50	71
64	170	1	2	119	0	1953125	12	0.0	2579	1.46	0	0	V0.2	0	0	36	14	48	12	53	16	52	17	47	19	47	21	46	28	48	28	47	38	43	47	40	69	39	86	32	106	51	123	70	123	128	145	180	131	131	5	105	141	184	238	295	511	471	353	247	215	88	113	97	343	883	679	696	1000	947	243	294	89	361	687	399	373	289	288	222	208	252	176	178	118	185	128	117	121	111	114	79	113	77	87	71	82	64	64	69
64	170	1	2	119	0	1953125	12	0.0	2554	1.46	0	0	V0.2	0	0	31	35	48	26	55	23	55	26	51	35	44	45	43	50	43	53	50	52	56	60	60	75	67	96	50	115	63	137	78	134	134	148	203	150	154	13	116	138	151	219	272	525	465	370	251	217	90	169	76	346	892	692	677	1000	930	253	325	92	368	676	413	327	287	242	242	160	251	186	157	136	153	168	88	140	110	129	93	107	111	73	88	69	81	50	74
64	170	1	2	119	0	1953125	12	0.0	2579	1.46	0	0	V0.2	0	0	36	14	45	21	50	24	49	23	45	20	48	16	48	24	52	26	50	38	43	50	35	73	30	90	26	106	57	121	79	116	137	138	190	126	139	13	97	155	161	245	283	522	469	364	244	229	95	135	69	328	875	688	677	1000	965	291	298	90	341	671	409	363	301	276	239	197	263	179	179	127	179	142	107	134	108	125	78	108	76	81	76	77	65	59	72
64	170	1	2	119	0	1953125	12	0.0	2581	1.46	0	0	V0.2	0	0	36	18	51	6	56	11	55	11	51	23	47	25	47	31	46	33	48	37	42	51	40	71	42	90	26	105	57	123	74	121	138	137	190	131	141	11	98	155	158	241	278	524	466	361	245	219	94	154	63	344	868	691	672	1000	927	275	308	84	354	654	420	338	306	251	242	173	255	181	160	136	157	157	85	134	100	120	85	104	94	64	78	65	73	50	73
64	170	1	2	119	0	1953125	12	0.0	2579	1.46	0	0	V0.2	0	0	31	12	48	15	50	20	47	18	46	21	44	17	50	23	47	25	50	34	37	52	30	67	25	89	26	99	63	113	81	105	142	125	186	120	132	31	78	169	146	243	272	516	458	350	237	201	100	162	48	361	844	704	654	1000	900	283	299	81	371	632	433	321	326	242	248	173	254	195	149	146	143	159	81	133	107	110	85	92	94	63	84	66	72	51	74
64	170	1	2	119	0	1953125	12	0.0	2581	1.46	0	0	V0.2	0	0	35	18	52	6	57	8	54	9	49	20	46	26	46	30	46	33	47	35	40	50	39	68	40	88	25	105	54	124	72	120	134	133	187	130	141	7	99	148	154	235	272	519	456	358	250	224	90	162	64	333	856	675	667	1000	933	267	316	76	351	641	405	336	305	250	238	168	254	179	160	131	154	152	81	127	94	118	83	100	84	64	79	68	73	53	75
64	170	1	2	119	0	1953125	12	0.0	2579	1.46	0	0	V0.2	0	0	31	12	47	11	50	19	47	15	46	19	43	16	48	20	44	24	46	31	34	49	28	67	27	88	22	95	55	107	75	101	134	118	181	115	131	16	79	153	126	222	252	500	444	351	251	214	83	181	65	322	800	676	643	1000	894	278	332	107	343	604	417	313	319	227	233	162	244	181	140	138	136	152	73	126	100	106	83	85	86	58	83	63	68	47	69
64	170	1	2	119	0	1953125	12	0.0	2581	1.46	0	0	V0.2	0	0	33	14	47	12	50	15	48	15	46	19	43	18	46	22	45	24	42	30	36	50	31	68	30	87	20	95	56	108	75	103	135	120	183	123	136	15	80	152	127	222	253	500	446	352	253	217	74	186	70	334	813	679	639	1000	907	285	341	116	340	603	413	311	317	230	229	156	239	179	137	132	135	151	74	124	98	107	82	86	84	56	79	62	70	49	71
64	170	1	2	119	0	1953125	12	0.0	2579	1.46	0	0	V0.2	0	0	29	10	44	18	44	24	43	19	40	20	41	12	46	16	44	20	45	30	31	48	26	65	20	82	26	84	62	98	80	88	133	113	173	111	124	23	58	152	115	222	256	484	445	350	251	198	56	199	87	351	788	703	641	1000	874	293	355	141	346	583	426	296	322	216	225	157	227	181	122	138	123	146	73	118	99	92	83	84	93	54	78	59	64	42	63
64	170	1	2	119	0	1953125	12	0.0	2581	1.46	0	0	V0.2	0	0	22	34	34	33	40	30	42	27	35	34	30	37	22	49	25	44	28	41	39	34	55	39	71	48	68	73	79	101	72	121	99	158	142	166	96	55	85	80	192	177	309	455	482	316	295	206	24	128	164	339	838	659	650	1000	921	249	319	160	331	636	375	337	268	278	173	200	204	164	146	98	173	104	114	93	113	102	76	95	66	75	57	75	54	58	59
64	170	1	2	119	0	1953125	12	0.0	2579	1.46	0	0	V0.2	0	0	24	20	43	12	49	11	51	9	43	23	38	28	34	37	34	37	38	34	34	37	42	51	52	71	40	90	50	111	54	117	110	142	159	137	117	31	91	102	169	213	285	487	460	343	271	226	43	161	130	322	863	659	680	1000	939	245	346	125	326	651	381	352	278	268	205	184	235	160	159	104	168	126	96	115	101	112	68	99	72	76	70	70	60	51	65
64	170	1	2	119	0	1953125	12	0.0	2581	1.46	0	0	V0.2	0	0	35	13	47	14	49	19	45	16	44	18	41	17	48	20	46	23	43	30	35	49	27	70	28	86	20	90	57	102	76	95	133	113	180	117	131	13	73	153	118	218	249	492	440	348	256	211	57	208	88	344	798	681	633	1000	881	276	369	134	342	590	415	295	310	212	219	145	226	175	125	130	122	143	68	117	95	97	79	76	85	53	77	58	66	45	66
64	170	1	2	119	0	1953125	12	0.0	2579	1.46	0	0	V0.2	0	0	29	14	40	24	42	32	37	25	39	23	39	10	46	14	43	16	45	27	29	47	26	63	21	80	35	80	69	87	83	81	131	108	167	113	112	32	49	167	117	208	251	477	435	326	248	172	67	203	76	373	778	688	615	1000	831	245	349	119	382	578	423	275	321	206	214	154	218	189	113	140	117	141	75	114	107	87	86	75	93	51	78	59	61	47	63
64	170	1	2	119	0	1953125	12	0.0	2581	1.46	0	0	V0.2	0	0	33	12	48	11	52	16	47	12	46	17	44	15	47	20	46	23	43	29	35	48	26	66	25	87	15	97	54	109	72	100	130	112	178	112	129	24	75	160	129	224	246	499	434	345	241	196	86	191	71	353	829	678	651	1000	875	228	372	106	366	621	410	303	304	214	221	146	238	176	133	130	130	147	64	119	93	105	84	88	88	55	79	60	68	43	64
64	170	1	2	119	0	1953125	12	0.0	2604	1.47	0	0	V0.2	0	0	33	15	42	28	43	29	45	31	39	22	47	14	47	15	49	14	44	27	29	43	24	61	10	80	24	95	51	108	68	98	130	119	167	99	117	51	87	172	169	255	276	520	453	333	209	200	133	131	56	358	890	694	677	999	917	249	307	70	376	668	410	354	324	261	241	185	272	181	166	132	162	141	79	124	88	108	72	100	70	66	75	66	57	52	68
64	170	1	2	119	0	1953125	12	0.0	2581	1.46	0	0	V0.2	0	0	25	34	44	25	52	22	50	21	46	30	35	38	36	42	33	47	39	37	41	45	46	54	62	81	41	98	60	121	59	124	123	139	173	139	135	19	109	126	165	218	270	508	451	343	248	233	83	172	87	324	871	662	651	1000	944	261	351	108	346	654	401	325	302	249	236	160	254	183	149	127	148	157	71	125	97	112	79	96	95	56	77	66	76	45	70
64	170	1	2	119	0	1953125	12	0.0	2579	1.46	0	0	V0.2	0	0	29	10	44	19	47	25	44	21	42	19	41	10	48	14	46	20	46	30	32	48	24	63	16	85	29	89	63	101	80	89	135	112	174	107	122	34	59	170	125	227	253	493	434	332	231	185	89	191	70	364	814	694	632	999	869	250	357	105	381	612	426	297	319	215	227	156	240	190	130	142	127	149	70	122	102	99	86	86	95	53	79	59	66	46	66
64	170	1	2	119	0	1953125	12	0.0	2606	1.47	0	0	V0.2	0	0	33	13	50	10	54	13	55	15	47	17	48	19	45	27	49	25	41	27	31	42	35	59	34	79	22	99	45	119	55	119	119	142	160	125	119	27	115	142	209	243	301	508	468	321	224	209	117	95	94	367	920	677	690	999	932	205	291	63	386	699	385	372	296	291	219	202	261	177	175	112	184	124	101	111	100	109	67	105	69	81	68	77	57	60	66
64	170	1	2	119	0	1953125	12	0.0	2579	1.46	0	0	V0.2	0	0	27	24	49	8	56	7	53	5	50	21	40	28	47	30	39	36	48	33	37	50	33	62	40	90	17	102	55	119	64	111	138	125	182	121	140	25	92	157	143	233	251	513	445	332	227	218	123	170	59	332	846	686	610	1000	920	298	313	122	363	633	431	299	336	244	249	167	259	214	138	151	140	167	77	128	117	109	96	84	104	56	85	66	72	46	71
64	170	1	2	119	0	1953125	12	0.0	2606	1.47	0	0	V0.2	0	0	35	19	43	32	44	34	42	32	40	26	47	15	49	15	49	15	43	23	25	43	22	58	8	80	28	91	55	104	72	92	136	117	168	101	124	53	71	170	153	258	264	513	447	321	210	219	127	154	64	340	864	695	629	1000	946	289	323	95	362	650	418	332	331	255	244	170	266	187	157	134	151	148	70	124	87	104	70	95	79	60	74	63	62	49	70
64	170	1	2	119	0	1953125	12	0.0	2604	1.47	0	0	V0.2	0	0	30	8	48	16	49	17	52	17	45	19	45	9	49	19	47	19	45	23	24	44	22	56	14	84	18	91	44	107	58	96	132	114	160	94	118	63	71	172	165	258	252	509	442	315	203	202	150	145	56	342	865	701	639	1000	905	256	321	84	377	649	424	319	339	244	245	167	268	199	143	142	140	153	59	124	92	96	74	92	91	50	78	58	63	41	69
64	170	1	2	119	0	1953125	12	0.0	2601	1.47	0	0	V0.2	0	0	35	17	51	26	52	32	46	25	47	27	48	12	55	19	50	18	49	24	25	51	25	62	11	88	36	94	68	102	78	90	149	115	174	104	119	73	69	200	153	260	272	525	454	301	196	183	175	152	30	398	871	727	589	1000	897	310	281	91	423	643	457	288	361	252	253	179	259	231	132	162	139	164	76	121	115	94	93	81	100	49	84	66	70	49	70
64	170	1	2	119	0	1953125	12	0.0	2604	1.47	0	0	V0.2	0	0	31	8	50	16	51	18	53	20	45	21	48	11	50	19	49	19	48	24	25	46	23	61	13	85	20	97	48	109	62	98	136	117	165	94	121	61	79	176	167	270	273	525	446	316	196	200	156	149	59	367	894	716	639	1000	925	279	312	69	393	671	444	326	341	252	254	172	272	206	150	147	143	158	64	126	97	100	75	92	93	54	80	60	65	43	72
64	170	1	2	119	0	1953125	12	0.0	2606	1.47	0	0	V0.2	0	0	27	24	52	7	57	10	60	6	50	26	47	26	44	38	43	34	43	28	30	39	39	55	44	80	29	100	52	123	48	121	119	143	154	128	123	39	113	141	218	257	304	521	471	311	213	204	144	109	114	369	958	710	684	1000	949	217	311	69	388	725	409	363	303	285	243	182	274	186	173	121	174	150	84	125	93	117	66	104	78	66	73	71	68	48	72
64	170	1	2	119	0	1953125	12	0.0	2604	1.47	0	0	V0.2	0	0	31	11	49	21	49	23	50	23	44	25	47	11	51	17	48	19	48	26	26	48	25	61	9	85	29	93	56	105	69	94	143	115	166	94	116	72	73	191	165	271	280	527	442	308	189	179	165	156	53	397	891	733	632	999	893	270	305	63	415	664	458	315	351	248	255	174	265	217	142	155	140	159	69	124	103	97	84	86	95	53	83	62	67	45	72
64	170	1	2	119	0	1953125	12	0.0	2606	1.47	0	0	V0.2	0	0	23	26	48	17	53	16	58	10	44	28	43	30	37	41	38	36	38	29	30	35	43	45	50	70	41	93	60	116	49	122	110	152	141	133	106	28	120	132	237	248	329	507	481	294	216	189	131	99	150	391	962	721	691	1000	938	193	302	102	395	739	414	370	287	296	228	192	260	181	175	110	182	136	93	114	99	117	65	105	73	73	67	74	63	55	70
64	170	1	2	119	0	1953125	12	0.0	2604	1.47	0	0	V0.2	0	0	30	10	51	16	54	20	56	21	47	22	49	13	51	21	49	21	50	29	29	48	27	63	15	87	23	101	55	115	69	104	142	124	168	93	116	77	88	193	185	291	305	545	456	314	173	173	169	148	91	423	951	765	670	1000	906	260	309	58	429	705	473	337	343	261	265	179	274	215	156	153	150	166	72	131	103	108	82	95	99	58	85	63	70	44	72
64	170	1	2	119	0	1953125	12	0.0	2606	1.47	0	0	V0.2	0	0	25	42	13	48	5	57	11	43	16	48	19	38	29	48	24	44	30	32	25	38	52	27	65	27	84	27	115	56	97	90	125	153	120	161	41	57	74	163	232	187	354	446	502	236	251	135	65	125	142	453	844	741	561	1000	871	249	243	160	414	652	431	304	305	310	175	222	201	216	145	121	177	102	116	71	131	91	85	90	80	73	54	82	53	56	58
64	170	1	2	119	0	1953125	12	0.0	2604	1.47	0	0	V0.2	0	0	13	42	21	42	20	53	34	37	24	48	22	42	20	53	13	50	29	37	30	34	58	15	67	30	77	48	104	84	76	108	108	161	101	157	64	23	109	124	261	208	369	462	509	241	243	165	84	110	174	437	923	738	618	1000	926	215	263	152	401	712	418	351	288	326	201	218	233	200	170	103	188	115	108	91	116	110	70	99	69	74	55	78	57	51	60
64	170	1	2	119	0	1953125	12	0.0	2606	1.47	0	0	V0.2	0	0	30	19	54	2	57	4	60	5	50	21	47	21	46	32	45	32	45	26	28	41	34	59	36	84	20	104	47	123	52	118	128	135	156	111	120	56	98	151	206	279	299	534	467	308	200	203	151	152	149	376	973	744	664	1000	967	232	356	116	381	729	440	349	310	276	251	166	265	186	164	122	160	155	70	123	91	114	68	101	85	64	75	66	70	46	71
64	170	1	2	119	0	1953125	12	0.0	2604	1.47	0	0	V0.2	0	0	29	19	41	36	42	41	38	35	38	32	41	15	51	21	45	18	47	29	23	46	32	54	18	77	58	78	79	87	90	74	145	112	155	94	87	99	31	210	165	272	295	513	457	283	178	120	162	201	81	456	888	795	597	999	832	235	334	101	452	650	490	277	355	248	236	184	232	231	116	157	130	152	86	108	122	83	94	69	98	50	81	65	60	47	66
64	170	1	2	119	0	1953125	12	0.0	2601	1.47	0	0	V0.2	0	0	32	26	58	8	59	10	65	10	54	27	50	29	47	38	46	37	48	34	34	46	42	59	44	88	29	108	55	129	57	126	132	148	159	118	124	51	115	158	222	285	322	536	475	306	189	188	161	133	155	409	1000	747	673	985	932	198	332	105	405	742	436	353	305	283	251	169	264	186	165	119	162	156	75	124	92	118	69	101	84	60	70	64	69	44	71
64	170	1	2	119	0	1953125	12	0.0	2604	1.47	0	0	V0.2	0	0	30	38	11	42	16	59	5	45	18	46	17	38	32	43	27	45	28	30	27	43	53	24	66	24	81	26	123	56	92	90	128	151	111	156	37	48	89	164	256	193	370	456	505	225	243	130	83	143	165	476	905	762	598	1000	868	185	260	164	426	707	429	331	289	331	194	213	219	207	166	97	185	121	109	85	120	116	62	93	74	77	53	78	64	46	58
64	170	1	2	119	0	1953125	12	0.0	2601	1.47	0	0	V0.2	0	0	33	22	43	36	41	44	35	35	37	35	40	17	51	24	45	20	46	28	23	48	34	57	26	78	60	76	89	86	94	79	153	121	157	108	87	98	29	208	174	270	309	512	469	275	187	123	146	201	88	474	885	800	571	1000	843	255	321	117	454	641	488	266	359	263	231	187	222	236	115	155	135	149	98	99	128	82	101	72	102	55	76	68	60	51	63
64	170	1	2	119	0	1953125	12	0.0	2604	1.47	0	0	V0.2	0	0	22	26	44	17	48	22	57	12	41	31	43	29	33	45	37	36	36	33	30	33	49	44	48	62	48	86	69	112	52	118	103	155	115	130	90	28	121	119	259	257	350	488	494	262	221	167	130	130	206	414	980	752	655	1000	940	168	316	166	398	745	421	362	286	316	213	202	245	185	172	98	184	121	101	98	107	110	66	102	67	75	60	76	53	54	63
64	170	1	2	119	0	1953125	12	0.0	2601	1.47	0	0	V0.2	0	0	27	22	52	8	55	10	59	5	47	25	47	26	43	37	43	32	42	28	29	39	39	54	42	78	29	99	52	122	50	120	118	142	142	114	111	56	119	148	233	280	324	519	465	279	184	172	170	136	180	413	1000	739	647	952	908	176	329	124	404	747	429	351	292	289	244	173	260	185	170	113	171	151	81	120	96	120	66	102	83	69	71	71	70	49	71
64	170	1	2	119	0	1953125	12	0.0	2604	1.47	0	0	V0.2	0	0	31	10	53	15	53	15	59	20	48	19	52	11	50	23	51	22	47	27	28	47	28	63	16	89	20	103	48	120	65	110	138	125	159	87	113	86	90	189	203	310	310	550	466	306	173	168	184	180	156	433	1000	787	665	998	921	216	360	102	425	736	477	339	338	271	264	166	272	206	156	139	151	166	70	129	100	113	76	97	92	58	80	65	70	44	72
64	170	1	2	119	0	1953125	12	0.0	2601	1.47	0	0	V0.2	0	0	32	12	53	22	50	23	51	21	45	21	47	12	51	16	50	19	48	24	24	46	24	62	9	86	27	96	55	112	74	101	142	115	163	85	106	94	68	200	188	306	302	551	465	309	177	158	171	207	155	451	973	803	650	1000	899	217	386	128	429	713	492	315	340	251	255	158	254	210	139	143	136	164	71	122	102	103	85	87	97	50	80	61	70	43	70
64	170	1	2	119	0	1953125	12	0.0	2604	1.47	0	0	V0.2	0	0	23	24	44	14	48	20	58	12	42	28	42	30	34	43	36	36	37	33	30	35	48	45	46	64	46	91	66	115	52	121	106	152	120	123	93	38	126	124	258	265	353	498	490	264	207	156	147	139	216	444	999	753	650	965	902	142	315	164	415	751	426	360	281	309	219	194	247	184	174	103	184	130	99	105	106	115	64	102	69	74	62	73	58	52	64
64	170	1	2	119	0	1953125	12	0.0	2601	1.47	0	0	V0.2	0	0	23	41	46	28	51	32	57	25	49	40	39	42	40	48	33	50	44	34	36	46	50	48	60	79	44	98	72	127	53	130	126	150	147	130	118	47	122	152	241	277	331	532	474	293	195	185	164	139	172	431	1000	740	650	961	912	194	340	115	404	736	446	337	309	276	252	155	257	197	154	124	151	166	68	119	95	116	75	92	94	54	72	62	74	38	68
64	170	1	2	119	0	1953125	12	0.0	2604	1.47	0	0	V0.2	0	0	28	19	49	6	52	12	60	6	45	25	48	24	41	38	44	33	42	32	29	39	42	53	39	76	36	98	55	122	51	123	116	148	134	115	107	45	118	140	250	283	339	517	486	287	208	189	147	133	198	423	1000	751	668	987	954	190	327	136	396	752	433	372	305	307	235	188	262	186	174	109	178	139	91	115	97	115	62	104	73	71	67	72	60	50	68
64	170	2	2	119	0	1953125	12	0.0	2601	1.47	0	0	V0.2	0	0	33	27	57	9	60	11	64	8	52	29	51	27	48	38	47	37	48	34	35	46	42	62	43	89	30	107	57	131	61	126	135	148	160	116	122	55	114	160	227	289	322	542	481	309	198	195	164	138	160	418	1000	749	662	982	934	197	342	104	403	743	441	352	314	284	248	165	263	188	162	120	165	157	72	123	93	118	69	102	86	59	71	65	69	42	69
64	170	2	2	119	0	1953125	12	0.0	2604	1.47	0	0	V0.2	0	0	31	10	51	15	51	17	56	20	46	22	48	12	51	23	48	21	50	30	28	47	29	62	14	88	24	101	52	119	70	106	142	127	163	91	116	81	82	188	199	306	309	546	467	316	183	186	167	164	136	434	971	781	657	999	929	246	346	93	411	710	475	335	350	271	263	169	269	210	152	144	150	166	70	129	101	110	79	93	94	57	82	63	70	44	74
64	170	2	2	119	0	1953125	12	0.0	2601	1.47	0	0	V0.2	0	0	28	22	52	8	55	9	59	7	48	23	47	24	41	36	42	33	41	29	29	40	38	53	41	77	33	102	54	124	54	126	123	147	147	116	111	45	117	149	237	285	339	537	487	311	211	194	145	132	183	421	999	760	687	998	967	206	339	127	389	745	446	371	312	301	246	178	264	185	175	117	175	151	85	121	96	120	66	106	82	71	72	74	71	51	72
64	170	2	2	119	0	1953125	12	0.0	2604	1.47	0	0	V0.2	0	0	23	24	46	16	48	19	58	12	42	29	43	28	33	42	36	36	37	32	29	34	47	46	48	67	48	91	68	120	55	125	110	156	127	127	98	29	124	129	260	261	349	506	499	289	230	182	125	111	196	433	993	753	677	1000	951	181	324	148	396	746	430	375	297	314	226	200	253	184	175	106	183	131	100	108	104	115	69	106	70	74	65	78	60	53	67
64	170	2	2	119	0	1953125	12	0.0	2601	1.47	0	0	V0.2	0	0	26	20	52	5	53	7	59	3	45	21	47	23	42	35	42	32	42	27	27	38	35	52	40	79	26	97	50	125	51	121	116	140	141	111	106	57	112	153	234	277	320	523	475	303	213	184	152	137	188	419	990	743	693	1000	938	168	370	135	399	743	431	365	306	289	238	172	261	180	169	114	170	149	82	121	95	120	68	106	79	68	72	70	68	48	70
64	170	2	2	119	0	1953125	12	0.0	2604	1.47	0	0	V0.2	0	0	27	21	50	9	51	12	62	7	46	26	48	26	40	40	42	35	40	31	30	37	44	52	43	75	40	99	59	123	52	123	112	153	133	120	104	41	129	142	256	270	344	517	494	300	225	184	148	111	185	432	999	745	693	999	946	174	324	122	403	752	426	382	305	310	231	196	264	182	176	108	180	134	93	111	97	113	65	107	71	73	65	75	61	52	67
64	170	2	2	119	0	1953125	12	0.0	2581	1.46	0	0	V0.2	0	0	29	32	52	20	57	17	55	15	51	29	42	37	45	43	39	46	45	37	42	50	45	62	56	93	31	110	60	136	65	129	139	147	182	123	125	43	111	166	192	269	304	558	480	340	213	194	157	153	130	435	1000	750	669	989	923	214	365	101	420	736	460	334	322	265	261	158	266	209	158	143	155	183	85	139	116	131	93	97	107	62	85	68	84	49	75
64	170	2	2	119	0	1953125	12	0.0	2579	1.46	0	0	V0.2	0	0	27	23	48	13	56	13	57	8	45	24	43	29	37	41	41	39	43	41	40	41	46	57	54	79	45	107	58	131	63	130	123	157	166	135	117	20	107	127	212	256	324	529	496	329	248	219	108	120	165	403	987	729	665	1000	977	215	342	139	383	741	424	368	294	303	232	194	261	186	182	115	188	144	106	127	115	133	80	116	84	81	74	79	69	54	71
64	170	2	2	119	0	1953125	12	0.0	2581	1.46	0	0	V0.2	0	0	30	23	49	12	56	9	56	9	48	23	45	30	39	41	41	39	42	37	38	42	47	59	55	83	40	106	58	131	62	131	124	153	167	134	117	26	107	134	209	255	314	528	488	332	250	209	113	135	169	407	982	722	675	1000	959	187	368	146	392	741	421	365	289	291	227	178	253	178	175	109	180	146	101	124	105	131	81	118	86	81	76	79	73	56	72
64	170	2	2	119	0	1953125	12	0.0	2579	1.46	0	0	V0.2	0	0	33	45	6	51	9	59	6	54	19	46	15	50	24	45	26	60	27	39	44	42	57	24	90	30	82	53	121	92	91	129	116	164	131	178	80	34	107	118	256	202	355	500	506	311	282	188	108	110	178	432	976	721	696	1000	933	180	359	151	387	745	435	360	291	290	244	161	255	194	168	121	157	174	80	128	103	136	82	94	104	68	80	65	89	50	72
64	170	2	2	119	0	1953125	12	0.0	2601	1.47	0	0	V0.2	0	0	19	38	25	44	34	40	34	38	29	40	24	44	16	50	19	46	23	35	32	24	54	18	68	16	85	41	105	68	96	100	109	158	113	151	32	59	95	164	236	197	359	450	515	255	256	109	79	152	116	495	843	772	570	1000	823	227	269	138	458	627	466	293	350	278	189	218	201	223	119	152	151	118	111	88	131	65	99	70	87	58	78	72	53	61	61
64	170	2	2	119	0	1953125	12	0.0	2604	1.47	0	0	V0.2	0	0	28	17	51	4	53	9	61	8	46	24	48	22	42	37	44	31	43	30	29	38	38	53	39	77	30	100	52	123	52	122	119	146	142	115	109	44	119	149	242	270	330	526	491	322	227	200	146	97	159	418	974	736	708	1000	940	203	324	94	401	735	433	388	322	299	236	191	268	183	176	120	177	141	88	121	97	117	67	107	77	69	69	69	62	51	69
64	170	2	2	119	0	1953125	12	0.0	2581	1.46	0	0	V0.2	0	0	21	44	39	37	44	39	50	32	44	42	34	46	31	54	26	56	37	43	43	46	61	45	78	74	66	96	85	132	68	140	125	171	162	159	120	15	125	125	229	238	326	530	510	325	248	224	132	85	141	413	1000	718	658	976	957	216	324	112	395	752	422	361	299	305	246	179	264	190	178	119	184	165	96	133	107	135	76	113	96	80	81	79	85	51	78
64	170	1	2	119	0	1953125	12	0.0	2579	1.46	0	0	V0.2	0	0	22	35	41	32	47	33	53	24	39	38	38	39	29	53	29	49	37	45	42	39	61	43	73	59	72	88	88	120	78	137	117	180	154	172	109	35	118	108	232	209	344	502	529	305	276	241	85	54	137	400	938	707	603	991	1000	269	265	139	384	709	415	358	303	334	210	230	246	208	186	124	209	128	133	107	135	122	92	115	86	92	72	95	65	68	70
64	170	2	2	119	0	1953125	12	0.0	2581	1.46	0	0	V0.2	0	0	22	38	38	36	44	35	47	29	39	40	32	42	26	55	27	51	35	45	42	38	61	39	79	54	76	82	94	118	83	137	115	182	153	178	103	42	109	105	232	205	347	493	537	315	290	229	62	54	148	400	926	722	615	1000	989	271	276	158	372	698	422	356	305	331	202	224	231	202	175	115	197	119	130	99	132	112	91	112	85	91	68	93	63	69	70
64	170	2	2	119	0	1953125	12	0.0	2579	1.46	0	0	V0.2	0	0	29	21	50	9	54	9	58	10	48	24	45	29	41	40	42	37	43	40	42	46	46	63	51	84	40	105	57	129	67	129	132	159	181	138	134	2	111	123	187	252	310	529	498	356	249	258	99	101	122	368	939	710	640	972	1000	305	320	124	339	697	428	365	312	302	242	192	263	187	180	124	185	154	103	130	111	133	85	118	89	82	80	79	71	55	75
64	170	2	2	119	0	1953125	12	0.0	2581	1.46	0	0	V0.2	0	0	37	18	53	8	57	13	56	13	53	22	48	24	50	30	50	32	49	37	42	54	38	74	38	96	26	109	60	127	80	121	151	144	201	129	145	20	97	158	153	257	286	545	490	377	256	251	103	147	88	376	909	737	645	1000	980	323	361	135	339	662	457	340	333	262	251	164	257	188	154	135	151	164	80	131	102	119	82	98	94	69	85	70	78	52	76
64	170	1	2	119	0	1953125	12	0.0	2579	1.46	0	0	V0.2	0	0	34	12	49	19	51	24	49	23	46	21	46	14	51	19	50	24	49	33	37	52	28	70	22	92	29	100	66	114	86	103	149	129	189	113	129	39	77	173	139	253	279	532	476	361	245	222	116	156	66	389	876	740	629	1000	941	310	353	124	363	644	468	321	344	248	252	165	253	199	147	148	143	165	79	133	109	118	97	95	98	61	87	67	73	48	73
64	170	1	2	119	0	1953125	12	0.0	2581	1.46	0	0	V0.2	0	0	37	15	54	5	58	11	56	10	50	19	47	22	49	30	49	31	49	37	41	53	37	71	36	92	22	109	57	129	75	118	141	137	192	120	137	22	95	160	158	251	281	541	482	370	247	234	110	144	98	381	922	732	658	1000	962	272	375	128	356	680	451	344	323	258	248	158	255	183	157	131	152	160	78	131	97	119	80	105	97	70	84	67	75	50	73
64	170	1	2	119	0	1953125	12	0.0	2579	1.46	0	0	V0.2	0	0	32	11	49	13	52	20	51	17	47	20	44	13	49	21	48	25	48	33	36	51	30	69	23	90	24	101	63	119	81	105	145	129	189	113	130	36	80	168	144	251	277	535	473	357	238	226	116	152	72	387	893	733	638	1000	939	293	361	125	368	659	458	329	341	253	250	164	260	199	150	145	148	165	77	134	110	121	91	93	96	62	84	66	74	49	71
64	170	1	2	119	0	1953125	12	0.0	2581	1.46	0	0	V0.2	0	0	23	52	23	37	16	55	48	24	29	50	41	27	24	56	44	27	41	48	37	27	53	85	15	72	38	112	71	97	120	103	134	117	218	156	64	63	44	191	181	142	381	483	499	337	343	171	19	86	141	440	869	705	673	999	952	311	318	191	283	697	459	340	268	305	277	141	213	203	173	133	105	187	112	103	83	126	125	52	87	86	81	54	61	86	58
64	170	1	2	119	0	1953125	12	0.0	2604	1.47	0	0	V0.2	0	0	21	22	37	19	46	20	50	18	38	28	34	31	24	41	27	36	27	32	33	27	48	30	54	39	62	70	78	93	68	113	96	159	111	147	62	26	102	107	243	197	354	450	511	280	278	169	37	91	157	432	866	729	620	999	897	242	288	171	393	652	428	342	320	306	171	224	200	200	142	125	171	92	119	74	125	75	88	78	66	63	61	74	38	61	55
64	170	1	2	119	0	1953125	12	0.0	2581	1.46	0	0	V0.2	0	0	22	39	41	31	48	31	50	28	42	34	34	42	32	48	27	51	36	38	41	45	52	45	70	73	51	93	70	126	61	132	122	157	166	151	124	28	104	116	202	238	304	522	492	349	262	243	88	124	140	371	949	707	672	999	972	242	375	140	346	704	424	357	306	279	238	165	256	177	165	119	165	158	78	125	98	127	77	105	93	71	83	72	77	44	72
64	170	1	2	119	0	1953125	12	0.0	2579	1.46	0	0	V0.2	0	0	32	13	52	4	56	9	57	8	47	18	47	21	49	30	47	31	49	35	35	47	33	65	35	90	20	105	51	129	66	115	136	142	184	118	132	31	93	150	175	264	284	536	486	358	236	241	115	131	116	376	951	733	671	1000	964	255	372	123	364	707	436	360	324	275	245	173	271	184	167	129	170	160	84	136	104	126	78	111	92	69	78	69	71	48	72
64	170	1	2	119	0	1953125	12	0.0	2581	1.46	0	0	V0.2	0	0	33	19	53	7	59	6	59	8	52	23	47	28	47	37	46	37	46	39	41	50	44	68	48	90	30	109	55	134	68	124	137	151	191	135	141	11	109	136	171	248	285	539	493	362	248	267	111	124	103	352	947	715	644	994	1000	295	355	137	340	701	428	355	319	285	246	173	268	184	172	125	172	158	85	132	101	128	80	111	87	73	83	79	78	54	77
64	170	1	2	119	0	1953125	12	0.0	2579	1.46	0	0	V0.2	0	0	30	12	52	3	56	8	57	8	48	18	47	21	46	29	47	31	47	36	38	49	35	68	35	91	20	107	53	129	70	116	140	140	192	121	137	20	103	146	153	251	280	544	487	364	242	261	116	145	98	364	941	725	647	1000	992	305	373	141	348	696	443	353	333	275	254	172	270	190	168	136	167	164	83	137	105	130	88	113	95	65	82	70	74	48	73
64	170	1	2	119	0	1953125	12	0.0	2581	1.46	0	0	V0.2	0	0	24	35	44	27	51	27	52	22	45	33	35	41	34	45	29	48	38	38	40	46	51	51	67	78	47	98	65	127	60	131	127	153	174	146	134	22	111	117	183	235	292	531	490	357	260	266	90	134	118	356	940	707	658	998	1000	294	370	138	329	696	437	353	315	276	246	166	264	187	167	128	165	165	79	130	101	127	81	104	96	68	87	76	84	47	75
64	170	1	2	119	0	1953125	12	0.0	2579	1.46	0	0	V0.2	0	0	29	25	32	40	30	49	22	39	28	37	31	23	46	29	40	28	45	36	32	51	40	57	46	66	70	55	105	71	107	75	141	139	164	148	88	68	18	170	149	185	300	465	502	306	282	179	113	126	113	412	784	748	538	999	873	339	291	195	371	576	466	267	354	260	209	201	207	229	119	155	145	137	111	92	136	80	104	73	103	66	75	73	58	58	60
64	170	1	2	119	0	1953125	12	0.0	2581	1.46	0	0	V0.2	0	0	31	23	49	8	57	6	52	8	52	21	41	31	46	31	41	37	45	32	39	52	36	67	43	92	18	102	58	120	69	113	148	132	195	126	141	21	94	152	131	240	268	532	478	365	251	249	114	163	82	373	871	733	616	1000	947	354	365	173	335	628	468	305	349	246	248	160	245	210	130	148	134	166	82	120	117	104	97	81	105	55	81	67	75	51	71
64	170	1	2	119	0	1953125	12	0.0	2579	1.46	0	0	V0.2	0	0	65	107	158	189	184	186	174	152	121	103	105	117	120	127	120	133	79	43	27	47	112	173	221	248	257	261	267	242	222	187	154	175	197	279	331	343	312	442	307	528	194	507	203	524	148	601	309	735	39	839	228	769	543	1000	811	833	681	708	763	371	657	128	500	191	290	189	307	203	223	177	212	211	218	195	174	150	128	121	122	104	84	71	65	70	47
64	170	1	2	119	0	1953125	12	0.0	2581	1.46	0	0	V0.2	0	0	19	41	24	44	31	43	34	40	26	42	23	43	18	52	18	50	27	44	39	35	62	29	79	32	84	55	105	91	91	118	106	174	136	182	71	69	77	102	208	159	334	447	525	296	310	210	43	68	172	385	852	708	578	1000	944	295	302	208	350	636	417	318	302	300	170	218	197	201	147	119	178	100	125	77	131	89	94	98	83	79	61	87	53	63	59
64	170	1	2	119	0	1953125	12	0.0	2604	1.47	0	0	V0.2	0	0	31	15	42	28	44	30	44	31	39	22	46	11	47	14	49	12	43	26	26	42	20	60	7	80	21	94	50	109	69	98	135	122	172	95	121	44	79	165	161	264	275	525	468	355	230	240	120	125	78	352	888	715	668	999	961	307	352	110	337	658	436	363	335	260	244	176	268	177	166	132	157	140	74	121	81	103	68	105	77	65	71	64	60	52	68
64	170	1	2	119	0	1953125	12	0.0	2581	1.46	0	0	V0.2	0	0	31	22	50	7	59	5	52	4	51	18	41	26	46	28	41	35	46	32	39	53	33	65	38	93	14	101	56	120	69	109	144	126	193	119	140	25	93	157	127	235	259	528	468	358	246	242	120	164	69	360	850	717	607	1000	937	346	358	163	339	617	460	296	348	237	244	159	243	211	130	152	130	162	78	118	113	99	100	88	111	56	81	65	72	49	68
64	170	1	2	119	0	1953125	12	0.0	2579	1.46	0	0	V0.2	0	0	30	19	41	34	40	40	33	33	36	32	37	14	48	20	45	20	48	34	32	51	31	64	30	79	55	72	92	83	99	72	145	128	178	132	106	57	45	175	119	198	274	487	485	320	264	193	134	147	112	382	786	725	545	1000	883	346	319	203	359	575	459	265	356	236	221	180	223	221	114	158	131	147	92	108	128	90	107	73	99	53	81	68	60	50	64
64	170	1	2	119	0	1953125	12	0.0	2581	1.46	0	0	V0.2	0	0	37	17	56	8	60	8	58	12	53	19	48	22	50	30	48	33	48	36	41	54	39	75	37	94	21	109	56	127	72	114	142	139	204	130	149	13	116	143	125	233	262	540	481	366	250	276	136	165	90	321	894	695	609	984	1000	370	366	186	303	656	438	333	327	258	254	164	267	190	163	139	159	164	76	130	98	122	88	106	100	64	82	69	76	48	75
64	170	1	2	119	0	1953125	12	0.0	2579	1.46	0	0	V0.2	0	0	31	20	39	33	39	40	32	31	36	29	38	15	49	21	44	21	47	33	30	50	30	63	30	77	53	72	89	82	97	74	144	128	179	133	111	57	56	163	112	192	272	484	484	322	281	221	138	157	137	355	769	712	520	999	927	400	327	234	323	559	458	263	356	239	225	181	222	218	118	158	130	145	91	108	125	88	104	69	94	53	81	67	59	49	62
64	170	1	2	119	0	1953125	12	0.0	2606	1.47	0	0	V0.2	0	0	31	28	32	44	28	47	27	42	29	35	37	23	42	24	43	21	40	27	24	42	29	55	26	67	53	68	81	79	91	74	141	119	174	121	107	57	49	173	127	222	274	498	477	329	265	226	137	152	96	355	779	709	554	1000	932	399	337	208	316	563	457	288	359	229	233	169	233	201	125	152	122	142	68	109	94	80	85	80	90	48	77	55	59	44	63
64	170	1	2	119	0	1953125	12	0.0	2604	1.47	0	0	V0.2	0	0	24	28	25	42	23	51	16	38	20	38	24	23	38	32	31	25	35	27	21	39	38	39	36	50	65	42	99	53	90	62	134	125	145	133	65	60	4	168	166	188	300	456	491	280	280	178	115	125	133	390	748	714	519	1000	889	370	286	222	344	559	449	271	345	265	187	209	197	223	115	144	142	109	100	71	124	57	87	64	83	53	63	68	44	51	52
64	170	1	2	119	0	1953125	12	0.0	2601	1.47	0	0	V0.2	0	0	33	19	42	33	41	39	35	31	37	30	37	14	50	20	43	17	42	24	19	44	24	55	17	74	49	73	78	82	85	74	144	113	171	111	104	64	42	184	133	226	273	503	481	320	245	194	147	141	87	382	795	736	557	1000	901	383	309	206	346	578	472	275	366	244	226	184	225	223	113	157	127	141	80	100	115	69	88	65	97	49	77	62	58	48	60
64	170	1	2	119	0	1953125	12	0.0	2579	1.46	0	0	V0.2	0	0	25	24	48	12	56	7	52	9	49	23	39	31	43	33	38	41	45	34	39	50	35	61	47	89	21	103	51	122	60	113	138	132	191	125	145	11	111	134	125	230	255	533	468	350	243	278	135	173	96	302	852	676	573	981	1000	402	350	200	292	625	446	305	338	251	259	166	262	209	144	147	141	166	71	125	108	112	97	87	103	54	84	64	72	44	71
64	170	1	2	119	0	1953125	12	0.0	2606	1.47	0	0	V0.2	0	0	34	24	41	39	39	43	36	37	35	30	43	18	50	18	49	17	44	25	26	45	24	64	16	79	40	85	72	97	84	86	148	123	187	114	126	54	76	173	126	250	275	537	486	343	242	256	165	152	86	341	844	718	578	1000	996	427	336	210	308	618	462	316	361	254	260	172	264	201	149	150	142	154	63	122	90	102	82	88	84	52	80	62	67	50	71
64	170	1	2	119	0	1953125	12	0.0	2604	1.47	0	0	V0.2	0	0	30	8	48	18	51	23	50	20	45	22	45	10	48	16	47	19	47	25	26	46	20	59	11	83	21	92	53	105	67	94	145	121	181	106	128	44	86	160	134	250	267	537	478	343	237	266	164	148	81	321	841	703	580	999	1000	438	327	216	296	617	469	318	365	258	261	178	267	213	148	157	141	156	65	122	97	91	81	89	94	48	77	58	65	44	69
64	170	1	2	119	0	1953125	12	0.0	2581	1.46	0	0	V0.2	0	0	35	17	51	1	59	13	49	7	52	19	40	21	51	20	44	31	46	28	38	55	27	69	31	92	19	98	66	108	76	95	149	120	198	125	137	28	93	158	104	213	247	509	470	337	262	249	137	183	124	337	788	699	526	1000	961	416	351	241	305	576	467	261	347	238	233	170	224	219	113	150	126	151	88	100	122	87	100	67	101	54	79	70	68	52	59
64	170	1	2	119	0	1953125	12	0.0	2604	1.47	0	0	V0.2	0	0	25	31	22	47	19	51	16	44	19	38	30	27	37	30	37	24	38	30	22	39	36	48	36	59	63	56	91	65	93	64	139	122	159	121	91	65	29	177	141	219	276	485	486	301	249	203	154	139	112	355	761	715	524	1000	931	406	309	222	326	565	465	274	366	242	235	185	235	214	121	159	125	142	74	108	106	79	90	71	86	44	78	57	56	46	64
64	170	1	2	119	0	1953125	12	0.0	2606	1.47	0	0	V0.2	0	0	33	11	52	20	53	26	48	20	46	21	45	10	52	15	47	18	46	22	23	47	20	62	10	85	22	94	55	105	67	94	147	117	183	107	131	51	85	172	135	250	257	537	479	335	223	251	173	141	78	318	835	706	567	999	993	425	325	210	309	622	471	302	364	250	261	173	264	213	139	155	136	160	65	121	100	91	83	86	100	47	79	63	69	45	68
64	170	1	2	119	0	1953125	12	0.0	2604	1.47	0	0	V0.2	0	0	31	15	45	30	47	36	44	31	40	28	42	11	53	19	47	16	46	27	26	50	26	59	11	82	41	86	73	95	81	83	155	122	182	111	118	67	69	185	129	246	271	531	489	318	227	237	197	130	91	345	820	718	526	1000	989	460	285	225	333	605	488	287	379	263	261	193	259	234	135	171	139	158	76	119	118	85	90	78	102	50	81	62	64	48	68
64	170	1	2	119	0	1953125	12	0.0	2606	1.47	0	0	V0.2	0	0	28	18	50	0	54	4	55	4	47	20	44	21	43	28	42	28	39	24	29	42	31	54	36	78	18	94	43	112	47	110	126	130	163	118	133	20	103	119	159	235	257	502	451	312	209	276	139	118	87	257	817	617	537	910	1000	403	311	177	252	617	412	322	311	264	248	167	262	182	161	125	154	145	68	117	81	103	65	94	79	53	70	61	63	42	67
64	170	1	2	119	0	1953125	12	0.0	2604	1.47	0	0	V0.2	0	0	11	39	17	40	18	53	33	36	20	45	18	40	16	51	9	47	23	34	25	30	53	7	67	22	75	42	104	75	73	101	106	162	111	169	66	44	80	113	226	169	332	447	513	254	267	239	84	36	164	312	814	638	534	943	1000	363	268	203	287	644	390	340	287	323	198	221	235	196	171	108	188	106	103	80	109	100	62	93	65	72	52	75	52	51	59
64	170	1	2	119	0	1953125	12	0.0	2606	1.47	0	0	V0.2	0	0	32	12	53	9	56	15	54	14	50	20	47	15	50	22	47	23	45	25	28	46	23	60	22	85	12	98	46	111	59	103	142	123	178	109	137	40	107	151	139	246	258	531	460	313	196	268	187	120	70	277	821	642	513	920	1000	457	283	203	280	619	445	305	339	259	264	170	271	207	156	149	150	163	64	124	96	103	78	91	93	53	78	61	71	45	71
64	170	1	2	119	0	1953125	12	0.0	2604	1.47	0	0	V0.2	0	0	31	17	45	33	45	40	39	33	40	31	42	12	51	19	47	17	48	28	24	50	27	60	16	81	48	83	77	89	86	78	154	121	181	117	116	71	64	189	132	240	274	529	494	309	229	230	203	126	107	330	788	711	502	1000	991	482	278	252	327	599	489	279	379	264	256	200	256	241	131	172	140	157	82	114	119	81	95	75	101	48	82	67	64	50	68
64	170	1	2	119	0	1953125	12	0.0	2581	1.46	0	0	V0.2	0	0	32	23	52	8	61	5	53	6	52	20	42	28	46	33	42	37	45	31	40	53	35	66	43	94	18	107	53	121	63	111	146	129	196	126	151	22	123	150	123	226	244	530	463	323	210	269	185	147	99	268	804	643	492	929	1000	470	298	229	279	611	454	282	336	254	268	169	260	220	146	157	143	174	78	123	113	107	95	83	107	56	87	69	78	51	74
64	170	1	2	119	0	1953125	12	0.0	2604	1.47	0	0	V0.2	0	0	21	39	9	53	0	57	11	49	11	46	22	38	29	44	29	39	31	37	30	36	50	35	57	37	84	33	111	49	102	78	135	154	150	162	64	88	22	180	174	182	325	474	526	265	273	217	186	76	161	348	733	698	456	1000	998	496	235	276	332	568	474	277	372	293	227	233	229	246	129	173	154	135	107	98	133	68	101	68	93	58	80	70	52	58	63
64	170	1	2	119	0	1953125	12	0.0	2581	1.46	0	0	V0.2	0	0	31	27	51	12	59	9	55	11	52	22	41	31	45	35	42	39	45	35	43	53	38	68	47	92	20	106	54	121	64	113	143	129	194	127	152	15	123	140	115	221	245	520	452	324	220	273	165	154	103	252	773	625	492	928	1000	469	305	235	254	591	446	283	327	244	259	164	253	211	143	151	138	169	77	121	109	106	96	87	109	57	83	66	77	49	68
64	170	1	2	119	0	1953125	12	0.0	2604	1.47	0	0	V0.2	0	0	33	10	45	15	50	17	50	20	41	17	46	13	43	22	48	19	41	28	29	38	27	57	23	74	16	96	39	110	50	106	121	133	158	113	129	9	107	113	167	234	266	485	451	303	204	278	142	86	90	232	786	583	530	879	1000	409	293	183	243	612	379	343	289	285	229	200	259	175	176	114	177	117	95	103	90	101	66	100	61	72	61	71	49	55	60
64	170	1	2	119	0	1953125	12	0.0	2581	1.46	0	0	V0.2	0	0	28	29	48	17	57	13	54	14	49	24	39	34	42	36	37	42	42	35	42	49	40	62	52	86	26	103	52	121	57	114	135	133	190	132	153	2	121	124	119	216	238	509	450	328	223	280	148	160	109	231	769	613	511	923	1000	454	331	238	234	588	427	290	318	243	254	157	253	199	146	142	139	161	68	121	100	103	84	84	100	56	83	64	75	47	71
64	170	1	2	119	0	1953125	12	0.0	2604	1.47	0	0	V0.2	0	0	25	32	23	49	17	55	16	48	18	41	32	31	39	33	39	26	38	34	28	42	39	48	40	61	69	58	98	66	100	69	147	137	169	136	95	81	41	186	135	213	293	500	502	295	254	222	196	110	138	317	731	690	484	1000	992	501	276	272	309	560	475	277	376	259	250	204	248	232	133	172	137	150	81	114	111	79	90	72	90	50	83	59	58	50	67
64	170	1	2	119	0	1953125	12	0.0	2606	1.47	0	0	V0.2	0	0	33	13	52	13	54	14	52	14	48	20	45	13	48	20	45	22	45	23	26	44	24	60	21	84	11	95	44	109	58	101	137	121	178	111	138	35	105	146	133	241	255	520	456	323	208	265	168	131	77	255	772	621	527	936	1000	464	313	221	254	590	433	305	336	249	259	169	263	198	155	147	142	154	64	122	90	99	77	87	88	53	78	61	68	45	68
64	170	1	2	119	0	1953125	12	0.0	2604	1.47	0	0	V0.2	0	0	25	32	23	45	25	57	13	45	23	47	25	29	41	39	33	33	39	32	24	44	47	41	48	52	78	43	111	53	100	70	144	145	156	158	70	82	16	188	172	180	319	478	529	268	276	204	175	72	173	341	722	688	460	999	988	481	238	282	324	572	462	278	358	302	209	240	217	247	132	161	164	122	115	79	138	68	98	71	91	61	68	78	49	58	59
64	170	1	2	119	0	1953125	12	0.0	2601	1.47	0	0	V0.2	0	0	31	13	52	13	54	18	52	14	48	20	46	15	49	21	46	24	44	25	29	49	23	60	22	85	16	96	51	108	61	98	142	125	184	115	142	36	111	146	119	231	250	514	456	319	211	277	190	136	106	233	746	604	485	911	1000	509	297	259	240	565	425	289	337	250	261	174	265	205	150	151	143	156	64	119	92	95	77	85	90	50	78	61	69	45	68
64	170	1	2	119	0	1953125	12	0.0	2604	1.47	0	0	V0.2	0	0	28	9	47	9	49	11	49	14	43	16	42	13	45	20	42	21	41	24	26	41	23	54	21	76	10	90	41	101	51	95	129	120	166	107	133	20	108	120	123	224	241	492	436	306	212	290	171	143	109	197	714	560	471	882	999	502	318	262	203	549	396	294	317	249	250	170	261	187	155	138	146	144	62	115	83	96	66	82	76	50	71	55	58	42	66
64	170	1	2	119	0	1953125	12	0.0	2606	1.47	0	0	V0.2	0	0	33	20	43	33	43	39	34	30	39	31	40	13	50	17	43	18	42	21	23	48	23	56	18	77	45	77	79	83	83	75	149	119	180	128	120	60	72	168	113	211	263	496	486	306	261	244	180	147	171	272	691	655	455	986	1000	528	314	319	253	529	455	255	362	251	233	191	228	225	118	159	129	140	81	98	115	70	94	67	93	46	75	64	58	52	61
64	170	1	2	119	0	1953125	12	0.0	2604	1.47	0	0	V0.2	0	0	28	13	42	29	42	35	39	30	39	27	40	10	48	16	43	15	44	27	24	45	23	55	10	75	39	78	68	84	75	74	144	114	174	112	120	53	76	156	105	221	255	496	470	301	239	252	183	151	159	249	693	638	449	958	1000	531	308	315	237	530	448	258	356	247	244	186	241	222	124	159	129	146	70	106	108	78	89	69	90	42	75	58	56	45	63
64	170	1	2	119	0	1953125	12	0.0	2606	1.47	0	0	V0.2	0	0	30	15	43	30	45	36	37	26	38	28	38	10	48	17	43	14	43	22	21	45	21	56	12	77	41	77	71	82	77	73	147	115	176	116	122	52	69	159	108	223	257	495	475	304	242	242	174	157	161	263	697	659	461	974	1000	524	321	312	244	534	455	254	356	246	240	182	232	220	118	156	124	143	73	102	109	74	89	66	91	43	75	61	60	47	64
64	170	1	2	119	0	1953125	12	0.0	2604	1.47	0	0	V0.2	0	0	27	25	31	39	29	47	21	37	27	37	29	20	44	27	38	22	39	28	22	43	34	48	31	62	65	55	93	60	90	61	144	129	161	135	91	71	37	164	132	192	287	469	500	274	265	219	177	123	203	281	677	665	432	987	999	522	285	329	268	531	449	248	356	276	216	212	214	234	115	162	142	127	94	84	126	60	94	64	93	52	69	68	50	51	57
64	170	1	2	119	0	1953125	12	0.0	2606	1.47	0	0	V0.2	0	0	32	19	43	34	40	40	34	32	36	32	37	14	48	19	42	17	42	22	22	46	25	55	19	74	49	71	79	74	82	67	148	118	172	124	111	62	64	165	109	206	258	481	481	281	245	236	192	140	192	252	674	645	412	958	1000	538	289	330	246	519	443	235	355	258	231	192	224	228	112	158	128	138	83	94	116	66	90	65	95	44	72	64	58	49	60
64	170	1	2	119	0	1953125	12	0.0	2604	1.47	0	0	V0.2	0	0	25	29	28	43	23	52	18	41	22	41	29	27	40	33	35	27	36	30	22	42	40	42	37	52	68	45	96	51	90	62	140	132	152	138	77	76	32	163	132	180	285	451	492	246	255	225	197	97	218	253	640	621	368	929	1000	552	250	340	248	505	425	234	341	282	211	214	208	231	114	155	142	118	93	77	126	61	90	58	84	52	68	67	45	50	54
64	170	1	2	119	0	1953125	12	0.0	2606	1.47	0	0	V0.2	0	0	30	18	41	31	40	39	33	31	35	29	36	13	47	18	41	17	41	21	21	44	24	54	17	70	45	70	76	73	77	66	145	115	168	121	112	61	72	151	100	203	249	467	463	268	239	247	203	140	199	221	634	608	368	910	1000	571	283	341	210	489	430	225	341	255	233	187	220	220	112	153	125	136	79	92	109	67	90	63	90	42	70	62	55	47	57
64	170	1	2	119	0	1953125	12	0.0	2604	1.47	0	0	V0.2	0	0	25	22	31	37	30	42	24	39	27	35	31	19	42	26	36	19	37	27	21	42	32	45	28	60	58	55	85	58	84	61	138	121	155	128	92	70	50	148	117	191	265	442	467	250	248	232	196	121	209	226	614	607	357	909	1000	571	263	343	213	478	422	227	338	267	221	204	212	226	112	153	133	125	89	83	117	61	91	61	87	47	68	65	49	47	56
64	170	1	2	119	0	1953125	12	0.0	2606	1.47	0	0	V0.2	0	0	31	18	40	32	38	39	32	32	35	29	35	15	46	21	41	17	39	23	22	43	26	51	16	68	47	67	73	70	78	64	141	113	166	120	107	60	66	149	102	202	251	465	461	266	238	237	194	140	198	215	625	607	367	907	1000	579	282	348	196	484	431	224	336	250	233	187	217	220	112	152	124	137	79	90	109	67	91	62	89	44	71	62	57	48	57
64	170	1	2	119	0	1953125	12	0.0	2604	1.47	0	0	V0.2	0	0	16	22	35	16	40	20	47	11	34	25	32	26	24	37	28	33	27	26	25	26	38	31	46	47	42	68	56	87	35	98	93	137	117	133	100	31	79	50	153	190	249	406	422	244	205	276	107	108	179	129	644	472	395	770	1000	481	300	267	135	515	320	284	238	278	201	186	218	159	155	93	161	99	87	82	84	88	54	86	56	62	50	64	47	46	54
64	170	1	2	119	0	1953125	12	0.0	2606	1.47	0	0	V0.2	0	0	23	19	44	5	49	7	50	3	41	19	39	22	36	28	35	29	35	24	27	34	31	45	39	66	22	83	40	98	34	99	110	127	145	118	125	6	99	71	128	217	228	442	412	270	187	280	133	140	145	131	665	495	404	784	999	507	315	265	125	518	345	277	259	254	230	160	233	157	151	105	147	125	65	100	72	93	50	84	67	55	62	57	58	40	61
64	170	1	2	119	0	1953125	12	0.0	2604	1.47	0	0	V0.2	0	0	27	8	43	8	46	9	49	11	39	14	41	13	40	19	40	21	38	22	23	36	23	50	21	70	7	85	34	94	42	90	121	116	150	100	126	15	95	93	113	226	224	453	407	274	187	283	159	144	135	137	648	514	398	803	1000	538	308	278	132	502	368	269	285	245	241	160	241	170	147	120	137	131	58	106	74	89	58	83	69	48	65	53	56	38	59
64	170	1	2	119	0	1953125	12	0.0	2601	1.47	0	0	V0.2	0	0	21	19	41	9	45	9	48	5	39	19	36	22	32	31	32	32	34	23	24	31	32	39	41	60	26	76	42	94	32	98	102	126	134	121	119	14	91	64	138	211	234	431	412	265	194	280	118	132	153	125	658	495	415	783	1000	495	313	259	120	519	342	284	253	262	223	166	228	154	151	98	151	119	72	96	75	94	50	84	61	59	58	60	56	42	59
64	170	1	2	119	0	1953125	12	0.0	2604	1.47	0	0	V0.2	0	0	18	19	37	12	42	15	48	7	36	21	34	24	29	34	29	31	32	26	25	29	37	35	43	53	35	74	52	92	34	101	100	136	123	127	111	20	90	57	154	202	247	416	415	250	195	284	123	109	158	135	652	484	403	769	1000	494	293	249	140	519	328	288	246	277	214	184	226	159	157	97	158	107	83	89	82	90	54	87	57	62	54	64	49	45	55
64	170	1	2	119	0	1953125	12	0.0	2601	1.47	0	0	V0.2	0	0	26	15	45	2	47	5	49	6	41	14	39	17	38	22	38	25	36	20	23	36	26	47	30	68	11	83	35	95	39	94	117	120	148	110	129	9	97	86	122	222	224	444	404	270	184	283	151	137	131	135	649	514	409	796	999	531	302	257	132	507	363	272	277	253	240	159	237	165	149	116	141	132	62	104	73	93	57	82	71	52	64	56	60	41	61
64	170	1	2	119	0	1953125	12	0.0	2604	1.47	0	0	V0.2	0	0	16	25	33	22	37	25	46	16	32	28	32	30	22	41	24	36	26	30	27	26	43	26	50	42	50	63	67	87	44	102	93	146	110	140	93	35	77	62	173	189	270	403	442	236	210	265	109	70	180	157	654	504	414	790	999	477	276	253	158	531	332	292	244	293	198	202	212	169	155	96	167	93	97	78	95	86	58	84	57	65	49	68	44	50	52
64	170	1	2	119	0	1953125	12	0.0	2601	1.47	0	0	V0.2	0	0	22	23	43	11	47	13	50	8	40	23	38	25	33	34	33	34	35	25	25	33	39	41	44	60	32	80	48	98	36	105	108	138	136	128	122	9	98	69	153	218	247	433	421	258	181	282	138	102	141	147	679	505	421	779	1000	496	282	229	153	538	341	292	256	277	230	180	236	163	160	103	162	121	81	99	81	99	58	93	65	64	61	66	58	48	61
64	170	1	2	119	0	1953125	12	0.0	2604	1.47	0	0	V0.2	0	0	23	14	44	5	46	7	51	6	40	19	40	20	36	31	37	29	36	28	27	34	33	46	35	64	24	82	40	97	36	101	110	131	137	116	123	2	98	70	144	222	243	433	412	266	184	286	145	110	131	135	659	501	418	777	1000	516	284	231	144	516	341	290	265	273	233	179	240	164	161	107	157	122	78	103	79	96	52	86	64	61	59	59	53	44	58
64	170	1	2	119	0	1953125	12	0.0	2601	1.47	0	0	V0.2	0	0	21	23	41	13	45	13	50	8	41	23	38	26	32	35	33	33	33	26	27	31	38	41	45	61	34	79	49	97	37	104	106	135	135	128	120	16	99	66	148	212	251	433	416	262	192	285	134	107	137	142	665	499	427	781	1000	502	291	227	147	526	341	292	256	278	227	180	232	162	162	103	160	117	82	98	82	101	58	92	65	66	61	66	58	46	60
64	170	1	2	119	0	1953125	12	0.0	2604	1.47	0	0	V0.2	0	0	21	19	40	11	45	13	52	6	39	23	38	26	32	35	33	32	32	29	29	33	37	41	42	59	36	79	49	96	39	106	107	140	135	128	118	16	100	66	156	209	258	432	418	260	188	286	143	100	133	145	662	495	424	776	1000	511	285	225	152	521	338	298	256	284	229	192	237	167	166	106	165	118	89	100	86	96	55	87	59	63	58	65	53	47	58
64	170	1	2	119	0	1953125	12	0.0	2581	1.46	0	0	V0.2	0	0	17	35	31	32	37	31	39	26	34	33	25	37	23	44	21	45	29	33	34	37	50	36	66	55	55	74	67	98	49	110	104	145	144	148	125	42	107	60	134	190	241	424	414	264	203	290	127	135	162	125	654	484	414	778	1000	501	304	240	133	518	335	282	243	271	228	172	225	160	158	103	157	130	83	108	87	111	63	91	74	64	65	64	66	45	64
64	170	1	2	119	0	1953125	12	0.0	2579	1.46	0	0	V0.2	0	0	27	13	43	4	49	5	48	6	42	17	40	21	39	28	40	30	40	31	34	41	33	57	37	73	21	89	41	101	50	99	120	125	166	119	138	17	116	81	97	201	212	437	396	276	197	295	162	149	150	109	620	497	404	793	1000	532	314	261	122	493	348	274	263	254	236	168	234	162	157	116	150	132	76	110	82	103	66	92	73	64	71	64	63	45	64
64	170	1	2	119	0	1953125	12	0.0	2581	1.46	0	0	V0.2	0	0	23	24	40	16	46	14	46	12	39	23	34	29	30	37	31	36	32	33	35	38	45	47	54	63	42	82	50	101	45	106	104	136	150	138	129	36	104	56	121	192	227	416	406	272	204	289	123	138	172	111	638	494	425	784	1000	495	319	254	117	506	328	284	237	268	211	176	216	153	156	95	157	114	90	97	86	103	63	92	66	68	59	67	57	49	59
64	170	1	2	119	0	1953125	12	0.0	2579	1.46	0	0	V0.2	0	0	29	13	44	4	50	7	49	7	41	17	41	20	40	28	43	28	41	33	35	43	33	59	36	75	21	91	42	104	52	99	122	127	168	117	137	13	109	86	105	214	225	447	407	285	191	285	156	143	139	139	655	527	435	806	1000	520	311	246	139	515	358	283	268	259	239	171	240	165	156	114	152	132	80	114	87	111	70	94	76	62	70	64	64	44	63
64	170	1	2	119	0	1953125	12	0.0	2581	1.46	0	0	V0.2	0	0	23	26	40	19	46	18	47	16	41	26	35	31	29	41	32	39	33	37	37	39	47	46	57	61	47	83	58	102	50	111	106	145	150	144	128	42	108	59	133	188	245	421	418	271	210	290	126	129	161	137	653	494	428	785	1000	493	304	240	142	514	328	290	240	280	210	186	217	164	161	100	164	114	98	99	97	107	69	99	70	75	61	71	61	52	61
64	170	1	2	119	0	1953125	12	0.0	2579	1.46	0	0	V0.2	0	0	25	17	43	9	49	7	49	6	42	20	38	23	36	32	38	33	39	34	36	41	38	55	42	73	30	89	45	105	48	104	117	134	162	124	136	20	111	76	113	211	230	440	410	283	199	291	142	141	145	139	664	518	436	802	1000	503	314	240	142	521	348	287	258	264	230	174	231	161	158	108	154	126	84	110	86	105	65	95	72	69	70	68	63	49	65
64	170	1	2	119	0	1953125	12	0.0	2581	1.46	0	0	V0.2	0	0	24	24	40	16	45	15	48	14	40	26	35	30	31	38	32	38	35	35	36	37	47	48	54	63	45	84	55	101	48	110	108	142	153	143	131	38	108	63	134	196	243	429	418	273	206	290	129	119	152	135	655	500	428	787	1000	491	296	237	141	522	338	292	243	278	217	185	222	163	162	100	165	117	96	100	95	108	71	100	72	74	61	71	60	53	62
64	170	1	2	119	0	1953125	12	0.0	2579	1.46	0	0	V0.2	0	0	31	22	38	33	38	42	33	33	34	31	38	19	49	23	45	23	47	33	33	52	35	65	35	76	55	73	90	76	94	75	147	133	176	145	116	75	71	155	109	197	265	461	468	272	246	238	203	123	182	237	642	633	410	929	1000	565	266	295	229	503	448	243	333	255	249	197	226	221	125	160	132	148	94	106	120	89	107	79	103	59	82	70	64	55	65
64	170	1	2	119	0	1953125	12	0.0	2581	1.46	0	0	V0.2	0	0	19	41	26	40	30	42	35	35	29	39	22	42	20	48	16	49	27	37	37	36	55	30	74	44	66	64	85	95	61	113	103	156	136	166	114	55	90	65	166	183	270	423	445	261	222	272	106	98	170	175	697	533	465	825	1000	449	286	223	170	560	350	299	238	286	213	187	221	167	163	97	167	122	95	100	95	113	69	102	78	73	63	70	66	48	63
64	170	1	2	119	0	1953125	12	0.0	2579	1.46	0	0	V0.2	0	0	32	10	47	15	51	18	49	17	44	18	44	14	48	22	48	24	46	31	37	48	28	67	23	85	19	95	52	106	68	95	139	126	182	116	142	29	97	127	107	235	237	480	434	299	194	262	175	134	116	200	709	604	467	873	999	504	286	227	197	551	413	282	301	250	259	167	250	185	153	137	143	154	72	122	90	110	83	96	93	62	81	64	70	46	69
64	170	1	2	119	0	1953125	12	0.0	2581	1.46	0	0	V0.2	0	0	29	19	47	8	53	5	53	8	45	21	42	26	40	34	42	35	41	33	38	43	43	62	46	80	32	99	47	114	53	112	125	138	173	129	143	10	108	94	131	227	244	467	429	293	186	271	142	121	124	183	732	567	476	829	1000	463	279	197	184	570	376	296	262	270	244	172	242	169	165	113	160	141	85	117	90	119	74	101	81	67	71	67	68	48	67
64	170	1	2	119	0	1953125	12	0.0	2579	1.46	0	0	V0.2	0	0	27	14	44	4	50	4	51	6	44	19	42	24	40	33	41	33	42	35	37	43	37	59	43	77	28	94	45	112	52	108	122	136	167	124	137	6	103	91	133	228	242	461	425	290	192	278	141	120	133	176	724	567	476	832	1000	462	288	206	177	566	373	299	264	269	239	175	243	170	168	114	160	137	85	116	94	120	74	99	76	70	72	67	65	46	65
64	170	1	2	119	0	1953125	12	0.0	2581	1.46	0	0	V0.2	0	0	17	36	29	36	36	36	37	31	31	39	24	40	19	49	21	46	27	39	37	31	57	28	74	35	74	62	90	90	71	115	101	167	130	174	93	66	78	81	182	174	303	420	478	244	241	252	107	50	199	236	721	585	452	865	999	440	242	244	233	571	373	291	262	310	190	220	200	199	156	115	177	100	124	80	126	92	86	94	77	81	63	85	54	61	60
64	170	1	2	119	0	1953125	12	0.0	2579	1.46	0	0	V0.2	0	0	31	12	47	7	54	11	52	11	45	18	44	19	45	26	47	29	48	36	38	48	35	67	31	85	20	100	50	111	63	103	136	129	179	117	141	25	108	116	115	237	242	481	424	290	187	269	168	126	108	202	731	580	456	843	1000	488	274	204	201	566	398	287	284	257	257	168	251	182	161	130	150	151	78	123	91	112	73	93	84	66	80	65	69	48	69
