34928	35048	35167	35286	35405	35524	35644	35763	35882	36001	36120	36240	36359	36478	36597	36716	36836	36955	37074	37193	37313	37432	37551	37670	37789	37909	38028	38147	38266	38385	38505	38624	38743	38862	38981	39101	39220	39339	39458	39577	39697	39816	39935	40054	40174	40293	40412	40531	40650	40770	40889	41008	41127	41246	41366	41485	41604	41723	41842	41962	42081	42200	42319	42439	42558	42677	42796	42915	43035	43154	43273	43392	43511	43631	43750	43869	43988	44107	44227	44346	44465	44584	44703	44823	44942
64	170	1	2	119	0	1953125	12	0.0	2691	1.48	0	0	V0.2	0	0	96	80	101	78	125	75	117	97	127	94	123	118	127	111	142	136	139	135	157	164	145	190	161	195	135	211	164	189	176	219	237	199	259	230	245	214	271	284	287	386	434	560	478	465	445	340	329	412	566	471	579	786	1000	862	785	660	431	277	103	248	229	188	164	258	263	177	223	217	244	167	206	228	195	193	187	222	153	165	162	164	131	130	147	117	108
64	170	1	2	119	0	1953125	12	0.0	2689	1.48	0	0	V0.2	0	0	100	84	83	101	98	105	93	122	110	108	120	122	125	111	147	139	137	146	163	165	157	183	197	162	186	171	217	149	219	216	246	237	241	295	206	274	241	325	298	398	504	546	561	463	514	371	358	434	552	542	537	896	1000	974	782	722	490	275	193	210	315	149	239	234	291	222	217	277	227	225	192	265	220	206	223	220	204	157	198	170	153	144	159	142	118
64	170	1	2	119	0	1953125	12	0.0	2691	1.48	0	0	V0.2	0	0	102	77	101	82	120	85	115	105	125	97	129	117	135	108	153	133	143	142	163	172	146	198	172	191	152	204	190	174	202	216	257	214	267	270	233	258	249	326	276	411	455	563	519	464	509	367	385	405	586	484	559	818	1000	922	778	715	486	339	174	256	279	176	202	235	301	195	241	245	249	210	196	261	199	216	195	235	182	163	180	167	153	134	161	131	119
64	170	1	2	119	0	1953125	12	0.0	2689	1.48	0	0	V0.2	0	0	101	77	100	79	121	83	116	103	127	97	129	117	137	108	154	134	147	144	166	173	148	203	174	200	155	212	189	182	204	222	263	221	279	277	251	270	265	332	281	412	452	568	521	487	535	409	432	444	608	478	555	805	1000	927	813	752	514	355	180	288	298	205	221	254	314	206	258	255	266	222	217	273	214	231	207	249	192	181	191	175	159	144	171	140	127
64	170	1	2	119	0	1953125	12	0.0	2689	1.48	0	0	V0.2	0	0	114	90	113	95	131	97	127	119	136	111	143	129	147	122	167	145	155	158	179	185	162	215	189	209	175	221	207	190	223	232	273	238	292	298	255	286	268	341	286	423	465	570	540	503	565	441	468	470	611	478	540	806	1000	964	862	814	553	366	200	296	314	203	238	255	318	214	265	269	264	232	218	278	214	232	212	245	194	177	196	175	161	141	165	134	124
64	170	1	2	119	0	1953125	12	0.0	2664	1.48	0	0	V0.2	0	0	97	71	108	83	124	75	128	102	124	97	135	115	131	116	155	128	144	148	161	162	143	198	157	184	144	203	169	171	192	198	231	193	247	243	199	238	221	292	238	380	421	529	515	476	553	426	455	447	583	451	512	797	1000	995	881	812	521	310	161	227	259	139	191	198	280	186	225	244	238	225	186	259	205	218	204	233	208	170	197	176	170	145	168	150	126
64	170	1	2	119	0	1953125	12	0.0	2691	1.48	0	0	V0.2	0	0	110	104	102	108	115	120	108	128	130	121	134	134	149	125	162	153	159	155	176	188	170	202	201	200	191	206	223	184	227	228	274	247	278	307	251	296	264	347	294	413	456	550	543	503	579	471	504	499	615	487	545	807	1000	993	906	829	531	320	179	296	298	208	255	272	310	215	284	273	263	228	238	275	211	240	220	245	185	195	197	174	160	155	166	130	133
64	170	1	2	119	0	1953125	12	0.0	2689	1.48	0	0	V0.2	0	0	103	93	90	111	97	112	100	131	111	117	128	131	132	126	154	146	145	160	172	171	172	192	209	170	206	182	226	164	230	227	251	260	262	316	233	301	266	322	304	388	488	511	553	496	574	484	486	542	562	514	475	815	936	1000	904	847	574	298	237	273	349	191	271	268	296	245	248	306	247	252	229	279	238	222	248	228	217	175	212	182	163	160	166	149	127
64	170	1	2	119	0	1953125	12	0.0	2691	1.48	0	0	V0.2	0	0	113	88	118	92	135	91	135	115	138	109	146	131	149	128	171	148	162	163	182	187	169	226	187	219	174	239	201	208	223	242	278	247	315	299	279	296	294	341	297	431	455	571	535	543	601	502	541	531	642	464	538	769	1000	996	984	901	591	369	202	341	314	231	256	288	325	222	295	279	283	237	251	289	227	252	229	262	196	201	205	188	172	160	178	140	138
64	170	1	2	119	0	1953125	12	0.0	2689	1.48	0	0	V0.2	0	0	110	86	105	100	119	99	118	121	127	111	140	127	143	122	166	143	155	160	176	181	166	213	196	197	188	210	215	180	230	224	267	248	291	314	251	310	267	340	280	414	457	536	547	516	605	488	523	517	602	479	504	793	953	1000	934	887	576	346	232	310	338	199	273	262	318	224	278	291	259	252	231	292	224	246	234	247	209	188	211	180	174	160	175	143	135
64	170	1	2	119	0	1953125	12	0.0	2691	1.48	0	0	V0.2	0	0	112	88	113	96	127	95	127	117	133	111	144	128	144	125	168	143	156	159	175	181	165	216	185	206	178	220	202	193	225	231	268	241	295	295	258	294	271	331	281	412	437	534	526	525	590	475	504	489	594	458	530	779	975	1000	945	865	560	346	208	306	301	201	255	262	308	214	280	273	260	235	230	278	213	241	220	243	195	189	198	174	166	153	168	135	131
64	170	1	2	119	0	1953125	12	0.0	2664	1.48	0	0	V0.2	0	0	89	68	101	76	113	69	122	95	115	94	126	107	121	113	144	118	136	141	150	150	138	188	144	175	137	192	153	166	180	185	215	185	237	222	186	221	209	266	221	357	381	484	481	472	533	403	429	417	531	409	498	760	967	1000	933	825	494	272	155	211	218	113	178	192	254	166	225	232	222	208	185	246	189	211	195	221	190	167	189	166	159	141	162	141	124
64	170	1	2	119	0	1953125	12	0.0	2666	1.48	0	0	V0.2	0	0	101	76	103	84	118	84	116	105	122	95	128	114	130	107	149	127	139	139	155	159	138	185	153	172	138	189	165	162	182	185	217	181	227	221	178	205	194	258	217	351	379	484	474	457	514	379	389	381	505	383	495	765	998	999	934	808	481	261	135	209	189	98	148	191	231	143	221	215	215	180	185	227	167	198	181	213	159	163	172	152	144	134	152	118	112
64	170	1	2	119	0	1953125	12	0.0	2664	1.48	0	0	V0.2	0	0	94	70	96	75	113	76	112	99	117	90	122	108	126	102	143	122	133	134	150	155	132	181	146	167	129	184	158	158	175	182	215	179	227	217	176	195	188	250	214	355	384	497	482	468	523	391	394	380	501	369	480	742	991	1000	964	844	514	284	148	213	191	98	143	197	235	151	229	218	223	182	193	232	176	204	187	221	164	174	180	162	147	141	160	124	119
64	170	1	2	119	0	1953125	12	0.0	2691	1.48	0	0	V0.2	0	0	91	93	75	101	88	110	83	118	104	109	109	121	121	113	135	138	131	138	154	161	155	169	189	156	179	162	205	149	204	205	236	232	238	284	207	252	213	283	258	364	442	497	532	480	539	410	395	406	471	409	456	778	941	1000	910	821	505	267	207	233	265	133	229	230	271	197	251	264	221	217	205	254	187	217	207	212	175	170	187	152	150	144	153	119	124
64	170	1	2	119	0	1953125	12	0.0	2689	1.48	0	0	V0.2	0	0	92	78	81	94	91	96	92	113	102	102	115	113	119	108	140	128	132	141	154	156	152	175	180	155	177	165	196	147	209	203	235	231	244	280	201	255	213	280	258	375	454	504	542	489	535	409	394	420	470	433	467	799	937	999	889	797	514	280	220	207	259	124	232	228	278	218	242	275	223	223	200	253	205	211	220	212	193	164	191	160	151	147	153	132	118
64	170	1	2	119	0	1953125	12	0.0	2666	1.48	0	0	V0.2	0	0	88	67	100	77	111	69	118	91	110	88	122	103	114	107	137	113	128	133	144	143	130	177	133	161	125	181	142	158	172	176	203	172	223	203	159	179	172	226	203	351	387	491	483	451	487	338	341	328	445	347	474	764	986	999	897	766	452	290	202	153	158	54	129	163	227	147	203	211	199	181	151	213	161	181	167	194	164	138	162	144	139	119	138	119	101
64	170	1	2	119	0	1953125	12	0.0	2664	1.48	0	0	V0.2	0	0	81	70	72	85	82	89	82	104	90	89	100	100	105	94	123	114	114	123	134	135	127	147	154	124	145	135	170	118	174	165	190	184	183	223	138	187	153	226	213	322	408	456	495	429	477	354	311	336	406	378	439	777	939	1000	874	770	494	267	208	146	173	26	140	153	213	160	197	233	187	188	159	212	164	176	186	186	170	144	174	144	136	131	140	120	104
64	170	1	2	119	0	1953125	12	0.0	2666	1.48	0	0	V0.2	0	0	91	69	91	79	106	80	104	98	108	87	114	103	117	95	135	115	125	125	140	143	124	163	139	149	128	167	156	142	169	165	197	165	201	203	144	173	156	228	197	335	378	478	482	431	465	315	312	303	413	328	458	757	983	1000	909	771	430	239	176	155	158	53	126	166	208	128	198	199	189	165	156	207	149	176	162	191	146	143	157	136	128	118	136	106	98
64	170	1	2	119	0	1953125	12	0.0	2664	1.48	0	0	V0.2	0	0	77	59	83	62	104	63	100	80	105	76	102	94	108	92	120	109	116	115	132	136	115	155	123	152	103	170	129	153	142	167	188	152	201	171	165	145	185	210	218	328	371	495	447	418	405	297	285	317	431	360	510	753	1000	929	845	647	365	231	126	149	106	90	108	198	199	141	197	184	203	141	175	189	159	171	167	196	137	156	150	147	122	125	138	109	102
64	170	1	2	119	0	1953125	12	0.0	2689	1.48	0	0	V0.2	0	0	93	92	78	99	91	110	85	118	105	107	110	118	121	109	135	134	130	135	151	157	148	165	176	152	168	161	199	147	200	196	227	215	225	260	183	234	203	286	264	381	450	503	514	427	457	322	349	380	473	427	516	831	985	1000	856	722	401	194	135	157	197	114	215	225	261	180	238	239	197	188	184	232	166	202	191	200	155	156	167	137	134	128	137	104	112
64	170	1	2	119	0	1953125	12	0.0	2689	1.48	0	0	V0.2	0	0	90	65	87	75	102	72	102	95	108	87	115	102	116	96	136	116	127	133	148	150	133	179	152	166	142	184	169	159	191	193	227	198	245	240	196	224	217	279	252	391	429	517	492	436	449	317	368	388	493	411	541	817	1000	984	876	728	400	224	134	196	208	138	207	237	271	180	244	238	220	192	194	243	181	212	194	217	166	165	177	155	145	136	152	120	118
64	170	1	2	119	0	1953125	12	0.0	2689	1.48	0	0	V0.2	0	0	100	74	97	83	112	81	113	105	115	92	124	110	124	105	147	123	134	137	154	157	138	187	157	172	148	193	176	167	197	199	232	201	251	242	196	224	219	286	258	403	439	523	495	435	448	307	357	383	504	419	544	816	999	983	871	733	404	223	122	186	205	131	203	232	270	173	237	232	212	185	186	239	174	203	187	212	161	157	171	146	136	126	145	112	110
64	170	1	2	119	0	1953125	12	0.0	2689	1.48	0	0	V0.2	0	0	85	63	85	67	103	68	102	89	109	84	112	99	114	96	132	115	127	127	145	150	130	176	145	171	134	186	161	166	181	195	227	195	245	228	204	213	226	279	269	401	435	537	495	449	444	319	345	376	510	437	566	797	1000	950	835	676	389	249	130	192	195	155	196	245	274	188	243	226	228	186	200	236	187	210	191	220	163	169	171	158	142	136	152	121	120
64	170	1	2	119	0	1953125	12	0.0	2689	1.48	0	0	V0.2	0	0	97	75	98	79	112	81	112	100	117	94	123	108	124	106	143	123	133	135	151	156	139	183	153	175	143	190	168	169	191	199	230	198	245	230	199	216	219	280	265	399	432	527	495	437	436	297	331	367	506	446	575	817	1000	951	809	661	398	260	143	177	187	134	182	218	262	178	231	219	212	179	176	224	170	195	174	202	154	150	158	141	130	120	137	109	106
64	170	1	2	119	0	1953125	12	0.0	2689	1.48	0	0	V0.2	0	0	86	66	87	65	107	67	104	88	112	83	110	101	114	97	130	118	127	127	145	150	130	174	143	172	126	187	153	169	172	198	223	189	244	218	210	197	228	264	265	383	421	532	477	446	430	311	321	368	497	421	554	781	1000	928	832	676	427	285	144	207	190	147	163	235	260	184	234	218	230	175	196	224	183	198	182	214	154	165	160	154	134	131	146	116	113
64	170	1	2	119	0	1953125	12	0.0	2689	1.48	0	0	V0.2	0	0	96	73	93	79	107	81	106	101	113	91	119	107	122	101	141	121	129	130	148	155	136	181	157	168	143	181	173	157	188	190	227	196	241	242	196	221	204	276	243	378	423	516	495	428	442	300	334	360	487	419	532	815	1000	971	834	704	427	276	180	200	224	122	177	204	261	173	222	227	214	189	174	234	175	196	179	206	162	147	164	145	136	121	140	113	107
64	170	1	2	119	0	1953125	12	0.0	2689	1.48	0	0	V0.2	0	0	88	66	83	69	99	72	97	92	107	84	111	100	115	92	132	114	124	127	145	151	128	174	151	165	137	177	168	151	181	189	227	193	242	240	197	217	203	272	236	372	421	523	495	436	448	310	340	359	490	411	524	799	999	969	861	738	468	330	213	242	250	133	172	207	264	172	229	234	229	196	188	243	183	204	187	219	166	159	173	157	142	134	156	124	118
64	170	1	2	119	0	1953125	12	0.0	2686	1.48	0	0	V0.2	0	0	98	74	90	81	107	84	104	104	113	91	120	109	124	98	145	124	131	132	153	159	137	184	165	168	149	181	182	148	194	193	234	199	245	259	195	231	196	282	229	373	436	535	521	445	473	316	340	365	499	411	491	805	1000	986	879	787	513	354	243	250	283	123	179	193	267	169	222	242	226	202	177	250	183	200	185	214	170	151	175	153	141	129	152	123	111
64	170	1	2	119	0	1953125	12	0.0	2689	1.48	0	0	V0.2	0	0	77	70	80	61	105	62	95	79	111	82	98	106	106	100	114	124	117	119	142	147	132	162	150	174	118	185	137	172	143	213	216	196	244	211	242	164	245	219	270	325	433	551	479	483	418	359	281	370	459	393	486	742	1000	881	846	674	516	399	212	288	225	177	128	250	230	194	212	228	252	158	215	205	207	174	202	212	156	167	158	169	124	146	144	125	111
64	170	1	2	119	0	1953125	12	0.0	2686	1.48	0	0	V0.2	0	0	92	69	89	71	108	76	102	94	111	85	114	102	119	92	136	117	127	124	145	154	128	177	151	168	132	178	166	148	178	190	232	192	243	243	197	211	183	256	213	359	419	543	516	460	478	324	318	317	465	370	478	771	999	950	833	739	524	426	285	243	236	104	144	189	262	169	221	229	229	191	167	233	173	191	171	212	161	148	165	150	137	122	147	117	106
64	170	1	2	119	0	1953125	12	0.0	2689	1.48	0	0	V0.2	0	0	82	64	82	57	105	63	97	79	112	81	104	99	113	93	122	117	121	118	142	151	128	169	144	177	117	185	146	166	157	202	227	192	248	223	230	188	209	232	232	334	408	549	494	491	472	370	330	333	461	360	481	730	1000	905	851	741	587	493	289	287	211	131	108	219	251	186	230	227	258	178	198	219	193	190	185	221	156	164	160	165	133	135	151	122	111
64	170	1	2	119	0	1953125	12	0.0	2689	1.48	0	0	V0.2	0	0	101	83	90	90	106	96	102	115	116	103	123	118	129	106	146	131	137	139	158	166	149	184	180	169	166	174	196	150	205	205	246	221	248	280	205	242	190	274	231	366	448	545	563	498	548	411	385	382	470	403	458	795	988	1000	872	839	634	461	338	253	271	99	162	184	275	204	227	262	235	221	176	246	195	197	193	211	184	150	180	158	148	130	150	129	110
64	170	1	2	119	0	1953125	12	0.0	2664	1.48	0	0	V0.2	0	0	77	78	58	93	70	98	68	111	85	97	90	109	97	102	112	123	108	123	134	132	136	132	168	108	150	115	171	111	162	173	179	192	168	219	152	155	150	181	221	274	425	470	519	457	464	387	267	338	356	389	398	802	969	1000	855	760	582	379	310	208	205	85	98	141	190	181	157	240	203	182	159	196	189	147	188	173	173	129	163	155	128	130	134	130	97
64	170	1	2	119	0	1953125	12	0.0	2664	1.48	0	0	V0.2	0	0	87	68	86	70	105	74	99	91	108	83	106	97	112	88	126	111	118	114	132	140	116	154	130	144	108	156	142	135	150	163	196	154	189	186	141	142	126	195	174	306	364	489	473	422	440	309	277	252	390	317	452	741	1000	947	834	736	532	418	280	191	157	29	46	131	195	127	180	189	200	159	136	186	139	153	139	181	137	129	141	134	119	103	127	102	87
64	170	1	2	119	0	1953125	12	0.0	2664	1.48	0	0	V0.2	0	0	79	61	75	65	94	73	88	87	100	79	100	94	108	83	120	108	116	112	131	139	115	150	135	142	115	149	148	129	154	160	198	162	189	199	148	162	134	212	183	315	378	497	492	433	457	325	299	283	418	349	467	759	1000	962	845	758	542	406	283	207	190	55	74	136	212	142	193	207	213	179	152	205	156	171	157	198	157	147	161	148	134	121	143	116	102
64	170	1	2	119	0	1953125	12	0.0	2664	1.48	0	0	V0.2	0	0	86	67	86	66	105	71	100	88	108	81	105	96	111	89	125	110	117	114	133	139	114	154	127	147	105	159	137	140	147	163	193	150	190	178	144	138	138	197	181	310	364	495	468	417	422	290	267	264	405	327	466	741	999	933	835	725	501	377	241	187	160	45	55	140	194	120	174	180	200	150	140	185	142	153	140	182	131	127	135	132	113	102	127	99	86
64	170	1	2	119	0	1953125	12	0.0	2664	1.48	0	0	V0.2	0	0	67	85	59	88	77	94	74	103	93	98	82	114	93	110	98	133	108	119	133	131	138	122	163	120	139	126	158	136	137	184	168	184	162	188	168	113	166	158	247	261	432	492	500	451	403	361	214	329	363	427	429	815	1000	976	850	728	576	368	256	182	166	79	90	155	173	174	143	227	197	157	158	180	179	131	185	168	161	126	155	146	113	127	128	119	90
64	170	1	2	119	0	1953125	12	0.0	2113	1.38	0	0	V0.2	0	0	14	24	6	42	28	27	27	18	36	4	20	10	38	16	19	10	29	31	17	8	36	22	27	29	48	47	21	12	41	29	113	107	99	161	144	221	112	120	30	123	248	500	478	453	449	328	278	92	251	127	276	619	1000	887	852	594	242	231	342	189	253	285	310	297	117	109	85	76	121	88	15	61	44	63	57	17	61	48	49	37	19	55	47	28	15
64	170	1	2	119	0	1953125	12	0.0	2111	1.38	0	0	V0.2	0	0	31	29	14	24	22	35	23	34	19	21	24	27	18	11	38	32	4	15	33	22	15	43	42	14	7	48	46	42	35	52	68	55	148	116	128	168	148	48	101	93	291	395	361	436	445	166	248	231	12	353	284	419	1000	833	486	768	414	384	333	93	290	427	262	77	220	199	47	40	79	118	66	57	85	42	19	47	79	26	34	50	46	15	40	52	20
64	170	1	2	119	0	1953125	12	0.0	2113	1.38	0	0	V0.2	0	0	31	16	19	6	38	28	25	19	27	15	27	17	27	14	39	20	12	17	34	28	16	46	22	15	29	59	41	27	20	61	71	59	157	100	144	153	185	17	99	95	263	427	326	453	427	182	213	288	41	360	272	362	1000	850	489	757	440	406	353	88	273	416	296	55	240	183	53	13	92	136	57	53	65	62	31	61	71	17	28	53	57	12	44	47	24
64	170	1	2	119	0	1953125	12	0.0	2664	1.48	0	0	V0.2	0	0	52	62	65	68	52	94	51	84	87	67	89	85	81	91	103	86	105	112	93	118	130	92	140	114	97	138	120	117	137	147	129	180	159	122	160	126	88	201	185	249	373	446	367	456	374	199	302	293	214	527	428	534	1000	926	513	756	650	364	44	353	191	66	177	156	70	227	165	130	189	190	97	189	137	124	169	156	115	159	120	105	133	109	95	119	87
64	170	1	2	119	0	1953125	12	0.0	2666	1.48	0	0	V0.2	0	0	82	72	87	65	109	71	100	84	112	83	102	100	113	95	120	117	119	112	132	141	119	151	130	158	103	163	132	152	135	169	191	150	188	163	164	127	157	189	203	304	363	513	468	428	399	304	270	292	442	382	487	724	1000	903	814	692	515	395	221	202	154	87	46	154	190	134	166	175	215	148	153	177	159	150	144	187	138	139	137	146	117	109	127	108	91
64	170	1	2	119	0	1953125	12	0.0	2664	1.48	0	0	V0.2	0	0	75	68	82	62	103	68	95	80	107	80	96	99	109	94	114	115	119	112	131	138	118	146	128	155	100	159	126	152	128	171	188	153	187	157	170	123	168	192	220	306	367	513	462	432	395	319	278	307	440	394	490	720	1000	903	806	661	495	383	214	201	145	97	52	161	187	143	165	175	217	147	164	176	168	153	154	190	143	146	137	150	118	117	130	111	95
64	170	1	2	119	0	1953125	12	0.0	2666	1.48	0	0	V0.2	0	0	82	68	87	65	107	71	100	84	110	82	104	98	114	94	123	114	122	115	132	141	117	154	129	157	108	164	135	149	142	166	195	152	189	168	158	137	152	202	206	326	375	520	476	423	403	296	287	301	450	383	489	726	1000	917	803	671	477	381	233	206	165	86	65	149	196	133	170	173	210	155	152	185	157	160	147	193	142	139	137	144	123	112	130	109	97
64	170	1	2	119	0	1953125	12	0.0	2664	1.48	0	0	V0.2	0	0	85	71	84	74	100	83	94	96	107	89	106	101	119	94	128	117	125	120	136	145	125	154	144	149	129	153	160	135	161	162	199	165	184	199	146	165	135	225	208	339	405	521	517	420	432	306	304	315	476	435	499	769	1000	973	803	713	511	393	276	185	188	63	87	126	215	150	175	194	204	184	141	200	158	170	152	190	158	137	154	147	136	115	138	119	101
64	170	1	2	119	0	1953125	12	0.0	2666	1.48	0	0	V0.2	0	0	89	73	88	73	105	82	98	94	110	87	106	101	118	94	129	118	126	119	136	147	123	156	140	153	123	157	154	139	157	164	201	159	183	188	144	156	145	230	211	335	395	518	505	412	424	302	289	295	468	421	503	763	1000	945	779	693	499	388	248	161	169	60	80	132	215	145	173	186	203	174	137	195	155	163	144	190	155	135	146	140	128	107	132	112	94
64	170	1	2	119	0	1953125	12	0.0	2664	1.48	0	0	V0.2	0	0	78	61	79	62	100	70	93	83	105	79	100	93	111	87	122	110	120	112	130	138	115	152	129	149	109	155	140	138	147	162	195	155	183	181	151	158	154	221	198	324	385	521	498	415	419	294	280	287	450	391	492	746	1000	940	815	714	515	393	242	183	169	75	76	144	211	143	184	189	214	172	151	195	157	167	150	194	151	147	155	149	133	117	140	115	100
64	170	1	2	119	0	1953125	12	0.0	2664	1.48	0	0	V0.2	0	0	67	81	85	83	89	85	108	87	99	99	107	98	99	117	118	110	120	129	130	128	131	161	118	152	117	170	115	157	152	165	181	157	202	168	143	157	158	204	192	347	395	511	498	418	416	261	265	262	390	355	471	770	979	1000	829	722	520	389	317	150	166	45	83	89	188	172	150	192	178	191	132	165	167	147	152	148	172	126	129	131	126	115	99	116	98
64	170	1	2	119	0	1953125	12	0.0	2664	1.48	0	0	V0.2	0	0	68	84	66	84	85	90	82	97	98	96	84	115	97	112	99	133	113	120	135	134	138	126	160	135	132	138	150	150	130	188	173	184	170	177	183	110	182	154	257	272	441	530	512	461	392	371	225	319	349	408	408	761	1000	978	864	724	614	422	278	217	182	122	51	153	166	184	144	223	216	161	169	171	192	133	185	172	165	139	156	160	116	129	127	124	91
64	170	1	2	119	0	1953125	12	0.0	2666	1.48	0	0	V0.2	0	0	84	68	88	64	107	71	101	85	110	81	105	97	115	91	124	112	122	113	132	141	116	154	128	157	109	165	137	146	143	165	196	153	190	175	158	147	158	210	204	333	387	532	486	414	416	307	288	267	409	331	453	705	1000	957	865	753	549	428	259	203	169	75	56	141	201	138	182	186	218	167	154	193	156	163	145	194	147	141	143	143	125	110	132	108	94
64	170	1	2	119	0	1953125	12	0.0	2664	1.48	0	0	V0.2	0	0	76	67	83	59	105	65	99	80	111	82	100	99	110	93	116	116	121	113	134	141	119	151	129	160	100	166	124	154	127	177	196	162	200	166	174	123	165	178	211	309	384	543	486	455	431	351	298	275	382	305	404	668	1000	948	911	772	592	450	265	244	165	100	42	167	192	155	185	193	234	159	175	185	172	160	161	197	144	155	151	161	126	124	140	118	100
64	170	1	2	119	0	1953125	12	0.0	2666	1.48	0	0	V0.2	0	0	80	75	87	69	109	71	103	87	114	86	103	108	111	103	119	123	121	116	138	142	126	153	136	160	105	171	128	160	129	186	191	161	198	165	183	120	181	173	218	297	388	538	478	452	415	347	283	291	382	316	400	674	1000	946	920	779	622	466	272	260	160	100	23	160	173	155	178	194	232	150	174	173	172	147	159	188	140	149	142	157	119	122	132	114	94
64	170	1	2	119	0	1953125	12	0.0	2136	1.39	0	0	V0.2	0	0	26	7	36	17	37	44	20	40	16	43	8	26	8	43	30	15	24	29	27	21	9	46	44	15	31	46	48	55	9	54	63	130	111	136	216	154	190	67	83	114	290	456	558	427	471	414	265	206	156	134	71	549	889	1000	888	806	394	214	298	176	115	345	320	308	195	110	179	125	78	83	9	87	88	16	31	14	76	72	23	36	37	51	51	9	34
64	170	1	2	119	0	1953125	12	0.0	2666	1.48	0	0	V0.2	0	0	56	76	69	67	85	78	82	80	100	69	98	96	72	117	90	99	114	109	100	135	112	124	124	136	88	162	97	132	138	148	135	202	134	162	147	149	95	206	133	254	366	437	361	488	357	250	322	292	197	443	334	448	1000	913	622	814	707	395	115	386	200	43	184	139	88	206	176	118	208	193	110	175	153	107	175	148	117	148	128	91	135	108	89	113	91
64	170	1	2	119	0	1953125	12	0.0	2664	1.48	0	0	V0.2	0	0	68	83	68	82	90	87	85	98	104	96	87	117	99	112	101	135	113	121	138	137	140	133	162	142	129	145	147	154	127	194	180	190	186	186	201	114	193	148	247	257	421	515	492	468	421	414	267	334	337	357	346	705	974	1000	958	831	703	462	304	266	214	147	45	163	164	187	157	239	235	172	190	184	204	139	195	184	171	145	157	164	121	140	136	130	96
64	170	1	2	119	0	1953125	12	0.0	2664	1.48	0	0	V0.2	0	0	77	97	69	96	89	102	85	111	104	106	89	125	100	119	104	142	114	124	142	140	147	130	175	134	145	139	165	148	139	195	179	198	178	201	197	121	185	151	243	248	430	507	505	459	427	421	267	346	325	341	293	698	950	1000	939	849	710	449	320	254	233	137	59	150	165	185	142	241	218	172	174	186	198	130	191	174	166	125	154	154	114	127	126	122	86
64	170	1	2	119	0	1953125	12	0.0	2664	1.48	0	0	V0.2	0	0	66	87	58	90	72	99	70	104	92	102	81	116	96	111	97	133	109	120	133	133	142	120	170	121	146	119	165	131	141	181	174	196	165	210	180	137	167	164	231	249	423	481	512	443	452	429	298	351	325	334	276	693	928	1000	911	844	685	431	329	247	246	125	79	140	181	179	158	251	214	188	168	199	187	142	191	177	174	135	172	154	127	135	139	127	96
64	170	1	2	119	0	1953125	12	0.0	2661	1.48	0	0	V0.2	0	0	79	82	70	84	81	103	74	102	95	98	91	101	111	95	115	120	119	115	128	141	128	134	152	132	139	124	166	116	157	157	199	178	167	208	140	164	115	206	181	290	367	473	503	415	466	359	311	263	359	295	329	651	945	1000	874	816	609	457	334	233	233	72	66	106	194	129	176	205	207	183	144	206	152	163	149	188	148	134	149	135	124	112	137	109	94
64	170	1	2	119	0	1953125	12	0.0	2658	1.48	0	0	V0.2	0	0	67	76	72	71	94	77	89	88	106	91	89	110	101	105	100	127	113	117	136	138	135	137	152	150	120	153	135	154	122	195	187	192	203	194	213	117	187	147	243	263	413	508	484	475	438	423	301	342	340	324	323	677	976	1000	968	833	707	485	337	316	218	146	36	161	159	183	170	242	240	173	198	184	202	146	198	186	168	153	160	165	119	140	136	127	98
64	170	1	2	119	0	1953125	12	0.0	2655	1.48	0	0	V0.2	0	0	84	82	75	82	88	100	80	100	98	94	95	99	115	91	119	116	121	113	128	141	125	141	144	136	130	133	160	119	155	154	201	172	175	205	135	157	104	194	155	288	361	488	505	413	460	333	302	242	344	255	331	647	963	1000	916	836	616	471	336	262	243	76	52	104	181	108	175	196	209	173	148	200	142	157	143	187	136	132	144	134	116	104	128	97	89
64	170	1	2	119	0	1953125	12	0.0	2664	1.48	0	0	V0.2	0	0	62	83	51	83	60	98	58	99	83	98	72	105	92	102	91	124	103	110	123	129	135	110	162	109	140	99	163	112	135	161	172	187	150	210	163	138	129	151	193	239	398	468	513	415	430	378	269	302	296	304	245	649	896	1000	884	840	674	465	391	279	287	133	56	95	165	145	147	236	200	190	150	202	171	145	172	171	162	125	162	140	124	126	140	121	92
64	170	1	2	119	0	1953125	12	0.0	2664	1.48	0	0	V0.2	0	0	79	87	78	81	105	83	96	98	115	94	94	119	103	110	108	135	115	119	141	143	135	142	157	155	117	160	134	155	120	201	187	181	199	183	211	103	183	129	216	231	401	522	487	482	441	436	310	327	340	264	253	629	987	999	999	870	749	550	359	349	243	176	7	144	144	158	147	221	247	156	190	177	200	130	179	185	155	140	140	159	112	131	130	124	89
64	170	1	2	119	0	1953125	12	0.0	2664	1.48	0	0	V0.2	0	0	73	74	79	66	103	69	96	84	112	86	95	110	107	101	108	126	117	115	137	143	128	147	144	162	105	163	124	155	115	191	191	173	205	180	211	124	180	146	201	247	388	532	486	481	451	432	342	323	368	264	286	613	978	977	1000	873	744	557	363	370	248	176	32	147	161	160	174	221	259	169	199	185	197	149	181	198	156	157	154	175	129	139	141	128	101
64	170	1	2	119	0	1953125	12	0.0	2111	1.38	0	0	V0.2	0	0	19	11	32	50	14	37	9	42	35	12	14	31	40	1	23	9	41	31	15	18	34	8	45	32	65	30	29	22	46	43	100	76	128	140	202	258	124	197	58	10	223	456	424	438	414	426	366	247	309	95	63	419	893	950	1000	769	474	272	218	121	170	249	386	304	178	174	120	160	136	43	67	55	73	84	26	46	57	53	60	17	49	59	39	35	12
64	170	1	2	119	0	1953125	12	0.0	2091	1.38	0	0	V0.2	0	0	17	5	37	49	14	24	27	45	14	24	32	31	25	31	30	22	31	45	31	14	35	32	40	55	68	5	16	49	53	61	34	113	117	133	136	280	134	155	101	80	269	319	330	442	397	203	406	418	76	214	270	204	1000	788	682	926	640	368	144	128	246	474	240	177	257	235	102	79	162	118	48	27	110	98	16	59	65	52	15	76	61	13	29	55	47
64	170	1	2	119	0	1953125	12	0.0	2113	1.38	0	0	V0.2	0	0	16	21	31	20	43	1	27	17	40	4	11	34	31	14	15	36	23	17	37	30	16	17	42	34	57	38	16	15	35	77	43	83	117	137	121	218	190	103	90	28	215	365	268	434	395	221	341	460	75	205	279	145	1000	782	612	923	652	387	152	172	261	447	189	200	258	204	52	115	158	82	33	53	104	53	43	55	41	19	54	72	19	32	44	44	6
64	170	1	2	119	0	1953125	12	0.0	2116	1.38	0	0	V0.2	0	0	15	31	37	16	25	38	54	7	11	35	45	2	6	48	47	11	25	44	29	7	47	63	24	21	35	49	65	51	38	35	19	112	152	54	212	207	184	85	201	121	223	328	291	494	393	209	427	434	147	286	328	220	956	890	624	1000	636	367	195	225	294	416	281	99	303	268	67	77	118	150	78	72	107	55	26	54	102	49	26	58	65	32	35	69	42
64	170	1	2	119	0	1953125	12	0.0	2655	1.48	0	0	V0.2	0	0	58	97	59	87	77	94	72	111	85	77	119	78	98	116	96	109	125	105	118	140	126	119	172	99	129	145	114	134	153	125	165	198	172	150	220	104	122	168	164	232	398	398	397	484	420	257	462	349	177	400	327	354	982	954	652	1000	901	480	242	495	393	43	151	155	24	203	205	112	211	217	130	180	195	108	158	174	109	151	153	95	129	133	82	116	109
64	170	1	2	119	0	1953125	12	0.0	2116	1.38	0	0	V0.2	0	0	8	28	26	27	55	17	43	16	42	31	17	15	39	48	0	28	20	42	31	11	36	50	1	37	38	76	37	34	23	21	81	130	74	171	194	251	249	134	176	45	158	419	483	350	462	396	437	322	356	318	92	336	861	951	999	922	546	385	301	40	84	298	344	390	169	183	192	147	149	96	39	117	75	62	48	37	88	60	35	30	41	72	55	12	27
64	170	1	2	119	0	1953125	12	0.0	2091	1.38	0	0	V0.2	0	0	31	5	30	10	45	22	47	12	26	21	39	16	17	37	46	7	9	34	37	15	40	60	2	30	58	84	32	66	10	48	45	79	175	98	200	222	269	87	213	87	188	373	252	457	430	213	386	529	234	295	351	119	976	936	581	1000	726	464	196	260	283	439	321	121	340	241	82	68	151	175	39	89	92	79	30	78	91	22	38	62	72	10	59	63	38
64	170	1	2	119	0	1953125	12	0.0	2091	1.38	0	0	V0.2	0	0	36	15	27	10	44	30	36	24	33	14	34	19	33	13	46	19	17	22	41	30	20	61	19	32	32	86	28	56	9	43	62	56	168	108	182	212	266	96	193	101	192	374	253	436	427	184	356	514	258	264	357	107	963	910	561	999	739	488	185	285	305	442	302	144	346	223	78	80	161	163	11	102	84	69	16	87	75	9	46	69	60	11	67	51	20
64	170	1	2	119	0	1953125	12	0.0	2088	1.38	0	0	V0.2	0	0	36	12	31	7	48	23	43	20	31	7	43	16	28	23	52	13	17	29	41	23	26	65	14	42	35	92	24	71	24	46	51	67	170	106	186	221	262	95	206	119	189	343	212	416	402	148	374	534	270	260	382	134	946	860	551	999	755	506	181	303	326	441	290	141	348	226	70	78	162	169	20	104	93	73	18	86	83	13	44	65	62	3	62	54	22
64	170	1	2	119	0	1953125	12	0.0	2066	1.37	0	0	V0.2	0	0	23	11	22	26	47	20	35	18	31	23	29	31	19	38	30	21	7	37	38	13	48	50	29	23	81	83	33	57	43	64	25	98	154	104	185	231	290	101	217	100	157	347	172	418	362	188	350	601	253	262	377	122	976	817	590	999	823	553	147	294	303	489	297	180	332	220	104	76	196	167	25	90	103	100	12	95	74	38	36	80	68	15	63	57	36
64	170	1	2	119	0	1953125	12	0.0	2038	1.37	0	0	V0.2	0	0	27	4	27	15	45	14	41	9	31	17	39	21	22	36	43	14	19	33	35	23	40	64	16	60	50	103	16	99	45	50	42	69	154	101	188	229	286	144	246	143	123	304	190	382	407	169	365	568	309	281	432	65	922	857	521	1000	801	509	166	301	304	458	303	144	338	227	92	76	171	183	32	101	97	96	29	83	90	27	46	69	74	16	63	62	42
64	170	1	2	119	0	1953125	12	0.0	2066	1.37	0	0	V0.2	0	0	19	15	37	15	45	16	30	5	38	8	21	24	39	7	25	25	31	9	33	35	16	40	30	52	47	88	24	52	36	63	55	63	143	124	195	212	307	128	196	78	126	371	207	391	405	257	330	632	273	255	387	94	985	859	520	999	911	495	170	259	286	512	250	220	309	226	97	116	203	120	58	76	118	75	42	87	51	42	49	79	31	48	58	49	21
64	170	1	2	119	0	1953125	12	0.0	2113	1.38	0	0	V0.2	0	0	20	28	18	30	28	44	9	25	23	29	17	16	37	18	33	25	29	10	30	38	13	43	24	36	14	77	33	40	7	41	76	29	148	124	171	197	267	126	167	96	166	376	270	403	442	211	328	528	285	251	389	42	905	891	487	1000	827	464	183	302	289	424	265	169	343	206	85	96	176	137	22	99	79	59	30	89	47	26	44	62	34	36	61	31	10
64	170	1	2	119	0	1953125	12	0.0	2111	1.38	0	0	V0.2	0	0	21	30	27	38	49	11	21	40	46	7	6	47	31	20	18	50	23	25	47	31	16	14	58	45	69	26	23	33	44	87	26	88	118	159	113	284	235	148	109	88	264	404	292	431	430	251	348	572	198	186	389	99	1000	874	536	987	903	469	103	221	277	517	246	203	292	270	94	125	188	108	44	59	129	66	44	63	58	26	55	82	31	27	49	56	11
64	170	1	2	119	0	1953125	12	0.0	2086	1.38	0	0	V0.2	0	0	26	12	19	32	50	20	33	22	36	21	28	33	22	38	34	25	6	38	43	19	45	46	28	13	85	77	28	37	36	77	39	98	163	118	174	245	303	95	188	71	207	436	254	458	415	216	291	558	229	264	367	5	1000	931	549	966	825	514	196	256	263	487	327	158	340	242	115	63	189	176	20	77	99	102	28	92	80	35	27	81	77	3	58	60	41
64	170	1	2	119	0	1953125	12	0.0	2111	1.38	0	0	V0.2	0	0	25	16	31	11	50	29	25	5	44	20	18	20	46	8	32	28	34	9	40	44	15	36	18	38	55	70	19	10	16	76	65	62	145	108	145	202	286	76	156	67	214	437	242	437	408	200	257	560	252	236	375	74	1000	874	511	957	856	544	175	300	279	487	273	200	335	223	86	106	201	132	26	80	103	73	46	86	44	15	45	75	31	41	59	40	1
64	170	1	2	119	0	1953125	12	0.0	51	1.03	0	0	V0.2	0	0	29	23	2	37	63	59	24	28	57	53	27	42	63	49	20	34	45	35	34	32	26	13	30	28	66	47	85	26	22	94	94	89	171	68	53	253	232	169	323	157	210	557	140	403	426	174	275	640	154	440	596	336	1000	945	446	823	555	210	448	411	111	404	254	265	319	157	138	217	205	198	151	108	112	141	147	92	64	63	70	66	53	27	9	17	10
64	170	1	2	119	0	1953125	12	0.0	2684	1.48	0	0	V0.2	0	0	58	72	72	50	46	74	83	85	79	69	72	80	93	102	93	88	96	104	107	116	141	135	119	117	129	151	133	113	130	167	160	174	217	197	203	137	133	206	205	225	345	502	365	436	467	249	426	287	184	330	454	280	796	973	386	999	951	421	363	499	295	80	206	103	65	219	196	208	205	172	184	175	145	154	177	151	131	133	142	140	117	111	108	107	99
64	170	1	2	119	0	1953125	12	0.0	2138	1.39	0	0	V0.2	0	0	21	5	46	52	17	43	4	58	32	22	9	43	45	11	28	21	54	34	17	20	33	19	57	47	60	27	28	47	55	59	93	66	127	123	239	274	156	230	67	34	258	471	440	427	358	402	403	327	424	235	207	327	822	942	1000	822	671	499	232	135	115	254	443	352	221	198	147	207	168	54	82	50	95	93	21	46	51	66	73	18	50	61	43	39	12
64	170	1	2	119	0	1953125	12	0.0	2664	1.48	0	0	V0.2	0	0	61	55	90	44	90	67	79	79	100	76	81	111	68	105	107	79	124	117	96	144	125	123	144	151	105	141	135	93	169	143	156	210	179	158	215	192	105	176	180	171	438	454	412	501	430	219	454	445	179	369	400	212	1000	888	599	940	995	544	313	549	416	63	214	158	39	200	233	116	269	216	159	190	208	105	202	161	135	165	158	110	164	125	105	135	107
64	170	1	2	119	0	1953125	12	0.0	2666	1.48	0	0	V0.2	0	0	95	76	96	68	118	80	106	94	124	91	114	106	131	94	136	123	135	121	146	165	130	175	150	176	120	170	160	144	154	175	231	180	230	238	200	196	119	206	151	299	377	580	554	475	509	404	427	350	467	314	265	529	945	1000	995	978	838	754	515	438	373	188	123	69	203	127	192	222	282	236	183	241	189	191	155	226	177	158	169	174	153	124	159	138	111
64	170	1	2	119	0	1953125	12	0.0	2664	1.48	0	0	V0.2	0	0	90	70	87	66	109	81	95	91	118	90	110	105	130	90	131	120	132	119	143	163	130	169	152	175	129	163	167	136	153	168	232	183	226	243	197	202	124	221	165	302	377	566	548	460	511	415	446	379	491	354	279	539	933	1000	981	976	832	739	517	435	391	194	128	80	220	140	198	232	285	245	186	252	197	201	164	233	186	164	177	178	159	134	171	147	117
64	170	1	2	119	0	1953125	12	0.0	2666	1.48	0	0	V0.2	0	0	97	76	96	68	120	81	106	93	125	91	117	110	135	96	137	126	135	122	148	167	133	178	151	182	125	176	164	148	155	178	233	182	237	244	211	204	135	222	163	303	379	577	548	474	517	427	461	398	523	364	302	538	939	990	1000	979	825	731	494	446	384	197	126	93	222	139	204	232	292	238	194	252	201	202	165	237	185	167	173	178	159	136	169	144	118
64	170	1	2	119	0	1953125	12	0.0	2664	1.48	0	0	V0.2	0	0	84	72	94	58	116	70	105	82	124	88	108	107	128	100	125	125	134	121	144	162	133	172	145	189	112	182	142	165	135	186	223	182	237	215	230	181	171	206	193	289	373	568	515	488	489	447	443	389	507	347	341	535	942	960	999	926	801	687	445	444	333	213	103	135	207	158	210	230	300	217	219	230	212	193	182	234	174	181	172	190	151	146	167	145	120
64	170	1	2	119	0	1953125	12	0.0	2664	1.48	0	0	V0.2	0	0	92	79	100	67	122	76	114	91	128	92	113	111	127	100	127	127	134	123	147	161	132	172	143	183	107	181	139	165	138	188	220	176	233	203	211	156	157	190	185	285	365	554	499	464	454	398	393	339	462	312	335	572	979	985	1000	889	749	645	418	402	293	170	72	116	182	135	190	209	276	195	195	214	191	178	161	217	159	161	152	169	136	125	147	128	105
64	170	1	2	119	0	1953125	12	0.0	2689	1.48	0	0	V0.2	0	0	82	87	73	85	81	105	73	102	104	107	100	109	126	104	124	131	135	127	144	166	150	164	181	173	170	156	202	150	189	192	251	225	243	290	232	248	177	269	223	336	426	573	573	469	519	416	426	403	498	409	362	633	937	999	933	918	754	654	479	406	384	171	132	155	258	183	248	274	287	244	206	264	198	212	195	242	183	177	189	176	154	147	171	134	121
64	170	1	2	119	0	1953125	12	0.0	2666	1.48	0	0	V0.2	0	0	89	69	94	70	114	64	112	90	117	84	117	107	117	99	134	117	124	122	145	149	125	175	140	168	109	177	139	144	148	175	214	165	227	215	179	167	132	202	154	302	369	544	507	439	470	367	391	344	463	337	329	585	952	999	949	890	713	637	441	349	317	136	97	69	199	134	184	212	253	231	157	225	182	186	146	205	183	145	157	159	157	118	144	138	112
64	170	1	2	119	0	1953125	12	0.0	2689	1.48	0	0	V0.2	0	0	84	86	76	84	85	105	76	101	106	106	102	108	128	103	126	129	135	127	144	167	150	168	179	175	168	158	199	150	187	190	252	223	243	285	229	247	174	271	223	336	417	570	567	472	521	418	429	386	489	395	364	628	937	1000	942	923	762	656	478	409	379	175	133	153	256	179	244	270	287	243	209	265	199	211	191	241	182	176	187	178	156	145	170	133	121
64	170	1	2	119	0	1953125	12	0.0	2686	1.48	0	0	V0.2	0	0	93	74	95	71	112	79	103	93	119	94	118	109	130	100	140	127	138	128	151	166	141	187	163	191	146	190	179	166	183	202	250	210	269	271	244	235	190	264	217	349	415	579	545	488	507	410	432	389	503	380	381	617	950	1000	965	908	751	668	476	414	361	180	135	148	252	183	244	259	289	245	203	257	204	214	183	238	188	172	179	179	161	139	165	140	123
64	170	1	2	119	0	1953125	12	0.0	2689	1.48	0	0	V0.2	0	0	83	79	89	66	112	71	101	86	120	93	105	117	118	112	123	137	130	129	153	162	148	174	169	196	134	201	156	189	150	223	232	218	272	248	285	187	249	224	269	311	428	574	514	511	471	460	402	423	487	369	380	602	974	981	1000	881	786	655	448	451	332	234	96	203	218	210	233	266	310	215	243	229	233	193	213	237	183	189	177	195	146	158	160	144	121
64	170	1	2	119	0	1953125	12	0.0	2686	1.48	0	0	V0.2	0	0	99	79	101	76	119	82	112	98	126	97	124	115	134	105	144	130	141	133	155	170	144	188	163	193	144	196	176	168	180	200	249	206	266	263	239	224	190	256	211	342	397	565	529	481	503	400	411	359	468	349	359	598	952	1000	957	889	715	635	446	394	350	177	130	145	239	166	226	240	276	232	190	243	192	201	169	226	179	163	168	166	150	126	152	129	111
64	170	1	2	119	0	1953125	12	0.0	2689	1.48	0	0	V0.2	0	0	89	74	93	63	112	73	102	85	121	90	113	107	129	100	133	125	138	128	151	167	140	184	160	200	137	197	170	178	174	206	252	212	277	266	266	230	216	263	234	351	414	594	536	504	504	426	433	388	509	373	395	608	984	1000	969	880	728	653	441	422	350	204	131	186	257	195	252	261	307	236	221	254	214	216	193	247	184	181	177	186	159	147	167	141	126
64	170	1	2	119	0	1953125	12	0.0	2689	1.48	0	0	V0.2	0	0	101	82	94	84	109	91	103	109	119	100	121	113	130	100	144	129	135	133	155	166	144	182	172	175	157	176	191	149	190	194	244	213	252	280	216	234	172	261	204	340	405	532	529	444	502	390	405	381	459	365	327	595	890	1000	919	898	711	607	452	352	356	147	133	133	243	176	218	254	254	238	176	244	191	196	176	213	184	145	167	157	148	123	148	130	108
64	170	1	2	119	0	1953125	12	0.0	2689	1.48	0	0	V0.2	0	0	88	69	87	64	104	74	95	88	113	87	110	103	124	94	133	120	131	123	146	160	134	177	157	184	140	182	174	158	176	193	243	206	261	263	236	229	192	263	213	341	398	552	527	476	502	408	419	370	473	346	367	593	931	1000	953	893	712	630	446	392	350	175	136	162	255	186	246	260	288	242	206	255	203	214	186	238	187	174	181	177	159	139	164	137	121
64	170	1	2	119	0	1953125	12	0.0	2689	1.48	0	0	V0.2	0	0	91	76	96	67	116	72	110	90	124	93	117	111	124	103	132	127	134	128	152	161	138	180	152	190	126	196	154	175	160	207	236	203	266	239	246	193	207	231	222	323	389	542	492	485	478	415	397	351	450	296	352	563	945	997	1000	887	718	618	402	398	311	180	100	172	223	175	235	242	287	212	211	230	197	197	180	225	163	170	163	171	141	134	152	126	112
64	170	1	2	119	0	1953125	12	0.0	2689	1.48	0	0	V0.2	0	0	75	72	80	59	102	61	92	78	109	83	95	108	107	100	109	123	116	116	140	147	133	157	153	178	119	181	139	171	132	205	211	199	249	224	259	160	218	186	232	273	390	522	472	485	447	434	365	368	419	286	294	530	911	959	1000	857	735	595	401	413	306	216	74	190	194	191	211	248	285	192	224	208	213	172	195	213	164	168	159	179	133	147	147	132	109
64	170	1	2	119	0	1953125	12	0.0	2686	1.48	0	0	V0.2	0	0	90	82	71	90	82	96	78	110	95	97	103	111	110	98	124	123	116	123	140	144	139	152	174	134	161	135	184	115	175	175	207	205	209	270	185	206	148	199	185	275	387	458	505	418	468	381	344	375	363	329	218	564	818	1000	913	861	691	540	467	332	346	150	106	107	192	174	176	252	222	219	165	215	190	159	177	177	178	129	157	145	129	119	127	123	92
64	170	1	2	119	0	1953125	12	0.0	2689	1.48	0	0	V0.2	0	0	84	77	68	78	82	91	70	97	95	92	98	103	113	91	121	117	118	118	139	149	134	156	171	150	159	145	189	126	177	177	223	209	227	281	207	234	162	237	189	305	395	498	529	442	510	409	404	398	424	354	251	549	837	1000	927	905	734	604	485	361	376	170	140	125	233	186	214	268	248	244	180	241	193	190	185	206	189	149	177	159	149	132	150	131	110
64	170	1	2	119	0	1953125	12	0.0	2686	1.48	0	0	V0.2	0	0	92	84	75	95	85	101	79	114	100	101	106	115	116	101	127	127	121	127	144	150	144	157	182	140	169	139	194	119	176	178	211	211	214	281	198	218	156	209	188	279	395	475	530	435	495	402	367	397	378	343	195	538	808	999	923	888	722	562	488	354	369	173	113	107	196	178	175	254	225	224	167	218	195	161	176	178	179	128	161	148	131	119	130	126	92
64	170	1	2	119	0	1953125	12	0.0	2689	1.48	0	0	V0.2	0	0	80	76	89	58	110	66	97	78	117	87	100	110	117	103	116	128	126	119	146	157	140	169	160	195	124	195	150	183	141	213	228	208	269	251	295	201	230	211	222	264	392	554	507	518	483	478	439	434	518	341	296	486	891	946	1000	880	796	682	477	474	356	247	91	176	206	193	220	252	304	205	232	221	225	185	198	228	175	181	169	191	140	150	156	139	115
64	170	1	2	119	0	1953125	12	0.0	2689	1.48	0	0	V0.2	0	0	96	88	78	95	89	102	83	118	107	105	112	121	123	106	135	134	128	132	154	162	152	169	192	156	178	153	208	131	191	192	232	224	240	311	233	260	193	248	209	287	405	499	553	468	549	476	472	511	507	439	235	543	809	1000	951	965	821	662	544	414	428	213	142	113	221	193	201	278	258	254	193	250	220	191	201	209	207	154	184	169	154	139	152	145	112
64	170	1	2	119	0	1953125	12	0.0	2689	1.48	0	0	V0.2	0	0	91	86	69	91	81	101	72	109	98	102	104	118	119	106	128	133	125	131	151	158	151	166	196	158	183	152	208	135	189	193	231	230	242	315	246	271	209	247	213	271	395	492	555	484	568	501	491	523	505	437	232	533	798	999	973	995	835	656	554	438	454	238	165	137	230	204	210	288	267	265	205	258	226	199	209	216	210	161	192	177	162	149	162	151	118
64	170	1	2	119	0	1953125	12	0.0	2116	1.38	0	0	V0.2	0	0	31	42	14	30	22	37	52	8	24	4	42	20	24	17	32	41	17	18	8	18	41	40	34	41	25	67	30	72	17	18	52	81	50	184	209	212	259	187	250	77	123	271	372	274	410	370	389	499	490	477	220	301	656	960	1000	947	591	346	253	50	35	306	314	326	229	141	207	165	99	101	37	85	111	33	43	15	61	84	48	29	40	42	64	39	16
64	170	1	2	119	0	1953125	12	0.0	2091	1.38	0	0	V0.2	0	0	25	15	32	42	4	18	32	46	5	5	34	31	12	9	37	29	21	32	31	4	17	44	43	56	45	36	15	76	48	38	16	57	109	116	123	259	164	168	166	153	153	215	210	309	363	149	424	502	285	231	441	129	785	737	588	1000	749	293	100	252	308	420	163	162	272	255	45	133	150	100	40	75	129	54	25	50	76	38	46	74	40	12	42	63	24
64	170	1	2	119	0	1953125	12	0.0	2686	1.48	0	0	V0.2	0	0	87	68	86	74	90	68	107	75	100	105	79	120	100	97	127	107	114	131	121	132	152	143	151	164	144	126	183	103	172	171	178	200	251	182	256	209	172	157	241	159	379	421	417	480	499	299	490	459	282	365	402	225	882	912	613	1000	908	451	282	577	404	41	213	176	33	246	181	165	237	215	130	228	154	155	175	163	123	177	111	129	137	111	109	127	79
64	170	1	2	119	0	1953125	12	0.0	2116	1.38	0	0	V0.2	0	0	29	39	4	36	17	44	45	9	30	10	37	14	35	17	32	33	26	27	8	17	46	38	21	16	46	60	38	54	10	0	74	74	65	180	168	233	208	195	221	26	100	312	363	305	427	346	413	415	471	409	153	253	691	894	1000	910	548	344	225	25	65	279	290	343	182	159	195	138	123	100	12	97	85	39	49	12	73	67	33	32	26	54	62	26	18
64	170	1	2	119	0	1953125	12	0.0	2116	1.38	0	0	V0.2	0	0	36	27	23	29	21	32	33	41	14	14	36	34	12	14	45	36	5	21	37	17	17	54	49	34	17	56	46	76	30	37	26	34	138	113	128	221	199	112	183	129	165	278	229	326	410	151	373	467	292	207	403	80	751	796	530	1000	720	303	157	282	323	385	187	120	306	251	25	122	129	118	37	101	110	31	12	65	82	17	60	63	40	3	57	60	12
64	170	1	2	119	0	1953125	12	0.0	2091	1.38	0	0	V0.2	0	0	34	22	34	36	13	23	36	46	5	4	40	31	6	7	47	34	14	30	35	7	15	56	50	48	32	54	30	83	45	36	19	53	141	133	126	251	194	148	170	145	179	282	255	334	423	174	389	472	297	167	396	84	813	847	574	1000	726	332	144	242	311	428	205	134	288	271	48	120	140	121	54	82	132	55	10	52	91	42	47	72	47	14	45	67	29
64	170	1	2	119	0	1953125	12	0.0	2088	1.38	0	0	V0.2	0	0	35	26	22	26	21	28	31	36	8	7	37	30	12	8	47	28	8	25	35	12	11	58	43	39	30	66	30	79	48	28	29	39	141	137	123	238	213	154	173	143	162	288	252	317	417	161	371	469	300	200	418	66	792	845	537	999	710	321	175	270	306	402	203	120	301	248	25	113	128	127	44	90	112	40	9	54	83	22	51	59	42	6	50	60	19
64	170	1	2	119	0	1953125	12	0.0	2111	1.38	0	0	V0.2	0	0	28	36	5	23	19	45	16	35	22	31	20	31	27	18	36	37	14	7	36	31	20	45	47	11	11	63	48	58	16	38	61	24	145	127	119	185	217	115	161	97	159	325	287	363	433	193	342	438	263	204	349	81	789	867	570	1000	689	324	197	267	310	369	221	119	322	218	46	106	131	121	24	102	81	30	16	79	68	11	54	53	36	18	59	40	4
64	170	1	2	119	0	1953125	12	0.0	2063	1.37	0	0	V0.2	0	0	20	21	32	16	30	32	49	3	9	36	43	9	5	49	45	4	21	41	30	5	54	64	7	44	63	88	31	93	36	35	29	74	170	97	176	214	270	119	231	106	124	317	268	406	425	215	362	463	245	275	356	87	836	894	597	999	673	330	238	257	280	399	273	91	320	244	57	70	128	165	66	74	100	76	42	57	99	40	27	56	71	35	36	63	46
64	170	1	2	119	0	1953125	12	0.0	2086	1.38	0	0	V0.2	0	0	26	33	6	24	21	43	15	30	17	26	19	24	26	15	36	30	13	9	32	30	10	50	41	23	6	76	41	58	27	31	64	31	151	150	134	197	232	148	160	100	139	319	302	371	454	217	355	458	277	217	345	91	843	918	576	1000	668	324	213	259	303	378	230	131	327	204	56	105	137	130	13	105	83	44	7	83	69	10	52	52	40	18	62	40	10
64	170	1	2	119	0	1953125	12	0.0	2063	1.37	0	0	V0.2	0	0	28	5	26	16	41	16	42	8	23	22	40	17	15	38	46	10	14	37	37	13	42	62	9	38	57	95	16	82	42	46	39	68	166	114	175	205	278	124	224	101	101	316	237	401	424	218	354	522	281	274	375	33	856	916	595	1000	705	361	217	266	286	405	275	123	333	220	69	74	152	161	29	89	92	84	24	78	87	19	37	66	71	11	54	63	40
64	170	1	2	119	0	1953125	12	0.0	2091	1.38	0	0	V0.2	0	0	26	29	14	22	30	41	16	26	24	25	21	21	34	15	37	26	19	7	35	34	11	51	31	26	16	84	36	53	17	37	74	31	162	144	150	188	255	127	179	88	133	358	291	399	481	248	336	499	289	230	344	59	886	975	569	1000	701	345	244	273	297	393	249	148	343	205	66	101	158	136	15	103	82	59	18	91	64	18	51	63	41	25	64	41	12
64	170	1	2	119	0	1953125	12	0.0	2063	1.37	0	0	V0.2	0	0	21	19	10	39	41	23	24	30	24	26	27	37	12	44	32	31	1	40	43	14	48	41	42	14	93	80	37	49	64	69	36	86	149	133	172	229	290	129	207	76	124	370	233	438	412	263	341	576	218	266	325	38	969	922	645	999	745	404	248	231	255	450	268	172	316	211	85	83	184	148	20	69	103	102	14	87	66	34	27	80	66	8	54	60	42
64	170	1	2	119	0	1953125	12	0.0	2066	1.37	0	0	V0.2	0	0	32	20	20	13	36	30	28	21	23	10	32	19	29	9	44	18	16	21	38	28	12	60	26	37	23	91	25	67	34	35	63	38	157	144	160	201	249	147	176	92	122	310	283	371	438	230	360	464	252	247	346	84	838	897	574	1000	687	332	224	252	301	387	250	128	325	209	65	91	145	145	12	100	91	68	7	84	79	15	46	58	53	11	62	52	23
64	170	1	2	119	0	1953125	12	0.0	2088	1.38	0	0	V0.2	0	0	28	24	20	15	37	35	19	19	28	16	26	17	32	7	38	21	20	11	35	33	6	50	21	34	17	81	22	55	21	38	69	35	156	134	156	181	251	124	171	72	122	336	283	371	431	249	336	467	236	260	327	68	835	885	595	1000	697	334	242	252	287	390	248	141	325	198	65	88	152	134	6	90	77	65	9	81	60	18	47	62	45	19	60	42	16
64	170	1	2	119	0	1953125	12	0.0	2111	1.38	0	0	V0.2	0	0	27	36	2	24	16	44	16	34	21	29	19	29	26	18	34	37	14	8	33	31	18	43	49	8	6	60	50	53	11	35	63	29	145	133	131	187	202	108	139	71	180	332	314	373	437	217	368	407	203	236	311	142	828	868	587	1000	658	282	214	243	306	371	217	129	322	217	52	112	130	119	23	101	83	32	10	77	67	11	55	53	37	16	59	40	6
64	170	1	2	119	0	1953125	12	0.0	2111	1.38	0	0	V0.2	0	0	36	18	22	7	44	34	30	23	32	19	32	22	31	19	44	23	14	17	38	32	24	52	22	15	37	74	43	42	6	50	69	48	164	103	165	179	234	68	166	60	181	380	309	445	441	247	358	453	190	265	282	138	906	964	620	1000	666	330	248	228	285	387	269	123	341	227	69	90	149	148	29	95	84	61	21	88	80	7	46	67	56	9	64	55	19
64	170	1	2	119	0	1953125	12	0.0	2111	1.38	0	0	V0.2	0	0	38	23	20	16	37	36	32	33	30	20	33	23	28	12	46	28	9	18	40	30	20	54	35	12	25	68	47	47	10	40	61	44	159	104	159	179	213	76	162	78	178	339	298	417	424	223	373	426	183	258	303	145	848	880	606	1000	661	297	207	242	303	370	242	126	331	226	60	101	136	133	29	99	85	44	14	81	78	0	49	59	48	9	60	49	11
64	170	1	2	119	0	1953125	12	0.0	2113	1.38	0	0	V0.2	0	0	37	21	24	15	37	29	36	30	23	12	39	26	24	16	49	26	9	24	39	26	19	60	32	20	21	72	46	57	16	44	61	52	173	118	163	188	217	84	150	77	193	355	316	408	434	235	365	398	181	243	276	167	856	907	634	1000	632	299	226	218	306	387	252	120	328	238	53	96	130	140	38	93	94	50	13	72	84	10	47	60	55	2	57	57	19
64	170	1	2	119	0	1953125	12	0.0	2086	1.38	0	0	V0.2	0	0	42	13	30	14	43	25	44	28	28	11	43	22	24	22	52	20	8	31	42	23	26	67	25	25	32	84	37	58	19	49	66	61	181	122	175	198	235	92	149	89	193	365	328	429	448	248	369	404	174	248	256	191	900	941	617	1000	642	323	268	208	309	405	274	111	331	244	58	88	132	152	51	90	101	63	23	73	95	22	43	62	64	13	54	61	30
64	170	1	2	119	0	1953125	12	0.0	2088	1.38	0	0	V0.2	0	0	35	12	27	1	49	22	34	11	34	7	35	22	32	21	46	20	19	22	43	32	22	60	16	34	41	94	21	48	17	63	80	59	184	137	182	184	267	94	144	57	176	414	322	441	458	273	308	443	185	253	255	145	958	1000	620	972	659	381	293	201	284	427	300	135	343	220	77	68	157	160	26	85	87	87	20	88	81	23	38	69	66	2	60	57	31
64	170	1	2	119	0	1953125	12	0.0	2086	1.38	0	0	V0.2	0	0	33	12	26	4	49	23	31	10	38	13	28	23	36	19	39	21	18	21	42	35	23	55	20	31	49	91	20	36	19	68	82	59	181	140	177	178	271	87	123	47	185	437	332	439	456	279	271	431	173	256	236	143	965	999	567	919	661	407	317	183	263	440	311	126	330	215	82	63	159	159	22	80	89	92	23	91	79	24	33	72	67	3	58	56	33
64	170	1	2	119	0	1953125	12	0.0	2138	1.39	0	0	V0.2	0	0	10	9	39	25	38	22	28	12	41	22	15	18	47	10	13	27	44	7	27	44	12	16	28	56	50	44	9	34	39	82	82	55	125	146	135	183	216	60	42	23	234	454	336	442	438	302	250	439	100	191	229	107	1000	925	568	882	721	391	244	136	243	469	238	187	284	223	69	123	167	83	21	54	102	55	55	66	39	15	62	75	14	40	48	40	5
64	170	1	2	119	0	1953125	12	0.0	2664	1.48	0	0	V0.2	0	0	44	72	65	66	57	98	46	92	88	63	99	82	79	99	102	84	112	112	94	127	134	92	153	111	105	141	127	114	144	143	137	189	183	127	186	125	98	191	190	247	391	461	413	469	421	240	342	285	133	433	332	407	945	1000	590	861	788	429	121	425	303	29	145	168	21	227	184	135	199	222	104	205	166	132	166	187	105	172	142	114	137	137	88	133	102
64	170	1	2	119	0	1953125	12	0.0	2661	1.48	0	0	V0.2	0	0	87	71	87	69	105	81	97	91	109	85	105	98	117	87	125	113	123	114	134	145	118	151	135	151	117	152	151	131	145	155	200	159	184	195	144	151	120	207	178	312	376	516	521	416	445	329	294	204	338	281	354	615	933	1000	884	808	629	489	323	231	235	87	60	90	181	117	165	185	212	185	137	197	152	162	134	187	151	131	142	140	129	104	132	113	93
64	170	1	2	119	0	1953125	12	0.0	2664	1.48	0	0	V0.2	0	0	77	62	80	55	98	70	89	79	106	80	96	89	114	82	115	107	122	110	129	144	116	150	129	159	109	154	143	139	140	161	208	166	199	192	165	155	140	213	198	323	385	545	524	437	446	344	312	213	357	286	375	622	967	1000	905	806	647	527	331	264	238	109	61	117	196	136	187	198	242	189	166	209	173	176	154	209	158	152	153	160	138	121	147	124	107
64	170	1	2	119	0	1953125	12	0.0	2656	1.48	0	0	V0.2	0	0	79	62	78	61	98	75	89	83	102	78	96	90	109	78	115	106	116	105	125	139	112	144	130	147	111	143	144	122	139	151	200	157	179	191	142	148	117	208	177	309	377	524	520	409	430	320	290	196	335	274	353	625	953	1000	868	785	626	519	347	233	233	85	56	86	184	122	164	185	220	190	143	203	160	168	139	197	160	136	146	147	134	107	135	119	98
64	170	1	2	119	0	1953125	12	0.0	2664	1.48	0	0	V0.2	0	0	73	65	82	50	102	63	94	72	112	80	94	96	111	89	108	115	121	108	130	144	119	147	130	169	95	162	125	157	120	176	204	163	201	171	194	130	171	190	222	298	390	562	511	455	419	365	312	237	361	309	380	632	1000	981	907	764	662	539	313	281	211	137	42	131	173	147	173	195	253	172	183	189	187	160	162	205	155	159	146	168	129	129	143	128	105
64	170	1	2	119	0	1953125	12	0.0	2686	1.48	0	0	V0.2	0	0	91	82	98	72	110	94	105	94	125	102	113	106	136	102	131	128	145	126	145	168	142	172	153	193	138	183	171	176	169	197	247	201	239	228	229	203	201	260	250	355	419	586	547	473	459	377	344	277	424	355	433	656	1000	991	895	777	639	511	298	282	248	157	81	185	224	175	212	222	263	185	196	214	192	181	178	220	158	163	154	165	127	129	141	116	104
64	170	1	2	119	0	1953125	12	0.0	2689	1.48	0	0	V0.2	0	0	79	76	86	61	107	71	99	82	118	91	101	110	116	104	116	132	129	123	147	158	142	166	160	191	129	192	155	189	150	218	233	207	249	223	261	181	250	239	288	335	447	592	536	502	447	420	342	345	437	400	452	677	1000	968	908	760	660	509	299	308	261	198	90	213	229	216	223	245	285	198	222	217	225	190	201	227	178	181	167	186	141	149	154	140	119
64	170	1	2	119	0	1953125	12	0.0	2689	1.48	0	0	V0.2	0	0	101	82	98	81	115	90	106	104	122	99	122	114	134	103	145	131	141	133	155	168	144	184	168	187	156	188	190	163	190	199	247	206	244	259	219	241	213	300	250	378	436	567	559	459	493	383	382	343	486	418	459	702	952	1000	866	802	616	465	302	261	304	155	149	166	266	189	228	244	256	233	183	251	198	210	179	227	190	162	175	166	156	129	154	133	116
64	170	1	2	119	0	1953125	12	0.0	2689	1.48	0	0	V0.2	0	0	92	74	91	66	109	81	99	91	119	92	113	105	129	95	136	124	137	127	151	168	139	183	162	193	146	190	182	168	183	201	255	209	258	260	239	242	228	301	255	378	433	586	551	474	498	405	405	347	488	391	451	683	974	1000	896	810	626	505	324	316	329	195	157	202	283	199	247	252	283	234	208	262	211	223	191	246	187	180	184	184	161	143	169	141	126
64	170	1	2	119	0	1953125	12	0.0	2686	1.48	0	0	V0.2	0	0	100	83	91	89	108	98	99	112	117	100	120	118	132	102	143	132	137	133	155	165	143	177	178	172	164	173	199	141	190	191	242	208	233	271	202	241	191	286	226	344	423	525	533	421	484	381	376	345	434	376	359	669	904	999	872	835	641	479	355	277	342	136	142	147	254	182	206	249	240	232	170	250	196	196	181	215	193	144	170	156	146	121	145	129	104
64	170	1	2	119	0	1953125	12	0.0	2689	1.48	0	0	V0.2	0	0	92	74	92	64	114	78	103	88	123	92	116	108	133	98	136	127	139	127	154	171	139	184	163	203	143	199	180	175	175	207	260	212	271	265	259	239	233	292	248	363	421	585	535	479	506	439	441	374	503	370	411	638	968	1000	953	890	716	576	365	365	353	207	141	209	287	205	254	260	302	239	222	272	224	230	200	257	189	184	184	192	163	147	176	147	129
64	170	1	2	119	0	1953125	12	0.0	2686	1.48	0	0	V0.2	0	0	85	108	72	106	89	116	84	122	109	119	96	137	112	131	113	156	126	137	155	158	168	145	206	156	183	156	199	164	165	222	217	243	221	274	249	199	236	218	287	274	463	505	529	451	456	465	337	413	376	396	293	658	895	1000	931	863	749	492	385	308	345	174	116	187	214	220	181	287	249	214	201	232	231	165	215	197	190	144	178	171	131	142	144	138	100
64	170	1	2	119	0	1953125	12	0.0	2689	1.48	0	0	V0.2	0	0	89	73	91	60	111	72	100	83	121	90	112	106	126	97	131	125	135	124	150	166	138	180	158	197	135	197	169	176	168	208	254	213	271	256	260	224	228	264	242	348	414	575	524	484	496	437	423	352	465	335	391	614	959	1000	979	908	741	599	380	372	328	198	126	212	274	206	256	261	304	232	226	260	222	222	201	252	187	186	181	190	157	148	171	144	127
64	170	1	2	119	0	1953125	12	0.0	2661	1.48	0	0	V0.2	0	0	91	73	96	75	119	67	116	92	120	87	118	109	118	102	135	120	126	125	147	150	125	175	139	171	113	185	139	152	148	179	213	165	226	208	184	170	168	212	168	300	356	508	474	413	456	367	372	290	409	282	338	593	925	999	952	899	691	543	343	288	280	107	69	112	211	136	189	208	244	217	159	229	182	192	155	213	183	144	155	157	152	117	145	134	108
64	170	1	2	119	0	1953125	12	0.0	2664	1.48	0	0	V0.2	0	0	81	71	90	56	112	70	103	80	120	86	105	104	124	95	122	123	132	116	141	158	129	164	141	184	109	180	144	167	135	187	223	180	230	205	226	170	197	211	216	298	373	539	480	443	445	417	385	324	442	328	386	612	988	1000	988	882	727	552	312	330	267	161	51	178	214	174	213	234	286	198	218	231	216	198	197	242	175	180	171	191	150	148	165	142	121
64	170	1	2	119	0	1953125	12	0.0	2664	1.48	0	0	V0.2	0	0	92	75	90	73	107	82	98	95	112	88	109	102	122	89	127	115	124	114	136	150	122	157	141	156	123	157	159	134	153	160	208	165	197	214	166	178	144	218	168	291	349	474	472	374	428	342	341	276	399	315	354	621	922	1000	910	864	650	483	304	243	258	88	62	118	207	133	187	209	235	203	157	224	173	184	160	215	175	146	159	155	142	117	146	126	102
64	170	1	2	119	0	1953125	12	0.0	2664	1.48	0	0	V0.2	0	0	76	68	85	56	109	68	99	77	116	84	99	100	117	94	115	119	125	113	136	150	123	154	134	173	104	172	135	161	126	179	208	167	212	187	211	148	188	192	212	287	366	524	469	428	416	383	340	294	411	341	409	631	995	1000	965	843	683	514	282	289	231	142	37	172	199	168	198	220	271	187	205	211	204	185	188	231	174	175	165	185	145	143	158	140	118
64	170	1	2	119	0	1953125	12	0.0	2664	1.48	0	0	V0.2	0	0	78	92	79	86	102	91	93	100	112	99	92	121	105	115	104	137	118	120	139	142	141	136	163	154	130	157	149	163	123	195	182	187	192	190	213	116	202	155	253	246	404	496	465	431	381	408	281	331	363	401	374	664	967	1000	945	808	704	466	279	241	221	133	46	160	165	190	158	242	247	180	197	191	220	151	198	198	182	157	160	180	129	141	138	139	102
64	170	1	2	119	0	1953125	12	0.0	2664	1.48	0	0	V0.2	0	0	81	68	89	57	109	71	99	82	117	86	104	98	121	92	122	118	129	114	136	153	123	159	135	175	110	171	145	158	141	173	215	167	212	196	201	171	179	219	207	309	366	522	481	423	441	382	362	293	441	360	425	631	980	999	936	844	681	521	268	260	227	128	60	170	225	169	213	221	271	200	197	226	200	199	182	235	173	173	169	183	152	141	164	142	123
64	170	1	2	119	0	1953125	12	0.0	2686	1.48	0	0	V0.2	0	0	88	93	107	76	120	91	119	95	132	109	114	124	130	126	125	148	144	138	156	171	163	170	178	200	151	196	172	205	155	231	230	230	246	238	281	187	262	214	303	296	442	532	500	480	441	475	357	406	427	432	399	656	957	1000	969	849	755	493	306	282	269	181	113	232	225	251	215	290	273	213	229	222	239	177	231	212	197	170	180	179	136	153	147	138	110
64	170	1	2	119	0	1953125	12	0.0	2664	1.48	0	0	V0.2	0	0	72	87	53	96	68	101	66	111	88	104	84	119	93	112	102	133	108	124	139	136	147	126	179	124	158	126	176	137	149	188	179	205	180	228	202	165	190	176	241	241	412	455	486	430	422	439	314	373	345	389	315	644	885	1000	926	833	710	444	320	232	250	133	84	159	194	218	172	262	243	211	198	205	226	163	208	196	197	154	169	180	145	149	145	150	112
64	170	1	2	119	0	1953125	12	0.0	2664	1.48	0	0	V0.2	0	0	73	93	69	93	87	100	83	105	100	104	87	122	97	117	98	137	111	120	136	137	146	126	171	137	144	137	162	148	130	190	174	195	179	206	210	133	188	149	236	215	394	459	470	430	406	443	305	355	330	359	289	625	896	1000	941	842	714	448	313	236	237	123	64	146	172	195	156	255	234	194	188	198	215	149	201	189	189	150	167	170	129	139	139	138	98
64	170	1	2	119	0	1953125	12	0.0	2684	1.48	0	0	V0.2	0	0	92	81	100	67	113	89	107	88	127	102	117	108	139	104	132	128	146	129	150	173	147	181	158	205	138	193	170	187	169	205	252	210	261	245	263	217	219	242	234	322	397	562	510	488	490	454	417	347	459	343	406	613	974	999	1000	899	727	562	325	338	270	182	100	235	254	217	252	264	298	208	238	238	222	201	211	239	173	183	173	185	142	156	160	136	121
64	170	1	2	119	0	1953125	12	0.0	2686	1.48	0	0	V0.2	0	0	90	82	98	72	121	76	114	93	129	97	116	119	129	110	129	135	138	131	156	166	147	181	160	198	130	202	157	190	158	221	240	208	264	234	268	197	238	221	240	311	403	549	490	492	478	454	404	352	446	330	395	599	955	987	1000	882	723	571	335	335	256	180	96	220	250	220	252	254	298	212	227	232	221	205	193	235	176	180	160	177	145	143	155	134	117
64	170	1	2	119	0	1953125	12	0.0	2684	1.48	0	0	V0.2	0	0	75	98	62	96	73	108	70	110	94	112	87	123	102	119	102	139	116	128	142	147	161	135	192	140	173	134	191	149	163	204	203	231	202	265	231	205	206	202	247	253	423	463	513	441	457	455	338	385	347	373	290	640	857	1000	924	861	720	464	367	269	303	145	133	183	232	234	202	288	244	229	198	229	219	173	212	196	195	145	178	164	140	141	146	139	108
64	170	1	2	119	0	1953125	12	0.0	2684	1.48	0	0	V0.2	0	0	82	93	69	93	76	110	70	110	98	109	95	112	116	105	116	128	122	121	136	150	144	143	174	141	163	130	192	124	174	174	219	209	200	263	190	224	147	227	179	277	373	464	507	403	469	383	345	297	333	298	284	619	858	1000	897	862	637	477	387	269	302	98	127	144	241	176	216	251	229	221	165	234	172	184	173	201	170	139	165	145	138	119	140	115	99
64	170	1	2	119	0	1953125	12	0.0	2684	1.48	0	0	V0.2	0	0	67	89	53	86	60	100	58	102	85	104	77	112	93	106	91	128	105	115	129	136	146	121	178	124	159	113	179	128	154	189	196	218	186	251	204	184	164	176	203	232	403	455	508	414	437	412	299	322	281	316	253	639	853	1000	900	842	694	515	438	295	307	114	110	144	215	207	188	273	230	221	179	223	201	165	196	187	187	141	175	155	131	131	140	128	100
64	170	1	2	119	0	1953125	12	0.0	2684	1.48	0	0	V0.2	0	0	79	93	80	86	99	88	93	103	113	104	98	128	107	118	106	140	119	127	147	148	152	148	175	164	141	168	155	172	140	221	207	217	229	227	254	148	215	146	238	240	429	511	489	473	423	448	324	341	334	310	321	636	938	1000	992	851	751	588	411	348	237	137	57	187	187	226	200	262	271	190	211	191	218	153	198	195	170	153	154	174	124	137	131	129	97
64	170	1	2	119	0	1953125	12	0.0	2684	1.48	0	0	V0.2	0	0	74	94	63	93	76	101	74	108	97	109	88	123	100	118	101	138	113	127	144	145	156	134	187	143	164	140	179	154	157	209	204	229	207	253	233	180	199	173	236	241	426	471	499	438	437	448	326	370	324	354	297	647	876	1000	945	870	761	548	427	316	283	134	91	168	212	231	198	284	250	219	201	216	218	162	208	192	191	150	172	164	130	138	137	133	101
64	170	1	2	119	0	1953125	12	0.0	2661	1.48	0	0	V0.2	0	0	83	85	66	93	76	103	71	112	90	98	92	109	103	98	113	124	111	117	133	136	133	128	167	114	150	113	175	105	155	162	182	186	161	225	153	157	115	164	162	226	365	419	467	367	417	391	310	328	296	300	221	589	825	1000	927	900	726	518	426	283	280	110	45	84	175	167	157	240	212	208	162	202	190	144	171	168	174	123	155	148	126	122	128	130	92
64	170	1	2	119	0	1953125	12	0.0	2664	1.48	0	0	V0.2	0	0	61	84	58	79	65	93	68	95	88	101	75	109	89	107	84	124	104	112	125	131	141	112	164	123	142	111	159	129	129	176	176	202	171	217	197	142	150	136	193	192	369	427	469	400	419	439	331	356	283	281	189	565	827	1000	963	925	765	536	451	336	313	144	58	114	176	181	171	267	228	213	183	219	200	157	196	184	180	140	178	159	131	137	146	133	103
64	170	1	2	119	0	1953125	12	0.0	2086	1.38	0	0	V0.2	0	0	6	38	43	8	40	11	51	32	18	13	32	35	14	28	18	45	27	25	15	24	40	59	14	65	25	75	67	39	54	50	66	128	114	154	260	176	224	162	178	131	152	269	387	307	411	488	405	441	317	317	198	356	715	1000	985	968	587	269	217	113	55	352	378	328	252	139	202	184	99	102	53	73	121	57	39	31	51	92	59	28	50	46	67	43	15
64	170	1	2	119	0	1953125	12	0.0	2061	1.37	0	0	V0.2	0	0	24	6	29	10	39	17	38	3	24	17	29	13	14	31	29	8	12	27	27	11	40	45	21	34	55	68	34	67	11	34	35	87	142	82	197	167	187	93	233	99	95	217	184	413	326	259	454	508	145	281	377	91	848	762	683	1000	615	238	126	249	247	356	239	196	316	172	101	93	147	116	20	90	64	64	6	78	58	28	43	56	46	18	57	39	22
64	170	1	2	119	0	1953125	12	0.0	2063	1.37	0	0	V0.2	0	0	20	29	8	36	2	33	10	34	1	22	16	31	14	19	28	29	11	22	26	20	27	32	49	33	62	33	61	40	55	20	44	82	82	139	127	222	108	186	147	135	136	157	223	327	329	179	481	453	155	205	438	116	815	704	629	1000	603	157	57	206	262	373	174	212	270	208	55	138	110	84	35	79	97	18	44	40	64	14	58	49	26	26	43	42	16
64	170	1	2	119	0	1953125	12	0.0	2066	1.37	0	0	V0.2	0	0	12	29	6	33	6	33	10	31	3	20	12	28	11	19	20	26	8	19	22	16	23	29	43	32	55	35	54	40	48	20	43	78	85	130	122	218	108	180	145	134	136	154	218	314	327	178	484	456	183	221	443	122	797	699	628	999	620	152	80	217	265	360	183	212	278	201	68	145	106	86	24	86	89	16	41	44	61	16	65	45	30	28	48	38	17
64	170	1	2	119	0	1953125	12	0.0	2063	1.37	0	0	V0.2	0	0	14	21	16	34	32	21	16	28	20	20	10	32	7	32	11	30	2	26	28	9	38	14	49	7	77	37	61	31	56	38	12	87	92	121	150	200	164	163	200	80	86	202	162	359	278	246	460	552	136	315	402	63	854	665	700	1000	700	177	163	188	203	397	167	255	263	194	75	130	148	56	52	48	93	51	43	63	42	38	44	67	22	36	39	41	19
64	170	1	2	119	0	1953125	12	0.0	2091	1.38	0	0	V0.2	0	0	7	26	23	23	24	23	25	22	22	16	5	28	8	23	3	28	5	16	20	7	23	8	43	19	52	8	47	23	37	34	24	81	71	132	109	206	94	165	120	106	127	156	208	305	308	214	480	457	179	216	410	124	742	633	658	1000	639	99	96	200	247	337	146	226	259	197	71	156	100	61	27	79	80	7	43	36	48	18	67	41	27	32	42	28	18
64	170	1	2	119	0	1953125	12	0.0	2091	1.38	0	0	V0.2	0	0	26	5	28	6	34	18	32	13	18	7	30	3	17	18	31	0	13	15	18	12	23	42	13	40	24	58	26	60	8	14	41	58	122	70	191	142	156	95	204	81	99	164	174	348	272	283	454	439	168	296	407	88	698	663	717	1000	565	141	109	252	235	280	204	188	308	158	105	107	119	92	26	87	47	39	7	69	46	30	53	51	40	20	54	30	18
64	170	1	2	119	0	1953125	12	0.0	2111	1.38	0	0	V0.2	0	0	12	22	26	25	38	15	27	23	31	13	11	30	18	23	8	31	12	19	24	10	22	5	36	29	49	16	33	25	21	51	18	92	73	129	113	208	83	159	108	74	153	171	238	339	301	256	490	452	158	239	368	147	755	619	759	1000	624	82	126	190	234	328	126	256	248	198	70	162	112	39	40	65	80	15	50	27	39	9	53	38	21	36	35	24	18
64	170	1	2	119	0	1953125	12	0.0	2655	1.48	0	0	V0.2	0	0	66	68	76	66	87	68	94	74	100	81	88	105	75	107	94	98	112	108	106	131	110	136	116	139	108	141	117	116	139	134	159	184	152	186	167	143	142	143	125	194	314	294	370	428	355	369	463	325	227	277	169	296	881	789	865	1000	780	329	397	452	266	53	185	47	126	174	172	160	243	157	178	173	167	135	186	133	151	151	133	120	137	104	115	115	89
64	170	1	2	119	0	1953125	12	0.0	2061	1.37	0	0	V0.2	0	0	25	39	8	33	22	37	43	4	25	11	36	10	32	10	34	29	18	20	17	28	56	31	39	51	36	91	20	68	33	11	78	109	76	192	189	195	210	135	209	83	80	244	329	271	437	371	383	371	339	351	167	258	671	926	1000	905	465	238	222	51	95	310	303	346	209	189	208	133	112	104	34	104	95	39	62	13	77	81	43	52	42	57	68	32	28
64	170	1	2	119	0	1953125	12	0.0	2041	1.37	0	0	V0.2	0	0	17	26	15	43	7	37	11	42	5	29	23	32	23	30	31	32	21	34	33	26	45	37	66	33	89	28	84	35	78	30	47	105	90	175	146	254	140	217	148	101	145	196	258	346	329	259	463	470	181	233	347	170	892	739	804	1000	613	192	45	165	277	422	176	272	277	235	64	148	149	89	76	62	125	50	60	56	66	38	62	76	35	47	48	63	30
64	170	1	2	119	0	1953125	12	0.0	2061	1.37	0	0	V0.2	0	0	16	18	40	15	41	7	37	15	35	12	18	31	25	26	14	32	22	19	31	25	38	20	55	32	67	49	60	33	45	58	41	104	112	157	175	207	195	157	172	59	138	263	251	397	332	294	399	497	139	226	310	131	939	770	848	999	620	252	38	220	274	424	169	302	286	226	77	158	161	70	75	67	118	33	64	58	59	35	68	73	28	54	47	47	20
64	170	1	2	119	0	1953125	12	0.0	2061	1.37	0	0	V0.2	0	0	13	32	22	37	27	28	19	36	18	24	5	38	4	29	14	38	3	27	35	17	38	15	66	6	82	22	71	11	60	57	38	109	97	168	133	241	172	195	140	91	180	268	291	380	345	231	393	474	171	216	342	189	1000	806	810	969	598	314	27	206	286	455	186	282	290	241	60	150	163	92	72	68	128	47	56	57	66	29	63	79	35	47	49	60	24
64	170	1	2	119	0	1953125	12	0.0	2061	1.37	0	0	V0.2	0	0	16	36	10	36	4	41	14	36	4	25	14	33	12	20	26	33	12	23	32	25	28	37	58	31	64	39	68	38	55	37	59	90	107	163	130	250	144	196	110	123	205	236	290	338	374	180	431	440	201	184	371	258	937	781	694	1000	649	287	33	221	347	439	211	229	313	236	55	156	138	120	46	104	122	32	50	57	82	21	76	65	41	35	61	55	21
64	170	1	2	119	0	1953125	12	0.0	2061	1.37	0	0	V0.2	0	0	22	15	29	22	48	7	28	17	36	10	21	30	24	28	22	29	18	24	37	25	34	36	43	36	65	73	35	45	33	63	49	89	141	123	187	192	233	102	184	64	148	325	227	433	358	254	345	491	112	260	305	133	1000	788	725	981	694	363	145	221	280	467	231	243	322	206	99	103	186	119	49	75	103	90	22	90	53	44	35	76	44	36	55	50	31
64	170	1	2	119	0	1953125	12	0.0	2111	1.38	0	0	V0.2	0	0	19	9	42	17	42	13	37	8	41	14	23	16	39	5	22	22	34	5	25	31	8	21	32	43	48	44	23	19	28	74	51	85	113	135	131	192	189	98	112	46	210	340	280	437	377	239	335	461	101	162	301	164	1000	772	712	985	714	356	67	214	288	458	171	268	291	228	65	156	166	63	56	68	111	33	59	51	43	21	69	68	19	51	48	39	16
64	170	2	2	119	0	1953125	12	0.0	2113	1.38	0	0	V0.2	0	0	32	5	31	3	52	22	39	12	37	12	32	17	34	20	40	14	18	22	33	24	26	48	3	27	45	68	36	29	15	62	56	90	151	81	179	157	200	54	176	111	188	342	273	481	357	225	328	431	180	223	331	168	976	843	729	1000	638	420	134	281	288	407	279	186	361	203	94	90	169	143	15	99	76	69	21	93	61	25	49	77	59	20	67	50	20
64	170	2	2	119	0	1953125	12	0.0	2111	1.38	0	0	V0.2	0	0	39	11	32	5	51	29	40	20	37	13	34	14	32	17	47	16	14	21	34	25	25	54	12	26	37	70	39	40	23	54	58	89	161	73	191	163	208	56	179	141	208	354	285	477	369	215	342	433	213	212	327	209	988	876	734	1000	632	459	130	276	317	418	298	181	365	211	90	94	159	152	10	104	77	62	19	91	72	13	47	65	54	20	70	48	17
64	170	2	2	119	0	1953125	12	0.0	2088	1.38	0	0	V0.2	0	0	26	34	14	51	8	37	10	48	10	20	24	41	12	20	30	38	14	33	33	11	29	35	54	46	73	22	50	47	61	60	52	110	120	165	140	277	133	174	90	138	279	274	334	396	403	197	431	439	100	119	319	266	1000	808	701	986	710	368	78	166	344	513	206	242	293	276	70	142	172	110	68	64	144	63	39	56	85	46	52	85	41	31	47	70	28
64	170	2	2	119	0	1953125	12	0.0	2086	1.38	0	0	V0.2	0	0	23	23	30	30	51	11	31	26	43	8	13	37	27	26	17	34	18	25	38	19	32	20	46	30	77	48	39	6	41	78	31	110	126	151	150	229	205	112	137	71	220	328	281	443	359	260	349	464	85	149	264	174	1000	758	759	972	694	410	85	232	302	482	204	255	300	226	93	124	193	102	61	65	118	75	44	80	52	40	43	84	31	41	53	54	22
64	170	2	2	119	0	1953125	12	0.0	2108	1.38	0	0	V0.2	0	0	8	33	36	27	37	24	35	28	35	18	9	38	22	23	1	43	21	17	30	18	20	6	55	33	58	8	47	38	36	71	39	93	85	161	105	232	136	170	88	98	243	281	337	392	363	193	369	420	110	106	349	218	955	751	713	1000	685	408	81	245	341	453	165	240	289	254	45	159	158	90	49	85	127	23	53	49	64	6	74	67	26	39	56	52	12
64	170	2	2	119	0	1953125	12	0.0	2111	1.38	0	0	V0.2	0	0	19	40	18	47	29	35	19	48	31	22	3	46	11	26	13	48	10	23	34	12	16	14	59	41	57	10	44	45	40	67	37	93	96	154	112	259	131	182	91	131	274	284	350	392	377	177	397	453	147	116	372	226	968	780	721	1000	715	429	94	243	333	470	184	242	290	265	53	157	163	94	52	85	133	33	51	53	76	21	67	76	25	37	55	59	5
64	170	2	2	119	0	1953125	12	0.0	2686	1.48	0	0	V0.2	0	0	78	54	79	56	85	59	94	71	87	96	68	105	88	81	113	89	108	114	109	121	135	122	143	130	136	103	164	86	159	141	176	177	218	153	233	144	157	131	192	212	410	416	436	446	410	258	417	271	143	333	283	394	968	907	694	999	852	454	314	547	330	53	147	106	74	245	144	184	217	193	119	213	118	156	160	149	125	164	94	125	123	101	107	115	75
64	170	2	2	119	0	1953125	12	0.0	2684	1.48	0	0	V0.2	0	0	70	88	49	86	58	100	54	103	84	101	77	110	92	102	93	124	101	112	129	135	141	122	178	119	156	108	175	114	145	173	188	204	179	254	198	182	151	170	186	238	402	464	511	402	439	386	280	302	269	264	179	587	826	1000	927	906	772	585	502	370	352	175	57	84	166	149	158	247	207	200	156	202	172	142	171	168	162	121	161	136	116	117	131	115	88
64	170	1	2	119	0	1953125	12	0.0	2686	1.48	0	0	V0.2	0	0	83	89	67	88	77	106	68	107	99	103	92	109	115	95	114	123	120	114	135	152	138	144	171	142	154	127	186	113	163	165	220	197	200	265	188	214	126	215	155	274	379	506	522	403	476	365	325	270	331	265	212	569	873	1000	950	955	782	659	529	395	390	158	86	73	193	120	179	228	225	207	148	225	158	164	148	193	153	126	152	137	126	110	138	105	91
64	170	1	2	119	0	1953125	12	0.0	2684	1.48	0	0	V0.2	0	0	72	96	52	88	62	109	53	106	90	109	78	114	103	107	98	133	111	117	137	148	151	130	193	133	168	113	195	123	159	183	209	218	190	281	218	214	171	206	206	247	420	500	545	419	490	440	341	353	341	323	162	556	817	1000	946	987	866	679	561	411	434	217	96	99	204	174	171	268	235	229	169	238	194	163	187	197	182	127	176	154	137	128	151	131	100
64	170	1	2	119	0	1953125	12	0.0	2686	1.48	0	0	V0.2	0	0	90	91	77	87	88	106	77	106	108	105	102	109	126	98	125	127	131	121	143	163	143	161	173	161	155	148	192	127	172	174	237	202	222	276	211	236	144	240	161	296	383	539	536	432	512	405	385	297	381	264	203	513	868	1000	985	984	797	688	528	431	419	182	116	108	223	137	205	235	252	220	170	242	171	183	157	212	160	146	161	147	129	114	149	114	97
64	170	1	2	119	0	1953125	12	0.0	2684	1.48	0	0	V0.2	0	0	79	92	60	87	69	105	61	105	93	104	87	109	110	100	109	124	115	117	137	150	144	139	178	138	161	124	191	120	167	174	215	208	197	271	196	217	147	218	184	272	389	485	518	405	477	392	339	312	342	295	225	574	842	1000	920	908	754	623	515	388	392	167	107	104	212	158	194	250	231	225	166	231	172	172	171	194	166	135	169	147	134	118	142	117	98
64	170	1	2	119	0	1953125	12	0.0	2661	1.48	0	0	V0.2	0	0	87	71	76	75	93	85	86	98	100	85	100	97	109	80	121	110	114	109	130	139	117	145	143	131	125	136	162	106	148	146	191	159	179	221	144	172	102	186	123	252	330	446	464	361	437	339	314	261	323	238	210	546	853	999	945	919	721	589	464	351	354	149	78	55	171	111	155	206	212	207	142	213	162	155	143	179	161	121	153	140	129	105	132	121	91
64	170	1	2	119	0	1953125	12	0.0	2664	1.48	0	0	V0.2	0	0	59	83	50	79	60	94	57	94	82	97	68	104	86	101	82	120	99	106	121	126	135	106	163	112	139	103	163	119	127	163	166	187	156	223	181	147	145	150	191	202	374	433	473	377	407	389	275	307	282	287	190	586	833	1000	932	884	728	528	448	346	359	183	68	105	164	147	148	249	213	203	171	216	183	146	185	180	169	126	171	150	126	128	142	126	96
64	170	1	2	119	0	1953125	12	0.0	2661	1.48	0	0	V0.2	0	0	69	84	63	85	86	85	80	98	97	91	81	115	89	105	92	127	100	111	131	127	130	118	153	126	123	136	139	137	112	179	158	172	174	188	192	94	165	101	189	184	366	445	428	394	362	386	246	294	282	235	185	552	859	991	999	871	744	536	410	370	301	199	5	108	107	136	115	220	218	159	177	170	191	115	173	162	152	125	140	151	103	122	120	119	83
64	170	1	2	119	0	1953125	12	0.0	2684	1.48	0	0	V0.2	0	0	64	80	81	65	81	80	87	77	96	99	85	105	99	110	88	124	114	114	128	139	149	128	168	153	146	141	163	164	136	198	197	221	202	243	237	171	198	168	238	229	412	476	497	417	421	428	310	350	323	321	232	601	848	1000	952	898	788	573	470	376	360	180	91	151	188	182	188	279	225	209	188	221	184	164	204	184	167	142	180	146	129	137	140	114	105
64	170	1	2	119	0	1953125	12	0.0	2136	1.39	0	0	V0.2	0	0	11	22	51	16	38	27	37	50	11	31	9	43	17	40	19	35	40	30	17	15	5	49	48	34	30	31	54	54	18	66	63	99	94	105	228	153	192	134	115	95	233	344	437	348	381	430	297	347	298	264	160	370	702	1000	966	880	585	296	206	135	55	329	369	299	251	143	196	188	96	83	54	66	115	47	25	28	49	82	45	27	56	48	57	30	27
64	170	1	2	119	0	1953125	12	0.0	2136	1.39	0	0	V0.2	0	0	20	33	24	46	42	17	18	47	45	12	4	51	31	15	15	54	26	22	43	33	4	9	62	60	51	17	24	58	35	96	27	81	104	146	68	243	155	122	54	74	258	360	328	394	404	236	367	452	136	133	318	116	974	882	738	1000	764	387	98	179	300	485	219	219	299	267	78	139	180	94	34	64	127	61	54	66	60	23	63	89	31	28	53	62	12
64	170	1	2	119	0	1953125	12	0.0	2088	1.38	0	0	V0.2	0	0	31	20	34	49	7	24	31	50	10	11	40	39	16	13	44	33	25	40	38	5	24	54	54	58	66	42	38	71	72	62	39	84	136	163	112	280	174	172	107	121	239	317	315	351	410	202	407	466	225	162	388	135	982	910	692	1000	763	406	117	173	307	521	245	194	296	294	93	115	173	128	73	54	145	88	10	51	89	60	38	91	60	25	40	80	48
64	170	1	2	119	0	1953125	12	0.0	2086	1.38	0	0	V0.2	0	0	19	37	18	39	20	30	18	42	25	16	14	45	9	15	23	47	9	21	39	18	15	34	70	28	67	35	59	42	67	74	45	67	114	187	90	255	201	172	79	116	211	346	297	322	436	252	373	491	242	145	391	100	972	914	591	1000	814	398	161	204	326	517	221	185	304	280	53	140	165	116	47	82	139	59	28	56	84	26	65	84	36	21	56	67	17
64	170	1	2	119	0	1953125	12	0.0	2111	1.38	0	0	V0.2	0	0	10	37	32	27	29	25	33	28	35	19	7	42	24	17	10	47	24	9	35	27	10	17	66	34	55	20	51	45	55	77	54	62	101	188	95	236	186	158	58	92	205	354	315	339	443	272	359	462	206	138	368	72	932	896	591	1000	802	344	166	192	316	489	201	181	295	271	41	144	154	97	32	82	127	44	34	54	69	13	72	75	24	22	55	56	2
64	170	1	2	119	0	1953125	12	0.0	2664	1.48	0	0	V0.2	0	0	80	50	86	59	80	72	93	74	93	98	70	111	92	84	123	89	110	127	110	124	147	120	144	143	128	110	175	88	165	159	162	177	224	133	203	162	135	139	241	176	392	445	416	427	470	283	439	376	231	401	410	338	956	1000	662	981	925	476	240	512	371	20	178	162	47	257	197	164	241	224	131	232	165	155	188	179	128	192	133	137	151	129	115	145	94
64	170	1	2	119	0	1953125	12	0.0	2664	1.48	0	0	V0.2	0	0	79	89	67	91	76	109	72	108	96	105	91	109	110	101	110	125	117	116	130	143	137	129	161	126	148	118	175	115	154	157	194	186	161	220	149	169	115	194	181	254	362	446	493	386	462	408	366	323	377	335	274	583	851	1000	924	907	723	532	386	285	305	134	87	84	192	136	174	221	216	207	156	219	167	169	161	193	168	139	162	145	135	118	142	121	102
64	170	1	2	119	0	1953125	12	0.0	2664	1.48	0	0	V0.2	0	0	64	87	60	84	69	100	70	99	91	104	78	111	96	111	92	129	112	119	130	135	145	118	169	126	150	118	169	135	140	176	181	203	167	216	186	150	160	170	231	237	401	454	496	413	439	438	328	351	350	372	271	618	849	1000	915	875	752	516	395	287	302	164	72	119	186	177	165	254	222	210	175	215	194	158	191	187	182	140	175	157	135	134	146	133	105
