34928	35048	35167	35286	35405	35524	35644	35763	35882	36001	36120	36240	36359	36478	36597	36716	36836	36955	37074	37193	37313	37432	37551	37670	37789	37909	38028	38147	38266	38385	38505	38624	38743	38862	38981	39101	39220	39339	39458	39577	39697	39816	39935	40054	40174	40293	40412	40531	40650	40770	40889	41008	41127	41246	41366	41485	41604	41723	41842	41962	42081	42200	42319	42439	42558	42677	42796	42915	43035	43154	43273	43392	43511	43631	43750	43869	43988	44107	44227	44346	44465	44584	44703	44823	44942
64	170	1	2	119	0	1953125	12	0.0	2699	1.48	0	0	V0.2	0	0	111	104	111	115	114	132	116	134	131	139	139	135	156	139	160	154	171	167	172	187	184	184	198	190	222	171	223	173	239	209	256	250	220	267	221	293	234	387	383	485	498	488	555	578	737	715	635	539	582	712	863	904	916	1000	832	777	775	647	397	101	148	106	112	78	247	288	299	325	278	298	191	217	190	212	196	208	232	190	199	174	185	154	152	147	137
64	170	1	2	119	0	1953125	12	0.0	2701	1.48	0	0	V0.2	0	0	103	124	115	125	126	136	141	138	143	156	141	162	143	177	150	185	174	187	191	190	215	191	215	215	218	224	195	239	207	269	244	275	260	225	307	231	336	317	492	467	561	536	545	680	729	817	647	593	554	817	868	963	992	1000	977	783	879	661	401	146	85	195	44	137	196	344	292	327	323	269	245	176	239	185	222	206	235	210	184	201	174	173	146	161	138
64	170	1	2	119	0	1953125	12	0.0	2701	1.48	0	0	V0.2	0	0	103	114	121	106	134	116	145	122	146	143	145	149	144	162	151	170	171	175	182	186	194	193	191	222	187	224	172	236	194	246	233	246	267	203	290	216	315	316	443	435	482	529	503	626	666	733	629	562	554	729	880	935	1000	956	905	726	822	672	370	135	60	155	58	141	173	309	295	295	315	239	228	167	219	184	194	202	205	205	164	188	161	161	140	143	129
64	170	1	2	119	0	1953125	12	0.0	2699	1.48	0	0	V0.2	0	0	110	96	126	87	136	103	142	111	149	128	148	128	161	134	162	145	177	165	178	194	175	206	170	231	179	215	184	215	219	215	262	232	272	235	243	271	257	373	370	482	453	561	539	600	714	691	684	506	595	668	949	903	1000	968	847	773	778	701	352	131	107	119	120	116	226	268	329	283	308	266	206	212	189	225	172	228	202	213	183	183	183	150	160	143	145
64	170	1	2	119	0	1953125	12	0.0	2699	1.48	0	0	V0.2	0	0	93	98	117	89	127	99	137	106	138	126	136	135	141	146	145	152	162	159	167	177	178	188	170	218	170	218	159	226	190	236	237	231	264	202	282	228	294	316	425	449	472	539	506	634	689	729	643	522	551	694	850	888	1000	949	907	740	794	672	371	162	86	152	64	147	194	306	310	292	325	248	233	180	220	198	197	220	211	216	172	198	172	162	148	148	139
64	170	1	2	119	0	1953125	12	0.0	2701	1.48	0	0	V0.2	0	0	106	103	124	94	140	104	146	113	149	131	146	137	149	147	156	158	174	168	178	188	181	199	172	227	172	225	165	228	199	235	245	227	265	203	269	232	281	327	413	463	456	534	496	613	687	699	646	509	566	681	870	874	999	958	900	749	768	662	350	154	93	139	79	132	194	285	309	274	316	245	218	176	201	201	176	213	194	206	160	184	167	148	142	137	134
64	170	1	2	119	0	1953125	12	0.0	2699	1.48	0	0	V0.2	0	0	104	93	124	84	134	98	140	105	144	123	144	128	155	135	158	145	172	159	168	186	171	198	161	225	172	214	171	214	208	216	252	220	260	219	254	260	255	352	388	478	446	540	515	601	714	687	665	494	572	647	881	854	1000	960	872	763	749	681	359	149	122	122	100	117	215	270	323	280	314	259	207	198	194	220	172	223	198	212	175	182	178	150	154	137	141
64	170	1	2	119	0	1953125	12	0.0	2701	1.48	0	0	V0.2	0	0	99	101	120	90	132	102	141	108	143	128	140	136	145	147	151	153	167	163	173	181	178	192	168	220	168	219	160	226	194	234	238	225	258	197	269	223	280	320	422	454	460	531	498	618	684	703	635	501	544	685	858	866	1000	957	900	745	764	654	344	147	83	139	68	133	190	292	308	277	315	242	221	173	207	198	181	210	198	208	164	188	166	154	144	141	135
64	170	1	2	119	0	1953125	12	0.0	2146	1.39	0	0	V0.2	0	0	27	40	5	55	43	29	52	13	55	17	46	10	48	32	37	41	17	42	42	23	47	22	49	59	45	38	70	18	94	36	108	138	158	303	266	350	143	64	143	257	223	400	456	620	868	845	812	408	380	493	919	900	1000	880	711	512	502	397	142	408	497	370	367	417	251	240	208	131	183	154	56	93	54	73	101	22	50	20	52	60	21	37	38	32	38
64	170	1	2	119	0	1953125	12	0.0	2701	1.48	0	0	V0.2	0	0	94	78	106	88	106	96	120	88	131	109	101	145	100	127	142	119	141	160	128	163	160	146	157	202	127	177	185	124	216	218	146	227	239	158	197	282	152	299	417	257	461	524	377	432	718	589	426	578	362	572	910	571	793	1000	740	450	803	592	185	140	207	99	109	112	133	235	300	198	264	213	162	163	187	123	184	166	149	173	159	126	155	128	105	129	102
64	170	1	2	119	0	1953125	12	0.0	2693	1.48	0	0	V0.2	0	0	81	106	83	117	84	130	99	126	107	140	113	137	120	155	125	157	148	163	162	166	194	155	205	168	222	163	205	189	214	226	223	269	223	255	264	250	278	329	416	416	510	482	568	597	676	738	597	546	473	696	778	896	903	1000	855	749	805	642	442	117	138	143	109	104	232	315	284	332	281	293	201	211	212	202	205	201	238	188	195	179	183	157	152	152	137
64	170	1	2	119	0	1953125	12	0.0	2173	1.39	0	0	V0.2	0	0	34	2	47	33	42	63	10	53	3	56	18	46	19	51	42	22	40	23	36	49	20	54	38	31	69	74	29	80	22	94	65	140	214	226	377	245	258	78	138	198	337	310	515	670	840	983	747	555	258	584	850	968	904	1000	722	557	581	375	64	488	402	407	376	381	360	206	170	191	117	159	114	6	70	36	68	60	19	63	37	42	39	24	57	32	29
64	170	1	2	119	0	1953125	12	0.0	2693	1.48	0	0	V0.2	0	0	73	73	96	83	90	101	99	80	131	86	104	135	86	129	129	112	134	157	112	162	162	135	150	206	103	201	163	136	196	235	131	248	234	177	194	320	132	337	381	303	422	556	362	476	708	636	405	630	348	541	836	553	742	1000	757	501	769	645	195	161	191	147	112	147	146	233	308	229	262	252	166	172	203	138	200	185	170	176	184	128	166	144	118	131	127
64	170	1	2	119	0	1953125	12	0.0	2148	1.39	0	0	V0.2	0	0	35	4	51	35	46	60	16	52	6	52	15	41	16	50	43	22	35	26	35	47	23	65	53	33	53	68	34	65	13	86	85	122	234	231	398	285	253	65	149	129	311	321	474	691	812	999	770	594	254	601	815	1000	900	972	746	506	636	351	106	486	467	374	412	336	351	248	143	209	137	136	137	51	69	85	54	84	26	59	65	32	51	18	47	49	28
64	170	1	2	119	0	1953125	12	0.0	2146	1.39	0	0	V0.2	0	0	24	25	36	31	65	15	25	26	62	15	9	47	56	8	24	49	47	18	57	62	12	34	55	74	77	56	44	69	47	140	125	47	191	278	175	323	281	89	156	83	278	490	322	398	824	871	352	641	227	475	896	426	807	999	590	237	688	392	244	360	217	452	368	208	227	219	206	59	162	133	53	36	62	110	18	59	40	41	16	69	53	5	30	45	28
64	170	1	2	119	0	1953125	12	0.0	2146	1.39	0	0	V0.2	0	0	20	36	37	40	53	7	25	40	53	7	1	53	44	10	20	61	40	23	58	53	11	31	79	73	69	38	34	87	65	145	111	50	181	312	150	355	257	68	194	82	302	467	325	376	859	885	373	627	262	494	913	415	799	999	635	223	712	374	236	397	197	478	345	237	209	252	209	62	170	125	83	31	89	112	7	50	50	57	21	73	49	11	27	54	33
64	170	1	2	119	0	1953125	12	0.0	2146	1.39	0	0	V0.2	0	0	18	33	38	38	56	11	29	40	60	15	3	56	51	7	13	61	46	17	58	60	1	26	79	81	63	35	38	94	62	141	113	43	175	311	144	336	246	73	199	84	305	471	339	365	841	867	357	621	256	505	925	401	786	1000	607	220	724	397	236	404	177	469	336	213	191	251	208	54	160	116	77	26	87	102	1	42	49	48	27	71	42	8	27	53	24
64	170	1	2	119	0	1953125	12	0.0	2098	1.38	0	0	V0.2	0	0	32	25	12	68	41	27	11	61	35	30	33	58	24	47	44	51	20	62	70	30	51	68	87	39	121	64	4	45	107	150	91	78	221	322	200	385	342	64	134	83	286	456	290	357	847	906	355	710	292	486	928	341	761	999	615	169	728	424	283	410	174	443	374	178	199	225	238	78	156	164	97	81	62	150	64	54	59	76	35	48	81	40	20	40	64
64	170	1	2	119	0	1953125	12	0.0	2076	1.38	0	0	V0.2	0	0	21	23	20	38	48	16	24	34	40	16	21	44	25	32	29	39	10	39	52	33	36	61	66	24	103	82	20	27	79	120	92	51	204	288	234	323	369	66	105	104	216	440	310	313	803	884	337	733	324	464	877	283	731	1000	580	205	725	374	294	376	160	415	323	174	192	207	200	65	164	142	87	76	84	136	34	76	65	70	21	61	71	27	35	48	55
64	170	1	2	119	0	1953125	12	0.0	2146	1.39	0	0	V0.2	0	0	18	13	32	42	25	35	22	28	30	29	23	6	40	18	26	12	42	14	24	51	13	38	25	55	63	47	41	34	36	98	134	11	178	271	227	256	310	93	155	116	218	481	360	340	804	897	315	664	291	473	913	336	750	1000	608	218	709	376	213	358	193	429	293	240	204	226	162	94	164	86	68	20	91	66	42	50	40	25	41	55	9	34	30	35	9
64	170	1	2	119	0	1953125	12	0.0	2694	1.48	0	0	V0.2	0	0	87	78	89	98	85	97	115	77	131	104	100	139	103	123	136	130	130	162	130	158	170	156	147	218	127	192	186	147	199	244	156	239	256	203	205	330	168	307	423	303	449	563	414	474	749	663	444	631	405	518	871	530	740	1000	808	480	793	634	241	167	244	116	131	140	170	240	324	226	289	239	193	178	213	142	208	182	174	188	180	139	171	142	124	143	120
64	170	2	2	119	0	1953125	12	0.0	2148	1.39	0	0	V0.2	0	0	39	7	53	27	47	59	16	50	8	54	15	41	13	53	41	24	32	27	39	48	19	66	47	37	51	65	40	60	5	81	72	126	237	238	406	295	274	70	134	123	303	296	472	678	811	1000	795	599	267	610	769	939	854	951	744	529	623	355	112	456	414	351	385	338	348	235	136	199	126	140	132	42	67	73	58	82	17	57	59	34	49	14	50	52	29
64	170	2	2	119	0	1953125	12	0.0	2699	1.48	0	0	V0.2	0	0	83	84	87	106	80	113	106	84	135	99	109	136	107	127	134	129	127	164	126	156	172	144	147	212	116	198	168	149	184	244	134	241	239	185	180	321	138	327	384	308	410	570	384	476	718	663	410	655	364	525	852	535	716	1000	774	475	762	645	206	155	204	145	113	138	150	220	304	222	267	240	176	167	203	132	202	175	172	172	179	127	165	134	121	127	118
64	170	2	2	119	0	1953125	12	0.0	2701	1.48	0	0	V0.2	0	0	102	120	117	120	126	132	142	133	143	154	142	155	143	174	150	180	175	185	187	190	209	189	205	214	210	219	188	237	205	257	236	265	263	220	303	228	317	306	463	441	518	529	557	676	699	793	674	592	522	740	795	869	948	1000	957	753	817	649	416	161	73	177	65	134	179	324	289	308	310	263	243	170	232	187	207	193	219	202	172	191	168	167	138	155	134
64	170	2	2	119	0	1953125	12	0.0	2699	1.48	0	0	V0.2	0	0	105	108	128	100	138	110	150	117	149	137	148	146	155	162	158	165	178	176	183	194	196	208	186	237	189	238	176	244	205	251	255	250	284	223	308	258	311	331	451	481	503	568	556	685	738	786	731	577	577	718	837	840	988	1000	972	786	804	686	400	188	87	177	94	146	199	315	327	301	340	269	251	189	231	216	205	229	223	233	184	207	183	171	154	155	147
64	170	2	2	119	0	1953125	12	0.0	2701	1.48	0	0	V0.2	0	0	106	118	123	115	134	127	150	131	151	152	149	155	152	175	158	178	180	187	191	196	207	200	201	231	206	232	185	249	208	260	246	262	277	221	311	239	327	320	465	454	511	552	558	682	714	800	709	602	545	736	825	876	976	1000	975	776	843	681	422	178	82	190	81	143	181	323	304	307	327	266	250	181	239	202	209	208	220	213	172	198	173	168	145	155	138
64	170	2	2	119	0	1953125	12	0.0	2699	1.48	0	0	V0.2	0	0	105	112	127	102	137	115	151	119	151	145	149	149	155	165	157	170	180	180	185	196	200	206	190	235	190	235	178	246	204	253	252	253	279	218	306	250	312	320	452	470	509	569	566	690	739	799	729	572	557	725	834	861	991	1000	980	798	838	700	410	190	94	192	98	143	194	318	320	301	339	268	250	184	235	211	203	221	219	223	173	203	177	168	149	156	143
64	170	2	2	119	0	1953125	12	0.0	2701	1.48	0	0	V0.2	0	0	105	121	124	118	133	131	149	134	149	155	146	156	150	176	155	181	180	188	192	195	212	198	204	225	209	228	188	248	208	261	245	266	273	222	312	238	323	309	467	452	528	555	572	699	728	829	718	598	531	740	807	874	958	1000	990	793	861	693	433	186	91	203	81	140	186	330	300	308	327	270	251	176	239	193	205	201	224	212	174	199	174	168	142	158	137
64	170	2	2	119	0	1953125	12	0.0	2699	1.48	0	0	V0.2	0	0	98	97	127	112	101	139	110	126	146	130	152	137	142	158	142	171	177	171	176	184	193	175	216	225	179	217	211	173	233	260	237	254	273	246	225	301	317	315	426	439	461	561	621	656	736	815	700	581	567	650	827	853	805	954	1000	897	797	645	444	167	164	188	101	149	229	240	312	358	321	266	264	220	176	226	229	209	235	221	187	187	191	170	162	159	133
64	170	2	2	119	0	1953125	12	0.0	2701	1.48	0	0	V0.2	0	0	112	130	103	143	122	135	149	134	160	139	163	146	175	146	185	167	191	189	194	199	222	185	235	198	234	235	191	247	214	264	271	237	275	272	247	321	242	398	414	481	551	511	602	701	733	823	708	630	578	690	889	845	958	1000	947	904	787	663	466	170	172	133	114	169	173	299	314	327	336	244	250	225	197	228	189	228	224	196	208	177	186	176	149	152	137
64	170	2	2	119	0	1953125	12	0.0	2699	1.48	0	0	V0.2	0	0	120	98	125	102	137	113	137	131	145	130	154	140	164	137	174	156	175	171	183	195	185	199	208	199	224	184	234	177	242	224	258	254	223	284	243	291	258	376	401	461	535	506	599	619	744	806	673	604	529	730	771	875	876	1000	905	790	816	624	454	150	141	174	105	129	193	322	289	328	295	281	250	179	229	192	224	190	227	215	183	190	171	181	141	149	139
64	170	1	2	119	0	1953125	12	0.0	2699	1.48	0	0	V0.2	0	0	118	113	144	101	158	115	165	124	164	143	171	141	179	155	191	163	194	192	196	205	202	214	221	206	256	194	248	189	264	249	247	282	245	295	280	270	329	355	460	448	584	544	594	701	756	864	710	638	558	747	838	923	989	986	999	843	865	727	426	233	136	172	142	122	212	275	366	303	323	295	240	233	179	245	199	221	213	216	217	171	190	172	166	142	139
64	170	1	2	119	0	1953125	12	0.0	2699	1.48	0	0	V0.2	0	0	99	128	110	128	113	142	131	140	134	162	138	162	143	179	143	181	170	184	183	187	216	182	218	203	230	206	204	230	211	255	233	278	253	240	310	247	328	317	473	433	544	521	587	678	719	837	698	629	513	758	771	887	898	1000	952	782	858	669	464	165	129	204	93	131	192	331	284	334	311	289	244	187	242	191	221	198	243	207	189	197	178	173	144	160	135
64	170	1	2	119	0	1953125	12	0.0	2699	1.48	0	0	V0.2	0	0	101	127	102	135	105	149	120	144	126	161	133	158	141	178	142	180	167	185	182	183	214	172	221	189	238	188	215	214	217	243	227	276	235	249	288	252	309	323	453	423	536	495	589	652	712	819	677	614	492	738	755	871	863	1000	926	789	841	654	462	143	144	187	99	106	200	313	271	328	290	294	223	189	224	186	208	188	237	189	188	186	177	162	140	156	131
64	170	1	2	119	0	1953125	12	0.0	2699	1.48	0	0	V0.2	0	0	113	99	134	94	143	111	150	115	154	133	157	133	170	145	171	156	187	173	180	203	186	216	175	243	196	228	197	223	230	224	274	237	275	256	276	317	269	383	396	509	476	570	585	655	792	773	789	560	609	658	847	793	948	1000	943	855	802	734	410	199	167	159	164	107	237	273	348	298	335	301	230	228	204	248	185	239	217	229	197	196	199	164	167	151	154
64	170	1	2	119	0	1953125	12	0.0	2701	1.48	0	0	V0.2	0	0	122	106	141	99	152	120	158	125	163	143	167	140	179	154	183	165	197	183	191	214	193	225	183	251	203	234	207	231	243	231	282	241	277	259	272	322	267	392	403	526	486	569	582	651	801	778	791	561	624	675	864	799	948	1000	946	871	803	732	404	191	167	146	154	97	235	265	342	293	326	296	219	223	193	240	177	231	208	217	189	187	194	156	163	146	149
64	170	1	2	119	0	1953125	12	0.0	2699	1.48	0	0	V0.2	0	0	108	111	131	101	142	114	153	119	155	144	153	150	157	163	161	171	184	182	187	199	200	211	187	244	189	242	177	249	203	254	258	250	287	225	320	269	322	330	451	477	509	576	566	692	756	818	762	580	571	710	815	838	960	979	1000	836	858	709	422	221	130	216	120	140	194	308	322	299	348	273	259	191	237	217	202	227	221	230	177	206	181	171	153	156	145
64	170	1	2	119	0	1953125	12	0.0	2699	1.48	0	0	V0.2	0	0	115	112	140	102	152	116	161	119	162	144	160	150	169	169	171	174	192	185	190	206	198	218	186	255	192	251	181	253	212	250	264	247	295	232	316	281	315	344	440	481	492	581	572	694	777	824	793	574	570	684	827	836	964	976	1000	862	891	760	435	233	151	219	145	124	194	297	329	290	350	274	251	193	227	221	189	226	208	227	176	206	185	168	155	154	145
64	170	1	2	119	0	1953125	12	0.0	2699	1.48	0	0	V0.2	0	0	117	103	140	92	147	111	153	117	160	137	159	136	173	148	175	158	191	175	183	207	190	223	177	250	196	233	197	228	228	223	277	239	284	265	292	334	272	377	389	502	465	568	593	672	822	814	833	571	592	631	821	769	931	999	986	909	865	786	447	232	212	191	190	88	224	267	345	294	341	306	230	222	200	246	177	235	214	229	194	195	201	163	164	150	154
64	170	1	2	119	0	1953125	12	0.0	2699	1.48	0	0	V0.2	0	0	116	106	138	97	151	111	159	116	160	139	158	144	170	157	173	165	189	180	186	204	192	220	180	254	190	245	183	242	214	237	263	237	289	241	307	304	299	350	410	483	468	563	564	677	790	816	814	584	593	646	790	766	925	973	1000	876	866	755	426	245	183	211	163	108	198	272	330	282	342	282	244	205	211	229	181	228	206	224	177	195	185	163	156	147	146
64	170	1	2	119	0	1953125	12	0.0	2699	1.48	0	0	V0.2	0	0	112	98	133	90	140	107	147	112	153	133	156	136	169	143	172	156	186	172	179	203	186	219	178	246	194	230	194	224	225	224	271	237	282	261	291	327	281	373	383	491	465	568	586	659	798	798	813	579	605	632	804	767	935	1000	983	901	860	764	431	239	211	199	184	101	227	267	340	296	342	301	237	231	210	246	186	242	218	227	192	196	197	164	168	153	154
64	170	1	2	119	0	1953125	12	0.0	2699	1.48	0	0	V0.2	0	0	118	102	139	96	150	113	155	119	160	139	161	141	175	153	178	163	194	181	187	209	191	223	181	252	197	238	197	230	224	226	273	236	282	257	291	322	280	375	389	495	466	567	585	662	800	797	814	576	608	641	813	773	941	1000	982	894	849	760	429	235	200	191	175	98	222	262	337	289	338	297	234	224	203	242	182	236	211	223	187	194	196	162	164	150	152
64	170	1	2	119	0	1953125	12	0.0	2699	1.48	0	0	V0.2	0	0	116	102	138	92	147	110	154	117	160	139	160	140	173	148	174	160	190	176	183	207	189	222	176	250	193	234	193	229	223	227	275	236	282	257	294	326	281	369	389	492	466	566	581	664	807	807	812	560	594	633	804	770	941	1000	995	908	864	764	421	232	206	195	176	97	222	263	336	288	342	297	233	222	205	241	179	235	211	225	187	195	193	160	163	149	150
64	170	1	2	119	0	1953125	12	0.0	2701	1.48	0	0	V0.2	0	0	114	103	135	93	148	110	156	117	159	137	155	140	165	153	169	165	187	179	186	204	189	215	176	246	186	238	181	237	213	232	262	230	280	238	300	298	289	342	394	466	456	556	561	663	772	792	786	549	562	619	762	745	909	968	1000	881	859	740	415	244	194	218	167	103	197	262	319	272	335	277	236	200	207	225	174	225	203	219	170	188	179	157	153	145	144
64	170	1	2	119	0	1953125	12	0.0	2704	1.48	0	0	V0.2	0	0	107	95	118	99	118	116	128	120	136	133	147	127	161	137	164	147	177	166	171	195	184	205	185	222	217	206	219	199	238	209	269	246	266	294	281	355	266	387	364	481	467	535	604	636	799	783	786	577	575	607	744	708	851	1000	955	904	821	739	456	230	252	193	208	101	252	271	340	316	327	322	228	245	206	252	195	238	229	220	202	192	205	165	170	159	159
64	170	1	2	119	0	1953125	12	0.0	2701	1.48	0	0	V0.2	0	0	120	103	134	102	142	123	146	127	154	139	157	133	172	144	176	159	191	178	183	208	188	215	184	236	211	216	214	207	236	210	270	236	263	276	266	336	255	385	362	481	455	531	586	622	794	775	784	557	573	606	766	720	860	1000	963	909	824	737	424	202	231	171	188	70	225	243	319	292	307	303	206	226	183	232	174	218	210	203	189	177	190	151	157	143	143
64	170	1	2	119	0	1953125	12	0.0	2699	1.48	0	0	V0.2	0	0	109	94	122	96	125	112	132	116	141	132	148	127	164	141	168	148	180	168	172	200	185	211	182	234	212	218	215	209	235	214	273	245	278	293	298	357	277	385	369	484	463	549	599	645	802	784	792	560	574	592	734	692	859	1000	985	915	830	742	439	247	253	209	207	108	250	270	343	307	337	314	230	239	207	250	189	242	221	223	198	198	202	165	170	155	156
64	170	1	2	119	0	1953125	12	0.0	2701	1.48	0	0	V0.2	0	0	113	103	136	94	147	108	155	114	158	137	157	138	162	154	168	162	185	176	184	201	187	215	174	246	184	239	178	234	208	229	256	226	278	236	302	297	290	334	391	456	448	548	554	658	761	778	771	542	552	608	736	706	874	955	1000	855	813	707	401	244	187	223	171	112	195	261	316	267	328	271	234	196	206	221	174	221	199	218	166	186	177	155	148	143	142
64	170	1	2	119	0	1953125	12	0.0	2699	1.48	0	0	V0.2	0	0	116	99	133	97	135	115	141	121	150	134	156	132	169	141	170	151	184	170	175	201	183	212	180	234	206	213	207	202	230	202	263	228	261	275	272	341	252	374	355	475	449	529	588	633	805	781	787	548	557	584	742	686	838	1000	983	908	804	723	415	210	240	182	201	73	223	243	325	292	311	305	211	226	185	237	174	220	210	209	191	178	191	152	157	141	143
64	170	1	2	119	0	1953125	12	0.0	2701	1.48	0	0	V0.2	0	0	112	96	131	88	140	106	147	111	152	131	152	128	161	140	164	149	180	168	174	196	176	209	165	235	184	223	184	215	209	207	253	216	264	248	281	314	259	338	352	447	423	524	555	633	773	767	772	516	530	553	695	642	821	959	999	890	807	715	396	239	229	210	195	80	196	235	312	263	316	282	219	205	183	224	162	214	194	208	172	176	179	148	148	137	139
64	170	1	2	119	0	1953125	12	0.0	2699	1.48	0	0	V0.2	0	0	100	89	123	79	126	92	137	100	139	120	141	123	151	137	151	143	168	160	163	183	174	204	163	231	178	228	174	222	198	217	247	228	282	250	318	311	297	318	372	432	439	538	552	660	754	785	768	542	525	563	651	638	820	929	1000	850	820	711	427	288	218	258	187	134	202	272	322	282	342	281	254	207	224	230	191	229	210	227	178	202	185	168	159	155	150
64	170	1	2	119	0	1953125	12	0.0	2701	1.48	0	0	V0.2	0	0	109	102	129	91	140	106	151	112	150	134	150	139	157	153	161	160	177	173	178	195	186	209	172	237	180	233	169	231	196	225	243	223	274	228	306	286	293	303	380	425	432	525	536	655	747	787	763	544	515	575	666	653	818	914	1000	834	812	697	412	266	188	243	170	114	176	260	302	259	320	261	238	184	206	215	174	209	192	211	158	183	171	154	143	143	138
64	170	1	2	119	0	1953125	12	0.0	2699	1.48	0	0	V0.2	0	0	105	91	128	83	136	98	143	102	144	125	149	127	157	139	158	144	173	163	169	190	174	208	161	234	178	225	173	214	202	207	246	215	271	245	295	317	274	329	360	445	423	524	546	644	775	783	783	532	535	555	678	622	798	929	1000	862	793	715	408	261	213	221	195	101	196	250	325	269	326	284	235	207	198	232	174	221	199	220	176	185	184	158	153	142	145
64	170	1	2	119	0	1953125	12	0.0	2726	1.49	0	0	V0.2	0	0	122	105	128	109	126	123	140	129	145	141	160	137	169	150	178	158	187	184	185	210	199	228	199	253	234	245	232	236	258	236	291	271	316	321	340	383	314	387	380	483	462	554	593	656	789	781	788	559	560	564	670	610	787	953	1000	897	815	750	462	300	247	244	217	149	255	286	346	295	340	295	239	224	214	240	185	233	207	216	176	188	180	154	155	148	146
64	170	1	2	119	0	1953125	12	0.0	2704	1.48	0	0	V0.2	0	0	89	100	108	90	116	99	126	105	129	125	129	135	135	146	136	152	155	157	162	174	180	190	174	222	179	228	167	225	180	225	230	229	278	240	334	289	312	287	376	393	429	513	530	655	738	804	760	557	499	538	595	594	754	888	1000	834	816	711	445	304	217	261	194	134	186	267	320	275	330	279	256	204	213	232	188	221	204	228	176	191	184	167	153	147	151
64	170	1	2	119	0	1953125	12	0.0	2701	1.48	0	0	V0.2	0	0	113	97	133	89	139	107	148	112	150	133	154	129	163	142	167	150	182	173	176	198	181	212	168	237	191	221	187	214	215	203	253	223	269	257	283	326	257	333	340	437	412	516	558	633	783	787	797	538	525	527	656	598	781	946	1000	878	797	739	440	272	238	224	217	82	192	232	313	260	311	291	226	213	187	233	166	212	196	210	173	173	182	151	149	138	144
64	170	1	2	119	0	1953125	12	0.0	2724	1.49	0	0	V0.2	0	0	112	95	130	93	132	96	147	110	144	128	155	136	156	152	165	152	173	174	176	191	192	222	184	247	205	259	192	249	220	247	261	263	322	284	372	337	356	323	404	424	453	526	547	669	728	804	760	593	518	562	574	566	713	876	999	814	817	717	495	337	224	299	193	189	208	317	322	302	338	279	266	194	243	213	207	211	218	214	170	196	169	165	142	155	137
64	170	1	2	119	0	1953125	12	0.0	2701	1.48	0	0	V0.2	0	0	97	111	108	104	123	117	132	118	138	138	134	142	139	156	141	162	162	164	172	182	186	188	179	222	182	225	166	224	175	218	219	218	267	224	321	274	301	275	357	366	393	486	502	629	713	796	759	556	487	497	551	546	712	868	1000	829	824	721	453	319	225	267	199	108	149	231	294	245	307	263	243	193	190	216	167	199	181	209	162	173	171	150	139	131	140
64	170	1	2	119	0	1953125	12	0.0	2704	1.48	0	0	V0.2	0	0	101	85	124	81	123	91	139	100	137	119	144	121	152	138	155	140	167	161	162	183	175	209	162	235	187	230	178	218	205	208	246	228	288	264	325	338	296	319	347	416	406	511	539	643	762	806	813	570	534	519	576	524	720	894	1000	846	813	762	486	347	255	292	237	131	199	266	328	273	340	297	262	216	221	244	188	226	210	230	179	198	193	169	157	156	155
64	170	1	2	119	0	1953125	12	0.0	2726	1.49	0	0	V0.2	0	0	113	124	106	138	97	152	118	152	127	163	148	159	156	172	163	174	178	194	189	202	224	205	238	213	279	212	267	218	267	244	273	307	289	357	343	407	339	374	386	439	502	498	623	643	800	862	804	659	524	605	548	554	646	962	1000	911	847	757	569	316	334	276	261	142	253	308	320	335	310	344	240	240	221	239	211	212	238	199	197	179	195	161	154	157	148
64	170	1	2	119	0	1953125	12	0.0	2704	1.48	0	0	V0.2	0	0	87	102	104	93	108	103	122	106	123	127	125	135	129	149	130	152	154	157	159	170	182	184	176	215	184	223	166	220	173	218	218	227	273	238	342	292	319	268	361	362	406	483	505	637	717	821	777	594	506	516	504	496	673	855	1000	814	823	725	487	355	242	301	214	143	168	262	312	270	329	282	271	205	219	230	192	214	203	231	178	192	185	172	153	149	153
64	170	1	2	119	0	1953125	12	0.0	2726	1.49	0	0	V0.2	0	0	121	101	134	105	133	112	148	123	147	134	162	137	167	152	178	156	186	183	185	204	197	234	191	255	223	260	218	245	245	239	277	264	325	307	362	380	340	361	376	453	440	530	549	645	757	803	816	611	580	543	575	497	693	882	1000	852	810	764	510	376	268	308	238	168	225	293	341	288	344	295	266	215	229	237	194	223	207	222	170	192	177	161	151	154	147
64	170	1	2	119	0	1953125	12	0.0	2724	1.49	0	0	V0.2	0	0	95	90	117	84	119	88	131	98	130	120	135	127	141	145	148	149	163	162	164	181	186	208	184	240	203	254	196	248	213	246	260	265	321	295	391	354	370	323	387	409	447	522	537	653	728	824	782	613	546	538	513	485	662	853	1000	837	831	743	517	388	272	327	229	199	227	316	346	309	353	296	281	215	244	234	210	227	219	230	180	200	183	175	155	160	153
64	170	1	2	119	0	1953125	12	0.0	19	1.02	0	0	V0.2	0	0	17	31	39	45	46	46	43	40	28	23	27	26	30	29	33	29	16	10	12	18	30	55	53	75	61	74	88	37	116	44	124	120	187	242	298	329	261	239	132	263	201	395	439	613	788	899	945	818	789	784	667	395	441	686	1000	756	871	671	508	274	259	131	147	176	99	131	34	81	75	33	51	55	65	37	49	29	32	38	31	29	21	11	17	18	10
64	170	1	2	119	0	1953125	12	0.0	44	1.03	0	0	V0.2	0	0	24	17	15	33	23	37	21	35	15	24	22	15	29	13	39	15	39	23	39	25	25	49	16	47	32	80	64	109	73	21	172	125	75	261	216	237	351	144	195	374	104	202	511	445	530	1000	204	917	731	450	675	199	176	618	744	119	875	610	467	554	210	277	217	54	151	106	64	85	47	102	11	101	28	78	26	77	35	41	48	21	51	9	49	12	46
64	170	1	2	119	0	1953125	12	0.0	19	1.02	0	0	V0.2	0	0	3	35	14	38	20	39	17	32	10	31	8	35	13	40	14	36	24	23	46	13	50	15	60	24	90	26	49	107	86	57	106	179	75	275	155	115	381	114	244	259	183	197	480	377	404	1000	238	865	604	320	670	205	193	491	735	219	839	496	367	555	128	330	154	36	193	108	65	36	103	48	40	65	40	67	38	81	23	70	24	53	32	34	36	24	37
64	170	1	2	119	0	1953125	12	0.0	24	1.02	0	0	V0.2	0	0	17	11	28	30	35	37	32	33	30	21	35	13	44	8	51	10	48	20	44	31	26	58	15	54	51	100	68	107	98	24	173	136	41	286	241	229	333	177	192	382	104	161	533	466	510	999	276	951	757	456	663	239	226	638	728	140	906	618	489	543	204	309	223	97	149	138	38	112	51	115	44	103	12	67	48	61	55	35	60	32	54	30	48	32	44
64	170	1	2	119	0	1953125	12	0.0	44	1.03	0	0	V0.2	0	0	2	33	20	45	26	45	23	41	15	33	16	31	22	38	28	36	26	27	40	12	52	21	54	20	95	50	86	55	108	33	134	136	52	321	161	199	319	186	273	313	133	151	556	380	438	999	308	984	652	391	628	289	241	551	719	179	934	553	426	524	140	357	153	95	115	172	12	93	87	83	60	55	44	22	75	38	69	44	52	45	40	38	30	32	33
64	170	1	2	119	0	1953125	12	0.0	24	1.02	0	0	V0.2	0	0	17	1	31	14	44	20	43	16	37	9	35	5	40	10	47	10	50	14	46	29	18	61	7	61	21	101	44	126	74	43	161	145	50	264	247	218	349	161	164	370	119	166	502	470	493	999	271	921	747	450	642	201	185	601	744	143	899	642	467	535	220	295	230	86	147	139	41	107	59	116	50	102	20	67	54	61	55	38	57	40	46	39	40	40	37
64	170	1	2	119	0	1953125	12	0.0	24	1.02	0	0	V0.2	0	0	16	26	25	42	32	45	28	40	29	30	37	25	51	23	53	25	46	23	45	32	43	51	41	44	87	84	85	73	120	8	151	141	15	314	215	205	310	213	223	339	119	117	546	438	441	1000	338	965	693	414	601	266	238	568	727	199	922	607	437	515	183	340	188	106	124	170	7	108	85	99	71	71	34	34	69	42	64	47	55	51	42	48	32	40	33
64	170	1	2	119	0	1953125	12	0.0	24	1.02	0	0	V0.2	0	0	14	22	23	42	26	47	27	42	23	29	29	24	42	24	49	21	45	24	44	28	41	47	36	42	77	87	81	80	115	7	157	135	17	307	220	211	306	205	214	349	109	121	542	448	459	1000	331	962	715	427	607	258	224	580	731	179	921	632	445	529	196	332	206	102	123	165	18	111	73	109	63	85	29	46	65	47	64	42	60	45	49	41	38	39	37
64	170	1	2	119	0	1953125	12	0.0	24	1.02	0	0	V0.2	0	0	17	28	25	45	28	46	27	43	26	32	35	26	47	26	52	27	45	25	47	32	46	47	47	39	92	81	85	69	123	9	145	146	17	315	207	191	307	217	226	326	128	108	540	436	413	999	357	950	683	384	587	275	221	539	739	212	913	616	408	522	172	341	184	99	122	172	9	102	90	94	74	66	38	30	70	42	63	52	55	55	41	48	31	42	33
64	170	1	2	119	0	1953125	12	0.0	24	1.02	0	0	V0.2	0	0	12	23	25	44	28	47	25	44	23	30	31	24	44	23	48	21	44	21	45	29	41	48	36	42	81	87	83	77	115	8	152	139	10	310	220	204	303	210	216	340	114	108	539	449	433	1000	355	954	710	407	586	262	203	547	744	203	913	643	426	534	184	335	200	99	115	168	17	109	78	109	65	81	36	43	69	46	67	43	58	46	47	43	36	39	36
64	170	1	2	119	0	1953125	12	0.0	49	1.03	0	0	V0.2	0	0	1	33	21	47	25	45	21	42	11	32	12	34	24	40	27	38	25	27	41	11	55	18	55	18	97	48	84	53	104	32	123	140	47	313	159	181	316	191	261	289	145	127	533	392	389	999	333	940	638	357	589	274	184	489	745	203	901	593	378	541	146	352	157	90	111	173	23	94	92	84	59	53	52	24	77	43	70	48	51	47	39	40	29	34	34
64	170	1	2	119	0	1953125	12	0.0	49	1.03	0	0	V0.2	0	0	16	26	20	41	28	47	25	42	24	29	26	21	37	20	44	16	39	21	39	22	43	47	37	43	58	84	77	89	93	10	153	122	23	297	221	233	309	200	211	354	109	130	533	447	440	999	340	953	729	423	590	252	150	529	758	198	916	671	418	543	200	329	209	86	103	169	29	107	71	111	54	80	38	47	68	44	67	36	56	41	44	42	37	35	36
64	170	1	2	119	0	1953125	12	0.0	24	1.02	0	0	V0.2	0	0	23	23	35	38	39	41	36	36	35	24	39	17	49	16	54	20	47	24	46	38	46	55	43	45	87	81	82	72	116	20	135	149	21	317	203	188	304	210	230	301	141	105	528	414	372	999	369	936	655	360	587	264	186	484	757	220	912	599	376	555	151	366	164	97	143	170	48	82	122	69	81	40	52	31	69	60	52	69	34	66	22	53	22	42	29
64	170	1	2	119	0	1953125	12	0.0	24	1.02	0	0	V0.2	0	0	14	25	25	45	29	50	27	43	24	30	30	25	47	23	52	20	44	24	44	30	44	49	36	46	78	87	85	78	116	15	151	139	6	309	221	211	304	210	214	333	112	103	525	452	417	999	358	942	705	415	575	245	158	516	748	198	903	672	421	553	200	336	211	103	113	174	27	120	78	117	63	85	41	47	71	49	68	41	64	47	47	45	40	40	39
64	170	1	2	119	0	1953125	12	0.0	24	1.02	0	0	V0.2	0	0	14	25	30	22	38	16	37	14	29	20	21	30	24	35	32	32	37	23	50	20	39	43	47	50	63	62	20	124	61	67	123	177	68	236	204	117	387	99	207	266	170	165	425	439	380	1000	252	783	652	292	637	161	83	450	773	152	785	625	305	607	126	315	191	40	185	113	85	52	105	74	39	86	43	77	38	86	28	70	36	48	39	30	43	22	44
64	170	1	2	119	0	1953125	12	0.0	24	1.02	0	0	V0.2	0	0	13	28	21	49	26	52	23	45	20	33	26	31	41	29	50	25	41	26	46	27	48	43	46	39	89	78	88	67	119	16	138	148	12	317	205	190	303	213	231	314	130	96	526	437	384	999	371	941	687	383	577	266	168	495	751	206	911	662	395	557	184	355	199	108	113	185	27	116	95	106	74	69	50	35	78	47	70	53	59	55	40	51	33	42	35
64	170	1	2	119	0	1953125	12	0.0	46	1.03	0	0	V0.2	0	0	15	26	13	45	22	49	19	42	18	34	27	27	36	28	42	26	37	28	37	20	41	44	35	39	67	81	85	81	97	6	158	121	22	290	232	224	314	195	206	361	95	130	515	471	438	1000	354	928	768	404	604	252	139	533	762	193	883	737	395	573	196	299	246	62	112	160	66	117	50	125	29	102	13	68	55	64	66	31	67	27	57	23	50	23	48
64	170	1	2	119	0	1953125	12	0.0	49	1.03	0	0	V0.2	0	0	13	27	28	36	33	35	28	28	19	26	6	33	5	35	5	33	15	25	41	4	52	9	49	32	86	8	60	79	84	53	97	161	71	282	133	120	356	142	266	241	172	156	475	377	336	1000	305	858	619	270	614	234	123	400	762	194	824	600	289	598	102	344	148	79	141	153	61	63	108	56	59	44	68	43	70	67	56	61	33	50	25	37	27	29	34
64	170	1	2	119	0	1953125	12	0.0	46	1.03	0	0	V0.2	0	0	23	7	33	23	39	29	40	26	33	15	37	5	45	0	53	4	48	18	43	27	25	59	11	61	22	89	55	123	64	43	156	139	50	254	245	217	355	161	177	358	103	168	474	479	445	1000	308	883	776	415	628	192	88	521	755	159	843	719	407	587	208	281	254	54	135	135	72	108	53	122	30	106	4	75	45	72	56	36	61	30	53	31	46	28	44
64	170	1	2	119	0	1953125	12	0.0	24	1.02	0	0	V0.2	0	0	13	15	31	10	41	8	43	4	35	5	31	17	33	20	41	22	43	18	49	25	24	52	25	58	31	88	14	137	52	63	142	167	56	236	245	169	379	124	170	333	143	173	441	483	416	1000	289	826	765	364	653	177	79	515	768	132	810	708	370	608	189	277	260	35	173	115	84	97	71	118	17	112	0	84	35	82	46	48	58	33	51	30	48	33	43
64	170	1	2	119	0	1953125	12	0.0	46	1.03	0	0	V0.2	0	0	20	21	20	36	23	43	24	39	21	27	28	21	37	20	46	18	43	26	38	25	33	51	25	48	48	82	74	101	85	23	160	123	40	265	242	218	335	179	189	365	87	156	487	479	444	1000	326	898	792	401	641	229	103	543	754	144	854	740	401	610	211	290	266	50	144	142	82	113	55	129	15	112	9	79	42	77	57	40	65	27	61	20	53	21	50
64	170	1	2	119	0	1953125	12	0.0	24	1.02	0	0	V0.2	0	0	15	9	35	6	47	12	45	11	40	1	35	14	40	19	49	17	48	18	49	31	20	59	16	63	19	99	31	137	62	60	150	157	48	246	262	190	368	148	160	354	124	164	456	489	426	1000	319	860	793	387	650	197	100	525	758	137	834	733	384	599	199	282	267	52	159	134	77	114	66	131	34	113	15	80	52	77	58	41	63	38	55	38	47	38	43
64	170	1	2	119	0	1953125	12	0.0	21	1.02	0	0	V0.2	0	0	23	8	33	21	43	31	41	26	37	15	39	10	49	2	56	11	48	19	46	33	22	62	3	60	38	102	62	118	83	44	160	143	36	262	265	203	351	172	172	359	97	147	464	490	435	1000	332	885	795	403	640	198	115	523	742	145	833	741	384	609	190	289	260	57	155	132	79	118	62	130	24	114	5	82	48	78	56	46	72	34	60	33	54	31	49
64	170	1	2	119	0	1953125	12	0.0	49	1.03	0	0	V0.2	0	0	24	18	18	33	23	41	22	37	17	28	23	18	35	15	40	15	41	26	39	27	28	51	18	46	37	81	66	107	76	28	161	128	51	254	239	213	350	161	187	365	93	174	471	472	446	1000	307	883	803	388	666	219	92	539	753	119	842	749	380	626	202	281	269	35	157	132	96	108	68	126	3	116	18	84	38	83	49	43	59	25	57	17	56	18	50
64	170	1	2	119	0	1953125	12	0.0	21	1.02	0	0	V0.2	0	0	22	6	41	12	52	17	50	15	45	4	43	11	51	10	58	12	54	20	46	37	21	68	4	69	30	108	53	132	77	49	158	146	37	267	274	209	356	171	178	370	97	155	480	483	431	999	348	918	813	415	660	231	138	540	734	139	870	734	409	598	210	306	270	77	144	156	63	129	76	134	56	106	34	68	69	63	71	46	69	49	50	52	42	48	41
64	170	1	2	119	0	1953125	12	0.0	24	1.02	0	0	V0.2	0	0	20	3	33	12	42	18	39	20	32	7	33	8	37	9	48	10	47	19	47	29	19	58	12	58	24	94	38	131	66	59	151	153	54	238	257	181	378	136	175	349	121	179	439	474	425	1000	292	840	789	368	682	190	87	510	745	99	799	722	358	640	173	289	262	24	180	115	98	99	84	120	16	119	17	92	34	90	44	57	60	37	57	24	56	25	49
64	170	1	2	119	0	1953125	12	0.0	21	1.02	0	0	V0.2	0	0	25	13	35	29	42	36	41	33	38	18	41	15	53	9	61	13	53	22	45	37	27	64	14	63	54	104	70	114	97	36	162	143	32	278	269	207	344	193	190	373	84	150	484	480	427	999	358	919	815	414	661	235	136	536	725	152	847	741	401	613	204	307	273	72	147	153	72	131	67	139	41	114	22	74	61	71	69	44	76	41	62	40	53	37	47
64	170	1	2	119	0	1953125	12	0.0	24	1.02	0	0	V0.2	0	0	20	14	34	30	38	39	35	34	33	23	35	11	47	8	57	11	53	24	47	35	30	60	17	59	54	104	70	113	98	37	159	140	34	279	263	207	341	199	191	370	89	145	486	482	415	1000	361	917	813	406	653	235	130	522	727	165	851	756	397	616	217	312	275	75	145	154	74	132	68	140	41	116	26	75	63	72	69	42	73	38	61	39	53	37	49
64	170	1	2	119	0	1953125	12	0.0	21	1.02	0	0	V0.2	0	0	23	5	33	21	43	26	41	24	39	16	43	7	46	6	57	10	52	20	46	35	24	64	2	62	37	103	56	124	83	49	157	146	43	258	270	195	362	172	176	371	98	167	462	487	422	1000	336	883	827	392	687	221	120	530	728	128	821	752	376	633	193	296	281	50	167	134	87	121	73	135	25	120	8	86	48	83	59	51	71	37	65	33	55	31	49
64	170	1	2	119	0	1953125	12	0.0	24	1.02	0	0	V0.2	0	0	20	11	35	6	43	7	43	7	35	5	30	15	35	17	44	20	44	21	45	26	24	55	27	58	34	83	17	134	54	67	139	163	59	227	250	152	398	114	189	329	134	194	420	455	402	1000	279	821	780	344	714	193	101	485	734	84	769	701	318	656	139	302	248	21	190	106	108	81	101	108	29	113	33	91	30	93	33	64	52	42	53	27	53	23	49
64	170	1	2	119	0	1953125	12	0.0	21	1.02	0	0	V0.2	0	0	23	7	39	20	43	27	45	25	40	13	42	8	46	4	59	11	54	22	48	35	23	67	1	66	38	106	58	128	82	50	158	143	46	258	276	200	368	172	184	375	92	175	458	478	426	999	330	887	825	408	692	201	113	523	715	140	807	750	383	640	197	300	281	56	167	131	91	123	71	138	23	121	7	86	48	82	64	53	75	37	65	34	58	33	51
64	170	1	2	119	0	1953125	12	0.0	24	1.02	0	0	V0.2	0	0	19	15	32	7	42	4	42	2	31	8	29	16	31	25	36	23	41	21	47	28	29	49	34	53	43	76	11	133	53	70	132	168	60	225	238	133	401	111	201	312	147	191	416	447	375	999	281	800	760	307	709	197	95	454	734	97	754	689	292	659	127	310	235	31	186	109	106	72	109	95	40	105	44	86	40	94	32	68	46	46	48	28	52	26	47
64	170	1	2	119	0	1953125	12	0.0	21	1.02	0	0	V0.2	0	0	24	10	37	24	45	29	42	26	40	16	43	10	51	5	58	9	53	23	45	36	22	66	6	63	43	106	60	121	86	44	159	141	37	262	276	198	363	181	187	379	86	170	466	474	430	1000	354	898	840	406	701	233	153	546	707	131	814	742	378	633	189	305	283	60	164	137	85	126	70	134	32	119	12	81	55	75	65	46	72	37	63	35	55	35	47
64	170	1	2	119	0	1953125	12	0.0	24	1.02	0	0	V0.2	0	0	21	7	35	6	42	12	41	12	35	4	32	14	37	14	44	16	45	19	47	31	23	56	23	59	30	87	24	134	58	66	143	157	57	227	255	161	396	125	186	336	122	196	418	457	403	1000	287	829	790	360	720	180	107	485	719	99	767	725	321	659	156	306	259	28	189	110	112	90	97	116	29	117	30	91	34	93	39	65	57	41	58	27	57	24	50
64	170	1	2	119	0	1953125	12	0.0	24	1.02	0	0	V0.2	0	0	23	6	37	12	46	17	44	16	42	10	43	13	50	13	57	16	54	24	51	37	24	67	10	66	33	104	48	131	73	59	154	149	48	243	277	180	380	160	176	366	104	181	440	476	416	1000	332	858	830	379	709	206	114	516	718	127	782	748	343	640	174	293	275	39	174	116	98	107	77	129	16	119	9	85	39	87	53	53	67	36	62	29	57	29	50
64	170	1	2	119	0	1953125	12	0.0	24	1.02	0	0	V0.2	0	0	22	4	35	18	43	24	41	24	35	13	35	4	43	5	53	10	50	22	46	35	20	62	5	59	28	100	49	130	76	56	153	146	48	246	272	186	375	160	179	367	98	184	444	472	423	1000	329	867	830	390	708	204	116	522	717	133	786	747	352	643	178	298	277	41	174	122	98	111	78	132	17	121	14	89	46	87	56	53	68	36	62	30	59	29	52
64	170	1	2	119	0	1953125	12	0.0	21	1.02	0	0	V0.2	0	0	25	10	35	27	42	35	43	30	38	21	42	12	52	7	59	9	54	22	45	38	26	66	12	64	48	105	68	120	90	44	157	137	38	268	277	202	360	187	192	376	76	173	468	466	427	999	363	913	841	415	702	226	147	539	694	156	809	752	376	629	195	311	281	69	158	143	85	130	68	141	35	117	20	76	62	75	70	48	75	38	64	39	56	38	48
64	170	1	2	119	0	1953125	12	0.0	24	1.02	0	0	V0.2	0	0	19	8	36	6	44	12	42	11	36	6	34	13	37	15	45	18	45	22	47	30	24	59	21	61	29	89	26	137	55	70	141	157	60	227	256	162	399	123	186	335	120	203	414	450	404	1000	295	821	799	350	727	189	107	483	720	111	749	726	303	655	144	298	254	17	184	106	113	84	97	116	30	116	35	91	34	94	40	66	56	40	56	28	57	23	51
64	170	1	2	119	0	1953125	12	0.0	21	1.02	0	0	V0.2	0	0	25	14	37	31	42	38	41	33	40	20	44	15	55	9	62	14	54	25	46	40	29	66	17	63	57	106	76	115	98	41	156	136	35	279	274	206	350	201	196	373	77	157	468	465	413	1000	382	923	840	410	674	218	136	508	691	194	808	764	360	615	197	310	273	73	139	149	76	129	63	138	37	113	23	74	64	70	72	43	78	37	63	41	56	38	49
64	170	1	2	119	0	1953125	12	0.0	24	1.02	0	0	V0.2	0	0	20	9	36	4	42	10	43	10	35	5	33	14	37	17	45	18	46	21	48	31	23	56	23	59	32	88	23	136	55	71	137	159	58	225	255	156	399	126	185	331	123	199	407	450	392	1000	302	815	801	337	722	179	106	472	715	113	744	726	296	656	150	301	254	26	187	107	111	84	97	115	30	115	34	91	32	91	39	64	57	41	56	27	55	25	53
64	170	1	2	119	0	1953125	12	0.0	21	1.02	0	0	V0.2	0	0	25	12	34	29	41	37	40	34	38	22	43	14	52	10	59	13	53	24	47	38	29	64	16	62	57	104	74	113	95	41	154	135	35	274	272	202	351	202	191	373	81	162	467	461	413	1000	390	910	845	394	686	233	141	533	694	174	815	764	359	617	212	307	278	75	147	155	82	132	69	142	37	116	27	76	67	73	73	47	79	40	67	43	55	38	50
64	170	1	2	119	0	1953125	12	0.0	24	1.02	0	0	V0.2	0	0	22	6	35	9	43	17	42	15	36	8	33	9	40	12	50	15	46	21	48	35	22	60	17	63	27	95	35	136	60	66	144	151	57	230	263	174	394	134	180	343	106	203	415	450	414	1000	308	838	817	367	726	176	123	492	695	115	749	736	310	648	160	294	262	26	183	108	110	93	90	122	21	119	26	91	36	92	45	59	63	37	59	26	57	27	52
64	170	1	2	119	0	1953125	12	0.0	21	1.02	0	0	V0.2	0	0	25	8	38	22	44	30	45	27	41	14	44	12	52	5	59	11	53	22	46	39	25	69	6	66	42	104	63	124	82	50	155	137	45	257	278	200	370	177	185	370	74	187	442	453	431	999	354	896	850	409	721	195	153	533	669	146	782	758	349	631	203	299	282	64	167	137	97	126	73	141	26	122	14	80	54	79	67	49	76	39	67	35	57	34	50
64	170	1	2	119	0	1953125	12	0.0	24	1.02	0	0	V0.2	0	0	19	12	35	5	43	8	42	5	34	5	29	16	31	18	43	22	42	23	46	29	27	55	29	57	37	78	17	134	49	75	128	158	59	220	243	146	406	111	197	310	123	204	392	428	384	1000	293	808	780	328	730	167	146	452	692	101	729	714	268	653	146	307	236	35	185	106	114	74	108	106	38	110	43	88	35	91	33	65	50	45	51	29	53	25	50
64	170	1	2	119	0	1953125	12	0.0	21	1.02	0	0	V0.2	0	0	25	14	34	33	42	37	41	34	38	21	44	14	53	12	58	11	51	24	45	40	29	64	19	62	58	102	75	111	94	38	151	131	34	275	272	205	353	197	199	368	68	164	459	445	424	999	388	934	852	416	701	212	178	527	654	158	813	763	349	610	213	310	273	84	145	154	79	130	69	141	42	112	28	70	66	67	73	45	76	40	65	43	53	40	48
64	170	1	2	119	0	1953125	12	0.0	24	1.02	0	0	V0.2	0	0	22	2	35	14	44	21	43	18	36	8	34	7	43	11	53	14	50	22	46	33	19	62	10	63	24	96	43	136	64	65	147	145	56	233	265	188	394	137	185	350	89	203	406	440	422	999	318	861	837	386	728	152	147	483	664	126	740	753	298	645	169	287	260	35	176	106	106	95	83	125	15	119	22	89	39	91	49	56	66	36	62	25	57	24	53
64	170	1	2	119	0	1953125	12	0.0	21	1.02	0	0	V0.2	0	0	24	6	37	18	44	26	43	22	41	14	42	9	50	9	58	9	50	22	47	38	23	65	2	64	34	101	57	128	76	55	151	137	46	246	273	199	380	164	184	363	78	188	419	444	424	999	348	889	855	402	717	148	158	491	644	141	760	770	315	637	201	292	271	59	167	125	97	113	73	134	17	118	11	84	47	81	58	51	73	35	65	31	58	32	53
64	170	1	2	119	0	1953125	12	0.0	24	1.02	0	0	V0.2	0	0	22	3	37	11	44	20	42	17	37	9	36	6	41	10	51	14	50	21	46	35	20	62	12	62	25	97	41	135	62	65	144	142	58	232	266	183	397	139	185	349	87	207	400	436	416	1000	322	864	848	385	742	143	165	481	645	117	740	764	288	649	182	292	265	43	182	109	108	95	86	128	17	122	22	86	38	90	50	58	66	37	62	26	57	26	54
64	170	1	2	119	0	1953125	12	0.0	21	1.02	0	0	V0.2	0	0	25	15	35	30	40	37	40	32	38	23	41	12	49	10	60	11	52	27	46	38	30	63	19	61	56	100	74	113	95	41	151	128	35	269	269	205	356	197	198	361	64	164	443	435	420	999	392	929	856	416	696	172	193	508	628	166	789	776	327	618	234	304	270	91	147	150	79	127	71	142	38	113	27	70	65	70	73	46	80	41	65	42	54	39	49
64	170	1	2	119	0	1953125	12	0.0	24	1.02	0	0	V0.2	0	0	22	2	35	16	44	25	42	21	37	13	35	4	42	6	54	11	50	23	48	37	21	65	6	63	24	94	47	135	67	61	146	135	57	231	261	192	395	147	185	350	80	207	399	425	427	1000	324	864	845	390	733	122	183	477	626	127	725	760	285	647	200	284	267	47	177	110	108	99	85	129	16	121	20	86	40	86	50	55	67	36	62	26	59	27	52
64	170	1	2	119	0	1953125	12	0.0	21	1.02	0	0	V0.2	0	0	24	16	35	35	41	41	39	33	37	23	39	15	55	11	59	15	53	28	46	40	33	64	23	60	63	101	80	110	99	38	150	129	35	274	267	208	355	208	205	362	75	161	444	431	412	999	398	943	861	420	691	163	202	488	609	180	791	784	319	614	247	312	270	101	141	156	73	126	71	144	42	107	30	67	70	68	77	46	81	43	66	44	52	40	48
64	170	1	2	119	0	1953125	12	0.0	24	1.02	0	0	V0.2	0	0	14	25	28	26	37	25	35	19	26	24	18	34	11	36	19	36	27	29	47	20	46	34	54	42	79	36	39	115	69	77	97	165	57	241	184	93	411	129	251	246	149	185	395	349	330	1000	314	839	716	269	718	183	258	380	620	98	724	655	197	637	139	350	177	92	163	138	95	60	127	66	70	70	71	60	71	78	51	73	40	59	35	42	41	34	42
64	170	1	2	119	0	1953125	12	0.0	24	1.02	0	0	V0.2	0	0	24	10	35	26	43	31	42	27	40	15	44	11	54	5	61	14	56	26	48	42	26	68	13	67	51	104	71	122	92	52	151	129	47	258	270	207	367	193	191	357	69	178	414	429	414	1000	378	917	858	425	692	110	198	462	600	193	754	804	296	623	241	299	266	89	148	137	87	119	69	141	28	115	20	76	60	72	69	43	76	34	64	35	54	35	51
64	170	1	2	119	0	1953125	12	0.0	24	1.02	0	0	V0.2	0	0	17	24	27	43	29	48	29	40	26	29	31	22	46	20	53	22	46	29	44	35	44	50	39	46	77	89	85	89	109	29	140	127	20	290	239	195	335	225	224	340	95	137	455	399	391	1000	423	958	824	403	661	179	243	475	594	194	805	767	301	601	262	336	251	122	120	174	56	126	86	134	59	91	53	49	84	51	77	43	72	46	55	47	43	43	41
64	170	1	2	119	0	1953125	12	0.0	21	1.02	0	0	V0.2	0	0	26	8	41	20	47	27	45	24	43	16	45	10	55	11	62	13	55	26	48	41	23	68	6	68	40	104	62	127	82	53	148	129	48	245	273	198	376	180	177	353	68	179	402	431	419	1000	369	898	859	413	703	101	205	472	600	153	743	799	277	622	233	286	269	74	159	126	93	112	73	139	23	115	11	76	52	78	64	50	78	36	63	33	54	34	48
64	170	1	2	119	0	1953125	12	0.0	24	1.02	0	0	V0.2	0	0	20	23	27	39	32	46	29	40	28	30	34	17	43	19	53	15	48	28	45	36	40	56	32	52	69	92	83	99	103	33	144	122	29	279	246	208	345	218	210	348	78	153	439	400	407	999	414	949	843	420	665	136	237	461	580	203	776	789	292	613	251	323	254	108	120	153	63	117	71	136	44	99	35	60	76	60	75	37	73	38	55	39	48	38	44
64	170	1	2	119	0	1953125	12	0.0	21	1.02	0	0	V0.2	0	0	24	32	25	47	27	53	22	44	26	36	34	30	45	32	52	29	44	31	44	35	49	46	53	37	97	74	92	73	115	32	123	139	10	302	216	173	340	230	249	305	111	119	459	370	354	999	433	972	778	376	657	194	273	420	572	194	808	733	263	596	216	365	207	123	107	170	37	106	104	105	74	61	60	26	88	47	76	57	62	58	40	54	32	43	33
64	170	1	2	119	0	1953125	12	0.0	24	1.02	0	0	V0.2	0	0	19	18	30	35	36	42	33	36	32	25	36	16	49	9	55	12	50	27	45	38	34	61	25	54	60	98	78	109	99	35	151	120	38	275	257	211	354	204	208	355	72	167	442	418	420	1000	387	963	852	441	695	148	217	457	566	157	791	794	301	611	237	313	257	109	137	146	68	114	64	135	39	103	28	64	69	62	71	39	77	36	60	38	50	37	45
64	170	1	2	119	0	1953125	12	0.0	21	1.02	0	0	V0.2	0	0	25	24	33	41	36	47	35	40	33	29	42	23	52	21	58	22	48	29	45	40	40	58	38	52	82	92	89	92	109	30	141	123	22	289	243	204	343	221	230	337	79	140	452	386	411	1000	411	974	813	426	666	158	278	467	561	173	797	749	297	590	227	345	233	123	114	158	41	113	81	123	60	80	43	41	78	46	76	45	75	50	51	48	40	43	36
64	170	1	2	119	0	1953125	12	0.0	19	1.02	0	0	V0.2	0	0	19	14	31	31	37	36	36	34	32	19	36	10	42	6	54	8	48	24	44	36	27	62	17	58	46	98	71	118	84	41	150	116	47	257	257	214	365	185	195	357	52	188	417	404	449	999	357	941	853	451	708	99	247	484	577	137	770	793	300	622	225	310	260	97	150	131	81	108	65	134	26	110	15	72	59	73	67	41	74	29	59	29	51	29	46
64	170	1	2	119	0	1953125	12	0.0	21	1.02	0	0	V0.2	0	0	26	10	37	27	44	33	42	30	40	17	45	13	53	9	59	11	51	24	45	39	28	67	14	63	49	102	71	119	87	41	146	119	40	256	266	205	361	189	187	349	51	177	422	414	441	1000	373	935	840	448	696	111	256	495	593	152	768	788	296	610	219	314	255	101	145	133	75	109	66	132	34	104	17	64	60	68	68	44	76	35	59	38	49	35	43
64	170	1	2	119	0	1953125	12	0.0	44	1.03	0	0	V0.2	0	0	26	17	21	30	27	38	25	32	22	22	26	15	32	8	42	7	39	21	39	31	24	54	14	55	20	73	56	120	55	48	142	111	69	223	229	205	387	135	192	340	69	223	393	394	442	1000	297	875	831	400	724	88	216	461	618	118	721	785	242	635	192	286	245	32	160	97	106	69	79	107	23	99	41	75	35	85	38	50	52	31	47	17	49	18	44
64	170	1	2	119	0	1953125	12	0.0	21	1.02	0	0	V0.2	0	0	23	3	41	15	52	21	49	16	46	4	45	10	54	11	61	15	53	25	45	42	22	71	5	70	39	106	63	130	82	46	145	121	42	262	270	214	363	189	192	355	53	175	434	406	442	999	380	967	841	461	688	112	275	479	578	166	794	772	303	588	218	333	241	117	127	146	45	108	76	122	58	84	36	44	74	47	67	40	67	47	44	49	34	45	34
64	170	1	2	119	0	1953125	12	0.0	44	1.03	0	0	V0.2	0	0	27	7	30	17	35	21	32	18	27	8	26	4	27	7	36	10	35	18	37	28	20	51	16	59	26	60	24	126	32	65	125	128	86	213	203	168	412	88	223	304	99	242	388	356	426	999	255	845	773	350	753	147	251	446	621	60	705	705	214	640	130	308	208	13	173	94	98	38	98	76	43	82	64	65	46	81	32	57	33	41	35	29	38	25	41
64	170	1	2	119	0	1953125	12	0.0	46	1.03	0	0	V0.2	0	0	17	12	33	10	41	9	38	5	31	8	25	19	24	23	37	22	37	21	41	21	28	46	27	60	44	58	13	133	32	75	113	137	78	221	204	162	420	85	231	291	96	241	379	348	424	999	253	849	761	387	747	127	258	427	608	78	694	714	236	633	142	298	215	24	172	83	102	53	90	92	24	93	45	72	30	85	30	61	48	40	46	24	47	19	45
64	170	1	2	119	0	1953125	12	0.0	19	1.02	0	0	V0.2	0	0	15	11	33	10	43	10	43	4	38	6	31	18	33	20	39	27	43	24	45	29	26	55	25	63	34	81	21	144	42	74	128	136	71	224	238	186	407	109	196	317	79	232	388	378	451	1000	279	869	796	435	738	103	250	469	602	87	714	737	278	619	184	295	244	65	174	96	89	82	73	117	9	108	11	75	38	81	47	44	59	30	53	25	48	27	44
64	170	1	2	119	0	1953125	12	0.0	46	1.03	0	0	V0.2	0	0	23	12	35	11	42	9	37	4	28	10	21	22	20	26	31	26	30	24	40	23	34	43	35	56	59	44	19	122	40	76	104	141	84	231	173	137	421	86	262	258	107	235	396	312	405	1000	255	862	691	346	737	188	303	407	605	68	710	651	199	626	100	339	161	40	159	116	87	35	111	57	55	62	73	52	64	70	45	60	33	49	31	37	34	29	35
64	170	1	2	119	0	1953125	12	0.0	69	1.03	0	0	V0.2	0	0	22	29	13	42	20	46	19	42	15	30	19	23	24	24	35	17	30	16	27	23	31	46	37	46	29	68	75	110	51	33	142	86	66	250	222	258	369	143	232	356	34	247	440	359	514	1000	287	979	824	511	744	128	284	531	588	141	786	773	321	602	214	313	256	78	127	129	87	94	45	121	12	96	21	66	55	67	56	25	59	17	50	15	50	21	46
64	170	1	2	119	0	1953125	12	0.0	46	1.03	0	0	V0.2	0	0	17	8	35	11	46	16	43	11	37	4	31	17	36	21	44	22	44	22	40	28	21	58	16	69	21	78	37	141	34	66	132	120	77	233	238	225	406	113	210	333	48	244	407	370	494	1000	272	929	796	501	725	105	261	494	595	125	760	760	315	589	211	298	247	82	137	128	79	100	60	124	33	98	15	60	62	64	60	31	64	32	50	35	42	34	37
64	170	1	2	119	0	1953125	12	0.0	69	1.03	0	0	V0.2	0	0	20	32	11	45	20	50	19	46	12	35	19	27	30	26	38	19	33	18	30	22	37	45	41	43	39	73	83	105	63	32	144	85	58	265	217	266	356	162	238	357	43	235	450	349	515	1000	299	988	800	515	713	119	274	527	594	157	791	757	328	590	229	309	248	78	113	141	77	98	46	122	17	93	26	63	63	63	65	20	58	18	51	19	46	21	43
64	170	1	2	119	0	1953125	12	0.0	46	1.03	0	0	V0.2	0	0	12	14	31	13	41	13	40	9	33	10	27	20	27	27	35	26	39	22	40	21	27	48	25	63	42	64	15	140	29	79	116	133	81	229	217	196	421	86	225	305	75	253	394	354	473	1000	239	880	759	460	732	119	240	470	615	94	720	725	290	592	185	274	239	57	156	100	92	82	63	114	10	100	13	72	44	77	48	37	56	30	50	25	43	26	40
64	170	1	2	119	0	1953125	12	0.0	69	1.03	0	0	V0.2	0	0	5	36	20	37	29	36	24	29	17	23	10	28	6	30	5	25	9	22	31	3	50	4	39	27	76	27	63	68	67	77	84	122	68	282	115	164	381	108	314	227	114	229	443	248	415	1000	257	921	640	377	727	227	321	409	623	77	739	647	215	617	105	322	170	27	159	111	96	27	102	53	45	64	72	56	45	80	24	57	20	44	24	30	30	24	37
64	170	1	2	119	0	1953125	12	0.0	2042	1.37	0	0	V0.2	0	0	15	38	19	17	46	47	5	24	42	41	15	13	50	49	15	21	49	39	37	37	28	69	76	23	62	126	70	51	113	69	18	72	105	260	260	300	371	240	130	147	236	204	251	107	651	1000	411	893	637	430	508	209	601	730	761	213	746	755	294	307	26	350	230	177	224	182	131	155	145	95	102	85	65	85	95	54	74	76	38	52	62	41	41	47	43
64	170	1	2	119	0	1953125	12	0.0	2045	1.37	0	0	V0.2	0	0	29	32	17	29	36	50	22	35	31	31	35	26	46	17	51	27	40	33	38	39	26	74	68	71	64	112	66	104	119	67	41	41	172	289	203	362	427	264	93	225	204	310	286	132	813	1000	536	734	758	315	694	215	680	994	826	130	628	783	173	293	46	243	399	187	242	207	187	137	149	179	67	100	74	116	66	89	94	52	55	54	78	34	65	53	51
64	170	1	2	119	0	1953125	12	0.0	2051	1.37	0	0	V0.2	0	0	30	37	14	36	31	55	19	43	26	35	36	34	45	24	48	34	40	39	43	40	33	67	80	62	82	99	79	96	129	63	38	40	163	301	191	387	412	265	93	230	205	299	278	123	821	1000	543	714	738	325	714	255	655	983	814	142	595	738	166	323	62	233	390	204	236	218	164	148	127	179	76	93	88	104	83	69	97	45	68	55	77	37	61	57	51
64	170	1	2	119	0	1953125	12	0.0	2051	1.37	0	0	V0.2	0	0	13	35	22	40	30	35	24	42	29	31	14	48	14	44	20	49	19	43	45	23	53	41	80	28	114	77	80	58	121	110	6	86	141	242	233	349	432	160	6	178	257	328	192	149	701	1000	415	719	581	230	761	170	654	830	792	69	613	616	106	332	23	303	287	245	152	235	170	111	151	114	120	43	116	90	74	68	77	74	32	70	50	53	37	59	43
64	170	1	2	119	0	1953125	12	0.0	2051	1.37	0	0	V0.2	0	0	11	35	22	40	30	35	25	39	29	29	13	49	14	40	16	48	18	42	47	22	51	40	80	27	110	74	77	51	117	105	11	83	142	246	230	346	426	161	10	178	253	327	194	152	705	1000	423	712	578	229	755	176	648	828	786	81	611	608	104	323	12	303	288	252	157	238	164	115	154	120	122	43	118	87	77	65	76	71	44	77	49	50	40	63	44
64	170	1	2	119	0	1953125	12	0.0	2051	1.37	0	0	V0.2	0	0	11	36	20	39	26	37	23	39	24	32	14	47	10	45	19	47	18	45	43	21	55	40	82	18	116	70	80	52	124	107	6	85	144	258	229	358	419	164	20	186	259	336	208	154	719	999	415	710	579	257	773	204	657	852	789	68	615	594	110	340	7	313	294	246	158	242	161	113	149	123	124	39	124	88	77	65	82	73	36	74	51	51	35	63	43
64	170	1	2	119	0	1953125	12	0.0	2078	1.38	0	0	V0.2	0	0	14	21	37	21	45	9	37	21	41	15	20	40	29	33	22	42	26	32	46	34	39	53	71	50	90	87	53	48	84	111	43	70	163	250	260	320	431	138	8	144	254	380	216	202	717	1000	415	732	545	248	789	223	708	852	751	67	620	612	99	311	10	326	296	243	165	231	170	100	160	108	109	32	104	81	61	60	65	63	33	67	36	44	35	54	31
64	170	1	2	119	0	1953125	12	0.0	2051	1.37	0	0	V0.2	0	0	16	28	17	43	38	29	25	40	31	28	21	47	10	47	26	44	11	50	51	21	54	57	71	34	116	100	57	68	111	120	29	95	175	235	248	335	468	134	23	135	251	378	201	205	719	1000	419	745	533	247	780	208	745	850	743	99	602	647	88	309	51	327	336	215	187	211	210	82	174	135	104	81	88	135	46	84	67	84	36	70	76	40	47	53	61
64	170	1	2	119	0	1953125	12	0.0	2053	1.37	0	0	V0.2	0	0	16	34	25	41	40	33	31	42	41	32	22	54	24	50	25	53	25	49	53	32	56	55	79	46	111	96	71	67	110	118	22	91	164	246	250	334	451	147	4	147	257	359	196	183	713	1000	410	724	538	259	788	188	707	841	764	72	618	617	99	333	20	322	298	241	161	232	184	97	162	114	120	57	112	108	67	75	68	78	33	77	53	46	41	59	51
64	170	1	2	119	0	1953125	12	0.0	2051	1.37	0	0	V0.2	0	0	15	29	30	32	40	25	33	32	36	25	22	44	22	45	25	45	21	43	46	26	52	56	71	45	106	99	62	70	106	118	27	88	164	234	252	329	457	147	9	142	251	363	198	193	711	999	422	727	542	240	772	200	699	844	761	102	609	617	91	309	26	320	306	248	176	228	193	101	171	117	121	64	111	113	65	83	70	83	34	78	58	49	43	57	51
64	170	1	2	119	0	1953125	12	0.0	2051	1.37	0	0	V0.2	0	0	21	45	6	49	11	53	9	53	23	40	19	54	23	44	32	52	26	48	49	31	55	43	97	21	118	60	94	52	135	97	16	78	141	289	209	391	400	215	47	196	246	313	213	153	768	1000	490	673	597	302	758	260	648	895	781	138	593	604	136	352	48	285	315	250	187	255	146	142	130	146	122	52	128	80	99	52	98	65	58	67	55	53	41	67	44
64	170	1	2	119	0	1953125	12	0.0	2051	1.37	0	0	V0.2	0	0	14	40	16	40	17	43	15	46	21	37	14	48	17	44	24	52	21	45	45	24	54	38	94	19	119	61	88	47	127	100	7	80	140	276	221	384	406	195	31	181	238	325	213	179	754	1000	488	693	568	271	766	275	662	891	759	136	588	571	115	344	46	299	309	263	178	257	154	141	140	134	127	49	129	81	93	60	94	69	49	71	58	57	39	63	44
64	170	1	2	119	0	1953125	12	0.0	2053	1.37	0	0	V0.2	0	0	23	43	6	48	4	53	3	52	18	41	25	52	31	44	36	51	29	49	51	35	56	48	101	31	119	63	98	56	133	90	22	73	146	304	209	411	392	220	64	192	237	322	240	179	813	999	520	682	595	332	774	333	678	947	753	145	571	595	150	356	80	277	342	255	197	251	144	153	121	155	119	61	124	77	103	51	100	59	63	61	59	56	49	66	42
64	170	1	2	119	0	1953125	12	0.0	2051	1.37	0	0	V0.2	0	0	13	37	21	38	26	37	22	41	24	32	15	50	11	41	19	49	17	43	46	24	53	40	90	22	117	64	82	42	118	108	14	81	147	274	235	374	411	173	34	162	247	354	213	202	755	1000	464	693	531	290	790	294	708	891	736	105	587	570	120	345	45	319	311	264	173	256	165	135	151	133	131	48	131	89	92	64	93	76	44	72	57	61	42	64	43
64	170	1	2	119	0	1953125	12	0.0	2053	1.37	0	0	V0.2	0	0	26	43	6	46	9	58	3	55	17	40	27	49	34	38	43	50	30	46	50	39	53	54	101	39	111	71	96	62	133	87	31	65	154	317	207	408	391	235	80	189	236	335	265	178	835	1000	525	670	603	375	788	347	689	981	760	138	562	613	183	362	88	267	363	242	207	251	150	157	118	166	115	74	121	86	107	55	103	54	68	59	65	54	52	65	45
64	170	1	2	119	0	1953125	12	0.0	2051	1.37	0	0	V0.2	0	0	13	39	18	41	22	41	18	45	20	33	13	49	9	41	21	50	18	43	46	22	54	37	91	16	120	60	85	43	122	103	10	81	147	280	223	387	411	179	45	173	240	357	224	203	774	1000	464	682	530	293	805	303	696	904	733	106	546	536	123	349	43	296	305	269	175	250	151	137	143	128	128	46	129	79	94	62	92	70	50	72	51	53	37	64	42
64	170	1	2	119	0	1953125	12	0.0	2053	1.37	0	0	V0.2	0	0	37	23	38	41	27	34	41	53	19	23	51	38	37	27	60	36	37	56	53	31	42	80	95	58	112	83	72	90	144	91	18	68	178	325	186	431	397	209	99	194	255	352	243	202	842	1000	519	688	567	354	828	379	734	943	738	105	571	586	140	385	54	326	339	269	177	273	174	129	147	147	147	42	132	105	93	62	94	93	34	72	61	63	33	71	63
64	170	1	2	119	0	1953125	12	0.0	2051	1.37	0	0	V0.2	0	0	30	10	35	20	58	15	48	14	43	18	44	32	30	43	52	30	31	48	51	33	46	96	39	77	81	142	17	116	84	108	55	82	229	258	267	337	507	183	88	111	193	421	258	265	825	1000	537	752	569	337	778	347	786	990	689	180	561	685	147	283	112	288	417	200	265	214	206	128	161	191	83	109	81	141	76	89	102	68	61	58	92	41	56	59	63
64	170	1	2	119	0	1953125	12	0.0	2053	1.37	0	0	V0.2	0	0	12	37	30	37	30	57	58	25	17	57	48	31	18	80	51	25	41	75	49	17	80	110	29	73	109	141	39	140	102	97	32	107	254	257	256	367	498	176	114	133	183	390	248	283	849	953	594	717	576	349	736	424	714	1000	696	212	506	658	178	337	110	251	431	226	228	255	183	153	100	201	142	62	102	116	130	31	106	90	56	40	79	89	25	54	66
64	170	1	2	119	0	1953125	12	0.0	2051	1.37	0	0	V0.2	0	0	11	17	36	55	29	53	22	46	26	54	35	30	46	63	29	16	51	75	41	25	83	65	69	41	160	68	70	84	142	117	30	129	203	255	223	419	469	103	45	133	247	404	172	306	778	1000	506	765	471	252	788	342	775	916	688	176	553	638	99	290	105	303	427	214	230	215	238	124	142	189	109	104	54	158	108	58	83	89	74	26	91	74	42	40	74
64	170	1	2	119	0	1953125	12	0.0	2053	1.37	0	0	V0.2	0	0	29	40	15	43	22	54	18	52	23	34	34	40	43	27	51	42	36	41	49	42	40	67	91	57	95	91	79	88	125	74	40	49	176	317	192	398	395	232	111	183	200	350	278	205	846	943	543	678	598	375	741	402	713	1000	632	195	523	579	137	304	135	261	379	212	249	225	141	149	122	175	91	94	107	99	95	68	103	47	68	51	70	43	57	58	48
64	170	1	2	119	0	1953125	12	0.0	2051	1.37	0	0	V0.2	0	0	34	12	32	7	54	21	44	16	43	4	43	17	41	22	55	18	38	38	47	40	25	92	38	82	51	137	12	118	80	79	57	59	224	270	248	333	465	184	123	127	160	413	272	271	823	930	509	750	560	351	751	403	783	1000	578	170	532	611	127	247	135	290	401	191	266	193	184	120	161	177	70	107	82	133	66	91	93	62	58	56	81	34	63	55	55
64	170	1	2	119	0	1953125	12	0.0	2051	1.37	0	0	V0.2	0	0	38	12	38	5	59	22	51	22	47	7	52	26	52	21	59	20	40	42	53	45	24	93	45	82	47	135	20	116	83	74	56	54	223	274	236	335	450	189	127	129	161	409	273	263	818	906	495	724	547	381	739	383	777	1000	555	162	526	599	160	263	117	275	394	173	259	197	172	116	148	180	69	101	81	127	70	86	95	56	61	56	81	35	63	59	57
64	170	1	2	119	0	1953125	12	0.0	2051	1.37	0	0	V0.2	0	0	31	9	36	6	60	17	45	8	48	3	44	24	45	26	53	22	36	36	46	38	30	91	35	82	58	139	5	114	75	94	63	68	231	263	253	329	493	184	106	104	177	443	267	281	827	970	491	747	534	365	788	352	803	1000	601	167	538	604	148	254	111	296	383	207	272	199	192	109	177	173	75	112	85	140	56	102	85	62	52	66	83	33	66	55	56
64	170	1	2	119	0	1953125	12	0.0	2073	1.38	0	0	V0.2	0	0	31	33	17	27	37	46	27	32	34	24	37	20	43	3	54	27	31	27	48	44	16	84	63	68	41	116	39	96	81	75	71	33	218	295	213	339	427	211	117	116	185	415	277	272	836	900	516	665	543	386	717	408	771	1000	542	201	492	597	152	235	132	270	386	193	282	208	160	126	147	174	55	96	76	108	55	80	86	41	56	51	69	23	60	45	40
64	170	1	2	119	0	1953125	12	0.0	2051	1.37	0	0	V0.2	0	0	33	1	33	8	55	14	52	9	39	12	48	20	32	38	56	16	29	44	46	27	39	96	30	75	63	136	8	123	81	85	56	71	235	259	234	337	471	174	128	123	165	419	252	292	820	903	508	713	543	361	717	393	771	1000	550	197	501	594	151	241	126	279	400	186	278	216	169	128	149	195	76	98	91	127	79	78	106	55	54	51	86	40	54	63	56
64	170	1	2	119	0	1953125	12	0.0	2073	1.38	0	0	V0.2	0	0	26	13	39	15	57	15	39	5	50	3	29	30	44	24	40	34	36	29	52	47	30	76	48	72	73	119	24	71	60	114	78	72	217	251	273	323	489	133	48	92	207	471	222	318	793	1000	465	766	482	288	796	330	849	955	595	182	580	566	59	223	72	351	332	274	252	221	188	99	198	125	99	75	101	116	51	95	55	65	32	76	49	45	50	50	38
64	170	1	2	119	0	1953125	12	0.0	2051	1.37	0	0	V0.2	0	0	22	31	19	47	45	30	29	42	35	31	25	50	13	55	30	43	12	53	54	18	62	67	70	37	129	110	62	79	108	126	47	114	214	252	251	377	506	107	64	136	231	470	180	320	802	1000	449	793	476	312	830	325	894	954	563	164	593	576	99	254	59	372	350	256	250	228	204	88	203	154	101	93	108	149	44	106	79	88	36	77	80	37	55	58	63
64	170	2	2	119	0	1953125	12	0.0	2073	1.38	0	0	V0.2	0	0	26	17	29	20	48	30	34	13	43	12	35	17	42	10	49	19	34	26	48	46	16	84	39	75	42	127	10	87	56	97	84	54	227	260	248	302	469	177	87	90	190	468	246	307	802	926	449	733	521	361	751	318	850	1000	521	176	577	629	152	207	76	330	371	205	275	207	186	90	191	159	70	89	80	124	32	97	69	58	38	72	65	30	59	47	42
64	170	2	2	119	0	1953125	12	0.0	2051	1.37	0	0	V0.2	0	0	31	38	18	43	15	45	23	52	12	29	40	44	29	23	51	41	27	47	51	24	38	69	95	48	110	78	71	95	141	92	22	71	183	323	160	424	407	223	105	210	253	389	244	225	858	949	498	674	567	395	791	351	752	1000	592	241	569	538	163	322	105	311	323	238	241	281	133	146	147	167	122	58	148	91	97	58	116	71	52	73	67	53	42	73	50
64	170	2	2	119	0	1953125	12	0.0	2073	1.38	0	0	V0.2	0	0	18	27	39	27	49	12	35	27	46	18	18	45	30	35	23	48	25	38	55	37	46	51	82	47	105	89	59	38	91	127	53	94	192	277	246	365	457	147	10	138	261	461	204	298	801	1000	451	738	478	309	823	296	849	967	597	217	607	559	94	277	61	356	294	285	223	268	160	123	177	122	117	42	130	83	81	68	79	61	49	75	42	51	44	60	31
64	170	2	2	119	0	1953125	12	0.0	2051	1.37	0	0	V0.2	0	0	20	38	15	52	30	39	14	51	26	34	19	52	2	48	26	48	11	55	53	14	60	50	91	8	139	79	76	57	129	124	28	112	191	280	222	411	468	133	39	182	266	446	179	308	819	1000	441	782	486	315	838	314	893	975	574	195	627	563	88	286	58	391	320	272	220	267	191	104	201	138	126	57	137	128	67	95	88	93	29	88	68	50	46	68	61
64	170	2	2	119	0	1953125	12	0.0	2051	1.37	0	0	V0.2	0	0	26	28	34	39	64	17	47	35	55	23	39	56	36	49	41	48	28	50	60	39	53	77	61	65	109	128	61	98	92	120	49	112	225	243	264	357	524	116	94	156	219	473	180	328	816	1000	420	838	518	312	838	289	912	988	537	161	606	583	84	242	35	365	331	261	242	223	190	86	205	136	106	80	111	134	51	104	71	84	35	83	67	45	56	58	56
64	170	2	2	119	0	1953125	12	0.0	2051	1.37	0	0	V0.2	0	0	30	12	36	17	59	10	46	10	49	9	41	31	37	36	46	28	27	39	50	34	42	87	37	72	82	141	28	112	80	107	60	94	233	243	253	327	522	150	114	128	184	467	212	319	804	961	455	812	538	323	764	299	879	1000	502	190	587	606	118	204	63	342	361	232	279	210	191	90	207	162	82	97	96	141	37	109	79	74	41	77	76	35	63	58	58
64	170	1	2	119	0	1953125	12	0.0	2051	1.37	0	0	V0.2	0	0	36	11	41	13	70	11	57	15	58	9	50	37	49	38	58	29	39	47	58	43	39	96	34	87	71	151	19	130	81	100	56	94	246	254	245	338	533	176	135	129	178	466	219	320	825	960	509	807	575	360	769	311	858	999	488	235	590	651	146	217	71	308	367	224	303	213	190	96	194	175	72	108	90	147	49	109	83	65	50	71	83	29	67	56	60
64	170	2	2	119	0	1953125	12	0.0	2051	1.37	0	0	V0.2	0	0	32	13	37	18	64	7	48	13	52	12	44	36	39	41	53	33	32	46	57	38	45	91	42	77	89	150	27	118	91	123	61	103	242	253	261	343	549	171	104	127	217	482	202	325	829	997	490	842	564	354	781	281	909	999	502	243	683	686	147	215	68	365	367	248	307	241	210	101	224	175	93	108	113	155	45	118	85	79	49	87	85	40	71	63	62
64	170	2	2	119	0	1953125	12	0.0	2053	1.37	0	0	V0.2	0	0	35	10	36	8	61	12	49	13	51	6	47	30	44	32	58	26	36	43	53	42	36	93	34	82	63	144	14	122	81	93	50	84	231	247	233	315	479	177	130	150	173	426	211	293	769	873	461	772	573	317	668	285	840	1000	463	202	576	626	132	201	74	313	371	183	280	205	177	96	185	176	66	102	87	136	50	100	84	58	52	70	83	28	63	56	56
64	170	2	2	119	0	1953125	12	0.0	2053	1.37	0	0	V0.2	0	0	40	19	35	17	53	32	47	29	41	9	55	22	46	21	66	21	40	43	50	40	24	97	57	86	65	141	41	127	107	72	45	67	233	303	205	358	442	218	147	213	198	425	280	246	814	859	540	775	648	408	737	384	740	1000	436	305	607	682	180	235	109	267	384	169	298	238	161	138	152	196	72	103	104	120	83	84	113	49	61	58	87	40	62	66	53
64	170	2	2	119	0	1953125	12	0.0	2051	1.37	0	0	V0.2	0	0	28	5	34	11	58	15	48	7	48	9	43	29	40	36	48	24	31	45	53	37	40	92	33	78	75	152	19	116	73	97	49	99	247	262	258	314	508	159	144	157	197	499	252	296	781	915	486	848	581	377	800	313	857	1000	412	271	651	707	159	212	53	324	380	211	291	218	196	92	199	172	70	98	95	146	45	108	83	71	47	74	81	30	63	57	57
64	170	2	2	119	0	1953125	12	0.0	2051	1.37	0	0	V0.2	0	0	27	23	37	29	60	9	43	22	50	18	34	45	34	44	41	41	28	46	56	34	50	78	55	64	110	144	47	97	93	128	50	112	236	266	280	340	530	139	107	171	251	527	234	309	800	990	442	907	597	338	874	303	900	1000	475	270	729	720	117	220	49	387	360	247	270	258	215	103	226	163	111	84	126	150	58	114	81	85	35	89	74	47	62	65	60
64	170	1	2	119	0	1953125	12	0.0	2073	1.38	0	0	V0.2	0	0	27	16	31	17	51	30	35	13	44	12	37	17	47	15	49	21	33	29	49	45	17	86	38	74	44	132	7	92	57	97	74	62	233	258	249	292	466	174	102	113	186	464	234	320	771	881	446	751	548	309	706	339	854	1000	443	195	562	639	97	153	89	324	363	198	279	203	184	94	194	157	70	87	80	120	35	103	67	56	39	72	62	33	60	47	40
64	170	1	2	119	0	1953125	12	0.0	2051	1.37	0	0	V0.2	0	0	22	23	21	42	48	28	37	36	36	33	35	47	15	56	38	39	15	58	57	20	63	78	60	43	124	129	55	95	108	128	43	119	229	240	249	349	519	130	97	153	228	465	163	327	780	951	440	817	530	292	741	269	902	1000	497	209	635	642	111	194	73	372	371	224	278	234	207	91	218	179	94	92	109	156	45	107	87	79	38	83	91	35	61	63	68
64	170	1	2	119	0	1953125	12	0.0	2073	1.38	0	0	V0.2	0	0	30	19	32	15	52	31	37	11	47	12	38	20	47	15	53	23	35	32	53	48	20	90	42	78	46	135	7	100	69	103	75	65	234	258	243	306	485	192	96	125	189	455	225	310	791	907	476	758	565	305	672	277	821	1000	489	259	601	618	104	153	98	319	363	221	305	213	181	100	205	165	70	95	86	122	33	107	72	56	40	73	63	32	61	48	39
64	170	1	2	119	0	1953125	12	0.0	2051	1.37	0	0	V0.2	0	0	25	20	25	36	53	26	39	29	38	29	36	42	18	54	38	34	14	53	55	21	60	80	52	49	115	133	49	103	102	120	48	110	231	236	247	339	525	140	112	151	192	467	202	312	777	947	467	825	537	273	722	252	833	1000	516	273	617	589	127	199	49	332	361	223	293	220	191	82	210	176	79	93	99	150	39	108	89	71	34	77	89	28	58	62	61
64	170	1	2	119	0	1953125	12	0.0	2078	1.38	0	0	V0.2	0	0	30	13	37	14	60	25	40	3	52	10	39	27	48	22	48	25	36	32	53	46	25	88	38	75	62	137	11	94	62	113	80	74	237	249	253	304	509	161	106	119	190	487	214	323	786	933	449	802	539	291	719	293	876	999	471	261	596	577	113	160	87	349	343	251	298	208	175	92	217	148	80	84	96	123	30	104	57	57	35	79	55	36	58	49	36
64	170	1	2	119	0	1953125	12	0.0	2051	1.37	0	0	V0.2	0	0	33	9	35	17	56	19	56	13	40	24	50	27	25	51	55	19	23	52	53	25	51	100	28	64	83	145	21	128	86	100	50	98	242	238	223	320	493	162	151	148	175	435	200	307	772	854	465	767	569	321	645	320	821	1000	421	270	573	602	147	190	131	324	389	173	312	220	167	106	190	211	64	102	98	142	64	96	111	55	48	64	94	33	57	66	60
64	170	1	2	119	0	1953125	12	0.0	2073	1.38	0	0	V0.2	0	0	19	20	43	23	55	2	39	20	51	10	25	42	38	32	29	44	28	38	57	41	41	65	71	57	100	112	46	55	91	137	61	96	209	261	256	343	495	142	40	163	261	472	167	306	783	986	430	822	538	257	732	254	899	1000	539	282	712	587	46	185	141	410	311	289	264	271	171	131	223	136	119	56	140	99	72	88	74	62	48	89	45	53	49	63	33
64	170	1	2	119	0	1953125	12	0.0	2053	1.37	0	0	V0.2	0	0	29	41	13	60	6	48	6	63	10	40	35	55	22	46	42	49	27	61	57	20	60	56	98	24	144	68	87	78	155	117	8	107	180	292	180	427	444	186	59	255	261	403	161	257	807	958	459	784	562	284	741	263	827	1000	559	312	678	530	69	263	148	385	301	262	241	288	155	132	199	154	131	41	155	109	79	78	102	85	36	90	64	53	43	80	57
64	170	1	2	119	0	1953125	12	0.0	2051	1.37	0	0	V0.2	0	0	23	16	33	26	56	12	42	23	48	16	35	42	34	45	39	38	25	48	57	35	52	77	53	66	100	134	50	103	93	119	45	112	228	233	250	329	521	148	103	160	205	468	168	321	770	945	438	809	540	266	720	229	878	999	517	281	628	581	102	177	76	370	334	259	279	228	186	95	222	155	105	87	122	140	50	110	76	79	39	88	71	45	62	64	58
64	170	1	2	119	0	1953125	12	0.0	2051	1.37	0	0	V0.2	0	0	24	27	34	33	55	16	38	30	47	22	30	49	28	47	35	45	23	48	57	31	55	71	68	55	115	125	61	89	108	133	44	115	217	245	253	350	517	150	77	168	244	473	153	320	776	969	432	813	532	262	734	239	912	999	533	281	679	595	85	190	107	407	331	276	270	261	193	112	229	154	125	76	140	133	71	112	87	85	39	95	67	55	58	69	56
64	170	1	2	119	0	1953125	12	0.0	2053	1.37	0	0	V0.2	0	0	22	33	24	48	50	30	31	47	47	32	27	60	25	53	33	55	23	56	63	33	62	63	81	48	128	115	79	86	118	134	30	122	209	254	247	366	505	150	68	193	251	460	150	304	777	977	424	812	534	254	747	229	888	1000	551	265	681	564	66	214	109	398	316	273	245	260	180	119	218	144	127	65	143	122	72	100	85	84	40	92	62	55	53	70	53
64	170	1	2	119	0	1953125	12	0.0	2051	1.37	0	0	V0.2	0	0	20	34	28	41	49	26	32	41	41	30	26	53	21	48	29	49	18	50	57	27	59	60	77	41	126	110	74	81	120	131	34	115	203	251	241	362	501	150	66	193	236	461	157	298	770	972	425	807	526	246	740	223	874	1000	554	291	671	540	74	217	108	395	310	275	249	261	175	116	215	142	127	61	146	120	70	97	85	82	38	92	60	53	53	72	54
64	170	1	2	119	0	1953125	12	0.0	2053	1.37	0	0	V0.2	0	0	22	34	23	50	50	32	32	51	44	33	27	64	23	58	31	57	22	57	63	31	62	63	87	44	132	113	83	80	126	139	31	124	212	264	244	377	513	154	57	195	263	470	150	306	798	995	426	813	539	258	768	246	894	1000	567	279	680	550	68	222	116	405	312	298	255	271	174	126	219	145	133	64	148	121	83	101	87	81	46	95	62	56	55	71	52
64	170	1	2	119	0	1953125	12	0.0	2051	1.37	0	0	V0.2	0	0	24	25	33	33	56	15	42	30	48	23	33	48	27	48	39	45	24	49	58	34	54	73	65	59	110	130	58	98	109	131	42	116	219	241	255	339	525	163	85	171	228	459	162	300	761	977	448	811	560	219	694	210	848	1000	572	285	693	590	72	178	97	392	335	272	272	253	196	114	229	156	122	85	135	136	62	112	83	85	41	92	70	50	60	68	57
64	170	1	2	119	0	1953125	12	0.0	2078	1.38	0	0	V0.2	0	0	21	25	41	23	54	5	39	25	51	13	26	47	36	37	33	48	28	40	59	42	44	64	74	59	101	112	55	63	97	133	53	96	203	258	257	349	504	166	55	177	240	459	170	293	771	1000	470	813	560	196	691	210	825	992	613	338	701	549	32	180	117	381	298	301	270	268	162	132	215	133	119	56	138	93	74	87	73	60	51	87	43	51	49	64	33
64	170	2	2	119	0	1953125	12	0.0	2051	1.37	0	0	V0.2	0	0	23	23	20	42	49	30	35	36	36	32	35	47	14	59	39	40	13	57	58	21	64	75	61	44	123	128	55	98	111	126	42	117	221	231	244	342	520	143	109	163	201	457	161	309	757	946	471	811	544	226	674	245	840	1000	542	315	656	570	122	178	83	378	359	248	296	232	193	92	222	178	92	95	113	153	43	113	94	82	40	83	88	34	60	64	64
64	170	2	2	119	0	1953125	12	0.0	2078	1.38	0	0	V0.2	0	0	18	25	42	24	51	8	39	26	49	17	26	47	35	36	29	46	27	39	58	40	43	61	75	55	101	103	57	56	94	132	55	91	196	258	251	342	484	156	45	178	231	462	179	283	763	982	449	788	533	206	700	209	820	1000	600	329	681	524	46	200	115	384	297	289	254	262	153	127	204	130	118	49	135	89	74	82	77	61	50	84	42	49	46	63	31
64	170	2	2	119	0	1953125	12	0.0	2051	1.37	0	0	V0.2	0	0	17	23	5	54	36	45	31	45	21	49	37	46	7	68	34	33	20	69	55	5	77	75	61	22	143	118	62	96	121	126	41	128	222	226	225	350	517	125	113	167	202	458	154	305	744	933	462	795	545	221	669	244	807	1000	554	281	612	591	125	190	56	352	381	218	298	227	197	85	205	201	82	96	98	160	58	97	100	78	43	69	100	39	49	64	73
64	170	2	2	119	0	1953125	12	0.0	2078	1.38	0	0	V0.2	0	0	8	37	32	32	33	33	30	38	33	31	8	52	15	39	14	51	16	38	54	31	47	34	97	18	109	59	75	34	115	119	32	79	159	290	201	374	415	208	28	215	251	415	198	223	776	946	455	704	576	272	674	222	743	1000	591	337	655	519	74	241	156	338	302	265	265	279	116	155	164	156	104	71	137	60	87	60	98	39	67	67	50	44	51	61	28
64	170	2	2	119	0	1953125	12	0.0	2051	1.37	0	0	V0.2	0	0	20	28	11	52	41	34	24	46	31	35	27	53	3	59	34	44	10	61	58	16	65	64	76	29	135	112	64	81	127	129	37	119	203	237	225	359	515	144	86	197	220	464	159	273	745	970	433	818	560	208	711	171	802	1000	587	268	671	575	101	215	57	366	332	258	267	244	188	85	218	161	106	75	121	146	40	103	85	86	29	85	82	39	53	63	64
64	170	2	2	119	0	1953125	12	0.0	2078	1.38	0	0	V0.2	0	0	20	17	39	20	58	4	39	16	52	6	28	39	42	29	35	37	31	34	56	42	35	70	58	66	84	120	35	68	78	122	69	81	204	241	249	306	499	155	67	166	197	479	203	258	733	971	431	797	561	197	690	164	768	1000	599	292	665	544	84	200	65	344	297	274	262	238	161	102	206	125	101	55	118	103	54	90	61	60	38	84	45	45	49	57	35
64	170	1	2	119	0	1953125	12	0.0	2076	1.38	0	0	V0.2	0	0	19	27	33	34	49	15	30	33	45	17	19	49	24	35	22	41	12	43	56	28	42	54	78	34	113	94	45	45	106	130	62	85	187	253	224	346	476	135	53	199	222	477	186	257	740	971	419	794	538	201	712	179	789	999	593	296	669	525	79	219	85	371	304	270	257	256	162	99	211	135	101	46	125	110	43	87	73	68	29	85	55	35	44	60	40
64	170	2	2	119	0	1953125	12	0.0	2128	1.38	0	0	V0.2	0	0	23	15	51	21	48	14	40	13	45	13	22	27	41	7	22	36	38	12	47	46	13	39	68	58	77	73	15	27	70	136	94	50	170	268	225	314	430	132	41	168	252	503	217	255	750	972	406	743	524	224	702	191	792	1000	605	309	674	531	30	193	138	366	281	281	259	266	130	125	195	112	85	38	118	57	56	57	58	26	59	72	18	39	44	48	6
64	170	2	2	119	0	1953125	12	0.0	2101	1.38	0	0	V0.2	0	0	30	22	13	53	61	18	18	45	53	22	28	56	38	42	35	47	22	56	70	37	48	63	79	35	127	94	22	52	103	153	81	96	203	256	196	355	472	111	53	164	258	502	171	281	734	949	413	774	532	196	683	200	793	1000	587	256	645	605	93	186	78	364	371	232	293	250	194	60	213	180	73	53	93	135	19	83	70	60	7	80	77	10	43	58	50
64	170	1	2	119	0	1953125	12	0.0	2078	1.38	0	0	V0.2	0	0	21	18	16	46	47	23	23	41	37	26	27	50	16	47	33	37	3	57	63	25	51	67	69	30	116	108	33	53	95	131	73	90	199	237	216	309	467	124	71	169	192	480	200	242	681	904	395	753	528	189	665	199	727	1000	571	258	614	541	137	219	48	331	349	202	257	217	178	52	192	166	76	61	87	136	27	81	69	64	17	70	76	18	42	54	55
