34928	35048	35167	35286	35405	35524	35644	35763	35882	36001	36120	36240	36359	36478	36597	36716	36836	36955	37074	37193	37313	37432	37551	37670	37789	37909	38028	38147	38266	38385	38505	38624	38743	38862	38981	39101	39220	39339	39458	39577	39697	39816	39935	40054	40174	40293	40412	40531	40650	40770	40889	41008	41127	41246	41366	41485	41604	41723	41842	41962	42081	42200	42319	42439	42558	42677	42796	42915	43035	43154	43273	43392	43511	43631	43750	43869	43988	44107	44227	44346	44465	44584	44703	44823	44942
64	170	1	2	119	0	1953125	12	0.0	1265	1.24	0	0	V0.2	0	0	83	104	69	122	65	127	76	128	89	130	109	134	121	145	134	155	149	172	175	179	204	180	230	171	256	185	283	235	320	313	326	366	307	367	287	328	289	352	376	431	546	587	759	772	887	878	803	831	682	693	624	796	784	976	923	999	993	992	882	658	616	444	499	381	390	365	365	414	354	415	344	372	316	311	295	254	269	224	241	198	214	190	190	182	182
64	170	1	2	119	0	1953125	12	0.0	1262	1.24	0	0	V0.2	0	0	107	86	130	80	139	83	143	97	145	115	149	124	158	137	171	146	182	174	185	204	187	239	180	257	189	273	224	296	296	316	355	314	367	310	333	313	290	359	335	461	440	617	642	751	830	790	820	705	766	600	754	736	888	917	955	970	952	1000	783	704	502	477	421	363	377	301	387	331	381	353	345	347	281	320	245	276	219	238	211	193	198	173	181	154	168
64	170	1	2	119	0	1953125	12	0.0	1290	1.24	0	0	V0.2	0	0	94	67	111	68	118	70	122	80	119	89	129	101	135	114	147	126	156	152	169	187	175	226	176	253	181	274	215	305	289	339	363	347	411	343	412	343	388	381	421	487	514	671	681	827	845	872	833	765	786	641	774	739	912	879	973	938	1000	996	857	771	559	579	454	479	405	400	427	393	440	369	411	336	341	310	281	273	229	255	207	226	193	204	183	185	177
64	170	1	2	119	0	1953125	12	0.0	1287	1.24	0	0	V0.2	0	0	102	81	125	72	133	75	137	87	135	103	138	115	147	129	159	139	171	164	179	200	184	235	180	262	188	278	222	304	297	334	371	340	407	347	396	355	350	395	373	486	471	647	658	776	848	824	840	723	771	582	725	700	834	832	877	930	930	1000	803	741	558	525	468	399	413	325	405	348	392	362	346	348	276	317	238	262	206	229	203	188	191	166	179	152	166
64	170	1	2	119	0	1953125	12	0.0	1285	1.24	0	0	V0.2	0	0	94	68	109	71	115	77	117	84	116	90	125	97	137	106	147	119	156	145	160	184	167	222	171	247	186	256	224	280	301	313	369	337	395	363	384	386	347	421	369	505	481	654	686	780	875	817	847	724	744	567	692	687	789	826	861	938	925	1000	807	737	582	516	482	393	422	329	406	362	390	371	340	356	279	315	237	263	214	228	207	189	197	172	186	158	171
64	170	1	2	119	0	1953125	12	0.0	1287	1.24	0	0	V0.2	0	0	101	84	126	73	136	76	139	87	137	107	141	121	144	134	157	145	172	166	183	200	191	238	187	267	191	285	219	315	296	349	376	355	422	354	420	361	377	391	382	472	464	644	660	808	861	850	854	753	780	580	742	697	845	825	917	960	965	1000	799	739	537	513	420	385	382	311	389	334	395	351	357	343	285	314	236	270	206	238	201	195	192	173	183	156	168
64	170	1	2	119	0	1953125	12	0.0	1285	1.24	0	0	V0.2	0	0	98	74	120	68	126	74	129	83	127	95	133	107	144	117	154	129	165	155	171	193	176	232	176	255	184	265	221	286	296	317	368	336	398	357	388	379	343	413	354	485	455	637	668	776	876	811	842	719	718	516	633	633	751	777	845	939	929	1000	808	747	580	524	469	382	412	314	395	347	377	364	331	353	273	318	239	267	213	220	208	189	198	168	185	158	171
64	170	1	2	119	0	1953125	12	0.0	1287	1.24	0	0	V0.2	0	0	108	79	131	78	135	81	136	93	136	101	145	113	158	124	170	137	180	167	185	211	190	251	188	273	201	282	243	302	325	336	401	363	428	396	406	414	337	434	353	521	486	679	717	814	937	856	917	798	825	623	742	745	797	808	808	923	894	1000	799	742	594	513	491	382	437	331	419	377	394	396	339	376	280	333	249	268	225	227	224	188	206	170	189	160	173
64	170	1	2	119	0	1953125	12	0.0	1285	1.24	0	0	V0.2	0	0	97	70	110	80	110	86	112	92	116	95	129	97	144	103	155	118	162	150	165	195	175	232	183	252	208	256	250	274	326	315	389	356	403	399	382	429	333	463	372	539	502	660	721	774	911	818	882	766	776	607	709	760	825	873	830	941	899	1000	821	739	627	524	540	411	468	361	433	407	396	413	341	385	283	328	258	271	239	226	228	191	214	178	198	170	184
64	170	1	2	119	0	1953125	12	0.0	1287	1.24	0	0	V0.2	0	0	107	93	138	80	151	79	153	93	150	117	148	134	155	152	168	165	189	186	200	217	214	261	210	293	210	321	240	360	317	396	407	389	456	359	454	352	421	417	471	540	557	744	736	901	930	954	934	830	877	664	837	774	953	873	941	910	944	1000	831	782	561	618	491	490	450	397	469	401	467	391	405	370	320	344	259	297	220	258	209	210	202	188	193	168	184
64	170	1	2	119	0	1953125	12	0.0	1290	1.24	0	0	V0.2	0	0	93	71	117	64	126	67	130	77	125	92	132	107	139	117	150	132	165	156	173	195	183	233	177	264	188	286	225	318	304	348	381	355	418	352	416	365	391	439	443	543	523	693	681	794	850	847	863	757	851	678	835	805	981	949	980	973	950	1000	807	747	567	597	518	478	468	401	473	408	452	399	388	374	311	340	257	289	229	254	218	212	210	192	199	175	190
64	170	1	2	119	0	1953125	12	0.0	1267	1.24	0	0	V0.2	0	0	93	94	120	80	135	80	140	91	141	113	138	128	146	144	157	156	177	173	184	199	189	232	181	262	186	289	219	318	290	338	360	315	368	285	345	295	325	393	403	505	468	647	646	734	822	800	842	709	813	657	823	823	997	1000	988	981	931	974	753	672	517	520	482	401	432	344	435	387	416	403	359	384	297	345	266	291	243	246	237	204	220	187	206	176	187
64	170	1	2	119	0	1953125	12	0.0	1265	1.24	0	0	V0.2	0	0	93	79	98	94	95	105	99	107	108	109	124	106	141	114	154	129	162	159	166	187	176	200	190	204	222	211	266	235	315	278	336	316	298	331	255	337	241	409	344	468	478	559	661	632	777	718	731	697	711	709	747	879	893	1000	877	932	882	922	763	572	550	437	501	359	405	351	384	410	357	411	324	365	292	307	275	249	254	210	232	189	212	182	187	175	177
64	170	1	2	119	0	1953125	12	0.0	1267	1.24	0	0	V0.2	0	0	84	98	71	117	64	127	74	126	90	126	106	129	123	139	132	150	146	164	165	169	194	164	222	163	249	174	276	228	295	302	297	338	267	315	259	287	283	349	405	394	519	516	652	647	719	782	661	738	627	735	661	875	878	999	936	907	950	862	820	549	550	458	454	406	336	391	334	413	351	380	356	313	331	262	298	225	250	216	215	203	185	195	167	178	162
64	170	1	2	119	0	1953125	12	0.0	1265	1.24	0	0	V0.2	0	0	93	71	115	64	123	69	127	81	128	96	132	107	142	118	152	131	165	156	169	186	166	214	158	239	171	262	212	285	278	302	339	295	342	276	306	279	286	368	374	478	449	607	598	669	756	733	774	661	777	643	785	773	956	975	1000	988	961	989	764	663	497	524	466	407	409	343	424	369	414	375	366	361	297	327	251	282	224	245	215	206	208	182	194	169	183
64	170	1	2	119	0	1953125	12	0.0	1267	1.24	0	0	V0.2	0	0	92	85	118	76	132	77	137	89	136	112	136	126	141	142	152	149	168	166	178	188	184	216	174	240	177	272	208	310	270	332	334	305	348	255	335	248	314	322	397	441	454	599	596	726	758	783	765	671	750	635	767	761	972	935	1000	932	981	967	788	685	495	567	441	433	371	347	401	354	414	347	381	332	311	312	255	275	214	243	200	208	192	184	181	166	172
64	170	1	2	119	0	1953125	12	0.0	1265	1.24	0	0	V0.2	0	0	89	77	112	66	122	68	127	80	126	100	130	115	133	128	146	139	161	158	171	182	173	210	164	234	171	265	202	297	265	319	329	301	350	268	332	256	313	337	395	443	458	615	605	710	751	789	782	688	765	660	807	788	962	927	1000	935	972	971	798	687	504	571	456	446	390	365	418	371	424	360	390	345	319	320	265	283	222	251	207	217	200	193	192	175	182
64	170	1	2	119	0	1953125	12	0.0	1265	1.24	0	0	V0.2	0	0	92	97	117	90	129	91	135	100	134	119	134	136	136	149	148	159	167	171	181	186	190	207	189	232	193	266	213	303	257	328	316	307	340	258	337	232	326	313	415	420	464	584	568	669	675	749	712	686	737	683	794	811	977	919	1000	916	971	908	763	627	459	526	398	426	343	358	376	353	398	331	373	309	311	287	256	260	208	232	189	204	177	181	168	160	159
64	170	1	2	119	0	1953125	12	0.0	1265	1.24	0	0	V0.2	0	0	83	101	72	118	67	124	77	125	90	125	109	128	120	138	132	149	144	164	165	170	190	168	213	164	240	179	270	224	295	288	296	323	266	317	251	304	267	355	371	406	491	506	631	602	711	734	681	705	672	759	724	904	881	999	891	902	868	845	751	519	525	421	474	359	365	349	347	395	335	387	316	338	291	282	271	232	244	201	221	183	199	177	176	168	164
64	170	1	2	119	0	1953125	12	0.0	1267	1.24	0	0	V0.2	0	0	92	75	113	69	126	74	128	85	128	101	132	113	139	124	147	136	162	156	167	180	166	209	161	232	171	258	207	280	262	292	318	278	324	258	304	268	294	356	367	441	415	552	537	605	673	679	707	616	746	677	837	848	1000	966	955	888	855	860	655	560	412	469	408	369	360	314	382	332	379	336	339	322	275	296	234	262	208	229	197	192	189	171	177	153	164
64	170	1	2	119	0	1953125	12	0.0	1265	1.24	0	0	V0.2	0	0	86	76	108	67	118	71	124	81	121	100	126	111	131	124	141	134	154	152	162	174	164	198	159	223	168	250	197	274	253	289	304	270	313	243	298	248	296	339	373	430	419	545	527	602	646	666	679	614	723	670	827	844	1000	944	951	870	855	839	656	564	412	473	394	375	350	321	374	331	377	328	343	313	279	289	233	254	204	229	194	194	184	173	174	155	162
64	170	1	2	119	0	1953125	12	0.0	1267	1.24	0	0	V0.2	0	0	86	90	106	84	119	85	125	93	124	113	123	127	126	142	135	148	153	159	165	171	177	192	175	213	183	249	203	286	244	310	293	284	309	230	305	213	317	301	403	399	445	540	529	628	631	706	657	622	687	695	812	847	1000	946	959	831	867	811	679	552	405	479	374	392	313	333	350	330	370	310	350	283	291	263	239	237	199	222	180	195	168	173	158	153	152
64	170	1	2	119	0	1953125	12	0.0	1265	1.24	0	0	V0.2	0	0	77	78	98	72	108	73	114	83	114	101	113	114	114	128	127	137	143	150	157	162	165	182	167	206	174	238	195	273	235	294	284	275	301	227	301	219	316	306	399	400	435	528	515	604	607	688	653	638	708	716	824	862	999	936	952	812	831	759	624	506	373	457	364	388	318	341	356	337	372	313	351	287	294	267	244	241	205	225	183	197	172	178	164	160	159
64	170	1	2	119	0	1953125	12	0.0	1267	1.24	0	0	V0.2	0	0	79	99	89	101	99	103	107	108	108	120	110	132	113	148	122	154	143	162	164	161	186	171	199	187	212	222	225	267	241	305	266	290	273	236	286	220	322	292	427	373	473	497	526	584	565	676	580	638	646	767	804	921	999	978	955	801	830	701	619	428	354	398	335	358	270	342	311	345	339	308	334	259	291	228	248	208	210	205	176	184	156	172	143	152	139
64	170	1	2	119	0	1953125	12	0.0	1265	1.24	0	0	V0.2	0	0	75	80	92	74	104	77	110	85	109	100	108	113	110	126	120	135	137	146	153	156	162	172	165	196	173	227	192	264	224	282	262	257	276	207	277	202	305	290	393	388	429	506	490	569	557	624	574	565	653	705	811	867	1000	940	928	780	782	692	556	436	314	394	309	338	274	311	322	311	343	287	324	258	270	238	223	220	190	205	169	185	161	168	152	148	143
64	170	1	2	119	0	1953125	12	0.0	1267	1.24	0	0	V0.2	0	0	73	89	84	89	96	91	102	96	103	109	102	122	106	136	114	141	133	148	152	151	171	160	179	178	191	216	206	257	225	287	253	269	263	216	274	198	305	275	408	370	452	491	498	562	538	626	530	580	620	742	786	896	1000	962	933	774	804	675	578	413	316	374	296	330	251	321	301	325	329	290	320	246	275	219	231	201	194	196	166	179	152	166	141	147	137
64	170	1	2	119	0	1953125	12	0.0	1265	1.24	0	0	V0.2	0	0	85	67	100	64	109	70	112	80	114	92	118	96	126	106	136	117	145	139	148	162	144	183	142	206	162	227	200	242	249	247	283	239	268	224	239	242	248	350	344	440	400	502	493	498	570	546	589	506	665	651	798	856	999	995	925	857	763	740	518	408	312	334	335	273	311	271	339	303	326	311	283	289	228	258	199	221	186	193	180	163	173	147	156	135	144
64	170	1	2	119	0	1953125	12	0.0	1265	1.24	0	0	V0.2	0	0	74	94	84	96	92	99	100	103	102	115	103	126	106	140	114	145	135	153	154	152	175	158	189	176	203	212	216	257	232	292	255	280	260	217	260	198	301	279	420	368	461	476	500	554	535	650	544	588	587	702	725	871	992	999	973	812	835	684	573	382	302	359	297	327	251	330	295	327	321	294	318	241	274	213	232	193	197	191	165	174	148	164	136	145	133
64	170	1	2	119	0	1953125	12	0.0	1265	1.24	0	0	V0.2	0	0	67	85	80	85	89	86	98	92	98	104	97	117	98	130	108	138	129	146	150	147	166	155	175	173	189	207	206	256	225	289	254	275	264	214	269	194	294	259	403	360	453	483	508	576	564	662	548	577	598	715	737	872	1000	980	941	785	835	705	606	424	328	392	309	337	253	326	301	330	333	300	328	251	283	220	237	203	199	197	172	183	157	172	144	154	142
64	170	1	2	119	0	1953125	12	0.0	1265	1.24	0	0	V0.2	0	0	77	76	97	69	108	70	113	80	112	97	113	111	116	123	125	132	142	145	153	159	159	179	156	203	164	234	189	268	233	286	283	262	289	209	275	201	286	287	379	401	419	519	501	589	601	654	634	570	656	648	752	813	1000	953	959	823	849	765	587	473	327	414	324	336	291	310	337	308	353	300	329	273	267	253	218	228	190	212	171	183	164	163	154	145	148
64	170	1	2	119	0	1953125	12	0.0	1265	1.24	0	0	V0.2	0	0	79	78	100	70	110	74	117	82	115	100	115	111	118	124	129	136	145	148	156	162	161	181	158	205	166	237	192	272	236	287	283	265	292	211	273	202	280	287	379	398	420	525	515	598	615	674	648	573	666	649	753	806	1000	945	945	823	841	767	584	467	328	421	327	332	291	309	338	307	352	297	327	272	266	251	215	225	186	208	167	181	165	161	153	146	147
64	170	1	2	119	0	1953125	12	0.0	1270	1.24	0	0	V0.2	0	0	77	72	98	64	110	67	115	77	114	95	114	109	118	121	127	130	142	145	153	162	157	182	153	205	160	239	189	275	239	292	293	268	301	218	284	206	279	291	381	404	422	538	531	609	629	692	674	593	685	649	757	801	999	955	977	868	886	811	624	499	353	447	346	346	308	320	353	317	368	312	343	287	278	265	223	236	194	218	177	190	171	170	161	153	156
64	170	1	2	119	0	1953125	12	0.0	1270	1.24	0	0	V0.2	0	0	81	65	100	58	109	63	112	72	113	87	115	96	123	108	133	119	146	142	149	163	149	187	144	211	155	237	192	265	252	282	307	270	307	237	277	235	263	319	358	421	407	543	533	597	650	670	693	583	695	636	762	801	1000	957	963	882	870	831	612	516	374	445	375	338	331	307	364	317	370	324	333	303	265	273	214	238	190	215	181	185	178	165	167	152	156
64	170	1	2	119	0	1953125	12	0.0	1267	1.24	0	0	V0.2	0	0	79	83	98	77	109	80	116	88	115	104	114	117	118	129	124	137	143	147	154	158	163	175	161	197	170	230	190	268	229	285	274	260	280	199	263	186	272	266	376	380	419	507	497	569	572	639	594	541	614	624	716	788	1000	962	983	862	889	782	599	473	328	413	307	317	262	293	312	295	338	285	319	256	258	234	205	209	175	194	157	172	151	153	140	137	137
64	170	1	2	119	0	1953125	12	0.0	1270	1.24	0	0	V0.2	0	0	77	63	94	56	102	61	106	71	107	85	111	94	116	103	126	114	137	133	143	154	141	175	137	197	149	224	186	253	240	267	286	250	281	212	248	215	254	304	356	421	416	533	519	565	603	609	612	503	614	583	710	765	986	981	1000	929	906	843	616	507	364	415	350	309	301	290	344	305	351	309	316	284	252	256	202	221	181	201	170	177	170	159	157	144	150
64	170	1	2	119	0	1953125	12	0.0	1267	1.24	0	0	V0.2	0	0	73	94	73	99	80	102	89	106	96	114	99	125	103	135	110	143	130	149	151	147	168	148	178	164	192	202	208	250	227	285	253	266	253	202	244	176	268	247	387	355	442	487	508	560	542	629	551	537	565	614	656	762	940	951	1000	900	933	789	630	475	341	404	298	316	256	297	303	297	333	283	315	251	258	227	204	205	174	192	156	168	148	151	140	135	136
64	170	1	2	119	0	1953125	12	0.0	1245	1.23	0	0	V0.2	0	0	63	76	76	73	88	77	95	82	98	95	95	106	98	119	106	123	122	130	135	135	139	146	142	169	150	204	168	235	194	242	227	207	225	145	205	139	232	231	342	357	387	477	466	524	528	575	553	477	568	576	683	746	958	954	1000	899	893	768	557	427	280	352	271	264	238	252	293	267	320	274	302	262	246	243	197	214	173	197	165	173	163	156	153	138	145
64	170	1	2	119	0	1953125	12	0.0	1247	1.23	0	0	V0.2	0	0	76	63	96	57	105	63	111	73	111	88	113	95	119	106	127	115	138	132	137	147	133	168	126	192	144	222	177	236	220	234	253	204	231	160	192	169	215	269	325	402	386	506	496	539	586	586	607	490	607	576	708	752	971	977	1000	921	898	814	573	454	308	364	303	265	261	248	307	271	327	287	303	276	247	256	202	223	182	204	170	175	168	155	155	142	147
64	170	1	2	119	0	1953125	12	0.0	1245	1.23	0	0	V0.2	0	0	78	61	95	60	99	68	105	76	107	86	113	90	124	101	132	112	142	133	138	151	132	170	130	190	153	213	194	225	238	226	261	213	229	184	180	200	198	301	313	424	393	512	524	530	611	589	626	502	613	586	716	771	966	999	980	929	870	823	569	446	330	351	333	253	284	246	318	281	324	307	294	294	239	264	201	224	186	198	179	172	175	155	163	144	152
64	170	1	2	119	0	1953125	12	0.0	1247	1.23	0	0	V0.2	0	0	81	65	100	61	109	66	112	76	113	89	116	97	124	106	133	117	142	135	141	153	135	172	130	195	148	221	184	231	226	227	254	203	229	168	191	187	212	288	314	408	373	495	489	512	576	565	604	492	629	605	737	780	986	998	1000	925	869	796	539	419	288	333	295	242	262	237	304	266	317	287	288	278	236	258	196	222	180	198	174	169	168	150	155	137	144
64	170	1	2	119	0	1953125	12	0.0	1245	1.23	0	0	V0.2	0	0	73	65	73	79	75	88	77	90	86	92	97	90	111	97	119	109	126	127	127	137	133	143	146	150	177	166	213	181	235	207	233	218	186	202	143	218	166	297	293	377	386	428	502	454	544	545	533	499	543	613	658	803	894	1000	904	893	798	735	533	348	326	271	318	217	258	239	272	289	269	306	251	274	223	231	204	187	191	167	180	151	167	146	148	138	136
64	170	1	2	119	0	1953125	12	0.0	1245	1.23	0	0	V0.2	0	0	83	72	103	65	112	70	116	80	118	93	117	101	125	112	131	119	142	136	143	152	139	172	134	196	149	224	180	237	219	228	247	197	227	161	196	178	220	277	317	395	365	476	463	495	541	546	575	475	616	606	745	786	1000	998	994	897	844	754	503	387	252	312	266	237	242	232	291	255	309	272	282	259	228	241	188	212	170	192	162	165	159	144	147	130	136
64	170	1	2	119	0	1953125	12	0.0	1245	1.23	0	0	V0.2	0	0	76	59	91	56	98	64	101	71	104	83	108	88	116	98	126	107	134	127	133	145	127	163	125	184	143	208	181	220	222	218	248	200	223	175	190	196	208	290	306	400	364	473	470	488	549	541	577	473	610	599	734	779	980	1000	968	885	813	742	492	382	272	310	289	237	260	235	301	265	310	284	280	272	228	248	191	216	178	193	170	168	168	150	155	138	145
64	170	1	2	119	0	1953125	12	0.0	1242	1.23	0	0	V0.2	0	0	90	79	88	94	86	104	85	109	96	107	106	110	119	116	126	130	133	142	142	145	156	140	182	139	209	161	233	195	228	235	213	234	179	198	175	195	225	256	362	327	425	413	472	485	476	592	493	544	540	683	677	831	962	1000	975	839	842	650	503	300	217	284	215	253	189	260	253	265	292	250	287	223	239	209	194	193	163	185	150	163	146	146	137	124	128
64	170	1	2	119	0	1953125	12	0.0	1245	1.23	0	0	V0.2	0	0	71	62	74	71	75	82	78	84	85	87	96	84	109	91	117	103	124	122	123	133	125	142	138	152	167	165	205	176	226	195	225	207	182	196	145	219	167	300	285	371	366	408	467	421	512	505	512	465	541	605	662	794	899	1000	879	845	732	665	447	275	259	219	278	184	240	218	262	270	256	288	234	260	207	222	190	183	182	160	170	143	160	136	141	129	130
64	170	1	2	119	0	1953125	12	0.0	1242	1.23	0	0	V0.2	0	0	74	85	89	82	100	85	106	90	104	103	105	116	108	128	114	135	132	141	144	142	153	152	158	174	169	211	181	240	195	247	219	209	217	150	213	152	258	238	369	351	399	456	443	508	492	573	517	499	554	632	689	791	986	1000	999	838	842	666	495	315	213	291	211	248	186	255	244	261	284	247	282	213	241	196	196	178	170	178	148	163	138	150	127	133	123
64	170	1	2	119	0	1953125	12	0.0	1245	1.23	0	0	V0.2	0	0	65	73	79	70	89	72	96	79	97	93	95	105	96	118	104	125	123	132	136	134	145	143	150	165	163	203	179	235	196	248	221	218	224	164	224	163	263	245	377	352	410	456	456	512	493	581	516	515	546	634	675	790	970	1000	989	833	836	661	507	318	235	302	232	264	200	272	254	281	291	264	292	227	256	201	213	186	187	186	162	174	150	161	136	145	132
64	170	1	2	119	0	1953125	12	0.0	1265	1.24	0	0	V0.2	0	0	83	67	93	72	95	81	100	87	106	92	114	94	126	103	134	115	144	138	144	159	143	179	145	198	169	221	209	237	254	247	283	242	264	224	234	250	252	341	348	442	405	508	498	511	569	562	611	519	651	624	739	784	970	1000	957	864	783	710	467	360	250	304	284	254	275	264	318	277	319	282	280	261	226	236	184	209	173	193	163	168	158	146	145	133	138
64	170	1	2	119	0	1953125	12	0.0	1265	1.24	0	0	V0.2	0	0	69	68	87	61	95	65	101	73	101	89	101	100	103	115	113	123	130	136	143	148	150	163	154	188	166	223	192	260	227	279	269	258	279	213	277	215	302	294	403	405	440	509	489	549	541	616	590	565	635	661	738	802	1000	998	991	838	824	685	501	366	255	337	268	295	253	300	310	297	330	279	308	245	256	223	208	205	184	200	164	179	156	161	144	147	142
64	170	1	2	119	0	1953125	12	0.0	1267	1.24	0	0	V0.2	0	0	77	80	97	75	107	77	112	85	112	102	110	114	116	127	125	137	142	146	153	158	161	174	163	200	175	236	197	269	232	282	273	254	279	207	276	208	300	294	399	405	430	508	479	539	535	606	592	555	639	652	739	790	1000	994	996	852	841	701	498	365	250	333	260	281	246	284	302	280	324	270	299	242	245	223	197	205	173	194	153	169	148	150	138	135	133
64	170	1	2	119	0	1953125	12	0.0	1265	1.24	0	0	V0.2	0	0	74	65	92	56	100	61	105	69	106	87	106	98	112	110	121	120	136	135	144	154	147	173	146	200	160	231	191	262	235	274	282	254	288	219	280	225	294	309	384	420	423	518	488	545	557	605	614	556	664	654	756	796	1000	986	979	853	833	720	502	387	272	354	293	297	275	293	326	292	337	284	305	259	251	239	202	214	180	202	165	180	160	159	151	146	145
64	170	1	2	119	0	1953125	12	0.0	1267	1.24	0	0	V0.2	0	0	75	96	80	99	90	99	95	103	103	114	102	126	108	138	116	148	137	153	158	157	174	163	185	184	196	224	213	266	233	292	265	268	272	217	277	208	308	282	408	388	441	497	482	543	528	625	598	595	667	696	763	818	1000	978	979	829	829	682	490	355	247	335	266	291	254	289	311	283	326	272	300	248	243	231	197	210	172	196	159	169	151	148	142	133	136
64	170	1	2	119	0	1953125	12	0.0	1265	1.24	0	0	V0.2	0	0	81	64	95	63	99	70	102	76	105	86	111	92	122	101	132	114	142	136	145	161	145	181	145	203	166	227	208	247	257	258	294	253	283	240	258	266	270	354	357	449	415	520	502	514	577	581	643	564	707	683	783	831	983	1000	935	860	778	710	457	358	272	316	318	268	305	279	340	296	326	304	283	280	229	252	191	217	179	195	175	167	169	149	155	139	146
64	170	1	2	119	0	1953125	12	0.0	1267	1.24	0	0	V0.2	0	0	81	81	99	75	112	77	115	86	115	103	115	116	119	128	127	136	145	149	155	161	162	179	163	204	174	239	199	269	232	279	273	251	278	206	274	214	302	298	394	411	425	506	475	529	528	594	597	564	669	677	766	809	1000	976	984	840	828	687	466	339	230	323	259	283	254	286	308	278	322	269	296	243	241	226	195	206	175	198	157	171	151	150	140	134	133
64	170	1	2	119	0	1953125	12	0.0	1265	1.24	0	0	V0.2	0	0	76	60	88	58	94	67	95	73	99	82	104	86	116	93	125	108	135	129	138	154	137	170	144	187	169	206	215	221	256	238	280	246	251	245	220	272	232	353	334	432	412	476	504	472	562	553	596	550	639	672	704	834	908	1000	893	867	765	696	471	307	300	266	334	243	296	280	306	317	285	319	259	277	230	230	212	194	203	172	185	155	167	148	144	141	138
64	170	1	2	119	0	1953125	12	0.0	1267	1.24	0	0	V0.2	0	0	77	83	94	79	103	81	109	88	110	104	110	118	114	132	122	139	141	149	154	156	165	172	170	195	182	232	202	267	228	282	264	255	270	205	271	207	307	288	408	399	437	498	473	532	516	603	580	578	657	691	757	818	1000	974	984	827	829	677	477	323	226	317	254	292	244	299	302	292	322	271	300	235	250	219	204	202	179	196	160	174	148	152	136	137	132
64	170	1	2	119	0	1953125	12	0.0	1270	1.24	0	0	V0.2	0	0	77	59	90	60	95	68	97	75	102	85	108	87	119	97	128	109	137	132	141	156	139	175	142	198	166	220	210	237	253	245	282	241	265	231	242	267	264	360	356	454	412	505	491	488	556	549	616	541	684	672	763	829	967	1000	931	866	764	699	429	320	240	283	306	254	304	274	333	294	315	304	271	277	221	247	190	217	185	191	176	165	173	149	156	139	146
64	170	1	2	119	0	1953125	12	0.0	1267	1.24	0	0	V0.2	0	0	87	71	102	71	107	79	110	86	113	95	118	99	130	108	139	119	148	142	148	162	148	183	151	203	176	225	218	238	258	244	281	238	253	226	228	263	251	354	342	443	400	486	482	466	548	538	605	541	680	682	763	841	960	1000	907	846	738	681	409	286	216	250	289	228	287	255	312	283	292	294	249	264	204	233	181	199	181	182	174	150	161	134	144	127	132
64	170	1	2	119	0	1953125	12	0.0	1265	1.24	0	0	V0.2	0	0	79	63	92	62	97	68	99	75	102	84	108	89	117	98	128	112	138	132	141	156	140	176	143	199	164	224	206	240	249	249	284	242	270	231	252	264	273	351	354	439	400	494	472	482	547	553	615	558	712	704	804	857	1000	999	922	827	728	661	399	300	210	277	289	258	294	275	333	291	316	292	270	266	217	240	187	213	182	196	173	166	167	147	152	136	143
64	170	1	2	119	0	1953125	12	0.0	1267	1.24	0	0	V0.2	0	0	75	81	92	77	100	77	105	85	106	99	104	112	109	124	117	131	133	141	148	149	157	165	163	188	174	224	193	254	215	266	250	241	257	199	268	213	308	288	389	378	403	457	423	478	468	554	541	560	652	699	773	827	1000	952	943	773	747	593	397	257	172	260	212	262	225	280	282	268	300	248	275	216	230	203	189	190	168	183	148	162	142	146	129	128	124
64	170	1	2	119	0	1953125	12	0.0	1265	1.24	0	0	V0.2	0	0	72	76	90	67	99	69	104	77	103	92	102	103	106	115	115	125	132	135	141	146	149	164	153	190	163	222	184	250	213	256	248	230	257	195	267	215	306	298	381	388	390	458	412	463	463	529	530	522	631	661	759	810	1000	961	954	795	758	613	395	268	170	267	219	261	235	275	289	263	301	247	274	223	228	210	187	198	169	186	149	164	145	145	134	130	129
64	170	1	2	119	0	1953125	12	0.0	1267	1.24	0	0	V0.2	0	0	70	89	61	100	62	106	70	107	80	110	88	114	99	125	107	132	123	141	139	140	162	137	186	143	212	168	235	207	240	249	233	258	207	239	210	257	261	318	384	366	437	401	462	430	468	545	489	555	556	710	673	871	926	1000	890	796	728	589	420	193	219	193	261	223	240	280	254	300	249	281	241	229	222	188	202	161	193	159	167	144	146	138	124	130	118
64	170	1	2	119	0	1953125	12	0.0	1265	1.24	0	0	V0.2	0	0	60	77	70	76	81	75	88	81	92	90	89	102	93	114	104	124	122	131	139	140	147	155	153	182	160	220	184	250	218	262	257	234	262	200	263	220	295	312	374	409	396	482	438	482	517	550	588	537	682	673	787	834	1000	973	907	793	697	623	366	271	178	248	267	246	288	265	324	285	301	287	255	263	206	234	184	204	181	181	175	154	167	141	147	131	139
64	170	1	2	119	0	1953125	12	0.0	1267	1.24	0	0	V0.2	0	0	77	92	66	104	67	109	73	110	85	111	92	117	103	127	110	138	127	143	145	144	167	143	190	154	206	190	224	234	226	269	234	257	234	223	250	222	300	282	400	354	427	434	434	475	464	577	532	585	637	718	762	844	1000	954	941	765	731	566	389	239	162	247	208	263	229	280	289	268	298	246	272	221	220	206	182	195	164	184	151	159	144	140	134	124	128
64	170	1	2	119	0	1953125	12	0.0	1245	1.23	0	0	V0.2	0	0	62	75	73	72	82	74	89	79	90	89	89	99	92	112	100	118	115	123	128	127	136	140	143	164	153	198	166	223	183	226	209	197	214	158	224	179	269	257	347	345	355	408	372	423	429	496	497	498	606	655	756	818	1000	957	944	773	712	562	356	217	118	213	175	223	200	245	265	245	282	237	261	217	217	207	180	192	162	184	155	166	150	146	139	129	130
64	170	1	2	119	0	1953125	12	0.0	1242	1.23	0	0	V0.2	0	0	83	68	92	72	97	80	99	86	103	91	109	92	121	99	127	108	134	127	131	142	129	157	136	173	161	188	193	187	215	188	221	184	190	183	169	231	204	313	285	369	329	376	389	351	443	439	503	471	615	664	751	860	958	1000	892	813	654	569	309	192	109	144	190	152	217	196	252	235	240	251	208	230	174	203	163	177	163	156	157	136	149	123	129	112	116
64	170	1	2	119	0	1953125	12	0.0	1245	1.23	0	0	V0.2	0	0	75	60	89	57	95	63	97	69	99	80	102	85	113	96	121	105	130	123	129	140	126	160	128	183	148	204	181	209	212	203	228	186	215	177	205	224	242	317	314	392	345	425	401	405	470	481	554	509	672	686	808	861	1000	985	916	797	668	563	316	220	109	197	190	205	232	232	285	248	282	254	246	238	203	223	176	202	170	190	169	164	161	143	146	129	135
64	170	1	2	119	0	1953125	12	0.0	1242	1.23	0	0	V0.2	0	0	84	69	92	74	96	81	97	86	102	91	109	91	121	98	127	109	135	129	132	143	132	160	141	175	166	186	199	186	217	187	218	185	187	187	172	238	209	324	296	372	336	377	393	351	441	442	514	488	634	692	773	882	958	1000	865	784	619	534	286	180	104	143	189	149	220	199	252	236	239	251	205	228	175	202	164	173	163	156	159	137	150	124	128	114	116
64	170	1	2	119	0	1953125	12	0.0	1245	1.23	0	0	V0.2	0	0	63	64	77	59	88	60	90	67	90	81	89	89	93	101	101	109	113	117	122	124	128	140	133	163	142	195	157	211	175	210	199	184	206	155	219	181	267	259	335	331	335	382	342	383	381	456	456	490	599	683	781	844	1000	950	918	734	655	481	314	168	95	174	143	203	174	238	237	238	261	222	250	196	214	185	184	179	165	173	148	161	140	144	129	128	119
64	170	1	2	119	0	1953125	12	0.0	1242	1.23	0	0	V0.2	0	0	79	71	95	65	103	68	106	76	106	88	107	99	113	108	121	116	130	127	133	140	133	159	133	183	145	207	167	215	193	204	213	176	208	154	208	193	251	284	318	361	330	402	367	393	429	461	503	477	629	661	792	835	999	961	917	766	655	521	312	202	89	179	150	192	190	216	250	220	261	220	234	207	194	197	163	180	152	173	145	150	139	130	128	115	117
64	170	1	2	119	0	1953125	12	0.0	1245	1.23	0	0	V0.2	0	0	65	72	79	67	88	70	94	76	93	88	92	100	95	113	104	119	119	126	130	129	140	143	149	166	159	200	172	226	187	230	207	203	214	168	229	188	282	261	365	339	376	408	390	437	426	531	505	548	623	713	784	857	1000	956	935	755	694	503	365	191	148	198	176	230	193	269	247	266	274	242	266	207	236	191	204	182	182	182	161	171	146	153	132	137	124
64	170	1	2	119	0	1953125	12	0.0	1242	1.23	0	0	V0.2	0	0	82	67	96	66	101	73	104	78	104	85	110	90	119	97	126	108	133	125	131	142	127	161	130	181	151	198	184	198	211	191	222	178	198	175	186	224	217	309	286	367	313	374	368	350	427	428	505	458	630	659	785	868	988	999	900	799	631	534	285	197	83	154	170	158	207	193	253	219	245	236	212	221	173	203	156	181	157	166	155	140	147	123	130	110	117
64	170	1	2	119	0	1953125	12	0.0	1265	1.24	0	0	V0.2	0	0	68	58	84	52	91	55	95	64	94	74	94	85	98	98	106	107	119	120	129	134	133	151	137	175	151	210	174	238	206	247	236	225	245	192	257	212	301	286	381	365	389	422	392	437	414	505	477	505	590	676	766	846	1000	966	950	772	704	527	383	228	169	233	207	260	223	297	270	285	287	253	272	210	239	188	207	180	187	177	157	163	143	152	128	137	121
64	170	1	2	119	0	1953125	12	0.0	1265	1.24	0	0	V0.2	0	0	60	76	52	87	51	93	57	91	66	93	77	94	88	103	96	112	108	123	121	122	141	123	162	127	190	150	216	184	224	222	213	233	186	223	182	248	230	311	345	347	392	355	412	363	402	458	429	473	520	672	685	874	917	1000	879	790	649	515	363	172	178	153	235	190	239	256	253	283	241	273	223	228	204	190	188	163	187	156	167	140	149	134	128	125	119
64	170	1	2	119	0	1953125	12	0.0	1270	1.24	0	0	V0.2	0	0	56	69	68	67	77	69	82	73	83	86	82	95	84	109	93	116	110	123	127	125	141	133	153	154	168	192	184	231	199	250	220	231	225	192	241	204	296	277	396	346	406	405	393	420	387	499	443	494	560	690	752	859	1000	970	941	760	692	506	375	209	158	218	201	257	219	298	267	287	285	252	272	207	239	184	205	176	182	173	155	164	142	152	129	137	122
64	170	1	2	119	0	1953125	12	0.0	1267	1.24	0	0	V0.2	0	0	74	67	91	58	101	61	103	68	103	83	103	91	108	103	118	113	129	126	134	141	132	161	133	187	145	217	174	232	207	228	237	199	234	174	233	213	277	310	347	385	345	409	354	368	380	412	461	423	604	638	788	826	999	958	908	778	648	532	311	235	114	208	190	229	238	249	288	242	283	235	240	216	195	203	163	190	156	175	145	146	139	127	129	114	119
64	170	1	2	119	0	1953125	12	0.0	1270	1.24	0	0	V0.2	0	0	62	59	81	50	88	53	93	62	91	73	90	84	93	96	102	105	115	116	124	128	126	145	129	172	140	205	163	229	193	229	224	203	231	173	243	206	295	296	370	371	362	407	351	376	354	417	429	432	580	652	781	820	1000	937	909	749	652	500	315	219	130	221	190	256	236	281	288	258	293	234	259	205	216	195	182	188	164	180	149	162	139	138	127	125	121
64	170	1	2	119	0	1953125	12	0.0	1270	1.24	0	0	V0.2	0	0	73	61	89	54	98	59	99	67	100	78	101	86	108	95	116	105	126	120	128	139	126	159	127	185	142	211	174	221	209	214	234	190	224	174	223	223	268	323	338	395	344	408	356	349	375	385	448	402	596	637	790	830	1000	975	906	801	643	534	291	224	107	194	196	218	248	245	294	245	282	244	235	223	186	204	158	191	157	171	149	146	145	127	133	115	121
64	170	1	2	119	0	1953125	12	0.0	1270	1.24	0	0	V0.2	0	0	69	53	81	53	85	61	85	65	91	72	95	76	105	82	113	95	121	115	120	133	118	153	124	173	146	195	187	204	221	206	238	199	220	196	206	245	244	340	320	401	351	407	385	349	404	394	462	405	584	631	763	837	975	999	911	860	683	590	336	256	153	199	238	212	274	248	304	264	279	270	236	247	195	222	175	197	173	175	167	151	159	135	143	124	130
64	170	1	2	119	0	1953125	12	0.0	1267	1.24	0	0	V0.2	0	0	78	64	95	60	102	63	103	71	104	82	106	89	114	98	122	109	130	125	133	144	131	166	131	189	147	216	182	227	218	222	245	201	234	185	225	229	265	325	335	398	349	415	372	363	398	403	466	405	589	622	774	822	1000	997	942	871	714	607	347	265	137	207	214	215	252	240	293	246	282	253	240	234	191	212	164	191	162	174	153	145	148	128	134	117	124
64	170	1	2	119	0	1953125	12	0.0	1270	1.24	0	0	V0.2	0	0	66	52	81	48	87	53	90	61	92	71	93	77	101	86	109	97	119	114	122	133	119	153	122	176	138	203	174	218	213	219	242	205	236	190	227	228	260	316	327	383	341	406	368	369	401	417	477	424	598	631	781	822	1000	992	932	852	704	597	351	271	147	218	222	225	256	249	300	255	291	258	252	239	204	218	175	202	169	181	159	156	155	138	142	127	131
64	170	1	2	119	0	1953125	12	0.0	1270	1.24	0	0	V0.2	0	0	73	68	73	79	72	87	74	89	82	88	93	87	105	92	112	104	120	120	124	132	133	142	150	148	178	164	212	180	231	207	229	222	194	222	175	256	212	327	312	359	366	356	402	338	400	430	441	457	531	659	693	849	915	1000	879	842	683	558	370	207	180	146	234	181	243	243	255	274	239	271	222	228	201	189	188	163	182	149	164	139	147	131	124	124	116
64	170	1	2	119	0	1953125	12	0.0	1265	1.24	0	0	V0.2	0	0	67	66	64	78	63	85	65	86	75	86	84	83	97	89	105	102	115	118	120	129	132	137	150	144	178	161	214	183	234	214	234	232	203	232	185	264	221	333	321	368	378	371	423	363	423	446	457	472	541	660	694	847	913	1000	893	863	707	579	396	240	209	171	255	201	261	259	269	287	253	282	231	241	207	201	194	173	188	158	173	146	154	137	134	130	123
64	170	1	2	119	0	1953125	12	0.0	1267	1.24	0	0	V0.2	0	0	66	78	78	77	87	78	91	82	91	92	91	104	93	114	100	122	117	128	132	130	145	141	155	161	167	198	182	230	196	245	217	222	223	186	237	198	288	266	369	329	371	379	358	389	354	446	413	452	532	649	739	823	1000	980	976	836	757	554	386	228	143	198	166	223	190	260	244	253	269	229	257	194	221	177	186	168	164	170	144	153	129	139	120	123	113
64	170	1	2	119	0	1953125	12	0.0	1265	1.24	0	0	V0.2	0	0	64	61	65	72	63	77	66	80	75	80	84	78	95	84	104	96	111	113	116	125	123	134	140	144	168	162	205	181	229	207	232	223	202	223	179	255	213	328	309	365	365	370	412	357	416	424	440	429	518	628	692	839	920	1000	880	841	681	572	381	226	188	160	240	183	246	239	262	272	244	273	222	235	196	198	184	170	179	153	166	140	150	131	132	126	121
64	170	1	2	119	0	1953125	12	0.0	1245	1.23	0	0	V0.2	0	0	66	56	83	50	91	54	92	62	93	71	93	78	101	85	108	94	115	108	114	124	108	142	110	163	127	180	161	184	191	177	205	164	181	156	163	198	195	290	265	340	294	348	354	322	386	368	423	365	522	579	713	813	950	1000	895	837	651	554	306	194	98	107	167	118	191	170	230	219	225	242	200	222	171	193	161	164	160	145	155	130	146	124	128	114	116
64	170	1	2	119	0	1953125	12	0.0	1245	1.23	0	0	V0.2	0	0	63	53	80	48	87	52	91	61	91	72	93	78	97	88	106	96	113	109	116	123	113	142	113	165	126	191	153	201	184	195	208	173	203	151	196	183	232	272	296	336	304	373	342	362	380	389	423	374	529	582	739	796	1000	981	951	827	697	559	331	228	83	164	141	170	176	200	240	213	259	221	240	208	198	197	167	184	154	172	146	154	144	137	131	121	121
64	170	1	2	119	0	1953125	12	0.0	1242	1.23	0	0	V0.2	0	0	75	74	71	86	68	92	70	93	79	93	90	92	101	98	109	107	115	120	120	125	130	127	149	129	175	142	200	160	203	185	187	193	151	184	133	210	179	275	281	295	331	305	373	330	371	415	389	418	468	623	650	840	914	1000	883	814	663	521	350	160	125	85	163	118	171	189	196	232	198	236	197	199	184	164	173	140	165	134	149	127	131	124	112	114	104
64	170	1	2	119	0	1953125	12	0.0	1245	1.23	0	0	V0.2	0	0	64	72	57	84	55	92	61	91	71	90	83	89	94	93	103	104	110	117	118	122	127	126	145	132	172	148	201	167	215	191	208	204	175	200	148	226	177	292	269	323	325	334	390	348	424	426	448	421	517	600	678	826	926	1000	885	836	656	566	350	219	134	127	187	134	207	183	240	227	235	248	209	230	179	204	166	181	165	160	160	141	152	128	135	118	121
64	170	1	2	119	0	1953125	12	0.0	1265	1.24	0	0	V0.2	0	0	79	64	90	64	97	70	98	75	100	82	106	85	114	94	122	103	131	125	132	142	130	165	130	184	147	210	182	225	222	227	251	213	245	196	230	223	252	307	318	372	331	410	385	410	443	444	476	397	542	563	726	790	1000	991	961	848	719	606	380	278	127	204	173	198	202	222	260	226	274	227	247	210	202	198	166	184	152	170	141	151	136	134	127	120	119
64	170	1	2	119	0	1953125	12	0.0	1265	1.24	0	0	V0.2	0	0	60	70	74	66	83	68	89	74	88	85	86	96	88	107	96	115	113	123	129	129	140	139	147	161	158	197	174	232	196	249	227	232	240	191	245	188	276	254	352	317	356	390	382	446	428	508	457	459	519	604	703	804	1000	972	973	812	737	565	409	254	141	212	162	218	177	245	238	247	269	230	262	200	227	186	191	178	166	174	148	162	139	146	128	132	123
64	170	1	2	119	0	1953125	12	0.0	1265	1.24	0	0	V0.2	0	0	67	75	84	70	94	70	97	75	97	89	95	100	97	112	105	119	121	127	134	135	143	149	147	171	154	205	172	236	197	250	232	231	247	190	250	188	271	250	335	311	332	381	361	431	423	493	462	445	527	586	708	792	1000	966	972	816	733	576	401	259	130	209	155	209	173	230	234	230	263	218	254	195	215	185	179	175	156	171	140	154	132	137	123	121	115
64	170	1	2	119	0	1953125	12	0.0	1265	1.24	0	0	V0.2	0	0	65	64	83	57	91	57	96	66	95	78	93	90	97	100	105	109	118	120	129	134	133	151	133	172	139	205	164	233	199	243	240	225	250	187	244	186	254	255	321	323	321	393	376	449	465	514	508	452	551	570	714	781	999	965	964	821	728	610	415	297	148	234	184	218	194	229	253	232	276	230	261	215	218	205	181	190	162	181	149	161	145	144	135	128	128
64	170	1	2	119	0	1953125	12	0.0	1267	1.24	0	0	V0.2	0	0	77	61	90	59	94	66	95	72	98	79	103	83	113	90	120	100	127	121	128	142	127	161	128	178	146	196	184	210	224	217	255	220	240	213	210	234	208	302	272	351	301	375	389	394	477	460	507	422	546	551	692	790	953	1000	933	882	710	651	410	299	178	194	224	175	230	198	260	233	255	255	224	239	187	216	170	187	164	163	159	140	153	127	136	117	123
64	170	1	2	119	0	1953125	12	0.0	1265	1.24	0	0	V0.2	0	0	65	59	84	51	92	53	95	61	93	75	94	84	99	95	107	104	118	116	126	134	129	154	126	175	134	205	161	228	199	234	241	218	250	189	243	200	256	272	316	342	319	396	371	429	454	477	489	414	533	542	708	771	1000	989	994	884	770	655	428	312	156	234	195	219	212	229	267	236	285	239	263	226	217	215	181	198	166	187	156	164	152	146	141	129	131
64	170	1	2	119	0	1953125	12	0.0	1267	1.24	0	0	V0.2	0	0	73	66	91	58	101	60	104	67	102	80	101	91	106	101	115	111	126	124	133	142	133	160	129	182	138	210	164	233	203	238	246	217	249	183	235	188	245	268	318	342	317	397	369	426	460	479	493	401	522	524	696	758	1000	989	992	895	782	676	434	315	151	231	193	207	206	220	264	230	282	238	257	223	207	209	170	191	157	179	148	154	146	135	134	121	126
64	170	1	2	119	0	1953125	12	0.0	1265	1.24	0	0	V0.2	0	0	69	53	82	56	88	62	89	68	92	73	97	75	107	82	114	93	120	113	120	135	117	151	119	166	137	185	179	198	220	206	245	211	227	205	191	222	190	294	264	349	298	368	380	372	460	437	477	383	502	517	656	762	938	1000	934	919	748	685	427	300	189	191	235	172	235	201	267	241	261	264	229	248	190	218	172	188	166	163	160	140	155	129	139	120	126
64	170	1	2	119	0	1953125	12	0.0	1265	1.24	0	0	V0.2	0	0	74	58	89	57	96	64	96	69	98	76	101	81	112	88	120	98	126	118	125	138	121	157	119	173	136	194	174	205	216	209	245	206	227	195	193	210	196	290	270	349	294	369	366	363	445	419	462	359	488	500	657	754	947	1000	946	927	764	695	427	302	175	188	220	165	224	192	261	228	256	251	224	237	183	212	160	181	159	160	151	134	146	121	131	113	120
64	170	1	2	119	0	1953125	12	0.0	1265	1.24	0	0	V0.2	0	0	67	57	69	66	70	74	71	76	79	77	88	75	99	80	107	92	113	110	114	126	116	132	127	139	152	154	191	170	220	194	230	217	197	213	158	225	164	288	255	326	310	330	386	346	431	431	426	385	435	521	602	775	890	1000	908	914	746	661	451	265	213	163	238	161	221	205	238	253	232	268	215	237	193	198	180	165	174	145	160	133	150	129	129	122	119
64	170	1	2	119	0	1953125	12	0.0	1267	1.24	0	0	V0.2	0	0	72	59	78	67	79	76	81	79	86	80	94	78	105	83	113	94	118	114	119	132	121	142	129	150	152	164	190	177	222	196	234	213	201	209	160	220	162	285	247	327	299	332	378	345	432	424	430	377	441	513	615	778	900	1000	904	905	731	653	434	254	199	154	228	147	213	191	233	240	225	259	207	230	181	193	170	158	163	140	151	125	141	120	123	113	114
64	170	1	2	119	0	1953125	12	0.0	1265	1.24	0	0	V0.2	0	0	65	49	76	52	80	59	82	64	85	69	91	69	101	75	108	86	114	107	114	128	110	143	111	155	131	175	171	189	215	200	241	208	219	199	178	209	172	277	246	333	287	356	379	375	471	444	474	380	479	499	652	776	948	1000	921	900	728	668	429	291	201	184	232	162	225	190	256	236	253	262	226	245	187	214	167	180	162	160	160	139	153	128	138	119	125
64	170	1	2	119	0	1953125	12	0.0	1267	1.24	0	0	V0.2	0	0	72	56	87	54	93	60	94	67	94	73	98	77	108	85	115	94	122	114	121	136	119	154	116	170	134	192	171	206	216	213	247	209	229	192	189	200	183	270	253	331	282	368	377	388	476	454	495	391	506	509	674	782	973	1000	936	900	731	663	411	286	179	182	213	155	212	179	251	223	255	250	225	238	183	210	158	180	155	159	153	134	145	121	132	114	121
64	170	1	2	119	0	1953125	12	0.0	1265	1.24	0	0	V0.2	0	0	65	58	65	71	64	78	66	79	74	79	85	77	96	82	105	94	111	111	114	125	121	130	134	133	159	147	197	169	224	202	232	227	197	224	161	227	162	280	253	314	319	334	411	379	466	476	453	426	438	530	596	798	895	1000	889	887	727	632	446	244	222	169	236	164	211	207	229	257	225	268	216	234	199	195	186	160	176	145	162	135	148	132	130	125	119
64	170	1	2	119	0	1953125	12	0.0	1265	1.24	0	0	V0.2	0	0	62	79	72	80	81	81	88	86	89	94	86	105	89	119	97	123	114	129	133	131	149	135	157	149	169	184	183	229	200	258	225	247	234	192	232	165	247	216	337	279	356	366	388	459	444	542	460	466	472	571	655	813	1000	992	979	851	795	611	469	268	171	234	172	218	161	240	218	251	258	235	265	197	234	177	195	163	168	165	143	154	130	143	119	130	117
64	170	1	2	119	0	1953125	12	0.0	1265	1.24	0	0	V0.2	0	0	71	59	76	69	77	75	81	78	85	79	96	77	107	84	117	96	122	118	125	139	124	154	127	166	150	186	189	203	234	216	259	226	239	219	200	230	195	298	269	362	316	400	422	430	519	491	532	421	527	517	680	786	979	1000	940	903	746	680	430	318	201	226	236	189	232	206	276	234	280	257	253	247	206	227	175	199	163	178	157	155	154	138	142	127	133
64	170	1	2	119	0	1953125	12	0.0	1265	1.24	0	0	V0.2	0	0	77	63	95	56	103	62	105	69	106	81	108	89	114	99	123	109	133	127	135	148	135	170	130	190	143	217	178	236	226	241	265	230	262	205	231	213	226	280	292	354	314	409	403	445	510	504	544	437	560	536	713	792	1000	991	949	885	742	667	427	320	186	229	226	197	226	205	271	230	276	251	248	239	200	222	168	191	155	173	152	145	148	129	137	119	126
64	170	1	2	119	0	1953125	12	0.0	1265	1.24	0	0	V0.2	0	0	63	56	81	49	90	52	94	60	91	73	91	81	97	92	105	102	117	116	125	133	127	153	125	174	135	204	162	230	204	240	248	228	258	197	247	200	251	264	313	338	325	408	395	458	489	514	523	451	552	553	712	783	1000	966	957	857	748	636	431	324	183	253	212	227	218	231	271	241	288	244	269	232	223	219	186	200	164	185	156	164	152	146	142	132	132
64	170	1	2	119	0	1953125	12	0.0	1265	1.24	0	0	V0.2	0	0	74	68	92	62	102	63	104	71	104	84	103	93	108	105	118	113	129	128	138	146	138	165	138	189	146	215	174	236	213	244	255	229	261	200	248	210	253	277	312	347	328	413	398	449	484	499	519	444	557	553	712	781	1000	977	966	876	750	638	417	311	169	234	201	209	212	214	262	227	274	235	252	224	206	211	170	192	156	175	147	151	143	133	132	119	123
64	170	1	2	119	0	1953125	12	0.0	1265	1.24	0	0	V0.2	0	0	68	55	84	50	92	54	95	61	96	73	98	80	103	90	113	101	122	118	127	140	127	161	126	183	139	208	173	228	218	236	260	229	262	210	243	222	241	290	303	363	333	426	420	465	519	515	548	453	569	548	709	786	1000	995	971	901	755	663	429	327	192	242	230	213	236	220	279	240	283	252	258	244	213	229	183	207	171	185	162	162	159	143	147	131	136
64	170	1	2	119	0	1953125	12	0.0	1265	1.24	0	0	V0.2	0	0	71	66	88	59	99	61	101	68	100	82	99	92	103	102	111	111	123	123	133	141	136	160	135	182	142	210	169	240	210	249	255	236	266	198	251	199	252	259	317	343	336	421	410	485	512	533	533	453	546	530	688	766	999	976	982	881	770	659	446	329	185	254	211	219	207	218	259	229	279	235	262	224	216	212	179	193	158	179	149	157	144	139	134	124	127
64	170	1	2	119	0	1953125	12	0.0	1265	1.24	0	0	V0.2	0	0	66	61	83	54	92	56	96	64	95	77	95	87	98	98	106	106	119	120	128	136	132	154	131	177	140	205	165	236	207	250	254	239	267	203	255	199	253	255	315	336	338	421	416	496	521	556	547	479	565	550	691	768	1000	976	988	884	780	662	460	340	196	269	221	236	215	231	265	243	289	244	276	232	229	218	191	203	171	188	158	167	152	150	142	135	134
64	170	1	2	119	0	1953125	12	0.0	1265	1.24	0	0	V0.2	0	0	74	72	92	66	102	68	105	73	103	87	103	98	106	109	115	118	128	129	138	145	143	163	141	186	150	214	174	242	212	254	256	240	268	204	257	201	256	257	315	336	334	412	404	479	503	540	536	471	563	551	692	770	1000	981	994	892	783	655	445	316	174	246	204	221	203	221	256	230	277	234	261	222	218	210	180	191	157	176	147	156	143	139	132	122	123
64	170	1	2	119	0	1953125	12	0.0	1265	1.24	0	0	V0.2	0	0	64	59	83	54	91	56	95	62	92	75	93	86	96	96	104	104	116	118	127	136	133	155	132	176	141	205	165	235	206	249	253	241	271	209	263	208	265	263	320	335	337	412	403	476	494	540	536	483	572	565	701	775	1000	980	996	890	781	644	440	310	175	249	206	230	210	232	261	241	284	240	271	226	228	214	191	201	171	187	156	168	151	151	141	135	134
64	170	1	2	119	0	1953125	12	0.0	1265	1.24	0	0	V0.2	0	0	64	85	64	91	68	94	75	95	80	101	83	108	88	118	96	126	112	131	133	131	155	129	171	137	188	165	205	211	214	251	225	260	224	229	228	212	252	246	338	287	371	349	410	437	441	538	450	501	477	604	620	811	940	1000	963	873	781	593	462	225	195	200	202	210	177	236	206	258	232	245	242	203	223	173	200	154	177	153	154	147	135	140	119	128	112
64	170	1	2	119	0	1953125	12	0.0	1265	1.24	0	0	V0.2	0	0	60	67	76	64	85	64	89	69	89	84	88	94	89	105	97	112	112	122	129	131	138	143	143	163	152	196	172	233	200	253	238	242	254	200	255	188	267	242	339	315	354	402	401	474	466	541	497	481	538	579	679	771	983	977	1000	886	808	630	460	295	182	254	201	242	196	247	248	251	279	238	273	214	237	199	199	188	175	183	155	168	144	153	135	138	129
64	170	1	2	119	0	1953125	12	0.0	1262	1.24	0	0	V0.2	0	0	68	65	85	58	95	59	97	68	97	81	95	92	100	103	108	111	121	124	131	137	135	156	137	178	145	209	170	239	209	252	254	238	266	204	260	203	263	265	329	344	347	423	407	475	486	534	537	480	580	574	710	771	995	984	1000	903	802	655	442	305	169	250	209	235	215	237	267	244	289	243	272	229	227	216	190	202	171	188	157	167	151	147	140	132	131
64	170	1	2	119	0	1953125	12	0.0	1265	1.24	0	0	V0.2	0	0	59	68	73	65	82	66	86	71	86	83	84	94	85	105	94	113	109	120	127	128	139	139	146	158	156	191	174	230	199	255	235	246	251	203	252	187	267	238	341	306	357	391	397	467	452	537	485	483	530	585	675	783	988	987	1000	880	806	620	459	280	177	246	195	240	190	249	241	254	274	240	274	212	239	195	200	181	174	177	153	165	142	152	131	137	126
64	170	1	2	119	0	1953125	12	0.0	1265	1.24	0	0	V0.2	0	0	69	74	85	69	96	71	100	76	100	90	97	100	100	112	108	119	122	128	134	139	144	154	146	174	154	205	172	239	204	256	245	241	261	200	257	190	263	244	329	316	339	397	384	455	449	512	491	457	541	558	680	762	989	979	1000	883	793	627	442	283	154	232	181	223	187	227	240	232	269	224	260	205	220	194	182	182	160	176	143	157	136	138	125	124	118
64	170	1	2	119	0	1953125	12	0.0	1265	1.24	0	0	V0.2	0	0	61	59	78	51	87	53	92	61	89	75	88	85	90	95	99	104	113	117	125	131	132	149	131	170	140	201	163	233	201	250	246	236	265	202	264	198	264	252	322	321	333	400	381	455	455	512	501	457	552	560	694	772	999	983	993	865	766	616	425	282	151	236	190	226	195	230	252	237	278	231	269	215	227	204	191	193	167	185	151	166	144	147	135	132	128
64	170	1	2	119	0	1953125	12	0.0	1262	1.24	0	0	V0.2	0	0	72	57	89	53	97	58	99	65	99	76	101	83	107	92	115	103	126	120	128	142	128	164	126	183	138	205	172	226	219	235	261	228	263	213	242	225	228	283	283	346	307	402	395	434	495	491	529	437	567	535	691	772	986	1000	961	884	724	634	395	285	165	208	212	187	213	189	255	218	264	237	239	232	194	217	168	193	157	170	150	147	149	132	137	118	125
64	170	1	2	119	0	1953125	12	0.0	1265	1.24	0	0	V0.2	0	0	62	61	80	53	89	55	93	62	91	75	90	87	92	98	101	106	114	117	125	133	133	150	133	172	140	201	161	235	201	249	246	236	263	201	262	195	259	248	317	321	331	404	390	470	480	534	519	473	565	559	695	773	999	972	972	837	735	594	410	279	149	232	183	216	186	219	244	228	272	225	263	212	223	204	188	193	164	182	149	164	144	146	135	131	128
64	170	1	2	119	0	1953125	12	0.0	1262	1.24	0	0	V0.2	0	0	74	71	94	63	102	64	106	72	105	87	104	97	108	107	115	116	129	129	137	145	141	167	141	189	147	216	173	244	213	254	259	238	271	205	261	205	252	260	308	333	324	411	394	467	496	530	541	472	582	555	706	772	1000	981	968	847	730	607	406	282	143	224	190	207	193	205	246	216	268	223	252	213	207	206	174	189	153	175	143	151	138	132	128	117	119
64	170	1	2	119	0	1953125	12	0.0	1265	1.24	0	0	V0.2	0	0	61	62	80	55	88	56	93	63	91	76	89	87	92	98	100	107	114	119	126	132	135	151	134	172	141	201	163	234	200	249	243	236	263	201	262	200	264	248	318	319	331	399	385	461	470	532	518	482	568	573	707	784	1000	972	962	821	722	580	408	270	146	230	187	226	192	226	248	236	275	228	264	212	226	204	188	189	163	179	148	162	142	146	134	130	127
64	170	1	2	119	0	1953125	12	0.0	1265	1.24	0	0	V0.2	0	0	64	82	70	85	77	88	84	89	86	96	85	106	88	118	96	124	113	130	134	131	152	136	166	150	179	180	193	225	205	257	226	254	235	213	244	194	261	229	337	280	361	361	394	448	436	538	458	498	501	601	656	816	982	1000	964	823	743	556	439	223	161	204	176	214	161	235	210	250	244	231	252	194	225	172	196	159	170	159	147	152	130	141	116	126	112
64	170	1	2	119	0	1953125	12	0.0	1265	1.24	0	0	V0.2	0	0	59	59	77	53	85	53	90	61	88	74	86	84	89	95	97	104	111	114	122	129	131	146	131	167	140	196	160	229	196	243	238	230	253	194	252	191	256	244	317	313	331	393	378	449	454	508	490	457	543	564	695	781	1000	981	975	845	743	594	420	282	161	237	191	228	197	232	251	239	277	231	265	213	225	199	186	188	167	181	150	162	143	147	134	133	126
64	170	1	2	119	0	1953125	12	0.0	1262	1.24	0	0	V0.2	0	0	65	65	82	59	91	61	95	67	94	80	92	90	96	102	103	109	116	119	128	133	134	151	134	172	142	200	162	231	199	242	237	226	251	191	246	189	251	244	310	315	322	387	370	436	447	492	488	446	545	558	701	784	1000	981	977	856	748	603	417	282	152	228	187	219	196	222	248	230	272	228	259	214	217	203	182	189	158	174	144	156	138	138	129	122	121
64	170	1	2	119	0	1953125	12	0.0	1265	1.24	0	0	V0.2	0	0	63	59	80	53	88	54	92	62	91	75	90	85	93	95	101	102	113	116	124	131	128	150	129	170	136	198	159	228	199	239	239	225	253	193	246	193	252	249	308	320	324	393	374	439	453	497	501	458	563	574	721	795	1000	978	968	851	742	601	410	282	153	227	195	227	206	229	259	237	279	233	264	220	221	210	186	194	162	179	150	161	144	144	134	128	127
64	170	1	2	119	0	1953125	12	0.0	1262	1.24	0	0	V0.2	0	0	69	59	85	53	94	57	96	63	96	75	96	84	101	93	109	103	120	117	126	137	127	156	125	177	135	202	165	227	207	234	250	223	255	199	241	209	239	269	294	335	312	396	377	428	468	484	515	444	577	571	732	803	1000	990	959	874	738	622	405	296	166	224	211	211	222	215	266	231	276	241	254	232	208	218	177	196	158	177	154	154	148	137	138	124	128
64	170	1	2	119	0	1953125	12	0.0	1265	1.24	0	0	V0.2	0	0	60	73	71	73	80	73	85	79	86	89	85	100	87	111	95	120	112	126	131	132	147	139	157	156	168	190	184	230	204	259	234	254	248	214	259	201	277	242	347	300	367	387	406	466	457	557	500	532	566	650	723	837	1000	992	981	854	782	584	456	266	188	238	203	251	201	266	245	269	276	250	278	217	247	197	213	185	186	183	161	167	143	156	132	139	127
64	170	1	2	119	0	1953125	12	0.0	1267	1.24	0	0	V0.2	0	0	69	68	87	63	97	64	101	71	100	84	98	96	102	106	110	114	123	126	134	141	140	158	140	181	147	211	171	241	208	252	250	236	265	201	260	203	268	261	322	328	332	404	382	451	466	520	530	491	607	616	751	805	1000	960	948	837	742	591	406	274	145	227	188	227	208	233	260	236	281	233	264	217	217	207	183	193	160	178	147	159	141	139	131	124	124
64	170	1	2	119	0	1953125	12	0.0	1265	1.24	0	0	V0.2	0	0	69	55	86	50	92	53	94	62	95	72	98	79	103	87	112	99	122	116	127	140	126	164	126	184	139	209	174	230	221	237	265	231	267	217	250	235	250	299	299	359	322	416	396	435	489	498	554	475	630	616	765	827	1000	988	935	861	717	607	378	274	146	216	216	213	241	227	285	243	287	253	257	243	210	226	179	207	171	188	162	160	157	141	144	127	134
64	170	1	2	119	0	1953125	12	0.0	1265	1.24	0	0	V0.2	0	0	70	71	88	63	97	64	102	70	99	84	98	96	100	107	109	115	122	126	134	141	141	159	142	181	145	210	168	239	201	248	244	231	258	194	255	193	263	253	321	322	326	395	367	435	444	500	507	471	594	609	749	804	1000	948	930	805	702	544	358	230	108	203	163	210	190	221	248	224	271	220	252	203	207	193	171	181	152	176	140	150	132	133	124	116	116
64	170	1	2	119	0	1953125	12	0.0	1265	1.24	0	0	V0.2	0	0	62	56	80	50	91	51	93	59	93	73	91	82	94	94	103	103	114	115	125	133	127	152	127	176	136	205	160	231	201	242	247	228	259	196	255	204	260	262	310	328	322	397	368	433	452	499	518	475	605	611	756	808	1000	953	934	814	691	543	347	240	125	215	180	215	204	227	261	233	280	231	262	218	214	207	179	191	160	182	151	159	144	141	135	126	127
64	170	1	2	119	0	1953125	12	0.0	1262	1.24	0	0	V0.2	0	0	59	75	67	77	76	79	82	82	83	92	83	102	84	114	93	122	112	128	132	131	150	136	163	153	177	186	191	230	207	262	233	261	245	218	253	199	277	239	350	295	374	375	398	451	441	549	485	533	560	665	717	850	1000	992	974	838	752	540	411	213	162	213	183	230	181	257	231	267	265	247	271	207	239	185	210	175	181	170	156	161	139	150	126	134	119
64	170	1	2	119	0	1953125	12	0.0	1265	1.24	0	0	V0.2	0	0	60	60	79	55	88	54	92	63	90	76	90	86	90	99	99	108	113	118	127	133	134	150	135	172	144	204	165	237	200	252	245	239	262	197	260	195	269	250	328	323	344	401	382	452	458	532	530	503	600	612	740	801	999	962	961	828	731	560	378	245	135	227	181	231	200	243	260	246	286	236	274	217	230	205	191	193	169	185	153	164	142	147	132	131	128
64	170	1	2	119	0	1953125	12	0.0	1262	1.24	0	0	V0.2	0	0	76	59	89	58	95	65	94	71	97	76	100	80	111	89	120	101	128	123	128	145	129	165	130	181	150	199	187	216	232	225	268	232	253	226	220	243	208	298	267	351	312	394	401	406	497	495	570	494	625	621	730	831	965	1000	908	865	678	591	345	240	161	180	223	175	236	203	271	243	265	264	235	248	193	220	174	189	164	165	162	142	154	128	137	118	124
64	170	1	2	119	0	1953125	12	0.0	1265	1.24	0	0	V0.2	0	0	67	53	77	58	80	64	83	69	86	72	92	72	101	78	110	91	117	111	119	135	119	152	125	168	146	184	184	200	227	215	256	228	242	228	211	246	204	296	259	342	307	376	390	385	475	470	545	479	601	613	711	823	948	1000	899	864	674	584	349	234	176	178	230	175	238	207	271	250	263	267	233	250	195	221	177	186	168	165	165	143	155	132	140	123	128
64	170	1	2	119	0	1953125	12	0.0	1262	1.24	0	0	V0.2	0	0	73	58	80	64	82	71	82	75	87	78	94	77	105	83	112	96	120	117	122	137	124	152	131	162	156	177	192	190	230	209	249	225	225	223	190	241	187	294	257	338	311	360	393	368	462	455	513	463	558	597	664	809	917	999	889	870	681	587	365	222	187	163	234	164	230	201	254	250	244	267	220	242	190	208	178	174	172	156	165	133	147	125	130	117	118
64	170	1	2	119	0	1953125	12	0.0	1265	1.24	0	0	V0.2	0	0	66	60	67	72	65	77	67	81	75	80	85	78	97	84	105	96	112	114	117	129	126	138	141	141	168	155	202	177	229	206	238	233	209	232	180	246	189	294	270	325	332	345	402	359	446	464	491	482	530	615	635	816	894	1000	886	866	689	567	383	204	196	158	241	181	232	225	246	271	238	273	226	239	205	200	195	168	180	148	165	138	147	133	130	126	119
64	170	1	2	119	0	1953125	12	0.0	1262	1.24	0	0	V0.2	0	0	62	72	53	85	49	92	54	91	65	91	76	93	86	102	94	112	105	122	121	124	141	122	163	122	186	144	209	186	219	228	218	246	200	228	197	223	228	262	321	291	368	334	401	386	410	503	448	506	496	638	632	825	929	1000	927	849	738	538	409	180	178	182	211	216	197	255	227	279	249	257	254	210	229	176	206	160	180	156	155	149	135	144	121	130	115
64	170	1	2	119	0	1953125	12	0.0	1265	1.24	0	0	V0.2	0	0	64	60	84	52	91	53	95	61	95	74	94	86	96	96	104	106	118	119	127	136	128	153	129	177	137	208	164	235	204	242	248	224	253	187	246	194	257	260	322	339	334	408	375	432	447	500	530	476	598	590	724	780	1000	980	971	865	752	594	385	260	136	235	202	239	226	247	284	253	299	246	274	230	225	217	187	200	164	184	152	163	146	144	139	131	130
64	170	1	2	119	0	1953125	12	0.0	1265	1.24	0	0	V0.2	0	0	74	77	67	90	64	98	67	98	77	97	89	97	102	104	110	116	119	128	129	137	145	136	166	136	191	151	220	182	234	224	233	249	201	238	186	241	207	281	303	309	360	334	409	372	426	495	471	514	517	648	631	834	904	1000	897	856	722	557	413	186	193	165	238	205	219	252	233	282	239	267	239	221	220	180	203	158	185	151	158	139	135	136	116	122	110
64	170	1	2	119	0	1953125	12	0.0	1265	1.24	0	0	V0.2	0	0	64	65	60	79	57	86	59	86	70	86	82	84	93	90	100	101	109	117	120	128	134	130	151	132	178	146	211	177	233	216	234	245	203	238	181	246	198	290	289	319	349	339	412	371	444	490	490	512	540	656	654	853	909	1000	876	842	684	549	393	188	196	167	256	207	242	253	253	293	249	285	241	242	222	199	209	171	194	157	170	145	150	141	129	131	122
64	170	1	2	119	0	1953125	12	0.0	1267	1.24	0	0	V0.2	0	0	73	58	81	62	83	70	85	75	89	78	95	77	106	83	114	95	120	115	121	136	122	151	129	162	152	176	190	189	227	204	244	217	217	214	183	234	183	294	255	336	300	351	374	343	433	429	493	441	558	600	685	831	931	1000	874	851	658	561	337	199	153	152	233	172	240	208	262	254	248	266	219	242	186	207	175	177	171	156	162	132	147	123	129	115	116
64	170	1	2	119	0	1953125	12	0.0	1265	1.24	0	0	V0.2	0	0	60	74	50	85	48	90	54	90	63	91	72	93	81	100	88	111	102	118	120	121	141	117	161	121	184	143	206	187	213	230	214	245	198	221	197	214	230	253	321	281	359	328	387	377	391	492	436	503	505	650	660	846	949	999	935	844	737	527	408	184	176	187	214	230	204	267	236	283	257	259	262	214	237	182	212	168	184	162	158	157	138	147	123	132	118
64	170	1	2	119	0	1953125	12	0.0	1267	1.24	0	0	V0.2	0	0	69	59	72	68	71	75	73	77	78	77	89	76	99	82	107	94	113	113	117	129	121	139	133	147	159	159	195	176	224	198	232	216	199	214	167	232	177	290	260	327	316	339	381	336	419	424	461	436	518	596	652	829	909	1000	874	855	669	554	358	190	171	145	235	172	235	218	250	263	237	269	218	236	193	198	183	166	174	147	161	133	146	126	124	117	115
64	170	1	2	119	0	1953125	12	0.0	1265	1.24	0	0	V0.2	0	0	64	70	55	81	52	87	55	88	66	88	77	87	86	93	94	104	104	115	116	122	133	119	153	121	179	139	205	175	217	214	212	232	186	219	175	225	208	271	303	300	357	329	394	361	397	460	424	471	483	630	635	840	914	1000	910	851	718	535	400	176	180	159	222	206	213	255	234	282	242	264	242	217	222	181	205	162	187	157	159	146	140	142	121	128	116
64	170	1	2	119	0	1953125	12	0.0	1267	1.24	0	0	V0.2	0	0	68	65	69	76	67	85	69	84	77	84	84	82	98	89	104	100	113	115	117	128	127	131	143	138	170	149	202	172	221	200	221	219	184	210	161	228	184	288	279	321	338	339	394	344	407	430	433	438	487	604	630	823	897	1000	883	853	689	545	379	184	175	140	223	177	220	227	237	269	230	262	219	223	199	184	187	155	174	144	158	132	136	128	120	119	108
64	170	1	2	119	0	1953125	12	0.0	1265	1.24	0	0	V0.2	0	0	57	69	49	81	46	87	53	86	63	88	71	89	79	96	88	108	100	116	116	119	136	115	155	119	179	141	202	183	211	222	209	235	188	213	187	217	227	266	326	300	372	342	397	374	385	462	408	467	474	628	633	825	927	1000	940	860	748	542	421	201	189	190	219	229	212	267	238	285	254	259	254	213	230	179	205	162	183	162	160	153	138	146	124	133	118
64	170	1	2	119	0	1953125	12	0.0	1267	1.24	0	0	V0.2	0	0	70	60	72	70	72	77	73	81	80	80	89	79	102	85	109	98	114	114	118	130	122	139	135	145	162	157	197	172	222	195	226	211	189	208	164	236	186	305	282	346	341	354	397	335	404	405	424	405	477	569	612	789	876	999	892	885	707	576	376	199	177	145	234	173	233	222	246	263	232	265	213	229	190	189	179	158	172	144	159	129	140	124	122	117	112
64	170	1	2	119	0	1953125	12	0.0	1265	1.24	0	0	V0.2	0	0	64	63	59	76	56	83	58	82	68	83	79	81	90	86	98	99	107	113	114	123	126	124	143	127	172	142	203	169	222	203	218	223	180	211	158	230	192	295	300	336	368	355	418	361	414	447	427	444	472	606	611	806	880	1000	892	870	721	562	397	184	186	157	241	198	227	242	240	279	236	269	230	225	207	184	195	157	181	147	162	139	142	135	124	125	116
64	170	1	2	119	0	1953125	12	0.0	1267	1.24	0	0	V0.2	0	0	68	65	66	76	63	84	65	84	74	84	85	82	96	89	104	100	112	116	117	127	127	130	144	137	173	148	204	171	225	202	221	221	184	213	161	236	192	298	294	336	358	350	411	351	408	434	435	448	492	616	627	812	884	1000	888	871	717	569	396	196	189	155	243	195	235	241	244	277	234	268	227	227	205	187	193	160	181	146	160	137	142	131	121	123	112
64	170	1	2	119	0	1953125	12	0.0	1265	1.24	0	0	V0.2	0	0	62	70	54	82	51	88	56	89	66	89	76	88	85	95	93	106	103	115	116	119	133	117	153	121	179	141	203	176	212	212	206	227	180	213	177	227	221	278	323	310	370	339	397	355	372	436	399	455	472	631	633	819	909	1000	920	860	748	550	412	188	181	172	221	219	212	258	232	277	243	255	243	210	221	175	200	157	181	156	157	146	135	140	120	127	114
64	170	1	2	119	0	1953125	12	0.0	1267	1.24	0	0	V0.2	0	0	66	69	80	65	92	66	95	73	96	84	94	97	99	105	106	113	119	121	127	133	129	151	133	175	140	203	165	225	198	226	233	203	233	178	235	201	263	289	327	366	339	413	373	386	401	408	457	393	545	563	706	768	967	1000	968	918	776	636	394	279	158	217	227	215	250	225	284	247	276	254	239	238	192	214	170	191	162	168	155	142	148	125	133	115	122
64	170	1	2	119	0	1953125	12	0.0	1240	1.23	0	0	V0.2	0	0	67	53	74	58	77	67	79	73	83	75	90	75	100	80	107	93	111	108	110	120	111	129	124	137	150	148	183	154	198	168	193	179	154	178	135	208	167	276	263	313	323	323	375	318	374	393	399	404	455	573	598	781	867	1000	899	887	730	574	385	186	161	126	208	164	200	211	216	254	217	251	216	215	202	179	191	153	176	145	158	138	137	133	119	123	110
64	170	1	2	119	0	1953125	12	0.0	1242	1.23	0	0	V0.2	0	0	75	60	84	64	89	72	89	76	93	80	100	82	109	88	115	96	119	113	117	129	114	142	120	156	142	170	175	172	198	172	203	169	171	165	151	198	174	281	255	336	302	348	363	320	386	368	422	364	480	522	623	748	892	1000	925	915	739	618	373	233	139	146	202	150	211	179	239	224	232	243	207	226	175	199	162	171	157	147	150	127	138	116	122	107	110
64	170	1	2	119	0	1953125	12	0.0	1240	1.23	0	0	V0.2	0	0	70	57	78	62	80	68	83	73	87	76	93	76	103	82	111	93	115	109	112	124	109	135	117	148	140	162	174	167	198	169	201	170	166	165	143	195	165	275	251	331	302	345	368	329	398	385	433	381	486	534	626	758	894	999	919	908	728	609	369	223	141	141	206	151	212	181	241	231	234	248	211	232	181	202	167	173	163	153	157	133	145	122	127	113	115
64	170	1	2	119	0	1953125	12	0.0	1240	1.23	0	0	V0.2	0	0	75	60	85	62	90	69	92	74	95	80	100	82	109	87	116	98	121	115	118	129	114	144	117	159	138	173	169	176	196	174	204	168	175	161	154	190	173	269	246	328	288	342	351	320	384	365	425	365	487	516	633	747	904	999	939	919	740	619	374	240	135	152	194	149	205	174	237	217	235	236	208	225	173	199	158	169	153	151	149	128	138	116	123	107	109
64	170	1	2	119	0	1953125	12	0.0	1240	1.23	0	0	V0.2	0	0	67	52	78	54	82	60	85	65	87	71	92	74	101	80	108	90	113	106	110	121	105	136	108	152	129	168	162	172	191	169	202	165	174	158	155	189	173	269	246	327	284	343	346	319	381	358	419	350	481	506	634	742	909	1000	939	909	728	606	355	221	124	149	192	149	204	173	241	216	240	238	214	226	177	204	161	178	154	157	151	134	143	121	129	112	116
64	170	1	2	119	0	1953125	12	0.0	1242	1.23	0	0	V0.2	0	0	71	63	72	73	73	81	75	83	81	84	90	82	101	87	107	98	112	112	113	121	116	127	128	133	155	145	185	154	198	169	191	179	149	172	125	197	155	270	258	312	314	317	374	324	385	391	388	378	431	523	576	755	863	1000	903	898	719	591	386	193	157	125	206	145	197	183	215	235	212	246	201	218	181	182	172	153	163	137	150	123	134	118	116	110	106
64	170	1	2	119	0	1953125	12	0.0	1240	1.23	0	0	V0.2	0	0	59	63	74	59	82	61	88	67	87	78	85	90	87	100	95	106	107	112	117	118	121	128	124	149	133	180	147	204	166	204	188	176	188	136	193	144	232	220	312	298	317	363	339	385	369	426	412	404	489	550	662	756	964	985	1000	880	782	575	406	224	124	197	161	211	173	226	231	236	261	223	258	200	221	186	188	176	163	173	146	157	134	143	125	126	118
64	170	1	2	119	0	1953125	12	0.0	1242	1.23	0	0	V0.2	0	0	73	62	77	71	77	79	79	82	84	82	93	82	103	87	110	98	114	112	114	124	116	132	127	139	150	149	179	156	194	166	191	173	154	169	134	197	157	267	247	305	295	312	356	311	376	370	391	376	453	533	606	768	881	1000	910	896	708	586	376	206	154	127	198	140	199	179	219	229	215	243	199	219	177	187	166	156	159	138	150	124	135	116	117	109	106
64	170	1	2	119	0	1953125	12	0.0	1240	1.23	0	0	V0.2	0	0	67	54	75	60	78	67	80	73	84	76	93	76	101	81	108	91	112	107	109	120	106	131	114	144	138	157	169	161	193	165	196	168	162	162	142	194	163	272	245	318	292	332	359	323	395	371	403	357	454	502	606	745	892	1000	927	913	723	613	382	231	155	149	205	149	210	179	234	226	229	244	208	229	180	201	168	173	163	153	156	132	143	121	127	113	114
64	170	1	2	119	0	1953125	12	0.0	1240	1.23	0	0	V0.2	0	0	73	65	76	75	75	83	77	84	84	84	92	83	105	89	109	99	115	114	114	124	118	131	131	138	158	148	186	157	201	170	193	180	151	172	127	197	152	270	251	309	308	316	367	320	387	386	392	385	441	525	582	763	868	1000	909	903	711	590	388	202	159	122	201	139	199	181	218	234	212	245	198	218	179	184	171	155	164	139	153	125	134	119	117	110	103
64	170	1	2	119	0	1953125	12	0.0	1265	1.24	0	0	V0.2	0	0	65	53	80	48	86	50	89	59	91	71	90	78	95	88	102	97	113	110	118	126	119	142	116	163	128	191	153	217	189	220	219	200	222	163	222	174	252	254	330	336	341	396	360	407	394	426	416	386	475	515	642	729	953	975	1000	892	794	618	445	284	170	240	198	245	208	253	260	257	280	236	268	207	227	189	190	177	166	174	146	158	133	143	123	129	119
64	170	1	2	119	0	1953125	12	0.0	1267	1.24	0	0	V0.2	0	0	70	66	69	77	67	86	70	87	78	87	89	86	100	92	108	104	115	118	119	129	130	135	146	138	173	150	203	173	224	203	222	221	185	211	161	228	186	294	291	338	362	358	419	372	431	440	421	429	444	542	563	758	855	1000	925	926	765	627	470	257	236	183	254	201	234	239	245	279	240	273	230	230	207	188	193	159	179	148	160	134	139	130	122	122	113
64	170	1	2	119	0	1953125	12	0.0	1265	1.24	0	0	V0.2	0	0	60	68	52	80	48	85	53	87	64	87	75	88	84	95	92	105	102	115	116	119	133	117	152	118	174	136	200	174	213	214	211	233	185	213	175	216	208	268	312	310	376	349	418	392	418	470	413	457	439	563	564	766	869	1000	955	920	799	625	503	267	246	214	249	236	223	265	244	291	255	273	257	224	231	186	210	166	187	159	161	150	143	145	126	135	122
64	170	1	2	119	0	1953125	12	0.0	1265	1.24	0	0	V0.2	0	0	73	69	75	78	73	86	76	87	83	89	92	87	106	94	112	105	119	119	121	134	130	139	143	144	169	155	203	177	227	205	230	224	193	216	166	229	182	293	280	335	348	354	414	369	437	442	435	428	441	521	549	744	849	1000	931	947	789	667	500	289	258	200	268	207	238	231	245	274	239	272	228	235	205	193	192	161	175	146	160	133	139	128	122	119	112
64	170	1	2	119	0	1953125	12	0.0	1265	1.24	0	0	V0.2	0	0	66	70	58	82	56	89	61	91	71	90	82	90	93	96	101	109	110	120	121	128	137	127	156	129	182	144	209	177	225	219	226	243	196	228	180	232	208	286	310	325	380	363	438	407	455	500	458	491	468	571	559	767	863	1000	942	942	819	665	535	297	282	235	284	250	246	270	252	299	257	284	259	241	238	200	218	171	194	162	170	154	147	147	130	136	124
64	170	1	2	119	0	1953125	12	0.0	1267	1.24	0	0	V0.2	0	0	68	75	59	87	56	95	61	94	73	95	85	97	95	104	103	114	113	126	126	130	143	128	164	130	188	147	213	183	225	226	224	247	199	234	192	235	225	281	322	314	381	353	426	400	434	494	450	504	485	601	587	789	880	1000	949	924	813	639	516	274	265	229	271	251	236	275	245	296	256	275	262	231	239	193	218	171	194	166	167	154	143	147	127	136	122
64	170	1	2	119	0	1953125	12	0.0	1265	1.24	0	0	V0.2	0	0	62	75	52	87	49	93	56	94	68	95	77	96	85	105	95	116	107	123	124	127	144	121	166	126	189	145	210	188	217	229	217	248	201	229	205	231	246	277	345	312	391	359	422	414	426	502	442	501	480	606	604	796	898	1000	954	905	811	620	503	256	243	234	258	263	228	281	249	295	264	269	270	224	243	189	220	171	190	168	165	160	145	152	129	139	124
64	170	1	2	119	0	1953125	12	0.0	1267	1.24	0	0	V0.2	0	0	74	62	91	56	99	59	103	69	102	80	104	90	110	100	119	109	128	123	132	143	131	164	129	186	140	210	171	229	212	230	250	216	246	190	235	211	251	293	319	372	338	422	392	429	466	462	511	433	571	548	698	766	972	999	989	932	797	673	446	319	189	258	247	245	258	235	293	252	293	256	261	243	210	225	179	202	165	182	159	155	150	137	139	123	129
64	170	1	2	119	0	1953125	12	0.0	1265	1.24	0	0	V0.2	0	0	68	55	74	62	75	70	77	74	81	76	91	76	102	82	110	95	118	114	119	133	122	144	129	157	156	169	192	185	227	201	239	217	211	217	187	245	202	318	285	366	340	378	412	377	455	432	478	431	524	564	636	787	889	1000	906	908	723	623	417	259	209	194	269	204	267	234	279	274	258	279	230	251	198	217	186	184	180	162	171	143	156	133	139	126	128
64	170	1	2	119	0	1953125	12	0.0	1265	1.24	0	0	V0.2	0	0	73	62	90	55	101	60	102	67	102	79	102	88	109	97	116	107	126	120	128	142	128	161	126	182	137	206	166	221	205	220	239	201	232	179	226	204	249	296	319	369	326	402	362	381	405	389	440	361	514	511	675	750	961	1000	983	920	764	629	391	264	136	205	203	206	231	213	274	233	273	237	239	224	187	206	160	185	146	166	144	142	139	123	128	112	119
64	170	1	2	119	0	1953125	12	0.0	1265	1.24	0	0	V0.2	0	0	54	74	52	79	56	83	63	84	68	90	73	98	78	107	87	116	102	119	120	118	139	114	156	124	176	151	192	194	198	227	198	228	188	199	195	205	249	267	360	316	395	362	403	399	378	450	372	425	421	571	584	779	894	1000	961	892	792	581	459	213	194	190	221	226	207	259	232	279	245	255	244	209	222	175	201	158	183	157	159	148	138	142	122	130	116
64	170	1	2	119	0	1953125	12	0.0	1267	1.24	0	0	V0.2	0	0	69	59	86	52	94	56	97	63	95	74	96	83	103	93	111	103	121	117	125	135	124	156	124	178	135	202	165	221	204	220	238	202	230	178	223	201	248	292	322	374	342	419	386	408	424	412	456	379	522	525	681	753	960	1000	987	922	778	635	403	281	154	218	208	216	236	223	280	241	281	244	249	229	199	212	170	195	159	176	153	153	145	134	136	123	127
64	170	1	2	119	0	1953125	12	0.0	1265	1.24	0	0	V0.2	0	0	67	51	79	53	83	60	86	65	88	71	94	75	103	82	112	94	119	111	119	134	117	150	119	167	140	185	179	199	218	204	241	206	220	198	199	229	217	315	294	379	339	405	405	388	443	403	458	377	502	509	642	750	909	1000	943	932	753	640	401	268	185	193	237	189	248	209	273	247	261	260	228	243	189	215	170	187	165	166	160	142	152	129	137	120	127
64	170	1	2	119	0	1953125	12	0.0	1265	1.24	0	0	V0.2	0	0	78	63	94	58	103	62	104	71	105	82	107	89	114	99	123	110	132	126	133	147	131	168	129	189	144	212	176	228	220	227	253	212	240	189	225	215	245	309	321	391	348	432	408	426	464	431	483	387	529	510	667	747	950	1000	976	937	788	660	412	287	166	222	231	213	246	214	281	239	275	248	242	234	190	214	164	193	159	172	153	145	145	127	133	116	123
64	170	1	2	119	0	1953125	12	0.0	1265	1.24	0	0	V0.2	0	0	67	54	84	49	92	52	94	61	95	72	97	81	103	90	113	101	122	117	125	138	123	158	122	182	137	206	169	226	214	227	249	214	244	190	233	216	255	305	326	389	354	436	406	433	458	439	487	404	549	536	692	763	963	1000	988	934	791	652	414	296	173	238	235	235	255	235	295	253	292	255	260	241	209	225	181	207	168	186	162	161	155	142	143	128	134
64	170	1	2	119	0	1953125	12	0.0	1267	1.24	0	0	V0.2	0	0	74	59	89	55	95	61	99	68	99	77	102	84	110	92	119	105	127	120	129	143	127	163	127	183	144	204	181	219	220	221	251	212	236	195	219	223	235	311	310	388	346	426	411	416	460	429	488	402	543	537	684	770	944	1000	961	934	774	651	409	290	185	219	242	212	252	216	282	246	274	256	240	242	193	218	171	193	161	172	159	145	149	130	138	121	128
64	170	1	2	119	0	1953125	12	0.0	1265	1.24	0	0	V0.2	0	0	61	66	75	61	85	63	89	69	90	83	88	94	90	106	100	114	113	121	128	131	137	143	142	166	153	198	170	233	196	244	229	227	238	184	244	188	279	262	364	349	382	424	404	461	431	481	452	436	517	568	671	768	964	980	1000	900	823	622	450	294	182	258	210	258	216	256	265	260	288	240	275	215	232	197	195	187	169	181	151	164	141	148	132	134	126
64	170	1	2	119	0	1953125	12	0.0	1265	1.24	0	0	V0.2	0	0	78	60	91	60	100	66	101	74	103	81	105	86	116	96	124	106	132	125	131	147	130	167	131	186	151	207	188	221	231	224	258	218	239	207	221	237	233	322	310	396	354	430	425	419	471	431	492	408	547	539	674	771	932	1000	949	932	756	642	395	272	180	200	234	194	248	209	277	247	267	258	230	239	185	215	168	189	162	165	157	137	147	126	135	117	121
64	170	1	2	119	0	1953125	12	0.0	1265	1.24	0	0	V0.2	0	0	66	52	83	47	90	50	94	60	95	72	96	78	102	89	109	99	120	115	123	135	121	155	118	179	133	205	166	226	212	228	249	213	244	188	231	209	250	298	328	393	360	446	422	451	476	447	480	379	512	492	660	741	957	1000	997	940	795	666	418	306	191	232	223	212	232	213	279	241	284	247	253	234	199	215	170	195	156	175	153	153	150	137	140	124	129
64	170	1	2	119	0	1953125	12	0.0	1262	1.24	0	0	V0.2	0	0	71	58	76	66	79	74	80	79	86	80	94	79	107	86	113	97	121	116	121	136	125	149	133	157	160	172	199	189	236	211	248	227	210	218	171	229	180	305	281	372	364	404	458	429	506	473	476	418	455	477	555	729	856	1000	922	946	778	672	464	284	259	193	254	177	228	197	244	255	240	269	219	239	188	199	178	168	171	150	164	133	147	127	131	121	119
64	170	1	2	119	0	1953125	12	0.0	1265	1.24	0	0	V0.2	0	0	56	76	56	82	64	85	71	88	75	95	77	104	81	115	89	123	108	127	130	127	152	124	167	133	186	162	204	217	220	265	234	273	230	228	228	205	258	256	368	327	434	413	484	513	502	588	483	517	454	528	523	745	869	999	974	936	869	665	551	305	276	266	258	261	209	267	235	295	261	276	270	227	244	187	218	165	194	168	171	159	148	152	131	142	125
64	170	1	2	119	0	1953125	12	0.0	1290	1.24	0	0	V0.2	0	0	77	68	77	80	77	86	81	88	89	87	101	86	113	90	122	103	129	125	132	149	137	166	146	178	171	190	211	218	265	249	296	273	275	270	233	277	224	342	309	416	388	461	492	486	566	526	559	468	546	490	599	731	889	1000	947	969	800	723	492	353	286	253	295	221	273	223	297	270	287	282	246	258	195	223	169	190	165	169	159	142	151	129	138	119	126
64	170	1	2	119	0	1953125	12	0.0	1290	1.24	0	0	V0.2	0	0	71	53	80	57	83	61	84	66	88	71	96	74	107	80	114	93	121	114	123	142	126	164	128	178	149	195	192	223	251	248	295	264	280	259	243	270	229	336	314	420	392	482	510	514	593	543	567	457	512	444	567	702	887	999	962	1000	834	766	534	390	326	277	317	231	281	229	300	282	289	294	251	268	203	230	187	199	179	174	173	148	162	136	147	129	135
64	170	1	2	119	0	1953125	12	0.0	1287	1.24	0	0	V0.2	0	0	83	63	92	69	95	79	96	82	102	86	109	87	121	93	129	107	136	131	139	158	140	178	149	192	172	205	219	231	277	262	315	287	286	278	233	278	217	344	313	426	407	484	539	524	625	582	596	507	527	466	531	701	851	987	936	1000	829	760	541	364	324	253	315	215	275	227	286	287	274	300	240	265	202	218	186	182	183	162	172	136	154	131	138	124	127
64	170	1	2	119	0	1953125	12	0.0	1290	1.24	0	0	V0.2	0	0	73	52	84	56	87	60	88	64	91	69	99	74	107	81	117	94	124	116	127	148	128	172	129	189	148	205	194	234	259	260	310	280	303	275	260	277	234	335	314	422	395	500	527	541	628	567	598	470	544	450	591	719	901	986	960	999	826	787	545	410	332	281	310	228	283	226	310	283	302	298	261	273	207	235	185	204	176	176	173	151	165	139	150	131	139
64	170	1	2	119	0	1953125	12	0.0	1287	1.24	0	0	V0.2	0	0	82	64	91	69	93	77	95	81	98	85	108	86	118	92	126	105	134	127	136	155	139	175	147	189	171	201	212	227	270	256	304	278	280	271	231	274	219	343	311	424	411	488	538	531	621	569	563	479	482	423	520	688	850	980	943	1000	836	776	564	389	340	268	316	223	272	229	281	283	268	295	239	263	202	215	184	177	172	152	167	135	152	128	137	122	125
64	170	1	2	119	0	1953125	12	0.0	1290	1.24	0	0	V0.2	0	0	62	65	79	58	87	58	91	63	90	81	87	92	88	104	96	112	112	121	130	137	147	153	150	175	160	203	181	255	226	292	276	292	302	243	298	215	303	269	390	375	443	499	507	590	565	622	556	517	530	500	593	711	922	941	1000	919	872	722	560	412	274	336	261	302	244	286	296	292	319	265	300	229	244	204	203	192	173	184	156	171	144	154	135	139	131
64	170	1	2	119	0	1953125	12	0.0	1267	1.24	0	0	V0.2	0	0	65	80	55	93	52	99	59	100	71	100	81	102	91	111	98	120	112	130	130	131	151	126	174	128	196	147	218	198	230	248	230	266	208	229	197	206	225	262	346	321	422	403	485	503	503	571	453	484	409	489	493	747	865	1000	970	929	849	668	558	323	277	266	240	250	196	255	227	285	258	265	272	218	242	179	215	165	186	166	160	157	138	151	127	138	123
64	170	1	2	119	0	1953125	12	0.0	1265	1.24	0	0	V0.2	0	0	65	56	83	47	92	51	98	60	96	75	96	86	100	95	110	106	121	116	126	135	125	153	121	177	130	204	158	233	206	241	249	219	245	172	223	173	241	266	330	371	364	462	434	500	509	508	508	398	494	431	590	698	948	968	1000	933	833	726	512	401	248	313	256	265	246	238	290	257	309	257	283	242	227	220	185	203	166	186	155	163	151	145	143	133	134
64	170	1	2	119	0	1953125	12	0.0	1267	1.24	0	0	V0.2	0	0	65	62	84	56	95	57	99	65	97	79	94	91	99	102	106	109	119	119	127	134	131	153	129	176	137	206	161	236	200	241	237	210	236	163	229	165	255	256	339	357	361	445	412	472	458	477	463	383	479	471	620	720	969	969	1000	907	814	675	480	358	209	288	231	258	231	245	284	256	302	248	279	228	220	211	182	197	157	178	144	157	140	140	134	126	127
64	170	1	2	119	0	1953125	12	0.0	1265	1.24	0	0	V0.2	0	0	66	57	87	47	96	49	100	59	100	74	99	85	103	97	112	106	122	118	127	136	124	156	120	181	128	211	158	237	204	238	241	204	234	161	223	174	256	280	345	384	361	449	405	449	448	435	460	357	506	490	660	743	991	1000	997	915	800	683	460	354	200	287	246	258	249	244	302	259	312	257	280	243	220	223	179	201	161	189	155	160	148	142	142	129	132
64	170	1	2	119	0	1953125	12	0.0	1290	1.24	0	0	V0.2	0	0	72	59	90	51	99	53	103	63	100	76	98	86	101	98	110	107	121	120	129	136	134	156	133	183	141	213	167	249	209	262	252	239	260	191	258	187	292	280	395	382	406	456	412	463	420	459	441	413	497	528	639	734	957	972	1000	883	814	654	483	343	213	311	255	308	250	295	302	288	315	252	289	210	233	189	191	177	161	171	140	155	125	140	117	128	116
64	170	1	2	119	0	1953125	12	0.0	1265	1.24	0	0	V0.2	0	0	58	62	77	54	88	55	92	60	90	75	87	87	90	99	99	107	113	115	124	131	126	150	124	174	130	205	156	232	196	235	238	204	236	165	229	177	254	274	330	363	340	426	382	424	429	420	461	384	552	537	708	777	992	1000	971	895	749	657	420	326	203	267	259	250	268	238	313	268	308	274	268	258	210	238	185	211	170	183	169	156	162	138	149	126	135
64	170	1	2	119	0	1953125	12	0.0	1265	1.24	0	0	V0.2	0	0	76	65	94	58	104	60	105	69	106	82	106	93	112	102	120	112	130	123	131	143	130	164	127	185	137	210	166	228	207	226	238	199	231	172	226	197	251	293	325	372	337	423	384	415	431	411	450	376	540	541	713	788	993	1000	978	901	764	656	433	333	206	273	252	254	256	236	296	253	295	254	259	237	203	217	174	199	159	177	152	148	143	130	134	118	125
64	170	1	2	119	0	1953125	12	0.0	1265	1.24	0	0	V0.2	0	0	65	67	82	60	92	62	97	71	96	85	95	96	97	108	108	118	123	126	134	137	139	152	142	177	150	207	167	235	195	241	228	215	233	177	245	191	289	282	371	364	379	435	400	457	431	478	479	469	566	595	716	801	998	990	1000	879	791	625	452	318	208	296	250	297	255	284	302	279	314	258	290	232	239	216	199	201	175	192	160	171	148	152	140	137	132
64	170	1	2	119	0	1953125	12	0.0	1267	1.24	0	0	V0.2	0	0	67	70	84	66	93	67	98	73	97	86	96	99	98	111	107	120	121	126	133	135	140	152	145	176	154	206	168	233	194	241	227	218	233	179	244	188	286	278	375	362	377	422	383	437	405	458	460	461	564	609	726	808	1000	994	992	867	787	628	454	321	212	299	256	301	255	283	298	277	309	254	286	227	237	210	197	198	176	191	155	165	143	149	137	133	128
