34928	35048	35167	35286	35405	35524	35644	35763	35882	36001	36120	36240	36359	36478	36597	36716	36836	36955	37074	37193	37313	37432	37551	37670	37789	37909	38028	38147	38266	38385	38505	38624	38743	38862	38981	39101	39220	39339	39458	39577	39697	39816	39935	40054	40174	40293	40412	40531	40650	40770	40889	41008	41127	41246	41366	41485	41604	41723	41842	41962	42081	42200	42319	42439	42558	42677	42796	42915	43035	43154	43273	43392	43511	43631	43750	43869	43988	44107	44227	44346	44465	44584	44703	44823	44942
64	170	2	2	119	0	1953125	12	0.0	24	1.02	0	0	V0.2	0	0	34	6	55	7	61	14	55	16	52	15	49	21	57	23	64	25	53	44	48	55	31	73	5	94	41	106	95	172	55	90	214	41	246	258	138	341	350	173	299	434	154	567	574	52	944	747	333	950	463	716	758	285	543	1000	518	574	903	478	662	534	300	430	261	227	239	127	75	152	101	106	97	92	65	61	118	61	99	54	79	50	53	56	36	57	36
64	170	2	2	119	0	1953125	12	0.0	24	1.02	0	0	V0.2	0	0	21	45	14	66	14	66	14	58	1	47	15	50	26	58	28	58	25	56	51	19	79	1	84	23	140	13	106	146	86	159	168	96	227	349	109	248	450	68	406	347	68	610	684	78	886	900	343	985	454	586	913	455	585	1000	650	628	948	523	598	655	257	448	236	151	311	83	151	128	145	118	67	116	20	97	83	97	82	63	87	40	72	31	58	44	47
64	170	2	2	119	0	1953125	12	0.0	26	1.02	0	0	V0.2	0	0	8	36	34	31	51	18	50	3	46	8	44	11	51	17	51	34	30	48	38	22	66	8	69	44	97	64	33	174	25	104	181	46	198	250	118	324	266	174	309	358	36	470	637	87	715	785	235	837	405	493	763	353	432	1000	542	548	815	416	571	511	153	475	173	127	200	166	124	81	154	78	71	106	19	91	78	78	85	43	78	46	51	55	35	50	37
64	170	2	2	119	0	1953125	12	0.0	0	1.02	0	0	V0.2	0	0	34	14	46	36	46	43	41	41	40	29	48	24	59	25	61	34	48	47	46	39	48	62	56	62	118	85	124	106	117	90	212	61	149	320	60	284	280	171	313	372	32	428	663	84	787	674	185	865	325	450	699	517	522	1000	490	527	884	379	561	520	127	466	175	144	209	158	128	104	173	48	143	47	93	69	102	74	54	91	46	74	49	59	54	53	50
64	170	2	2	119	0	1953125	12	0.0	24	1.02	0	0	V0.2	0	0	30	32	23	47	23	52	21	45	26	38	37	33	46	34	51	40	38	50	37	45	47	57	49	62	93	80	117	111	84	87	208	24	179	275	97	311	256	170	261	400	79	454	599	44	828	591	264	789	404	496	667	430	391	1000	439	612	788	425	580	427	212	345	247	159	219	116	94	140	83	104	68	98	44	72	96	70	80	46	67	38	57	44	46	47	40
64	170	2	2	119	0	1953125	12	0.0	74	1.03	0	0	V0.2	0	0	32	10	49	27	59	28	55	21	46	5	41	12	39	23	41	27	37	34	22	43	31	49	34	71	80	45	41	135	51	153	127	49	227	283	113	230	396	39	393	308	43	568	696	122	854	771	352	936	373	432	813	565	501	1000	557	639	945	469	552	575	112	426	166	38	204	188	118	85	151	40	104	36	97	27	99	58	45	62	39	59	23	56	21	50	29
64	170	1	2	119	0	1953125	12	0.0	2726	1.49	0	0	V0.2	0	0	73	87	100	85	66	83	106	116	116	101	99	105	114	135	137	123	127	139	144	150	166	189	179	164	155	181	227	174	166	226	241	250	315	296	269	328	127	221	378	293	455	664	619	561	898	651	408	749	238	442	689	520	656	1000	766	357	877	649	121	533	308	146	176	200	216	234	283	293	290	215	202	207	211	182	173	206	194	181	159	159	166	144	124	122	122
64	170	1	2	119	0	1953125	12	0.0	2729	1.49	0	0	V0.2	0	0	97	104	94	119	83	130	101	130	112	141	132	134	148	149	149	151	165	172	170	194	207	203	219	213	249	190	246	206	262	239	318	353	342	389	322	359	224	302	299	451	561	705	843	786	870	758	745	536	340	401	559	744	852	1000	874	815	667	650	592	359	383	256	241	166	320	315	366	349	332	331	228	269	223	258	212	260	242	219	212	201	200	158	173	160	154
64	170	1	2	119	0	1953125	12	0.0	2108	1.38	0	0	V0.2	0	0	33	32	23	60	24	57	32	41	45	18	40	25	57	8	44	20	39	52	42	30	81	41	77	80	51	131	26	89	23	17	129	228	222	350	290	287	366	210	230	95	204	394	661	626	834	750	761	549	77	138	424	623	803	1000	824	641	303	193	211	181	103	303	307	469	396	206	218	180	135	199	137	64	120	54	109	110	34	78	55	62	71	29	52	57	43
64	170	1	2	119	0	1953125	12	0.0	2106	1.38	0	0	V0.2	0	0	20	36	20	47	37	27	13	48	29	20	15	53	12	32	24	47	10	43	56	17	46	44	80	27	114	53	38	64	104	118	46	132	244	289	91	335	333	160	29	202	281	517	286	494	858	613	266	591	348	440	575	84	811	1000	481	471	525	295	134	118	243	389	269	255	262	265	131	129	179	111	88	44	131	75	41	61	74	47	44	76	31	23	38	57	18
64	170	1	2	119	0	1953125	12	0.0	2726	1.49	0	0	V0.2	0	0	81	103	69	113	81	102	112	102	117	113	118	120	125	128	120	150	123	158	154	152	174	183	145	228	147	189	202	167	188	254	200	276	323	249	276	329	138	223	356	196	507	663	507	614	855	519	452	578	233	408	703	357	738	1000	631	583	721	488	251	416	373	94	186	158	142	296	251	257	271	229	169	227	139	191	178	170	166	187	127	163	135	121	130	115	101
64	170	1	2	119	0	1953125	12	0.0	2709	1.48	0	0	V0.2	0	0	106	106	105	115	104	135	110	134	126	140	137	135	156	144	159	155	171	172	175	199	200	202	217	209	237	184	238	188	245	228	293	317	300	358	285	319	205	314	313	432	542	659	807	742	825	718	679	525	402	487	632	842	880	1000	819	787	632	574	533	293	321	192	208	132	266	282	332	352	314	327	231	261	226	240	220	236	247	206	218	196	206	171	170	166	151
64	170	1	2	119	0	1953125	12	0.0	2706	1.48	0	0	V0.2	0	0	95	120	95	133	98	149	113	143	123	151	126	153	139	167	139	174	164	180	176	181	207	173	223	181	232	173	225	201	212	237	245	303	254	288	269	256	236	274	363	384	559	609	744	702	710	671	539	456	345	582	664	918	904	1000	828	729	596	452	420	212	230	148	127	108	213	268	267	320	272	273	210	206	210	179	201	187	220	173	191	177	169	154	142	149	120
64	170	1	2	119	0	1953125	12	0.0	2131	1.39	0	0	V0.2	0	0	27	13	48	16	48	47	27	45	9	44	5	34	7	45	31	22	34	28	38	37	7	60	40	41	56	44	68	57	19	100	91	184	268	231	309	187	208	204	49	56	351	480	670	721	702	735	573	340	55	463	544	907	866	1000	775	552	267	155	117	306	247	281	417	347	360	214	148	200	152	122	155	63	91	103	50	90	41	59	72	39	47	35	36	58	25
64	170	1	2	119	0	1953125	12	0.0	2053	1.37	0	0	V0.2	0	0	20	3	50	49	24	32	44	50	23	37	49	34	41	43	51	20	52	67	48	21	68	76	70	67	135	58	50	92	126	103	13	143	260	309	115	351	298	136	56	192	295	522	338	455	845	626	287	563	227	527	762	288	801	1000	497	444	523	303	297	240	134	416	312	209	204	245	200	67	168	141	139	59	132	151	63	77	89	108	35	71	86	59	36	62	83
64	170	1	2	119	0	1953125	12	0.0	2056	1.37	0	0	V0.2	0	0	22	41	6	42	5	49	6	48	17	38	20	46	25	40	36	46	21	42	47	35	54	52	83	31	109	59	83	56	114	84	38	122	230	314	131	315	279	189	35	193	275	454	335	404	849	598	285	502	316	571	631	267	736	999	429	481	474	290	314	148	242	339	304	197	256	241	128	153	140	158	113	100	147	85	99	73	114	57	72	75	66	55	54	70	43
64	170	1	2	119	0	1953125	12	0.0	2058	1.37	0	0	V0.2	0	0	36	38	15	37	28	51	19	49	29	36	36	43	43	28	55	42	38	42	48	48	47	75	72	60	89	84	75	85	112	61	59	105	244	293	141	290	278	224	55	201	238	413	307	416	828	547	262	465	376	552	507	223	716	999	404	444	418	332	315	74	229	291	325	175	284	212	143	143	138	174	86	123	118	104	85	87	105	50	73	65	72	45	67	65	49
64	170	1	2	119	0	1953125	12	0.0	2056	1.37	0	0	V0.2	0	0	21	40	12	48	23	44	15	53	25	38	17	53	15	47	31	53	18	48	51	31	66	49	89	19	129	70	89	61	133	95	19	140	242	310	148	345	340	175	25	220	286	457	271	430	865	662	290	598	356	519	598	155	769	1000	494	528	588	337	247	108	250	366	276	255	279	284	152	169	181	153	133	92	169	90	103	85	113	66	67	90	60	62	56	80	45
64	170	1	2	119	0	1953125	12	0.0	2058	1.37	0	0	V0.2	0	0	29	43	5	55	15	50	5	60	23	42	23	57	18	46	37	53	24	48	50	31	62	51	86	27	129	60	92	67	132	79	2	127	238	318	144	359	317	155	56	261	258	452	290	408	888	643	339	648	351	498	615	159	732	1000	452	625	636	261	198	111	261	350	265	222	277	256	121	164	159	138	108	83	153	72	92	69	108	53	66	80	51	54	52	72	35
64	170	1	2	119	0	1953125	12	0.0	2056	1.37	0	0	V0.2	0	0	19	40	13	45	13	42	10	49	16	33	15	45	11	43	29	47	13	41	42	24	58	45	80	19	120	54	79	61	120	77	20	115	230	306	125	341	298	135	60	241	238	472	306	411	873	608	325	620	306	497	648	162	737	1000	435	623	601	250	229	146	231	340	253	212	264	249	112	146	145	126	105	76	147	70	87	67	103	50	57	73	47	47	45	67	34
64	170	1	2	119	0	1953125	12	0.0	2083	1.38	0	0	V0.2	0	0	8	32	31	32	34	26	29	35	34	23	9	45	18	34	13	47	15	34	46	31	50	40	76	15	102	63	56	26	87	99	54	114	235	294	119	302	306	133	32	192	242	508	318	426	841	618	273	584	292	473	657	175	770	1000	477	561	559	289	225	149	215	352	259	242	263	253	119	146	151	117	100	71	140	61	81	64	90	42	60	69	37	45	48	63	27
64	170	1	2	119	0	1953125	12	0.0	2081	1.38	0	0	V0.2	0	0	20	20	31	29	50	10	30	26	41	15	21	41	26	32	25	33	13	34	52	30	46	58	52	25	101	99	28	44	75	109	83	107	271	264	146	276	362	120	58	155	218	563	300	470	809	630	223	668	318	443	694	199	819	1000	464	502	610	388	231	133	147	394	302	233	264	231	179	89	191	125	91	63	120	117	34	92	69	66	26	83	57	29	43	55	38
64	170	1	2	119	0	1953125	12	0.0	2083	1.38	0	0	V0.2	0	0	26	35	11	27	22	46	19	40	19	25	27	31	27	17	43	32	17	27	44	34	23	70	65	41	56	81	54	86	78	63	56	65	249	296	117	260	264	203	122	195	205	456	352	378	820	514	274	568	378	539	600	230	676	999	346	533	527	342	296	152	206	291	319	137	286	211	118	120	119	153	66	89	104	77	64	63	95	28	54	50	54	24	52	53	27
64	170	1	2	119	0	1953125	12	0.0	2131	1.39	0	0	V0.2	0	0	16	25	46	8	35	20	47	13	32	22	24	31	24	27	9	41	30	13	34	29	21	15	69	45	53	15	43	75	59	110	77	70	210	311	63	255	244	195	117	173	269	512	397	360	832	592	248	530	363	577	664	225	682	1000	440	539	556	340	279	134	239	321	279	193	291	249	100	145	125	123	55	85	104	29	43	49	72	3	60	42	26	17	51	30	19
64	170	1	2	119	0	1953125	12	0.0	2078	1.38	0	0	V0.2	0	0	31	22	36	35	18	23	44	48	8	8	50	35	19	16	57	31	27	49	52	14	33	89	73	58	79	78	44	108	100	86	42	86	268	314	112	309	278	198	103	216	242	487	386	393	836	579	320	562	329	511	692	289	679	999	472	541	549	294	263	205	188	355	295	191	244	266	142	110	144	139	121	28	142	92	65	40	100	77	21	69	57	44	23	72	52
64	170	1	2	119	0	1953125	12	0.0	2081	1.38	0	0	V0.2	0	0	22	34	4	26	20	43	14	32	16	24	23	28	27	10	41	30	14	20	38	33	14	66	61	38	43	88	52	78	61	60	76	51	241	291	129	226	279	215	105	151	179	486	411	349	776	563	271	521	347	473	642	362	647	1000	413	472	474	303	261	171	187	289	330	137	268	187	127	110	118	149	59	88	96	89	60	72	91	29	46	47	58	21	48	49	30
64	170	1	2	119	0	1953125	12	0.0	2078	1.38	0	0	V0.2	0	0	21	34	6	25	18	45	16	33	15	27	21	31	29	16	38	34	14	22	41	37	23	61	70	31	49	78	59	70	55	65	76	62	234	302	115	226	261	204	117	139	192	493	429	323	772	571	276	505	312	505	692	391	624	1000	436	447	462	271	286	230	188	296	326	134	253	190	118	110	104	146	72	80	101	83	70	62	92	30	50	48	56	26	48	54	32
64	170	1	2	119	0	1953125	12	0.0	2101	1.38	0	0	V0.2	0	0	3	38	22	27	14	42	27	26	10	31	4	32	10	27	21	41	12	15	35	30	25	42	73	17	40	55	61	72	41	86	90	69	229	305	97	213	240	206	128	110	229	519	445	344	776	555	264	476	304	516	685	420	670	1000	425	474	421	282	269	191	231	315	323	153	277	199	116	120	115	144	57	90	98	70	53	67	87	20	48	44	45	14	50	40	19
64	170	1	2	119	0	1953125	12	0.0	2103	1.38	0	0	V0.2	0	0	28	37	7	26	23	45	21	32	19	25	28	29	29	9	45	32	11	22	49	40	4	78	65	32	26	96	58	74	42	80	101	54	266	286	127	206	286	202	118	100	210	523	415	364	761	550	298	537	330	457	656	436	694	1000	412	507	445	307	242	195	220	324	341	139	287	199	123	110	123	157	60	83	99	83	58	65	93	23	42	48	55	15	49	52	27
64	170	1	2	119	0	1953125	12	0.0	2126	1.38	0	0	V0.2	0	0	3	39	22	27	12	45	32	27	15	37	10	32	17	33	16	45	23	8	32	33	25	44	73	16	14	55	65	86	24	92	108	53	217	281	78	181	233	196	138	89	239	522	435	320	735	541	271	472	315	446	655	431	701	1000	422	484	430	307	224	216	220	339	328	152	285	211	102	111	115	138	54	76	94	56	40	55	80	6	43	38	36	3	48	36	6
64	170	1	2	119	0	1953125	12	0.0	2706	1.48	0	0	V0.2	0	0	94	67	94	79	100	85	117	87	102	120	84	121	114	96	138	112	123	147	131	132	166	131	158	163	151	129	209	104	186	202	169	197	289	145	223	214	130	230	364	225	442	601	463	445	660	402	334	517	235	491	801	641	753	1000	626	483	575	519	196	265	209	1	102	135	60	242	226	214	225	227	122	199	129	140	158	159	128	171	125	129	138	115	108	120	85
64	170	1	2	119	0	1953125	12	0.0	2693	1.48	0	0	V0.2	0	0	87	94	81	110	81	124	96	126	106	128	119	121	130	130	135	137	150	158	158	168	179	171	188	171	207	157	209	172	224	204	248	274	250	289	214	266	177	296	317	445	535	603	671	572	618	521	546	449	430	555	826	985	991	1000	779	731	522	501	418	148	135	64	107	91	216	230	304	299	276	269	190	221	174	208	175	210	198	184	185	170	176	145	156	140	137
64	170	1	2	119	0	1953125	12	0.0	2695	1.48	0	0	V0.2	0	0	92	83	114	83	128	93	140	101	134	112	132	116	132	131	141	138	156	156	162	169	166	183	153	202	154	206	150	218	173	218	225	239	267	203	252	175	232	215	364	408	507	605	581	584	514	506	488	423	386	584	812	955	1000	888	779	624	500	476	320	142	23	77	46	121	128	242	246	264	265	199	205	145	188	140	176	162	174	160	147	164	135	139	120	129	105
64	170	1	2	119	0	1953125	12	0.0	2704	1.48	0	0	V0.2	0	0	90	77	108	73	118	83	128	92	127	107	130	109	130	123	137	127	148	144	153	162	157	182	147	200	146	203	145	209	174	213	227	230	267	205	252	180	227	228	358	418	496	607	572	577	517	497	495	419	405	584	838	956	1000	867	754	612	491	487	320	145	26	93	51	138	142	246	263	267	278	202	211	152	196	153	185	177	182	176	156	175	143	148	126	135	113
64	170	1	2	119	0	1953125	12	0.0	2706	1.48	0	0	V0.2	0	0	98	96	99	114	102	128	111	128	118	129	129	120	144	130	150	141	162	160	162	176	174	182	179	186	199	171	205	174	223	196	251	254	244	265	199	253	169	312	322	464	510	589	632	538	586	473	516	422	472	582	883	1000	999	939	687	641	449	469	371	141	82	77	98	102	205	204	289	269	263	243	173	203	158	196	158	203	180	175	171	161	165	133	146	127	124
64	170	1	2	119	0	1953125	12	0.0	2704	1.48	0	0	V0.2	0	0	86	97	80	112	77	126	93	125	101	128	116	123	125	132	131	137	145	154	155	164	178	164	188	161	207	148	207	165	219	204	239	270	235	276	201	249	170	291	327	442	534	578	650	548	591	509	514	455	426	575	829	1000	956	934	675	646	497	503	453	160	124	54	119	78	203	221	283	291	256	263	180	211	169	199	174	197	197	174	183	162	173	138	145	134	128
64	170	1	2	119	0	1953125	12	0.0	2704	1.48	0	0	V0.2	0	0	99	110	94	128	91	140	105	140	115	141	130	137	141	147	144	152	161	171	170	177	190	175	202	173	220	160	221	176	231	214	249	281	244	281	202	258	184	301	337	449	545	579	643	541	594	530	540	493	444	601	843	1000	937	923	669	655	527	520	457	156	114	48	112	65	191	216	279	291	248	262	181	209	166	195	175	189	194	169	181	155	166	134	140	127	119
64	170	1	2	119	0	1953125	12	0.0	2704	1.48	0	0	V0.2	0	0	92	103	84	121	81	131	94	134	106	133	121	130	132	136	136	143	150	161	162	169	183	170	197	165	217	154	215	169	228	212	245	280	246	290	207	268	192	302	336	448	544	570	629	527	588	523	563	540	483	615	850	1000	908	866	599	597	471	498	464	192	127	68	129	80	201	221	294	303	257	269	189	222	173	207	183	198	201	180	193	165	177	143	149	135	132
64	170	1	2	119	0	1953125	12	0.0	2706	1.48	0	0	V0.2	0	0	99	101	98	122	98	135	108	136	117	134	131	128	144	136	152	144	162	167	166	178	181	181	191	184	213	168	219	175	237	207	254	268	250	281	202	271	187	330	339	481	540	587	612	508	584	503	576	525	542	634	898	999	936	853	572	591	448	494	411	191	99	82	105	79	201	202	292	282	261	255	179	217	165	205	167	206	188	178	182	163	173	140	153	134	131
64	170	1	2	119	0	1953125	12	0.0	2704	1.48	0	0	V0.2	0	0	90	107	84	121	82	137	96	134	108	139	119	134	130	144	136	150	150	162	163	170	189	165	202	165	220	154	218	176	222	218	242	283	238	282	214	258	205	301	356	442	562	570	628	530	585	549	544	542	484	637	824	1000	914	870	594	591	483	461	430	181	149	62	127	84	199	226	271	301	251	265	187	222	185	200	191	199	212	178	195	167	175	147	150	140	130
64	170	1	2	119	0	1953125	12	0.0	2704	1.48	0	0	V0.2	0	0	104	114	99	131	98	145	108	142	120	145	134	140	147	148	151	156	165	172	173	183	194	180	205	181	221	162	224	179	235	217	259	286	248	286	204	262	183	308	336	456	553	589	643	538	609	552	578	536	490	612	844	1000	945	896	602	624	502	512	446	200	141	61	111	63	195	209	270	283	256	265	178	217	171	199	172	196	198	173	186	161	169	136	147	132	122
64	170	1	2	119	0	1953125	12	0.0	2704	1.48	0	0	V0.2	0	0	91	101	89	116	83	131	99	130	111	136	125	128	137	138	140	145	157	164	163	177	186	175	195	178	218	159	219	182	237	218	264	289	257	294	220	270	182	307	333	463	555	608	666	569	645	577	601	529	486	599	839	1000	994	951	656	672	564	581	473	195	144	68	113	65	213	227	292	297	286	286	195	233	192	217	180	217	212	188	194	178	184	147	160	148	138
64	170	1	2	119	0	1953125	12	0.0	2704	1.48	0	0	V0.2	0	0	106	117	100	134	98	151	112	149	125	153	136	145	151	159	154	162	172	180	180	190	203	183	213	187	233	166	232	189	241	224	269	300	260	298	225	271	188	299	333	446	551	602	678	586	662	609	620	565	469	590	809	999	995	983	680	694	596	599	508	197	151	53	95	41	193	215	274	291	274	283	189	220	182	202	176	199	208	175	189	169	178	144	151	143	127
64	170	1	2	119	0	1953125	12	0.0	2704	1.48	0	0	V0.2	0	0	98	111	93	125	90	140	105	140	116	145	132	138	145	150	147	157	166	173	173	184	199	183	209	183	229	165	227	183	238	222	266	299	264	307	231	280	197	309	337	450	550	596	674	587	674	613	633	584	496	591	812	1000	999	987	682	698	597	601	506	206	148	53	101	52	207	225	293	306	287	291	199	236	195	217	187	217	220	192	200	184	193	156	166	153	142
64	170	1	2	119	0	1953125	12	0.0	2704	1.48	0	0	V0.2	0	0	98	121	92	134	94	147	109	146	121	152	127	151	138	161	139	168	162	180	179	182	206	171	218	173	229	163	222	193	220	234	244	301	252	284	241	247	223	277	366	409	560	560	649	582	621	611	570	585	438	608	764	1000	956	962	681	642	588	523	478	160	125	39	81	55	173	231	252	303	255	267	194	201	193	184	195	183	215	171	187	165	168	147	139	143	121
64	170	1	2	119	0	1953125	12	0.0	2729	1.49	0	0	V0.2	0	0	94	109	105	109	110	117	127	124	129	140	134	148	133	164	143	170	162	178	184	185	215	190	220	207	232	220	220	248	234	287	271	334	315	322	334	281	309	302	443	452	606	607	670	647	645	652	577	608	478	658	779	1000	982	972	748	635	594	512	493	224	180	112	164	173	244	311	300	349	293	284	227	231	235	213	236	217	241	194	208	188	183	165	160	162	144
64	170	1	2	119	0	1953125	12	0.0	2731	1.49	0	0	V0.2	0	0	100	120	91	128	96	144	112	144	124	154	129	154	138	166	144	177	166	185	187	191	216	184	233	194	246	197	245	232	248	277	274	331	294	329	306	290	287	323	429	454	606	596	673	616	635	621	549	581	465	651	772	1000	956	951	707	613	567	485	461	195	166	89	160	158	233	294	283	331	276	269	218	214	225	196	223	197	229	182	194	178	170	158	144	150	131
64	170	1	2	119	0	1953125	12	0.0	2729	1.49	0	0	V0.2	0	0	88	112	85	118	89	130	103	131	115	141	119	148	130	158	132	166	154	173	178	183	208	176	224	188	234	194	235	230	239	276	271	330	294	324	310	285	296	316	428	449	612	607	670	613	629	629	557	589	466	655	781	1000	948	922	700	636	620	520	464	207	185	109	154	167	237	307	295	346	291	274	230	225	238	204	239	211	236	187	200	185	173	166	153	160	140
64	170	1	2	119	0	1953125	12	0.0	2726	1.49	0	0	V0.2	0	0	103	121	91	131	95	146	106	147	122	152	131	153	143	164	148	172	168	184	188	195	214	189	235	192	250	191	255	222	262	272	286	331	291	339	292	313	278	350	414	474	610	603	672	582	636	598	560	591	501	663	800	1000	935	935	673	640	587	508	477	219	194	76	159	142	246	280	294	339	282	284	214	234	215	207	218	207	228	186	203	178	175	156	154	152	135
64	170	1	2	119	0	1953125	12	0.0	2729	1.49	0	0	V0.2	0	0	104	104	103	113	101	128	111	131	126	134	140	133	157	140	160	151	173	172	178	200	197	210	206	218	230	208	247	219	274	252	314	312	316	341	289	338	252	391	379	542	591	668	674	583	673	556	614	532	579	634	881	966	1000	965	675	690	567	574	432	253	176	107	135	150	275	257	343	321	324	290	218	255	206	240	197	245	213	211	202	191	189	157	172	151	151
64	170	1	2	119	0	1953125	12	0.0	2726	1.49	0	0	V0.2	0	0	94	116	96	117	106	129	121	136	130	145	127	155	135	169	139	177	163	182	189	190	216	190	230	208	233	223	230	260	239	302	281	334	314	314	340	273	336	321	473	479	662	661	669	632	618	643	564	617	530	732	828	1000	995	930	721	606	606	512	453	242	194	133	125	187	218	316	293	348	324	277	260	215	257	194	241	210	239	206	203	205	173	176	154	170	143
64	170	1	2	119	0	1953125	12	0.0	2729	1.49	0	0	V0.2	0	0	89	115	86	125	89	135	104	138	115	145	122	152	132	163	135	172	156	177	181	183	212	176	230	185	244	198	246	236	253	290	275	331	289	331	309	300	315	351	460	495	672	644	676	593	615	614	547	619	555	765	830	1000	958	943	679	562	518	421	416	199	220	113	176	178	248	311	292	356	303	293	239	232	242	204	234	203	237	188	206	191	179	168	155	164	144
64	170	1	2	119	0	1953125	12	0.0	2726	1.49	0	0	V0.2	0	0	95	115	102	114	113	125	130	131	134	143	131	153	135	170	142	177	163	181	189	191	214	192	220	213	224	235	221	269	236	307	275	322	316	297	340	255	348	329	497	505	679	689	661	637	596	619	550	610	556	754	848	957	1000	904	694	533	481	414	385	227	200	169	146	213	211	315	291	326	323	262	265	199	254	189	234	203	228	207	189	199	164	172	145	162	136
64	170	1	2	119	0	1953125	12	0.0	2729	1.49	0	0	V0.2	0	0	90	117	86	128	89	140	107	143	116	149	125	155	134	170	140	176	165	185	186	190	224	186	240	192	260	209	264	254	275	306	291	352	306	353	329	329	336	387	500	548	724	694	732	642	667	660	596	661	601	817	855	999	978	1000	714	558	475	397	443	240	281	177	235	212	282	344	317	374	319	325	260	255	262	233	255	224	265	213	225	202	197	180	169	179	160
64	170	1	2	119	0	1953125	12	0.0	2726	1.49	0	0	V0.2	0	0	111	124	102	141	99	159	116	158	127	161	145	155	161	168	167	177	185	199	197	209	224	206	240	210	272	208	285	235	303	283	315	345	301	360	293	368	292	438	464	591	690	694	731	592	681	608	632	628	659	806	895	973	942	1000	627	526	391	402	423	271	280	181	243	167	303	301	326	339	307	331	227	264	227	253	219	225	236	194	209	183	198	160	167	160	151
64	170	1	2	119	0	1953125	12	0.0	2729	1.49	0	0	V0.2	0	0	104	109	103	127	96	141	113	143	124	147	142	141	159	151	165	161	180	182	183	201	209	207	218	217	255	209	268	231	298	267	317	329	310	354	289	367	279	447	445	604	665	717	736	591	677	568	643	587	668	765	909	954	973	1000	588	512	369	437	400	274	263	234	262	183	318	294	357	332	327	327	232	271	226	267	210	250	238	220	213	197	207	163	175	164	163
64	170	1	2	119	0	1953125	12	0.0	2726	1.49	0	0	V0.2	0	0	109	122	101	138	97	155	113	152	125	158	141	152	157	168	162	173	180	193	191	204	221	198	233	204	264	199	274	230	290	273	304	338	294	349	283	347	276	417	453	567	670	686	730	580	641	574	582	576	602	764	852	954	946	1000	602	484	384	402	414	226	264	191	240	160	289	294	312	326	295	320	218	249	217	235	208	218	234	191	199	175	189	151	158	158	146
64	170	1	2	119	0	1953125	12	0.0	2729	1.49	0	0	V0.2	0	0	104	104	104	121	97	134	113	137	121	140	139	135	155	146	162	155	176	178	178	197	202	206	209	214	241	204	258	223	289	256	315	320	312	342	285	351	261	418	415	583	633	712	714	582	658	562	626	556	632	712	874	916	971	1000	610	527	392	449	400	258	231	215	231	175	300	283	349	322	325	322	230	262	217	260	201	245	228	214	201	191	199	156	166	154	157
64	170	1	2	119	0	1953125	12	0.0	2726	1.49	0	0	V0.2	0	0	111	112	108	126	106	145	120	147	131	150	146	141	161	154	169	164	185	188	189	208	210	209	218	219	247	207	267	233	296	259	316	325	311	341	280	351	274	433	420	576	639	720	725	574	632	547	623	564	621	710	876	939	985	1000	581	517	424	457	399	249	247	229	236	160	287	279	343	322	316	320	228	263	214	253	197	235	224	207	200	184	195	155	170	159	156
64	170	1	2	119	0	1953125	12	0.0	2729	1.49	0	0	V0.2	0	0	96	103	96	120	89	133	106	135	116	140	132	131	148	145	153	151	169	173	173	190	198	195	207	201	239	192	255	217	282	246	301	316	294	329	266	340	264	425	418	568	643	710	728	567	612	517	582	524	589	706	865	941	979	1000	571	484	374	389	351	218	256	248	250	168	298	288	342	318	308	316	220	257	212	254	199	237	226	205	197	183	196	156	167	153	152
64	170	1	2	119	0	1953125	12	0.0	26	1.02	0	0	V0.2	0	0	20	32	45	57	58	53	48	44	40	30	26	31	38	40	30	36	15	19	14	18	44	43	72	68	92	93	78	113	77	142	50	172	93	212	183	223	246	224	273	287	467	406	505	380	603	508	657	691	684	755	805	824	771	999	484	314	223	318	305	454	314	401	206	256	139	77	85	31	71	71	69	64	55	67	44	70	36	36	25	24	30	26	23	15	12
64	170	1	2	119	0	1953125	12	0.0	2729	1.49	0	0	V0.2	0	0	84	78	66	70	94	110	102	85	85	96	103	120	120	110	106	109	126	140	135	148	164	151	128	147	189	182	184	156	170	243	212	191	277	275	172	253	237	242	497	374	373	632	606	305	536	669	115	665	473	402	999	717	548	787	756	213	365	477	97	381	245	107	228	184	202	216	239	268	256	181	168	195	181	171	149	177	174	150	139	137	147	132	109	112	111
64	170	1	2	119	0	1953125	12	0.0	21	1.02	0	0	V0.2	0	0	20	34	42	51	60	63	51	43	39	32	30	27	37	39	37	29	21	17	12	17	43	58	51	83	58	121	28	138	27	151	59	153	152	145	253	129	301	110	326	221	489	382	492	466	539	617	559	776	572	833	678	846	743	1000	470	334	256	249	365	343	378	272	274	150	198	21	83	62	45	86	61	89	37	66	42	60	52	34	26	20	25	30	30	15	13
64	170	1	2	119	0	1953125	12	0.0	24	1.02	0	0	V0.2	0	0	15	34	12	52	17	58	12	53	3	42	15	41	30	44	33	49	26	54	37	35	57	41	62	25	116	64	108	84	132	92	202	73	82	297	145	234	320	240	353	450	36	327	634	255	523	809	294	929	780	444	999	539	548	798	347	335	688	401	544	594	309	496	366	203	203	170	61	125	112	96	111	71	76	43	99	52	86	45	76	54	52	60	32	57	31
64	170	1	2	119	0	1953125	12	0.0	21	1.02	0	0	V0.2	0	0	15	35	8	53	16	53	16	46	9	43	9	43	20	48	21	53	15	51	36	31	59	20	64	12	111	37	92	84	122	100	167	76	70	278	114	185	323	213	349	386	46	313	589	220	440	777	257	882	722	386	1000	514	591	713	321	263	663	355	490	590	265	511	319	191	194	158	70	100	129	67	116	36	82	16	98	36	79	54	61	62	38	67	27	55	23
64	170	1	2	119	0	1953125	12	0.0	24	1.02	0	0	V0.2	0	0	15	32	12	48	14	51	11	44	2	36	15	32	29	35	32	38	24	46	31	34	50	40	49	25	93	70	91	81	109	78	186	49	75	259	155	204	291	223	307	438	29	309	579	278	472	763	285	877	804	425	1000	504	570	767	349	284	675	418	508	590	276	480	368	191	206	154	51	120	94	95	91	73	66	48	87	60	80	45	74	45	52	51	37	46	31
64	170	1	2	119	0	1953125	12	0.0	46	1.03	0	0	V0.2	0	0	14	22	34	26	45	28	45	25	33	27	21	35	13	42	13	46	13	38	31	23	51	23	54	44	94	11	60	100	89	112	126	81	96	250	94	125	353	161	351	342	91	333	579	229	384	813	182	864	707	279	1000	560	513	666	433	206	731	347	422	608	176	483	270	118	184	143	62	62	125	46	97	24	76	11	89	44	67	57	46	61	23	56	17	47	24
64	170	1	2	119	0	1953125	12	0.0	74	1.03	0	0	V0.2	0	0	15	28	35	31	44	32	43	29	33	29	21	33	15	40	7	36	7	39	23	18	51	2	52	35	91	42	85	59	87	113	154	44	93	266	76	192	326	189	378	403	55	341	636	237	488	842	184	946	747	321	1000	636	507	791	479	242	805	356	476	623	222	476	312	104	162	165	36	78	109	71	84	47	75	38	88	42	68	40	48	44	29	45	22	40	27
64	170	1	2	119	0	1953125	12	0.0	24	1.02	0	0	V0.2	0	0	6	39	13	47	21	50	21	44	12	40	7	46	9	51	15	55	20	45	44	26	63	28	65	47	98	33	51	126	76	101	131	106	125	218	136	88	378	108	289	348	143	363	514	243	413	800	85	753	705	273	999	462	421	722	460	364	671	374	391	632	156	388	316	67	258	83	113	95	123	79	50	90	23	67	42	81	50	64	68	42	61	33	53	34	41
64	170	1	2	119	0	1953125	12	0.0	0	1.02	0	0	V0.2	0	0	19	37	4	53	8	55	10	51	2	44	18	44	20	50	25	57	26	52	45	34	58	24	73	4	117	33	85	96	127	85	158	110	68	272	123	130	338	200	317	375	127	316	622	263	431	813	149	882	687	312	1000	595	547	807	456	324	826	315	509	598	205	487	297	149	227	174	98	107	160	54	140	47	90	40	95	50	68	79	53	80	42	71	40	63	37
64	170	1	2	119	0	1953125	12	0.0	24	1.02	0	0	V0.2	0	0	8	34	13	44	24	47	25	43	17	42	12	46	14	52	18	59	20	52	43	35	60	22	66	12	112	25	81	91	116	99	163	80	67	280	127	163	322	204	326	412	102	321	658	310	492	820	173	925	745	380	1000	626	579	886	503	319	858	366	562	586	236	457	357	135	205	172	45	135	108	91	104	86	63	47	90	55	76	51	68	52	55	54	40	53	36
64	170	1	2	119	0	1953125	12	0.0	24	1.02	0	0	V0.2	0	0	4	30	18	42	29	44	28	39	18	36	5	41	2	47	9	49	12	47	35	22	52	9	58	24	107	15	73	87	104	99	147	83	85	270	101	136	332	176	340	369	105	333	637	281	467	840	131	943	677	371	999	608	577	819	500	314	870	302	530	597	161	490	289	128	202	174	65	103	141	56	122	46	79	18	96	42	65	65	50	66	31	61	22	54	26
64	170	1	2	119	0	1953125	12	0.0	26	1.02	0	0	V0.2	0	0	9	33	16	42	28	45	28	41	17	38	7	44	5	50	7	54	15	47	37	25	57	16	61	29	106	5	69	94	100	99	145	90	91	264	98	129	336	167	333	359	114	339	628	263	454	824	109	919	657	351	999	602	558	811	476	352	858	273	524	590	152	479	276	124	209	170	80	96	149	44	123	40	81	26	93	47	62	72	45	72	33	65	28	54	26
64	170	1	2	119	0	1953125	12	0.0	0	1.02	0	0	V0.2	0	0	13	36	10	48	22	51	22	45	14	43	10	48	13	55	16	57	17	48	39	28	55	18	69	14	114	22	75	99	124	91	156	108	75	283	119	130	334	182	328	369	122	325	652	303	472	825	130	948	673	396	1000	624	595	844	472	351	869	269	564	558	154	479	297	151	205	174	64	125	132	66	135	60	82	27	101	39	75	63	58	70	41	69	32	61	30
64	170	1	2	119	0	1953125	12	0.0	49	1.03	0	0	V0.2	0	0	24	3	38	16	50	18	47	11	38	11	31	27	32	34	31	40	29	34	29	32	39	43	38	70	72	39	27	126	67	114	127	85	139	240	78	125	365	97	341	323	128	387	628	234	511	839	69	926	602	354	1000	608	559	827	532	389	888	211	536	568	113	455	254	80	191	167	64	84	132	51	105	45	72	20	89	47	60	61	45	61	31	54	24	50	29
64	170	1	2	119	0	1953125	12	0.0	2729	1.49	0	0	V0.2	0	0	89	100	96	78	85	113	126	118	107	104	106	124	137	142	138	124	137	152	152	164	180	187	165	157	186	209	227	183	182	247	242	221	272	288	253	305	233	286	484	380	393	582	564	324	574	575	307	773	437	546	1000	724	576	819	686	97	568	390	74	477	330	176	277	258	259	249	271	283	279	219	197	217	220	201	185	207	196	172	156	156	164	146	129	128	127
64	170	1	2	119	0	1953125	12	0.0	2731	1.49	0	0	V0.2	0	0	127	121	127	129	134	155	136	151	152	160	161	154	182	164	186	182	203	199	203	228	223	226	238	243	267	227	290	242	301	270	330	334	313	369	322	396	323	475	464	549	631	662	702	529	588	559	624	653	749	899	916	973	950	999	538	334	330	367	390	308	405	350	363	262	360	364	345	345	306	345	245	280	261	275	245	238	267	221	219	193	207	174	168	174	163
64	170	1	2	119	0	1953125	12	0.0	2754	1.49	0	0	V0.2	0	0	108	94	129	100	128	114	143	119	146	136	156	131	171	148	178	158	196	185	190	218	209	243	203	274	229	272	255	294	304	295	359	338	386	357	402	392	397	492	503	619	615	747	679	584	566	570	667	650	808	849	995	912	1000	915	545	320	372	425	375	425	419	503	383	356	397	390	413	329	372	317	294	283	290	295	241	280	242	250	205	226	203	185	191	190	184
64	170	1	2	119	0	1953125	12	0.0	2751	1.49	0	0	V0.2	0	0	101	133	104	138	103	157	122	151	131	167	135	168	151	190	154	196	185	204	206	215	248	204	264	229	289	236	298	293	300	326	325	390	352	397	389	390	420	465	572	549	707	707	725	596	530	606	598	731	715	948	917	997	1000	947	534	260	364	319	426	321	481	452	405	355	358	435	355	372	322	333	282	262	301	254	271	233	277	226	213	207	198	189	166	190	169
64	170	1	2	119	0	1953125	12	0.0	2754	1.49	0	0	V0.2	0	0	89	120	94	131	90	146	111	143	120	157	127	154	141	176	144	182	174	190	186	200	235	194	250	212	279	220	285	273	290	310	315	380	340	391	372	386	390	452	550	544	692	692	728	580	523	572	583	704	691	924	904	1000	981	948	516	224	317	314	428	311	469	435	413	343	359	431	358	372	315	337	277	270	296	264	272	236	276	215	204	196	199	184	167	189	173
64	170	1	2	119	0	1953125	12	0.0	71	1.03	0	0	V0.2	0	0	22	27	36	45	53	56	43	38	31	30	27	24	32	37	29	29	17	18	13	10	41	41	54	68	58	104	34	122	27	138	70	155	141	131	207	111	243	84	288	230	461	409	465	418	457	542	490	702	540	804	634	804	742	999	608	457	310	267	310	240	371	223	273	104	185	42	68	65	42	76	55	76	36	51	42	44	51	24	24	21	24	25	24	18	8
64	170	2	2	119	0	1953125	12	0.0	49	1.03	0	0	V0.2	0	0	18	34	12	53	18	58	16	52	10	40	14	38	29	40	35	38	23	49	30	27	51	30	57	22	106	64	112	71	117	92	208	60	106	304	100	245	310	222	353	449	86	317	716	282	565	878	141	1000	702	340	959	730	448	915	559	432	910	316	581	603	200	474	294	90	162	177	78	93	147	61	119	40	106	21	106	46	69	60	45	67	25	69	17	59	26
64	170	2	2	119	0	1953125	12	0.0	71	1.03	0	0	V0.2	0	0	22	21	47	26	58	29	56	24	43	26	28	40	19	46	18	46	19	44	26	28	54	29	53	61	102	33	74	102	84	129	151	79	146	287	64	176	371	128	386	357	130	377	693	230	535	905	23	970	639	284	1000	701	427	867	599	435	921	299	522	619	131	442	257	47	190	170	96	58	151	41	104	25	92	19	86	61	55	67	30	67	16	62	14	51	23
64	170	2	2	119	0	1953125	12	0.0	74	1.03	0	0	V0.2	0	0	11	34	26	45	37	47	39	42	31	36	15	41	12	44	8	43	3	42	17	22	54	9	53	27	96	55	100	46	86	112	177	32	123	291	45	239	286	164	372	406	65	359	716	218	606	841	22	1000	610	343	931	725	464	951	564	481	961	264	584	570	169	447	284	65	172	189	77	84	144	58	110	43	96	21	94	46	60	52	33	57	18	59	15	52	20
64	170	2	2	119	0	1953125	12	0.0	2720	1.49	0	0	V0.2	0	0	89	101	114	99	80	100	126	130	126	114	109	119	131	151	153	137	139	155	160	164	184	201	187	170	178	206	244	202	186	246	251	230	286	304	265	326	208	284	515	421	406	617	624	335	608	596	298	807	443	507	1000	784	510	859	735	93	653	472	30	476	364	189	285	296	241	239	292	290	274	208	194	216	220	194	183	208	191	170	162	162	162	142	120	124	127
64	170	2	2	119	0	1953125	12	0.0	49	1.03	0	0	V0.2	0	0	20	35	46	50	50	52	52	45	30	26	31	36	30	33	35	35	26	12	12	25	24	58	67	69	89	55	120	33	147	59	160	115	198	179	207	237	148	246	147	418	345	597	487	558	616	632	710	702	741	738	823	677	968	1000	908	484	540	204	334	247	351	286	213	216	126	129	38	117	52	50	38	63	75	49	58	23	42	38	43	35	23	14	16	23	15
64	170	2	2	119	0	1953125	12	0.0	24	1.02	0	0	V0.2	0	0	12	42	10	59	24	62	23	57	11	52	7	61	20	65	18	68	18	59	46	26	74	10	81	27	135	0	97	115	117	125	183	101	146	321	64	184	366	142	364	364	142	401	731	201	609	888	69	964	552	354	988	711	525	1000	585	579	986	319	575	628	137	470	265	71	246	178	146	87	196	31	141	43	97	55	95	86	53	95	42	83	42	74	44	62	40
64	170	2	2	119	0	1953125	12	0.0	49	1.03	0	0	V0.2	0	0	17	21	37	29	49	29	51	26	38	25	25	37	16	44	12	49	15	45	29	25	52	16	50	46	104	23	77	96	90	130	160	59	141	293	32	197	327	119	365	345	86	380	711	210	638	854	77	990	545	409	914	676	526	989	576	493	1000	278	609	564	155	456	288	84	188	205	80	123	148	77	125	69	94	36	108	52	70	61	50	62	36	62	27	57	29
64	170	2	2	119	0	1953125	12	0.0	71	1.03	0	0	V0.2	0	0	20	15	45	22	54	23	54	19	43	20	28	32	26	40	21	42	21	36	19	28	46	30	40	63	89	43	63	85	65	128	132	46	159	273	4	185	327	84	366	309	79	404	675	189	635	868	144	983	511	392	920	647	505	951	613	492	1000	259	563	585	98	443	256	50	205	198	101	83	161	43	115	40	91	29	91	60	53	70	34	65	21	61	17	52	25
64	170	2	2	119	0	1953125	12	0.0	74	1.03	0	0	V0.2	0	0	13	33	16	44	27	46	27	41	23	37	7	38	4	38	10	37	3	42	15	23	46	8	53	10	74	55	101	45	57	96	168	25	127	254	64	259	238	128	324	381	51	362	657	228	689	782	77	972	540	463	830	597	499	1000	550	484	972	246	621	510	158	421	292	83	171	194	61	116	126	74	107	67	81	31	97	37	58	37	42	46	28	49	22	49	24
64	170	2	2	119	0	1953125	12	0.0	71	1.03	0	0	V0.2	0	0	10	32	33	40	44	43	44	37	30	37	16	40	9	47	5	49	7	45	24	24	57	17	56	42	96	46	88	65	65	123	144	40	148	285	12	207	303	106	363	328	63	401	676	181	646	854	144	987	479	403	887	608	499	942	606	504	1000	253	568	579	92	453	242	51	222	183	113	68	167	20	114	32	84	39	80	64	38	71	21	67	16	56	18	48	22
64	170	2	2	119	0	1953125	12	0.0	74	1.03	0	0	V0.2	0	0	11	33	21	45	30	45	31	41	26	38	10	39	6	42	9	40	1	41	16	20	47	9	52	18	82	56	103	41	62	102	163	18	125	263	54	257	244	128	336	366	33	362	657	204	680	788	93	985	496	458	802	569	467	964	572	461	1000	249	625	528	137	446	275	87	181	198	68	110	137	66	114	61	87	26	97	43	62	50	36	55	27	54	20	51	21
64	170	2	2	119	0	1953125	12	0.0	2720	1.49	0	0	V0.2	0	0	93	103	121	109	89	98	123	135	138	126	117	123	132	155	163	149	147	161	168	172	187	210	206	188	179	203	250	217	200	249	265	256	296	311	293	344	198	277	482	412	446	616	620	445	717	638	360	790	344	533	887	662	611	1000	822	192	810	563	16	462	342	123	227	263	239	261	290	290	302	233	195	215	227	202	184	211	198	177	163	160	169	154	129	127	127
64	170	2	2	119	0	1953125	12	0.0	49	1.03	0	0	V0.2	0	0	17	33	47	56	55	51	54	49	38	25	34	36	34	30	37	33	25	18	11	23	30	50	75	69	99	39	123	4	151	69	154	146	184	240	207	296	117	254	96	392	326	590	550	602	732	692	809	671	808	670	743	550	943	1000	926	563	659	381	394	306	298	296	204	264	103	137	35	116	75	53	45	53	76	53	66	39	30	39	37	40	29	16	10	20	15
64	170	2	2	119	0	1953125	12	0.0	46	1.03	0	0	V0.2	0	0	26	33	16	51	17	54	15	50	12	39	23	36	37	38	40	39	29	49	34	30	53	38	56	30	92	56	118	70	82	84	191	31	132	285	74	278	236	157	294	384	35	337	657	215	678	763	57	928	476	438	730	556	400	975	581	469	1000	287	636	493	176	424	277	107	189	210	84	132	148	72	130	58	97	30	108	49	73	66	50	62	27	65	20	60	28
64	170	2	2	119	0	1953125	12	0.0	49	1.03	0	0	V0.2	0	0	12	27	31	37	43	40	41	35	32	32	17	44	7	46	2	46	6	45	28	23	56	14	53	37	102	31	83	75	76	114	145	57	144	290	9	203	294	102	328	291	63	353	647	163	615	807	113	909	409	363	748	547	397	889	636	427	1000	289	564	529	114	431	224	74	202	199	102	99	162	48	124	42	92	40	92	64	49	66	31	67	20	62	20	54	28
64	170	2	2	119	0	1953125	12	0.0	2720	1.49	0	0	V0.2	0	0	92	103	102	81	81	111	127	121	116	107	110	125	136	146	141	128	141	155	159	167	187	197	175	165	187	207	228	187	188	247	252	235	299	318	268	299	184	269	440	356	410	599	609	437	709	646	351	703	268	470	789	602	605	1000	853	260	841	622	57	405	299	89	193	244	218	243	282	282	293	227	191	204	211	184	173	200	197	173	152	151	160	147	128	122	120
64	170	2	2	119	0	1953125	12	0.0	2724	1.49	0	0	V0.2	0	0	101	88	120	95	112	106	131	109	132	128	145	119	158	140	160	142	178	169	170	199	194	220	183	250	211	238	215	251	254	252	321	309	351	333	372	343	290	348	384	484	500	675	687	678	692	664	655	480	547	557	660	658	922	1000	825	649	604	594	397	296	263	317	208	246	311	346	361	311	368	295	262	238	263	248	218	259	232	226	189	221	186	165	168	172	154
64	170	2	2	119	0	1953125	12	0.0	71	1.03	0	0	V0.2	0	0	13	24	35	47	48	44	38	35	32	27	17	25	35	33	20	26	12	21	19	9	39	24	63	42	85	67	70	91	73	128	74	180	110	235	157	245	163	166	195	213	392	404	579	480	688	611	705	618	669	560	577	569	718	1000	755	691	516	447	250	360	175	293	127	253	147	83	84	18	83	46	77	39	50	45	46	61	28	25	15	21	25	27	18	10	8
64	170	2	2	119	0	1953125	12	0.0	2723	1.49	0	0	V0.2	0	0	77	89	103	86	68	84	109	114	115	104	99	107	120	134	141	128	128	142	146	155	172	194	184	167	169	190	230	195	180	239	253	239	296	322	285	322	185	243	432	357	410	596	607	457	730	656	356	730	279	453	759	561	623	1000	831	309	877	639	75	446	334	109	215	248	229	261	300	301	308	240	205	221	225	197	188	213	207	184	165	167	175	155	134	133	135
64	170	1	2	119	0	1953125	12	0.0	2720	1.49	0	0	V0.2	0	0	97	118	92	123	91	144	105	137	119	152	122	147	141	163	137	168	165	175	174	189	212	176	226	196	246	183	245	216	238	251	276	321	285	339	320	306	264	324	381	392	521	577	689	627	645	665	544	494	427	562	534	691	816	1000	773	633	621	513	433	190	286	226	204	171	277	324	283	318	284	299	211	221	230	208	205	199	232	180	185	176	169	143	143	152	130
64	170	1	2	119	0	1953125	12	0.0	69	1.03	0	0	V0.2	0	0	16	26	38	52	50	45	39	38	33	26	18	30	29	33	21	29	16	22	20	12	40	25	69	43	93	51	89	71	93	119	88	180	113	253	142	276	115	195	152	238	360	422	586	497	722	608	748	590	700	512	597	514	757	999	832	699	573	442	228	335	138	294	95	270	117	110	73	44	86	40	76	28	60	48	57	62	20	32	18	28	27	24	16	5	11
64	170	1	2	119	0	1953125	12	0.0	2720	1.49	0	0	V0.2	0	0	85	96	109	94	76	91	115	124	124	111	107	114	124	142	146	131	134	146	151	158	175	194	183	166	165	190	226	185	178	232	242	230	286	308	272	302	152	240	415	326	393	577	580	438	728	649	335	685	216	435	703	516	606	1000	833	319	886	639	80	417	310	79	176	224	200	228	276	279	281	213	186	197	198	169	162	194	185	158	147	151	154	137	117	117	114
64	170	1	2	119	0	1953125	12	0.0	69	1.03	0	0	V0.2	0	0	18	26	32	40	49	47	41	33	31	31	21	24	30	32	32	26	17	18	14	10	41	33	53	53	69	91	42	108	29	134	56	168	142	203	213	196	211	110	219	132	374	353	557	492	634	657	629	662	571	592	458	568	610	1000	728	684	515	409	250	305	189	209	152	190	184	31	84	37	65	58	80	60	40	45	38	54	42	21	15	15	23	27	25	14	8
64	170	1	2	119	0	1953125	12	0.0	2720	1.49	0	0	V0.2	0	0	85	99	98	77	73	101	116	114	110	101	102	116	123	135	130	120	133	144	144	156	176	184	159	154	180	191	200	163	177	234	224	212	294	305	239	263	170	253	384	288	377	581	559	414	704	639	309	584	189	424	682	496	593	1000	844	349	846	668	117	375	287	95	188	210	165	214	287	265	251	209	197	189	169	155	172	195	162	144	150	147	140	123	113	115	109
64	170	1	2	119	0	1953125	12	0.0	2729	1.49	0	0	V0.2	0	0	104	83	116	91	116	91	132	105	129	117	147	117	148	136	157	135	167	167	168	187	186	219	171	238	190	235	178	241	222	245	283	290	347	302	360	290	285	270	375	409	467	625	659	692	657	678	619	449	397	497	546	640	875	1000	912	704	734	637	464	305	240	281	142	205	248	343	307	326	342	276	248	210	259	195	218	221	231	194	187	206	165	158	153	163	129
64	170	1	2	119	0	1953125	12	0.0	2731	1.49	0	0	V0.2	0	0	102	117	89	131	99	133	114	145	124	142	133	160	132	165	150	175	157	180	197	190	204	204	223	225	207	246	205	244	211	281	287	290	350	325	378	269	312	300	363	410	478	646	642	677	707	691	650	458	469	455	588	640	883	999	906	800	712	669	477	322	278	216	212	156	284	290	362	311	313	314	231	242	201	246	203	216	224	207	197	167	190	163	149	143	146
64	170	1	2	119	0	1953125	12	0.0	2723	1.49	0	0	V0.2	0	0	83	106	99	102	99	116	114	111	116	137	118	140	129	159	125	161	154	165	167	182	209	184	217	214	226	211	215	239	213	264	276	328	327	344	388	297	318	281	403	366	512	595	687	683	663	744	612	535	395	537	494	668	831	1000	893	741	793	642	531	319	308	293	182	212	271	368	317	355	337	306	257	223	269	215	233	222	251	207	194	206	181	170	153	172	144
64	170	1	2	119	0	1953125	12	0.0	71	1.03	0	0	V0.2	0	0	19	31	40	45	47	52	49	39	29	30	32	27	30	36	42	25	25	10	12	18	27	61	43	79	38	113	40	113	69	115	109	121	214	139	307	136	277	75	248	196	335	447	511	605	597	807	660	800	564	750	472	624	697	1000	856	674	679	374	377	208	263	114	230	123	203	87	57	115	18	75	51	85	40	48	32	27	53	31	33	24	20	23	26	22	11
64	170	1	2	119	0	1953125	12	0.0	94	1.04	0	0	V0.2	0	0	31	4	50	16	57	15	54	8	46	8	39	19	34	23	31	21	24	25	12	38	35	45	23	66	65	57	44	67	42	109	97	41	181	254	46	200	299	21	335	236	40	402	575	101	664	841	224	918	366	409	749	422	412	874	658	503	1000	298	504	502	149	353	181	27	217	176	104	43	145	19	80	40	68	47	52	67	28	60	15	53	11	45	17	37	25
64	170	1	2	119	0	1953125	12	0.0	2156	1.39	0	0	V0.2	0	0	30	19	8	38	35	6	20	35	26	6	11	28	25	20	12	27	20	15	27	25	6	26	46	17	29	32	26	51	20	57	61	101	199	222	137	209	253	132	30	106	160	415	397	270	764	753	164	618	387	478	518	176	538	1000	648	408	882	541	327	147	259	273	268	270	223	204	186	109	111	106	42	56	77	63	22	44	58	30	23	42	33	28	35	29	19
64	170	1	2	119	0	1953125	12	0.0	2704	1.48	0	0	V0.2	0	0	72	74	69	97	57	105	81	78	113	85	97	110	98	105	114	110	105	141	113	131	159	122	137	178	108	170	144	131	145	204	129	224	240	193	196	275	97	263	250	202	326	543	382	451	621	517	337	564	173	408	589	343	592	1000	646	484	783	630	179	249	306	164	114	174	85	191	273	198	225	243	152	165	184	128	167	165	140	152	163	115	148	129	103	116	110
64	170	1	2	119	0	1953125	12	0.0	2729	1.49	0	0	V0.2	0	0	107	102	131	93	132	104	148	109	146	139	148	140	152	162	153	162	175	180	181	199	208	215	198	247	205	241	194	261	211	260	280	309	347	311	388	282	327	275	391	365	471	601	647	674	638	719	629	502	402	537	543	670	865	999	935	772	824	656	493	320	263	286	140	198	241	341	302	330	336	275	250	205	257	196	217	215	231	197	180	201	162	161	148	162	127
64	170	1	2	119	0	1953125	12	0.0	2729	1.49	0	0	V0.2	0	0	95	97	117	81	123	95	131	99	137	123	131	133	146	143	142	156	165	160	170	193	191	207	192	246	190	239	191	249	202	254	289	293	349	319	397	290	315	291	371	384	454	626	643	679	665	712	654	487	443	485	562	644	892	1000	950	798	814	707	510	375	270	290	163	207	259	337	354	323	369	289	267	223	255	235	212	246	227	227	180	214	185	170	159	167	152
64	170	1	2	119	0	1953125	12	0.0	2729	1.49	0	0	V0.2	0	0	112	113	130	96	141	110	146	115	155	140	148	149	163	162	158	171	181	178	191	213	206	223	206	262	203	254	203	264	217	267	301	299	359	324	404	305	330	312	389	409	460	628	632	676	675	726	675	511	485	505	577	633	883	999	954	802	831	724	508	368	257	273	157	201	253	325	350	312	360	284	260	218	245	234	203	242	220	227	174	204	178	164	154	157	144
64	170	1	2	119	0	1953125	12	0.0	2731	1.49	0	0	V0.2	0	0	109	117	135	99	142	112	149	115	155	141	148	155	164	168	160	177	183	180	189	211	211	227	213	267	210	262	206	268	213	270	302	306	364	331	425	313	349	315	410	414	468	637	649	696	683	748	694	534	486	514	566	627	887	1000	962	814	847	716	512	378	269	298	166	217	260	344	363	327	374	289	269	217	254	236	213	248	228	233	178	212	182	169	155	163	149
64	170	1	2	119	0	1953125	12	0.0	2729	1.49	0	0	V0.2	0	0	101	103	124	86	133	101	140	103	144	130	139	143	154	157	152	167	176	172	184	207	207	222	207	265	208	259	205	270	216	269	305	312	372	342	435	327	360	329	420	426	484	657	669	714	698	773	718	560	505	524	579	634	889	1000	955	811	854	742	544	405	305	337	197	233	276	365	380	346	393	309	290	237	280	256	235	266	251	252	197	231	198	187	171	181	165
64	170	1	2	119	0	1953125	12	0.0	2729	1.49	0	0	V0.2	0	0	90	117	108	109	107	125	123	121	126	145	127	151	138	169	134	173	165	175	177	193	218	194	227	227	234	224	221	251	212	266	276	327	336	347	411	309	347	296	424	370	493	588	666	686	662	773	651	583	425	534	501	652	826	1000	926	785	851	684	562	362	315	317	186	213	253	368	326	357	351	309	276	222	278	220	239	226	255	222	199	217	186	180	156	178	150
64	170	1	2	119	0	1953125	12	0.0	2726	1.49	0	0	V0.2	0	0	111	106	132	89	142	106	148	111	156	137	151	144	164	157	164	169	186	180	192	215	206	230	203	271	205	260	211	266	227	262	313	303	371	341	415	332	330	336	389	434	453	645	655	699	714	754	736	538	498	471	571	594	879	1000	957	842	857	777	547	408	302	319	220	198	272	333	377	317	373	308	270	239	254	263	209	254	230	241	188	214	198	173	165	166	159
64	170	1	2	119	0	1953125	12	0.0	2729	1.49	0	0	V0.2	0	0	87	111	109	103	108	116	125	113	126	141	127	146	137	167	134	169	165	173	174	190	217	197	222	232	231	231	217	256	213	269	282	330	348	351	423	317	353	298	429	381	493	600	668	699	676	791	679	594	434	529	496	637	827	1000	935	784	860	718	599	395	336	346	204	225	259	377	339	364	363	317	285	229	288	229	243	235	258	227	198	224	194	185	160	182	154
64	170	1	2	119	0	1953125	12	0.0	2720	1.49	0	0	V0.2	0	0	108	116	130	101	137	117	148	120	156	147	148	155	161	169	157	178	184	183	194	214	216	221	216	263	213	255	209	272	217	275	307	317	365	330	422	307	342	310	416	414	474	642	652	711	691	765	690	524	458	501	551	628	886	1000	952	793	861	754	550	407	297	334	185	201	248	341	346	317	368	293	270	214	260	235	208	236	226	223	169	206	177	166	153	164	146
64	170	1	2	119	0	1953125	12	0.0	2718	1.49	0	0	V0.2	0	0	78	105	87	105	81	120	97	115	104	134	108	134	122	153	118	156	147	160	157	173	202	169	216	193	234	183	223	212	213	239	264	319	300	350	361	313	288	288	369	349	470	542	662	643	662	726	597	511	347	462	440	633	768	1000	879	805	832	678	583	344	341	279	192	165	264	339	304	349	314	312	234	226	244	210	217	211	244	191	193	189	179	155	148	161	137
64	170	1	2	119	0	1953125	12	0.0	2145	1.39	0	0	V0.2	0	0	12	35	52	12	64	30	52	39	35	44	13	38	24	60	19	34	25	44	38	26	30	77	24	48	33	79	62	47	16	64	66	189	226	238	356	239	287	173	57	115	159	315	564	595	698	894	766	615	114	253	327	554	647	1000	773	717	734	434	281	267	147	256	339	395	427	254	186	235	150	170	140	17	103	72	73	76	6	68	68	38	45	10	64	61	31
64	170	1	2	119	0	1953125	12	0.0	2145	1.39	0	0	V0.2	0	0	22	41	19	36	14	40	24	47	25	26	17	48	20	21	31	57	23	12	47	34	12	49	75	42	23	32	50	88	59	79	70	47	190	252	98	270	208	148	88	183	197	366	313	285	759	621	358	591	330	435	501	52	533	1000	518	457	825	490	212	221	208	342	304	171	228	307	164	105	127	126	88	36	104	49	25	25	67	35	40	55	33	9	44	55	8
64	170	1	2	119	0	1953125	12	0.0	71	1.03	0	0	V0.2	0	0	31	44	68	65	30	25	64	66	34	23	47	45	19	18	36	34	23	16	27	22	31	28	58	113	103	24	52	167	103	184	178	18	214	301	85	378	209	38	316	408	76	549	478	177	784	684	387	837	459	445	797	221	450	1000	543	628	923	179	337	441	212	373	289	60	239	272	190	190	169	93	136	166	134	106	73	71	78	86	61	31	15	26	28	15	12
64	170	1	2	119	0	1953125	12	0.0	71	1.03	0	0	V0.2	0	0	25	33	27	47	27	51	19	44	11	33	19	29	28	30	29	23	20	28	25	10	60	26	66	18	66	48	92	54	52	106	129	34	147	305	62	280	268	71	339	268	30	432	576	64	704	826	320	956	278	505	656	208	374	835	656	616	1000	292	556	492	267	302	232	94	267	101	112	122	113	83	47	87	28	70	73	64	63	20	65	13	47	21	37	32	27
64	170	1	2	119	0	1953125	12	0.0	2106	1.38	0	0	V0.2	0	0	11	33	36	8	35	44	32	1	25	32	32	12	10	35	34	10	12	23	26	42	44	15	42	60	68	23	37	64	51	48	36	48	211	290	123	206	345	111	83	158	120	333	336	218	754	779	280	703	464	387	378	115	559	883	637	518	1000	567	273	228	295	335	184	265	316	222	165	176	153	108	100	75	75	97	51	29	73	64	18	38	57	33	30	36	28
64	170	1	2	119	0	1953125	12	0.0	44	1.03	0	0	V0.2	0	0	29	23	2	41	65	53	16	30	53	44	15	36	51	34	0	20	29	13	9	20	33	52	22	2	90	90	104	98	65	100	212	76	240	215	34	286	325	129	253	314	67	534	481	155	635	610	179	821	323	379	579	348	391	1000	412	582	838	179	392	351	102	281	304	162	270	152	106	161	189	125	97	69	84	109	93	38	11	40	42	28	12	13	21	19	19
64	170	1	2	119	0	1953125	12	0.0	2131	1.39	0	0	V0.2	0	0	32	20	11	44	34	14	19	36	21	15	12	21	23	26	8	15	22	20	34	34	16	31	61	34	23	53	39	58	19	45	51	88	229	246	117	246	325	127	47	202	123	366	312	167	795	792	208	716	546	381	374	93	492	910	656	511	1000	597	236	208	340	275	169	304	315	207	180	167	137	114	92	58	82	99	43	26	66	58	22	36	46	33	37	39	21
64	170	2	2	119	0	1953125	12	0.0	2724	1.49	0	0	V0.2	0	0	80	96	62	109	72	92	104	89	108	107	106	115	123	118	117	148	111	150	150	140	173	185	141	234	161	189	204	184	170	253	195	253	334	305	291	390	216	244	373	217	395	588	459	481	768	597	480	642	332	289	548	221	591	1000	723	634	968	682	379	447	490	154	190	176	124	282	305	255	310	264	194	233	188	177	199	185	165	205	143	163	157	131	129	142	103
64	170	2	2	119	0	1953125	12	0.0	2731	1.49	0	0	V0.2	0	0	99	126	107	122	112	137	124	135	133	156	132	163	146	180	145	187	171	186	189	200	225	199	244	230	250	229	234	246	213	265	273	335	346	377	426	330	358	282	384	332	489	576	657	689	717	828	711	615	388	409	307	534	747	1000	964	913	981	763	688	502	429	358	174	144	190	314	294	360	350	318	280	219	262	200	222	207	237	206	189	205	174	171	147	164	131
64	170	2	2	119	0	1953125	12	0.0	2156	1.39	0	0	V0.2	0	0	33	19	44	71	14	61	20	56	46	27	34	37	62	9	51	9	53	55	40	20	57	10	74	54	61	39	58	18	79	18	129	139	228	297	300	376	181	191	179	33	26	400	463	599	799	856	975	557	346	72	238	353	742	1000	983	898	922	586	290	190	246	251	417	551	372	376	271	226	266	181	90	117	51	111	108	6	58	27	73	70	17	52	51	49	46
64	170	2	2	119	0	1953125	12	0.0	2731	1.49	0	0	V0.2	0	0	95	81	83	114	61	124	92	97	120	113	108	125	131	111	146	131	119	170	140	146	202	145	176	218	164	202	207	159	172	252	165	275	329	263	292	383	175	306	317	222	342	599	392	533	732	609	454	704	284	297	446	233	570	1000	678	674	958	736	352	488	451	226	142	192	96	235	294	233	298	278	180	212	197	136	207	171	160	179	166	126	172	124	122	134	105
64	170	2	2	119	0	1953125	12	0.0	2729	1.49	0	0	V0.2	0	0	93	112	108	104	114	114	124	116	128	137	126	151	138	164	137	171	161	169	176	189	208	198	222	235	226	238	209	244	194	256	265	311	350	357	431	317	363	276	374	325	457	570	616	681	695	817	719	601	413	383	305	503	754	957	965	916	999	805	681	528	418	377	177	148	183	312	308	353	367	306	287	217	264	206	223	220	234	217	187	214	176	175	151	168	140
64	170	2	2	119	0	1953125	12	0.0	2731	1.49	0	0	V0.2	0	0	105	100	123	83	137	98	140	103	148	127	144	140	158	149	157	163	175	168	182	204	194	224	199	265	199	259	201	249	205	247	295	290	373	351	426	339	337	315	336	373	419	614	607	690	741	793	775	544	464	324	368	469	799	966	990	966	1000	867	654	552	429	358	220	120	209	279	344	322	385	311	277	241	239	239	194	244	214	226	183	210	185	167	164	160	148
64	170	2	2	119	0	1953125	12	0.0	2126	1.38	0	0	V0.2	0	0	40	14	65	61	30	67	5	71	27	42	24	56	53	24	45	17	63	48	36	46	66	32	87	31	86	39	67	39	59	22	128	133	244	318	333	405	200	223	210	85	37	363	425	582	793	876	1000	578	390	83	232	323	701	962	994	972	988	620	309	222	264	261	451	573	391	385	293	241	285	201	106	141	79	122	129	25	65	45	72	86	26	51	55	49	49
64	170	2	2	119	0	1953125	12	0.0	2156	1.39	0	0	V0.2	0	0	24	29	39	31	60	3	25	36	56	5	6	51	48	13	15	52	37	27	61	49	25	33	71	65	86	52	6	61	87	114	102	71	211	245	76	311	278	83	52	240	208	421	201	334	715	632	345	725	357	315	288	253	564	940	448	670	1000	425	74	123	308	397	246	260	321	314	169	158	215	110	69	54	133	69	44	63	49	25	55	79	18	35	50	50	1
64	170	2	2	119	0	1953125	12	0.0	2156	1.39	0	0	V0.2	0	0	40	17	19	15	67	35	30	19	54	23	35	39	53	26	54	42	32	30	66	57	39	68	31	43	72	90	78	57	39	98	128	67	247	178	129	242	307	128	107	159	145	423	223	373	683	589	315	688	402	305	215	121	529	1000	427	601	895	502	125	159	258	354	349	179	378	284	195	111	203	181	30	83	87	98	29	86	68	11	27	69	54	20	64	49	15
64	170	2	2	119	0	1953125	12	0.0	2131	1.39	0	0	V0.2	0	0	40	4	18	38	61	27	44	32	43	27	43	40	31	49	50	25	11	52	67	33	60	80	31	16	97	100	52	66	66	95	99	98	264	194	154	276	329	113	117	183	153	396	194	381	689	595	328	705	390	293	206	138	528	1000	424	599	888	481	135	155	251	362	354	166	367	283	202	108	206	197	54	84	95	118	36	81	88	36	18	70	79	13	52	60	41
64	170	2	2	119	0	1953125	12	0.0	2131	1.39	0	0	V0.2	0	0	38	39	26	60	12	33	27	70	19	12	40	62	7	10	51	63	16	41	65	26	20	70	90	60	69	38	44	111	104	96	65	58	227	273	101	337	240	151	92	285	196	350	225	306	763	613	413	671	415	388	281	211	514	1000	504	653	949	444	145	117	337	407	285	244	331	367	178	170	209	159	109	57	163	84	32	46	87	55	47	85	46	15	46	74	27
64	170	2	2	119	0	1953125	12	0.0	2108	1.38	0	0	V0.2	0	0	43	21	43	31	28	23	58	46	11	9	59	32	13	25	69	34	23	47	56	15	36	102	60	57	50	89	45	131	96	51	53	54	259	245	158	308	267	166	141	283	144	307	222	309	753	548	412	646	438	393	231	179	459	1000	428	647	873	440	164	165	329	350	311	184	338	340	159	168	176	190	111	79	151	82	60	47	110	63	39	72	65	39	39	78	42
64	170	2	2	119	0	1953125	12	0.0	2081	1.38	0	0	V0.2	0	0	42	11	37	14	45	19	55	31	26	9	53	25	19	30	64	17	16	40	48	19	36	97	35	52	52	109	31	128	91	31	52	57	255	222	174	282	307	165	158	268	117	298	206	325	726	532	374	677	460	360	190	189	469	999	364	639	842	455	150	200	303	315	321	158	363	294	168	160	183	200	73	113	125	98	57	77	111	37	49	66	72	25	54	69	38
64	170	2	2	119	0	1953125	12	0.0	2081	1.38	0	0	V0.2	0	0	37	23	27	17	38	28	42	34	24	3	47	21	25	15	59	18	26	36	45	23	25	93	48	61	49	104	27	126	106	22	37	43	243	247	160	296	294	168	159	299	127	291	219	306	741	540	392	698	478	393	210	223	468	1000	340	681	868	451	148	214	308	300	305	170	367	281	164	173	184	192	59	129	120	94	53	88	104	27	62	65	65	24	70	66	32
64	170	2	2	119	0	1953125	12	0.0	2081	1.38	0	0	V0.2	0	0	41	30	25	29	32	38	39	42	24	12	43	32	22	4	59	29	16	29	44	22	18	89	54	57	48	98	30	128	109	20	37	41	241	251	164	314	299	167	163	314	131	279	202	321	760	547	417	723	494	385	186	252	465	1000	346	696	878	445	119	236	333	300	300	188	382	289	163	186	189	190	55	134	122	87	50	88	101	23	64	64	62	19	64	59	23
64	170	2	2	119	0	1953125	12	0.0	2083	1.38	0	0	V0.2	0	0	41	16	35	11	49	24	52	31	33	1	52	22	31	20	61	10	28	37	43	24	30	95	34	69	50	112	12	145	105	12	33	55	249	233	186	316	321	146	197	315	113	273	203	327	749	544	428	765	498	367	171	254	442	1000	344	683	875	452	97	242	307	289	304	188	380	269	173	180	194	190	48	137	115	98	49	93	105	31	62	64	65	20	69	62	34
64	170	2	2	119	0	1953125	12	0.0	2061	1.37	0	0	V0.2	0	0	39	5	41	8	45	14	56	23	30	14	53	11	23	32	61	0	34	39	33	14	40	93	25	79	57	109	5	164	118	19	32	70	239	221	189	329	322	141	212	336	109	260	194	328	740	525	429	769	508	357	167	275	447	1000	347	694	877	445	107	247	321	286	306	189	382	284	176	187	194	201	67	139	128	105	65	95	117	37	66	72	77	32	66	74	42
64	170	1	2	119	0	1953125	12	0.0	2083	1.38	0	0	V0.2	0	0	35	40	18	36	24	50	23	49	17	24	38	37	29	16	52	31	26	33	40	24	29	75	66	65	75	80	46	129	139	9	27	47	218	273	155	373	294	157	171	376	139	259	186	306	786	569	483	792	528	381	177	322	423	1000	372	761	923	426	74	265	363	280	285	231	397	296	171	225	193	186	62	153	127	83	66	91	101	31	82	65	59	35	75	59	35
64	170	1	2	119	0	1953125	12	0.0	2061	1.37	0	0	V0.2	0	0	35	4	37	5	48	16	56	14	29	18	49	9	19	40	56	5	30	39	31	9	49	92	8	75	66	115	25	169	113	29	45	84	241	201	205	326	354	124	239	332	109	262	192	345	732	541	445	830	520	302	143	290	448	1000	346	719	907	439	54	295	318	295	297	214	406	279	193	187	220	204	59	150	124	116	50	106	114	42	66	77	83	27	73	72	45
64	170	1	2	119	0	1953125	12	0.0	2058	1.37	0	0	V0.2	0	0	40	26	34	36	32	36	39	46	20	16	47	32	33	11	57	19	37	35	30	23	31	73	53	81	87	84	52	143	158	12	57	55	193	256	142	388	294	147	196	406	121	260	187	276	769	580	499	825	535	335	253	340	415	1000	386	775	949	412	51	281	354	284	271	225	385	311	155	225	190	189	79	143	147	82	84	86	120	39	80	75	62	42	70	73	35
64	170	1	2	119	0	1953125	12	0.0	2086	1.38	0	0	V0.2	0	0	34	42	9	38	21	54	18	46	16	29	29	36	23	10	45	32	15	22	34	20	13	70	59	59	58	82	33	134	130	5	34	36	213	263	156	353	310	166	197	381	119	249	197	302	783	576	493	833	564	325	209	322	414	1000	370	785	954	459	48	315	346	272	284	230	411	288	179	213	198	180	47	152	110	87	51	95	88	25	70	56	51	25	70	44	29
64	170	1	2	119	0	1953125	12	0.0	2083	1.38	0	0	V0.2	0	0	28	32	22	52	4	37	17	58	8	24	33	43	17	24	37	30	31	42	39	3	41	52	67	63	108	36	48	112	155	32	72	69	177	250	111	399	289	119	148	385	156	283	137	270	724	609	474	831	474	266	258	386	426	912	437	728	1000	392	72	242	371	336	215	264	341	342	143	217	213	149	98	93	166	64	63	66	92	48	63	90	41	39	54	74	24
64	170	1	2	119	0	1953125	12	0.0	2061	1.37	0	0	V0.2	0	0	37	8	42	7	43	18	56	22	25	14	51	7	21	37	57	9	35	37	25	8	42	89	22	81	57	105	18	181	127	29	56	77	220	207	188	346	336	135	250	371	86	253	213	320	757	542	477	833	533	285	224	340	402	1000	362	780	928	420	49	347	336	268	281	204	410	297	166	195	204	201	56	142	129	97	57	97	119	37	72	75	77	27	68	75	41
64	170	1	2	119	0	1953125	12	0.0	2086	1.38	0	0	V0.2	0	0	38	37	19	32	31	45	31	45	22	21	42	33	27	2	55	28	26	28	36	23	19	77	58	70	63	87	30	149	143	10	39	36	204	245	164	380	335	176	219	400	94	254	196	321	810	597	521	876	562	273	288	383	421	1000	389	858	975	424	16	411	367	265	275	248	432	291	175	225	211	185	50	161	115	84	52	106	94	34	82	63	59	36	84	53	35
64	170	1	2	119	0	1953125	12	0.0	2061	1.37	0	0	V0.2	0	0	28	16	41	47	21	30	34	47	19	26	41	25	39	28	42	13	50	43	20	29	49	59	48	91	115	44	56	146	170	16	102	79	160	223	130	428	286	118	185	405	124	283	131	267	723	587	524	857	454	224	256	444	421	875	396	802	999	336	50	313	402	343	189	269	351	349	142	230	231	159	105	100	184	83	70	79	105	62	56	99	53	38	51	84	40
64	170	1	2	119	0	1953125	12	0.0	2061	1.37	0	0	V0.2	0	0	44	16	45	31	44	29	53	43	33	17	61	24	42	23	68	16	51	45	33	30	37	85	41	97	87	97	49	172	168	34	75	72	191	230	177	407	311	153	253	450	106	237	171	312	776	550	576	897	556	261	257	436	399	943	347	926	999	409	58	409	418	274	266	260	426	314	177	253	217	199	72	171	149	92	82	102	118	33	89	75	69	46	85	76	43
64	170	1	2	119	0	1953125	12	0.0	2036	1.37	0	0	V0.2	0	0	28	11	47	43	31	29	41	40	29	29	45	18	50	31	49	11	62	47	19	45	52	58	41	98	122	57	94	157	189	35	131	96	133	201	139	430	286	158	233	447	120	276	145	255	687	567	589	906	509	129	267	431	375	831	452	895	1000	356	169	340	392	313	218	321	378	344	157	270	232	176	122	138	193	82	109	102	123	68	79	105	61	61	67	92	48
64	170	1	2	119	0	1953125	12	0.0	2063	1.37	0	0	V0.2	0	0	34	37	23	54	11	46	23	59	11	30	39	41	32	26	52	29	40	41	31	27	42	58	63	74	110	64	89	145	184	29	99	69	148	229	152	436	310	185	224	459	112	263	159	264	755	587	638	915	561	117	317	435	337	893	494	999	986	379	196	446	406	258	271	333	441	313	195	291	217	195	94	186	148	90	98	103	112	44	100	67	65	56	86	64	49
64	170	1	2	119	0	1953125	12	0.0	2061	1.37	0	0	V0.2	0	0	26	31	25	60	12	43	15	56	8	34	31	35	33	38	35	22	44	44	23	25	52	40	56	72	129	21	82	137	188	10	130	85	145	205	120	445	308	130	213	451	124	338	184	265	700	578	578	926	473	85	339	512	380	848	489	955	999	258	237	442	427	306	173	365	402	340	137	291	244	154	111	140	185	50	101	96	106	46	83	98	39	53	69	80	24
64	170	1	2	119	0	1953125	12	0.0	2108	1.38	0	0	V0.2	0	0	16	46	29	47	31	38	24	52	31	25	7	52	12	28	18	45	14	29	42	16	39	33	78	48	108	25	49	102	156	45	97	53	173	253	92	417	302	118	175	435	135	327	163	280	744	578	548	905	497	179	324	521	391	884	414	981	1000	273	192	487	489	302	181	337	417	329	124	286	219	146	68	147	151	22	79	66	77	12	96	64	30	45	69	46	25
64	170	1	2	119	0	1953125	12	0.0	2036	1.37	0	0	V0.2	0	0	9	35	60	21	53	16	60	22	58	34	43	32	66	39	37	46	82	38	13	67	60	69	28	146	97	70	63	224	177	67	145	96	167	194	194	449	279	131	271	482	88	300	171	268	720	549	584	879	517	153	293	478	348	904	494	914	1000	302	137	410	463	344	202	311	400	388	158	255	272	201	138	110	219	125	77	96	131	102	42	118	90	61	49	107	81
64	170	1	2	119	0	1953125	12	0.0	2061	1.37	0	0	V0.2	0	0	31	40	12	64	10	49	6	66	12	41	32	56	24	48	46	48	39	56	41	23	66	49	77	47	142	47	106	121	196	30	106	103	158	222	131	435	335	145	203	458	183	279	158	280	708	597	554	927	524	144	284	515	396	865	484	956	999	302	194	431	456	301	213	344	397	337	162	292	227	176	117	157	175	66	112	91	106	42	100	86	58	69	82	80	46
64	170	1	2	119	0	1953125	12	0.0	2036	1.37	0	0	V0.2	0	0	31	11	50	44	34	32	47	45	32	32	47	14	55	36	54	10	70	50	19	51	59	63	39	106	129	54	93	174	209	36	142	100	141	202	150	461	313	163	232	476	129	315	185	272	723	581	597	932	524	111	350	501	370	904	548	981	1000	285	178	430	441	312	226	365	423	360	158	294	252	194	136	159	207	83	114	105	126	66	93	116	66	68	76	100	50
64	170	1	2	119	0	1953125	12	0.0	2061	1.37	0	0	V0.2	0	0	28	39	15	67	12	49	6	66	8	40	33	55	21	48	44	43	37	52	38	18	62	42	76	49	140	39	101	120	199	20	112	93	154	220	115	447	339	138	188	442	150	340	195	269	717	593	557	942	482	132	361	543	399	898	488	995	1000	221	176	454	451	301	193	361	416	332	135	294	232	175	109	155	178	52	105	90	110	43	98	86	50	63	80	77	39
64	170	1	2	119	0	1953125	12	0.0	2106	1.38	0	0	V0.2	0	0	15	43	39	39	42	32	32	44	39	25	7	53	21	30	14	50	18	26	46	26	34	30	81	41	103	31	39	88	150	55	91	44	167	260	89	414	323	152	114	386	164	300	164	247	739	655	531	883	519	189	240	504	339	884	535	894	1000	321	190	423	451	299	204	351	409	335	137	286	217	151	81	140	148	22	83	64	73	9	92	60	27	41	64	41	30
64	170	1	2	119	0	1953125	12	0.0	2108	1.38	0	0	V0.2	0	0	47	19	38	15	49	33	59	34	29	10	58	23	23	33	70	20	18	41	52	22	40	109	41	55	50	114	53	165	97	2	76	66	263	213	201	332	383	181	230	342	112	250	233	326	758	595	522	845	566	199	186	388	286	1000	543	860	912	408	65	463	393	266	283	270	475	311	186	226	234	213	41	168	125	90	30	106	105	8	65	65	60	13	83	60	22
64	170	1	2	119	0	1953125	12	0.0	2106	1.38	0	0	V0.2	0	0	44	43	28	62	6	44	38	72	7	21	50	57	10	14	66	56	18	42	60	17	26	87	91	69	79	64	36	155	142	46	59	42	228	278	148	414	325	220	150	405	145	245	172	307	827	650	539	831	595	308	175	446	334	1000	603	832	976	424	177	380	476	321	261	305	428	381	148	263	229	189	89	130	172	47	62	62	98	18	87	80	37	24	71	72	6
64	170	1	2	119	0	1953125	12	0.0	2083	1.38	0	0	V0.2	0	0	33	12	52	52	28	28	55	58	27	30	58	33	44	31	59	15	59	59	39	24	55	85	64	100	117	57	34	169	179	22	80	83	198	254	149	460	321	189	161	424	163	261	142	272	773	657	520	853	542	252	226	495	340	938	621	770	1000	389	140	327	441	344	223	308	372	385	161	241	247	178	124	97	195	89	69	78	110	72	53	100	58	42	51	90	47
64	170	1	2	119	0	1953125	12	0.0	2086	1.38	0	0	V0.2	0	0	37	42	21	63	1	49	21	66	0	30	40	48	21	26	48	39	28	44	43	5	42	67	79	71	113	48	48	141	178	16	68	64	188	271	129	450	336	227	135	421	173	259	161	249	788	694	559	867	573	253	243	484	284	935	687	852	1000	408	149	331	413	287	234	332	407	374	154	268	229	180	111	135	180	53	88	75	110	40	84	88	42	42	67	75	19
64	170	1	2	119	0	1953125	12	0.0	2083	1.38	0	0	V0.2	0	0	29	33	26	67	11	46	18	68	5	42	40	51	30	43	43	35	39	54	44	13	63	55	81	62	135	30	71	116	187	24	86	88	172	256	132	462	337	175	117	384	199	264	152	248	751	723	534	859	468	232	148	497	288	891	739	801	1000	323	128	255	361	312	190	344	355	360	166	244	239	145	132	102	183	74	87	89	96	64	59	95	39	47	54	78	35
64	170	1	2	119	0	1953125	12	0.0	2061	1.37	0	0	V0.2	0	0	36	10	46	12	57	22	67	8	40	27	56	17	25	54	60	16	33	47	33	15	58	100	6	82	72	128	45	189	125	65	51	99	238	189	244	354	422	174	238	335	171	199	245	325	767	670	526	875	555	175	97	381	314	1000	629	831	946	450	44	368	297	277	288	270	449	282	231	209	247	213	77	178	121	129	44	123	108	47	76	85	87	30	86	71	51
64	170	1	2	119	0	1953125	12	0.0	2081	1.38	0	0	V0.2	0	0	34	42	23	46	24	54	30	57	14	27	45	38	34	13	59	32	35	38	41	23	32	88	77	81	87	89	49	154	170	14	39	37	212	293	191	440	355	250	150	413	144	188	213	280	865	717	654	860	596	248	157	406	261	1000	681	982	998	455	134	389	398	243	297	307	469	326	223	285	220	209	81	197	137	97	75	110	111	40	97	64	70	49	95	61	48
64	170	1	2	119	0	1953125	12	0.0	2131	1.39	0	0	V0.2	0	0	36	54	9	49	23	70	25	52	22	41	31	43	31	26	55	48	13	17	50	41	13	90	73	46	10	100	69	147	89	1	73	26	262	272	215	357	421	258	165	329	142	217	250	327	870	779	670	889	629	218	125	360	271	1000	713	981	986	522	144	453	370	259	298	331	516	302	247	256	251	188	68	180	87	87	35	118	61	50	67	55	36	53	79	23	36
64	170	2	2	119	0	1953125	12	0.0	2749	1.49	0	0	V0.2	0	0	107	95	103	97	117	96	110	125	91	147	117	117	169	110	156	157	133	169	186	144	224	188	203	234	252	206	286	229	177	298	245	275	411	361	361	541	364	300	387	336	292	642	463	542	870	894	639	903	523	164	298	265	327	906	824	765	1000	793	569	711	615	391	306	239	175	274	326	274	375	290	247	240	227	163	254	163	205	197	174	163	188	129	164	146	116
64	170	2	2	119	0	1953125	12	0.0	2729	1.49	0	0	V0.2	0	0	90	110	111	98	123	102	128	106	136	126	130	148	142	159	142	168	164	167	175	188	199	214	211	264	215	285	208	274	185	254	271	299	370	366	498	400	403	299	366	372	418	551	582	722	817	946	959	711	566	252	148	174	533	836	1000	904	960	908	780	821	616	572	365	208	208	275	365	319	406	338	326	258	254	264	213	245	224	250	198	208	201	181	172	158	162
64	170	1	2	119	0	1953125	12	0.0	2158	1.39	0	0	V0.2	0	0	38	35	34	77	27	59	28	50	50	18	35	33	62	6	45	17	49	50	40	22	74	19	82	57	66	65	40	52	42	45	87	145	158	315	270	415	280	173	218	60	92	175	357	454	786	823	1000	640	385	138	322	309	506	860	852	835	732	673	452	310	278	192	290	495	376	308	290	200	258	206	71	101	64	88	113	18	65	59	65	86	30	58	66	53	51
64	170	2	2	119	0	1953125	12	0.0	2061	1.37	0	0	V0.2	0	0	14	57	39	24	6	74	61	18	19	69	43	26	33	82	38	45	54	60	16	38	95	93	34	86	103	102	92	193	111	34	61	129	256	177	262	364	398	147	225	303	137	180	148	345	781	661	532	762	581	264	132	211	435	1000	567	581	844	585	202	187	310	289	352	187	326	364	209	182	170	233	155	68	148	122	116	32	123	96	42	63	90	89	20	75	76
64	170	2	2	119	0	1953125	12	0.0	2058	1.37	0	0	V0.2	0	0	40	30	39	58	25	50	34	61	20	38	54	42	42	36	60	33	52	56	40	34	59	69	72	80	128	65	90	138	195	33	93	99	168	262	164	471	345	186	144	411	208	205	145	266	820	737	566	888	573	252	251	404	455	935	571	762	1000	450	75	243	389	301	238	273	351	352	160	248	206	179	116	123	174	76	101	80	114	51	81	91	59	55	68	85	43
64	170	2	2	119	0	1953125	12	0.0	2724	1.49	0	0	V0.2	0	0	76	103	82	106	77	113	87	109	111	100	131	116	127	142	115	157	129	146	158	154	164	204	151	239	186	214	218	205	166	239	206	228	343	331	338	448	305	207	430	229	332	534	467	477	924	770	635	810	574	195	409	132	365	970	735	715	1000	816	495	665	615	365	254	261	129	290	262	310	307	311	218	270	187	215	206	193	204	209	173	181	171	142	160	130	130
64	170	2	2	119	0	1953125	12	0.0	2133	1.39	0	0	V0.2	0	0	40	18	43	56	29	62	7	55	27	36	23	42	44	16	40	11	48	34	29	36	77	18	85	27	85	58	53	66	36	58	70	122	149	313	295	427	263	190	207	75	114	128	307	430	803	846	1000	649	411	45	274	257	444	816	841	884	782	627	302	200	224	218	288	466	364	280	284	193	237	197	79	98	85	74	118	48	56	72	53	87	47	39	62	51	50
64	170	2	2	119	0	1953125	12	0.0	2081	1.38	0	0	V0.2	0	0	31	18	46	16	39	33	66	15	21	39	59	12	7	57	63	6	27	53	45	3	64	105	10	57	76	106	52	147	90	31	48	86	255	200	242	344	367	136	190	268	137	237	183	355	820	673	505	773	467	327	170	202	470	1000	544	631	880	488	124	193	280	293	323	156	345	302	179	161	174	199	71	96	113	100	59	65	111	44	39	57	75	34	46	66	42
64	170	2	2	119	0	1953125	12	0.0	2081	1.38	0	0	V0.2	0	0	25	11	30	24	56	16	45	17	43	19	36	34	24	46	42	28	20	41	45	24	53	85	33	44	91	112	42	118	100	63	56	89	243	211	238	344	407	111	175	244	197	294	201	360	810	761	455	889	434	272	224	268	553	1000	549	648	985	439	71	194	242	351	266	237	341	264	208	154	235	139	81	108	108	110	39	114	66	66	50	84	57	46	75	57	41
64	170	2	2	119	0	1953125	12	0.0	2106	1.38	0	0	V0.2	0	0	33	14	39	9	57	21	40	6	48	2	37	23	40	23	46	19	23	24	44	39	33	80	23	39	71	103	34	96	80	57	76	64	243	219	234	330	401	124	147	217	178	316	200	379	817	763	446	873	420	259	205	252	567	1000	562	668	972	410	66	214	258	346	246	260	350	264	202	163	236	123	81	98	103	88	51	104	48	49	43	75	34	45	58	39	20
64	170	2	2	119	0	1953125	12	0.0	2704	1.48	0	0	V0.2	0	0	104	82	103	85	111	84	130	95	117	132	97	139	123	113	150	126	139	158	146	152	180	160	172	192	180	151	230	112	191	195	174	203	308	209	307	323	219	192	359	163	339	487	422	473	821	665	576	649	409	279	363	197	496	1000	797	756	889	680	409	538	472	252	175	183	69	235	221	248	258	279	176	237	170	180	173	184	143	193	146	157	151	138	127	142	106
64	170	2	2	119	0	1953125	12	0.0	2729	1.49	0	0	V0.2	0	0	100	110	100	121	90	130	103	132	116	136	135	137	153	148	159	156	172	173	175	193	202	207	224	224	258	220	266	211	250	225	285	311	315	402	382	448	308	355	313	408	435	522	638	654	856	841	874	668	530	381	294	387	628	979	979	999	888	813	659	583	556	389	327	175	291	283	357	351	363	358	269	286	240	264	221	253	243	227	224	206	209	174	183	168	159
64	170	2	2	119	0	1953125	12	0.0	2701	1.48	0	0	V0.2	0	0	97	94	111	81	130	92	133	99	142	116	130	131	143	135	143	151	161	153	164	185	164	197	163	233	157	229	165	207	157	192	238	222	282	274	348	309	233	225	260	321	338	501	554	643	788	798	827	507	413	233	224	292	628	914	1000	935	843	724	533	548	464	393	295	108	185	196	286	239	314	292	240	230	195	230	169	206	196	199	178	167	186	149	154	140	142
64	170	2	2	119	0	1953125	12	0.0	2075	1.38	0	0	V0.2	0	0	15	42	55	8	54	16	58	49	26	36	29	55	12	48	5	57	43	28	29	44	36	85	71	61	99	35	128	40	111	73	40	88	213	238	370	395	259	313	150	171	68	183	313	524	708	884	927	555	315	159	147	301	512	888	1000	756	750	370	118	198	87	100	343	377	356	315	182	223	240	140	161	126	72	146	103	84	84	38	85	88	40	60	40	69	66
64	170	2	2	119	0	1953125	12	0.0	2083	1.38	0	0	V0.2	0	0	21	27	25	37	45	20	29	35	41	22	23	47	22	40	29	41	13	41	49	27	48	59	62	28	96	86	44	71	113	72	54	70	198	227	191	326	384	134	97	222	197	329	214	295	745	790	345	756	393	275	324	241	491	1000	693	458	864	389	99	110	197	309	251	214	252	265	179	124	192	115	93	64	115	99	42	84	65	67	29	72	42	38	49	54	39
64	170	2	2	119	0	1953125	12	0.0	2056	1.37	0	0	V0.2	0	0	29	4	33	7	44	10	46	10	33	13	42	18	26	34	50	12	25	34	34	20	37	81	15	58	52	103	14	128	90	46	27	51	203	202	204	290	343	167	145	232	110	256	236	287	747	668	396	674	411	313	228	145	430	1000	592	502	756	375	169	149	148	231	290	141	289	224	163	115	158	156	50	99	83	104	45	85	93	46	46	54	70	23	52	54	45
64	170	1	2	119	0	1953125	12	0.0	2083	1.38	0	0	V0.2	0	0	32	25	23	21	41	36	32	30	30	15	37	21	36	5	53	18	30	26	37	31	18	79	41	60	35	93	17	119	95	28	20	26	197	232	191	309	326	185	145	260	98	252	256	278	783	681	441	702	439	322	229	148	421	1000	585	570	782	374	130	184	153	220	271	162	303	212	157	128	161	137	34	102	69	91	31	83	69	40	49	47	47	22	58	37	33
64	170	1	2	119	0	1953125	12	0.0	2131	1.39	0	0	V0.2	0	0	24	25	23	29	33	44	16	25	34	29	27	17	41	11	41	25	29	10	40	46	2	67	29	32	29	82	44	70	41	40	93	20	220	217	200	269	349	157	120	189	136	334	239	357	792	725	403	757	410	284	203	206	512	1000	581	586	881	403	83	189	207	286	244	201	304	220	162	128	192	96	50	67	65	58	41	74	22	30	34	52	11	46	43	21	17
64	170	1	2	119	0	1953125	12	0.0	2158	1.39	0	0	V0.2	0	0	39	36	15	25	35	48	33	39	28	24	38	34	29	17	56	41	9	24	58	40	17	87	58	15	20	81	76	95	41	46	89	23	235	222	189	282	303	171	136	225	111	299	242	346	814	662	471	678	426	334	138	191	422	1000	584	627	849	429	100	227	274	247	272	137	316	261	127	136	155	149	19	90	70	52	3	73	64	6	44	44	38	17	61	35	8
64	170	1	2	119	0	1953125	12	0.0	2181	1.39	0	0	V0.2	0	0	40	40	12	18	42	56	32	39	33	34	38	44	41	26	60	52	22	19	64	53	28	79	63	10	30	76	106	95	20	63	112	21	233	198	176	266	295	171	134	204	114	318	243	354	811	667	474	673	451	322	114	205	415	999	609	623	879	486	90	249	302	259	279	130	314	280	121	128	154	149	34	85	63	37	17	79	58	24	51	49	33	31	72	38	12
64	170	1	2	119	0	1953125	12	0.0	2700	1.48	0	0	V0.2	0	0	65	84	81	90	71	122	74	94	124	77	118	122	96	127	130	107	129	156	109	154	175	117	174	191	126	206	177	120	156	206	110	241	271	197	283	345	142	262	254	164	294	523	349	526	781	676	509	697	338	245	287	139	430	1000	741	652	917	734	315	520	535	331	125	265	91	197	257	229	223	309	172	205	202	171	151	215	132	171	177	140	142	170	105	132	131
64	170	1	2	119	0	1953125	12	0.0	2150	1.39	0	0	V0.2	0	0	28	24	33	69	17	54	26	51	47	26	39	29	59	9	53	11	49	48	48	20	53	11	82	51	54	48	58	26	73	24	78	113	181	279	297	401	191	236	191	102	67	232	353	531	785	878	1000	549	378	73	225	293	534	886	987	846	886	582	235	267	161	112	351	414	321	311	197	218	249	108	95	65	53	110	51	25	35	34	77	40	39	59	43	60	26
64	170	2	2	119	0	1953125	12	0.0	2108	1.38	0	0	V0.2	0	0	23	16	34	67	21	35	25	65	16	38	42	51	24	49	40	33	38	67	61	9	66	67	73	58	122	39	26	93	135	78	70	96	203	262	143	420	323	114	88	292	212	333	166	325	797	777	439	789	404	273	286	278	497	999	706	518	983	450	68	124	252	360	284	202	263	312	211	107	216	144	83	36	122	126	4	66	69	78	3	79	72	23	29	60	56
64	170	2	2	119	0	1953125	12	0.0	2106	1.38	0	0	V0.2	0	0	42	25	26	24	38	36	39	37	27	10	46	29	27	11	59	28	11	28	51	31	16	89	48	37	27	92	42	111	73	32	54	32	225	233	190	300	317	194	124	251	137	270	227	305	802	661	434	663	468	358	185	191	433	1000	581	557	818	442	153	186	243	248	289	147	311	264	144	146	161	167	36	97	89	76	29	70	82	15	46	50	53	4	59	46	20
64	170	2	2	119	0	1953125	12	0.0	2108	1.38	0	0	V0.2	0	0	31	10	30	18	54	11	41	18	44	11	37	30	30	31	45	22	14	36	52	33	41	80	29	31	72	102	27	84	74	63	70	64	227	206	203	294	363	140	127	203	169	322	213	327	757	704	367	734	418	300	238	219	499	1000	573	506	862	431	136	154	201	299	286	157	294	235	177	106	197	146	40	82	80	100	3	84	61	36	29	65	54	16	55	46	31
64	170	2	2	119	0	1953125	12	0.0	2086	1.38	0	0	V0.2	0	0	39	11	35	16	40	21	50	30	25	6	50	19	21	27	61	16	17	35	42	16	29	91	37	51	40	95	23	129	89	21	37	46	215	227	189	307	307	177	143	271	126	254	233	278	781	628	418	657	464	350	214	166	400	999	566	527	801	426	158	164	225	233	287	137	284	264	140	141	143	166	63	82	100	78	51	53	94	33	45	54	60	23	47	57	32
64	170	2	2	119	0	1953125	12	0.0	2108	1.38	0	0	V0.2	0	0	29	41	10	41	10	47	15	51	14	26	28	45	18	16	43	42	11	31	47	25	28	66	79	36	60	55	46	94	110	39	29	35	190	280	142	349	269	194	86	293	166	266	237	263	823	682	437	655	456	390	262	193	424	1000	608	579	845	388	139	160	261	257	253	170	275	281	117	167	140	146	60	87	111	48	50	49	83	20	57	52	41	21	53	52	15
64	170	2	2	119	0	1953125	12	0.0	2106	1.38	0	0	V0.2	0	0	41	28	23	26	33	36	37	39	22	13	43	32	23	9	58	32	9	26	50	29	13	85	53	36	26	85	44	111	76	31	54	27	219	237	176	301	301	199	114	254	132	275	242	302	806	652	417	634	453	379	210	150	417	1000	585	551	790	406	172	166	235	239	280	142	293	265	133	143	146	161	46	87	91	67	33	60	80	13	48	50	50	4	54	49	20
