34928	35048	35167	35286	35405	35524	35644	35763	35882	36001	36120	36240	36359	36478	36597	36716	36836	36955	37074	37193	37313	37432	37551	37670	37789	37909	38028	38147	38266	38385	38505	38624	38743	38862	38981	39101	39220	39339	39458	39577	39697	39816	39935	40054	40174	40293	40412	40531	40650	40770	40889	41008	41127	41246	41366	41485	41604	41723	41842	41962	42081	42200	42319	42439	42558	42677	42796	42915	43035	43154	43273	43392	43511	43631	43750	43869	43988	44107	44227	44346	44465	44584	44703	44823	44942
64	170	1	2	119	0	1953125	12	0.0	3117	1.55	0	0	V0.2	0	0	84	75	107	70	102	81	107	76	105	94	111	86	121	102	118	98	126	114	108	133	125	152	115	178	142	166	145	181	175	145	175	150	178	160	221	234	188	215	167	227	181	266	329	334	349	368	450	397	628	827	1000	801	733	861	816	707	338	256	62	90	115	47	141	113	192	209	266	193	220	225	204	188	162	207	154	166	158	174	147	135	155	133	124	115	129
64	170	1	2	119	0	1953125	12	0.0	3117	1.55	0	0	V0.2	0	0	74	64	98	63	99	70	110	72	102	90	110	86	112	106	117	100	125	119	114	129	128	153	113	176	135	177	134	193	165	157	163	152	180	146	230	211	217	204	201	246	197	309	349	386	355	401	443	420	612	818	1000	792	769	856	855	715	415	314	116	63	86	82	149	162	201	247	285	205	251	231	239	191	201	219	177	186	173	196	151	162	165	152	136	139	148
64	170	1	2	119	0	1953125	12	0.0	3117	1.55	0	0	V0.2	0	0	83	94	107	88	105	93	119	89	109	111	113	109	114	133	117	124	130	132	124	135	155	152	147	178	162	185	148	214	166	184	160	181	174	156	238	193	238	167	238	217	213	309	364	416	359	445	433	468	589	867	1000	827	795	877	903	700	477	312	152	85	95	70	112	167	164	263	255	212	242	225	248	170	217	193	187	168	181	191	151	168	157	159	129	144	138
64	170	1	2	119	0	1953125	12	0.0	3117	1.55	0	0	V0.2	0	0	74	75	99	72	102	79	116	78	106	100	112	99	112	121	116	113	129	129	122	132	143	153	130	178	148	185	137	210	165	175	158	169	178	146	238	194	238	185	240	245	225	332	374	426	364	435	433	442	582	837	1000	833	825	910	938	748	513	359	167	92	81	89	134	172	177	266	274	216	258	234	260	187	227	214	196	184	187	202	156	178	169	167	138	153	151
64	170	1	2	119	0	1953125	12	0.0	3092	1.55	0	0	V0.2	0	0	71	94	86	83	86	92	95	80	92	102	89	102	96	120	90	114	109	111	106	120	141	128	138	158	141	154	124	188	131	155	132	154	134	118	198	138	194	120	191	178	159	277	318	373	293	375	356	369	519	821	1000	823	821	927	968	757	490	312	92	176	201	58	105	102	91	194	221	159	211	188	228	154	182	185	159	151	147	181	135	147	150	150	127	125	139
64	170	1	2	119	0	1953125	12	0.0	3117	1.55	0	0	V0.2	0	0	81	63	100	71	102	69	113	80	103	89	116	89	111	108	124	100	126	124	119	125	129	157	114	172	136	183	128	197	166	159	148	148	169	127	221	194	230	192	231	255	221	326	357	403	318	376	379	378	532	809	1000	839	849	954	997	804	543	385	171	153	120	84	120	136	148	252	251	207	254	231	247	173	223	195	179	169	185	187	144	172	157	153	126	151	137
64	170	1	2	119	0	1953125	12	0.0	3083	1.55	0	0	V0.2	0	0	62	84	79	71	77	81	87	70	84	90	80	88	86	105	79	98	95	94	91	104	122	111	121	142	124	140	106	167	112	134	112	132	114	105	183	130	187	124	189	181	162	266	283	315	220	292	276	303	457	766	954	822	846	950	1000	813	522	347	130	226	232	104	120	74	57	162	196	146	199	182	219	151	169	174	148	141	133	167	129	138	141	141	122	118	131
64	170	1	2	119	0	1953125	12	0.0	2634	1.47	0	0	V0.2	0	0	23	29	12	60	26	40	28	42	48	21	28	32	53	17	42	8	48	39	28	26	43	33	66	20	81	57	81	73	39	125	135	128	156	85	132	83	19	99	122	268	452	439	567	478	388	249	209	247	144	530	904	726	712	999	959	806	375	319	241	536	596	449	225	306	272	263	210	97	188	161	117	117	50	115	117	51	75	50	95	77	29	57	58	70	47
64	170	1	2	119	0	1953125	12	0.0	2611	1.47	0	0	V0.2	0	0	16	39	29	35	35	36	38	31	31	33	20	39	18	39	11	45	19	26	34	33	43	20	67	44	56	67	75	86	55	120	104	139	132	157	85	59	89	41	160	196	280	485	461	351	386	358	97	169	111	354	914	574	485	846	1000	479	439	275	169	607	387	332	275	260	209	160	219	136	145	91	143	115	68	100	71	96	46	85	66	55	59	55	58	36	54
64	170	1	2	119	0	1953125	12	0.0	2609	1.47	0	0	V0.2	0	0	18	22	39	17	48	13	47	10	42	22	35	30	34	32	29	36	32	24	29	33	31	38	46	59	35	82	47	93	36	113	109	128	144	140	110	42	113	51	135	197	257	483	440	360	365	370	128	166	63	322	867	564	478	831	1000	503	406	254	149	581	386	330	276	265	219	168	219	136	151	93	145	110	78	98	70	94	50	84	55	62	58	57	51	45	56
64	170	1	2	119	0	1953125	12	0.0	2586	1.46	0	0	V0.2	0	0	42	19	41	26	50	41	37	33	40	28	40	20	47	13	52	28	46	35	45	58	31	75	47	74	60	78	110	69	112	86	156	132	198	179	90	81	81	159	137	138	298	499	525	367	449	307	222	100	137	481	858	714	426	983	1000	580	335	348	257	589	491	279	350	287	205	225	183	223	124	147	156	115	129	74	142	79	104	79	94	77	65	83	57	65	54
64	170	1	2	119	0	1953125	12	0.0	2584	1.46	0	0	V0.2	0	0	34	17	50	2	60	7	55	5	51	18	46	26	47	29	48	34	43	34	42	51	36	69	41	89	24	110	50	116	63	121	145	129	202	139	151	19	149	108	98	216	257	545	464	418	374	373	164	157	8	396	923	644	521	891	1000	525	376	229	220	624	460	340	314	254	261	168	245	165	160	128	144	148	79	128	88	118	77	93	84	68	79	60	69	50	69
64	170	1	2	119	0	1953125	12	0.0	2584	1.46	0	0	V0.2	0	0	36	20	51	13	61	8	57	12	52	23	46	33	43	41	46	43	44	47	55	58	49	73	57	91	44	116	59	127	71	137	145	149	209	154	152	33	156	104	122	212	277	547	477	423	380	376	149	141	21	403	931	635	544	884	1000	509	372	214	216	639	450	356	306	267	251	173	244	164	170	121	154	146	89	125	87	118	77	103	82	72	77	66	71	48	66
64	170	1	2	119	0	1953125	12	0.0	2564	1.46	0	0	V0.2	0	0	28	39	40	36	54	32	52	32	47	38	38	48	33	53	35	54	39	51	54	50	60	59	80	75	70	103	73	124	77	143	128	162	197	181	149	70	159	81	143	188	295	528	487	418	393	373	130	120	43	411	937	634	561	869	999	501	344	192	210	648	441	373	289	288	247	190	240	166	183	118	171	146	109	129	103	131	84	111	86	85	78	74	76	60	73
64	170	1	2	119	0	1953125	12	0.0	2564	1.46	0	0	V0.2	0	0	42	13	54	14	61	19	58	23	56	25	56	28	58	34	65	38	63	58	65	74	48	101	50	113	43	125	85	129	111	125	169	146	247	174	172	66	159	158	82	200	274	570	512	464	418	368	213	125	53	467	925	710	557	949	1000	581	344	240	257	624	509	344	360	261	290	187	263	205	174	167	154	184	105	152	121	134	112	113	118	83	102	80	91	66	81
64	170	1	2	119	0	1953125	12	0.0	2564	1.46	0	0	V0.2	0	0	44	22	54	27	57	35	52	30	51	29	53	24	58	24	63	33	60	48	54	68	40	95	45	107	44	115	89	117	113	118	172	145	242	178	170	83	156	171	86	198	279	572	528	465	434	376	240	111	64	470	906	721	548	955	1000	595	335	248	253	601	515	337	370	262	296	195	261	206	167	169	146	179	102	148	117	127	109	103	109	75	95	72	83	64	80
64	170	1	2	119	0	1953125	12	0.0	2561	1.46	0	0	V0.2	0	0	41	15	55	13	65	16	62	20	60	28	60	37	64	44	70	49	72	69	73	82	60	111	63	125	55	136	90	140	119	136	177	157	258	184	183	82	180	166	82	191	270	571	519	474	428	389	238	136	57	448	911	707	558	934	1000	587	345	244	227	593	487	340	351	262	292	191	265	199	172	159	151	179	104	152	117	136	108	110	114	82	98	78	91	67	80
64	170	1	2	119	0	1953125	12	0.0	2564	1.46	0	0	V0.2	0	0	29	50	18	60	25	59	24	56	27	53	28	56	30	59	36	61	40	61	60	56	75	55	106	45	114	57	135	88	138	137	140	199	192	250	111	162	117	169	172	113	358	504	588	413	494	353	237	87	59	511	882	742	541	991	999	577	289	268	274	587	505	332	369	315	248	264	215	244	155	176	174	147	153	107	157	100	131	96	111	88	91	93	73	82	75
64	170	1	2	119	0	1953125	12	0.0	2561	1.46	0	0	V0.2	0	0	47	18	61	17	70	20	65	23	63	31	62	35	66	45	73	49	73	69	76	83	59	113	62	128	56	141	92	147	126	141	180	159	264	187	193	86	184	181	94	202	287	600	545	504	443	381	228	113	81	485	956	739	609	980	1000	555	321	212	264	629	507	353	360	261	301	196	271	206	180	169	157	187	109	158	121	138	112	111	114	82	102	80	92	67	80
64	170	1	2	119	0	1953125	12	0.0	2564	1.46	0	0	V0.2	0	0	42	26	57	15	67	12	62	18	59	28	54	39	50	44	54	46	53	54	60	60	56	84	66	103	56	127	72	146	95	154	154	166	234	180	180	64	186	139	157	209	313	581	527	480	407	379	170	99	105	486	1000	697	633	905	972	467	283	119	264	673	461	395	311	298	271	214	263	183	201	136	190	158	127	144	116	137	91	122	91	96	85	87	81	70	79
64	170	1	2	119	0	1953125	12	0.0	2564	1.46	0	0	V0.2	0	0	39	17	53	11	64	7	61	17	57	29	56	40	56	49	62	52	63	64	71	75	61	98	64	116	54	136	77	149	107	149	163	161	246	170	179	57	174	152	128	216	304	594	529	498	411	360	154	95	107	508	1000	711	648	932	948	451	299	131	285	670	481	385	328	270	274	190	265	188	195	152	178	176	117	158	120	152	105	124	109	94	97	85	93	70	83
64	170	1	2	119	0	1953125	12	0.0	2564	1.46	0	0	V0.2	0	0	47	20	55	23	59	31	54	29	55	28	56	24	59	26	62	30	58	48	56	68	40	95	43	111	42	120	87	127	116	125	172	147	248	169	171	67	145	180	106	225	308	607	556	509	437	347	168	101	80	555	1000	781	643	982	939	477	322	178	327	661	536	364	363	242	280	179	253	195	165	160	145	178	101	152	115	131	105	99	102	73	92	70	82	63	81
64	170	1	2	119	0	1953125	12	0.0	2561	1.46	0	0	V0.2	0	0	44	16	53	21	58	25	58	26	55	27	59	30	62	34	69	38	65	61	68	78	49	104	52	115	54	120	97	126	127	121	173	151	248	175	162	68	131	173	97	212	310	596	560	495	429	323	158	115	58	574	999	802	606	955	910	477	320	207	331	644	534	333	357	231	272	171	234	196	147	159	133	177	106	143	123	121	111	96	111	73	95	74	85	66	75
64	170	1	2	119	0	1953125	12	0.0	2564	1.46	0	0	V0.2	0	0	40	16	53	15	57	20	54	20	51	20	51	23	54	27	56	31	52	44	49	60	38	85	37	101	30	112	68	120	94	120	158	139	227	151	160	35	128	140	105	229	294	582	528	487	403	336	108	132	112	534	999	766	629	920	915	427	346	187	305	643	496	353	320	237	257	157	229	160	153	131	136	160	94	138	96	122	87	101	92	76	88	69	79	57	73
64	170	1	2	119	0	1953125	12	0.0	2561	1.46	0	0	V0.2	0	0	42	21	48	33	53	39	47	35	50	31	53	27	61	28	66	38	64	58	62	76	48	97	58	104	66	101	110	102	132	108	172	155	237	188	144	79	101	164	118	199	331	587	585	479	452	306	147	154	78	612	1000	854	582	994	923	484	343	272	339	627	556	301	358	225	251	168	200	195	117	151	120	163	109	122	131	107	119	82	112	67	86	72	75	64	66
64	170	1	2	119	0	1953125	12	0.0	2584	1.46	0	0	V0.2	0	0	35	33	32	44	32	52	28	44	32	37	41	28	47	23	52	29	43	34	39	55	36	71	44	78	56	81	98	80	109	97	164	137	208	151	120	56	75	167	135	238	328	584	556	452	401	295	136	145	104	592	1000	844	591	952	914	469	323	212	341	632	547	326	358	232	269	169	221	181	131	144	117	157	84	126	104	109	95	81	88	57	80	59	69	54	69
64	170	1	2	119	0	1953125	12	0.0	2584	1.46	0	0	V0.2	0	0	41	15	51	10	59	15	53	14	50	20	49	24	49	30	52	33	47	40	49	59	37	80	37	95	30	113	65	119	86	123	159	137	211	131	137	14	109	139	131	256	306	574	508	437	346	309	100	139	156	538	1000	778	585	869	904	430	327	192	305	628	496	326	312	231	257	150	219	164	141	127	121	151	81	124	93	107	80	81	88	61	77	56	69	47	62
64	170	1	2	119	0	1953125	12	0.0	2584	1.46	0	0	V0.2	0	0	31	20	47	9	55	7	54	9	48	22	45	30	42	34	44	36	41	37	43	49	41	64	44	82	34	104	53	116	67	128	139	144	189	133	127	7	115	114	155	246	312	548	492	408	322	297	93	86	185	512	1000	729	576	806	883	391	285	177	283	643	458	344	276	257	248	161	214	147	158	110	141	137	87	117	85	115	76	99	79	71	71	65	70	52	67
64	170	1	2	119	0	1953125	12	0.0	2561	1.46	0	0	V0.2	0	0	40	16	47	22	54	31	46	30	46	29	50	25	56	27	63	36	60	54	60	72	46	90	59	97	70	89	115	90	131	104	170	157	216	182	113	75	53	159	161	209	356	557	582	419	412	253	115	164	157	655	1000	886	547	953	884	453	310	286	390	643	560	285	331	246	219	195	162	211	122	141	140	136	142	89	149	93	122	77	97	79	75	84	68	72	61
64	170	1	2	119	0	1953125	12	0.0	2559	1.46	0	0	V0.2	0	0	36	43	23	55	17	60	15	53	25	48	35	44	41	43	46	48	43	52	50	56	60	62	81	58	95	54	129	69	129	113	154	176	182	199	78	93	31	151	202	200	386	531	586	381	403	229	112	133	166	660	1000	881	543	926	870	434	258	261	397	650	554	301	330	263	221	209	170	214	132	144	147	133	142	95	150	97	121	78	99	76	73	79	62	69	60
64	170	1	2	119	0	1953125	12	0.0	2561	1.46	0	0	V0.2	0	0	40	27	41	39	42	46	40	42	43	37	50	30	58	33	65	39	60	59	62	73	54	90	68	94	82	88	124	91	137	108	171	164	212	183	109	77	46	168	163	225	352	553	562	403	381	239	115	165	154	652	1000	877	539	907	855	428	293	238	400	639	559	281	333	230	238	176	181	209	125	153	126	156	130	113	141	99	119	74	108	75	85	78	78	73	65
64	170	1	2	119	0	1953125	12	0.0	2559	1.46	0	0	V0.2	0	0	39	38	30	51	27	56	22	49	31	45	39	38	47	39	52	44	49	54	54	63	57	72	78	71	93	63	130	73	134	110	159	175	192	200	90	96	33	162	188	199	374	532	583	383	398	229	125	129	144	655	1000	881	521	905	855	428	243	242	396	643	550	288	329	260	227	206	171	219	134	150	148	142	146	98	148	92	119	80	108	83	80	83	68	72	65
64	170	1	2	119	0	1953125	12	0.0	2561	1.46	0	0	V0.2	0	0	40	29	40	41	39	49	36	43	40	40	48	32	57	34	61	39	58	57	61	72	57	88	72	89	86	83	126	86	137	107	169	167	207	188	103	83	41	172	165	211	353	543	562	391	383	233	127	145	133	649	1000	873	517	899	843	412	280	235	404	636	547	271	327	235	231	182	177	212	122	149	131	152	133	108	145	102	126	76	107	74	84	80	73	71	63
64	170	1	2	119	0	1953125	12	0.0	2559	1.46	0	0	V0.2	0	0	36	42	21	55	14	60	10	54	22	50	33	44	40	46	45	49	43	54	52	59	63	60	89	51	100	45	131	66	127	113	144	180	173	208	67	96	37	143	206	169	376	507	573	351	401	224	106	116	154	644	1000	839	488	895	856	383	233	251	391	650	519	289	303	277	202	214	160	212	140	130	157	120	150	85	149	96	121	92	99	86	69	86	61	70	60
64	170	1	2	119	0	1953125	12	0.0	2581	1.46	0	0	V0.2	0	0	34	40	22	49	21	55	17	46	25	39	36	32	42	27	48	32	42	40	44	58	46	70	56	74	77	77	118	81	123	98	165	150	194	157	91	79	38	198	171	247	338	554	529	378	327	203	160	131	129	631	1000	833	508	856	808	400	220	139	396	643	539	279	338	236	264	177	214	211	138	157	123	163	100	122	120	112	113	85	105	65	88	69	76	59	69
64	170	1	2	119	0	1953125	12	0.0	2584	1.46	0	0	V0.2	0	0	38	19	44	27	47	35	44	31	44	28	47	19	51	16	51	24	47	34	39	57	30	73	29	86	42	92	86	95	99	100	163	131	198	127	112	54	66	178	149	261	315	559	499	385	318	245	140	134	130	596	1000	809	522	864	847	414	252	155	380	639	535	291	335	233	263	169	207	202	132	151	118	156	96	113	111	96	100	81	103	60	82	64	72	58	67
64	170	1	2	119	0	1953125	12	0.0	2584	1.46	0	0	V0.2	0	0	44	32	36	42	37	49	31	44	36	37	42	26	49	25	53	31	47	42	46	63	43	76	55	80	74	78	118	80	124	100	168	150	195	157	87	68	25	189	186	242	358	550	539	377	356	206	114	156	121	655	1000	853	518	925	834	392	264	209	419	645	551	275	341	247	227	188	176	218	122	144	127	140	122	89	134	84	114	65	95	63	70	71	61	62	58
64	170	1	2	119	0	1953125	12	0.0	2584	1.46	0	0	V0.2	0	0	26	17	44	7	53	5	52	5	44	20	42	26	36	31	38	33	37	31	35	40	35	53	43	71	31	97	46	111	52	123	118	135	158	119	102	29	96	111	186	240	308	509	456	352	296	241	72	90	211	508	1000	687	546	777	830	283	248	187	319	675	431	328	243	256	225	148	203	143	162	93	147	126	88	106	85	112	58	87	65	72	61	62	62	49	59
64	170	1	2	119	0	1953125	12	0.0	2581	1.46	0	0	V0.2	0	0	38	31	31	40	32	49	27	42	31	35	38	25	43	20	48	28	41	36	39	54	37	67	48	71	70	73	113	75	117	94	158	137	181	138	69	69	19	195	189	248	349	532	500	349	313	165	103	187	152	670	1000	840	513	894	786	340	278	203	464	655	544	262	329	244	231	186	178	223	126	148	128	145	123	92	136	87	110	63	99	67	78	73	67	65	60
64	170	1	2	119	0	1953125	12	0.0	2584	1.46	0	0	V0.2	0	0	36	21	44	31	46	37	43	33	41	28	47	21	52	17	53	24	48	34	37	54	29	70	28	83	47	97	89	95	98	98	157	119	180	105	94	74	60	201	163	274	309	538	454	339	248	180	153	152	180	607	999	788	522	821	777	349	240	146	437	661	529	280	320	234	268	168	210	208	139	154	120	163	100	118	111	104	106	83	107	64	82	61	70	54	65
64	170	1	2	119	0	1953125	12	0.0	2561	1.46	0	0	V0.2	0	0	40	22	41	32	45	42	38	34	39	33	47	25	53	25	58	33	54	50	53	67	47	80	62	82	82	81	127	84	131	102	162	152	185	161	71	78	27	187	195	224	358	511	508	324	310	141	91	188	163	685	1000	847	495	884	768	316	262	222	486	667	537	256	306	270	218	205	160	231	150	145	159	144	161	93	154	105	129	94	113	96	73	89	74	79	63
64	170	1	2	119	0	1953125	12	0.0	2559	1.46	0	0	V0.2	0	0	30	45	14	57	9	59	11	53	18	50	27	48	32	51	39	54	37	54	51	52	66	47	89	37	103	51	131	74	121	122	138	178	148	181	46	76	79	149	243	200	387	474	510	276	307	139	71	167	189	673	1000	818	478	844	765	283	228	235	483	681	506	275	284	301	211	217	169	227	169	133	174	132	161	91	155	110	121	99	104	96	68	89	68	76	62
64	170	1	2	119	0	1953125	12	0.0	2556	1.46	0	0	V0.2	0	0	38	45	25	58	18	61	17	56	28	52	39	47	47	50	53	54	53	64	61	65	70	69	95	59	111	59	143	79	141	124	155	185	170	193	56	90	63	167	232	207	385	488	528	298	319	148	81	172	174	663	1000	856	494	876	783	310	245	238	479	676	523	258	298	286	208	204	160	231	158	139	165	137	162	92	157	104	121	91	108	95	71	89	69	77	62
64	170	1	2	119	0	1953125	12	0.0	2559	1.46	0	0	V0.2	0	0	37	39	26	54	22	60	18	52	27	49	40	43	45	40	50	45	46	50	50	59	58	65	76	63	97	60	131	70	129	107	157	167	171	169	59	88	40	179	215	240	378	506	513	302	299	153	105	197	183	672	1000	870	504	884	780	316	288	239	497	675	547	253	321	274	238	200	172	233	144	155	152	159	154	103	154	101	120	79	114	86	81	81	71	72	64
64	170	1	2	119	0	1953125	12	0.0	2559	1.46	0	0	V0.2	0	0	30	44	14	57	9	58	11	54	20	51	29	48	33	53	41	57	40	57	56	56	71	52	95	41	106	53	135	81	123	130	138	188	152	187	55	77	85	135	242	203	392	465	516	273	294	144	58	172	238	649	1000	839	506	847	765	248	262	286	467	687	497	274	269	300	200	203	157	215	171	120	176	130	163	91	153	121	115	95	92	98	69	91	72	76	64
64	170	1	2	119	0	1953125	12	0.0	2559	1.46	0	0	V0.2	0	0	38	38	31	52	25	57	23	51	30	46	42	40	48	38	54	44	52	52	51	63	58	72	75	71	96	67	131	76	134	110	169	174	182	174	78	99	42	188	204	250	377	514	524	309	283	164	148	179	183	661	1000	896	517	884	793	340	267	222	480	674	558	260	333	284	256	206	186	243	148	164	153	169	156	113	156	108	130	86	120	85	84	85	78	74	66
64	170	1	2	119	0	1953125	12	0.0	2556	1.46	0	0	V0.2	0	0	44	38	41	52	35	55	34	52	38	44	49	38	56	40	63	46	62	63	63	74	63	85	79	87	101	81	139	89	145	117	178	182	199	190	95	109	47	193	195	239	371	521	532	316	299	191	166	159	156	642	1000	895	505	903	830	362	268	225	464	672	550	245	334	285	252	198	181	242	146	157	151	167	156	107	158	110	129	81	116	88	85	84	75	76	66
64	170	1	2	119	0	1953125	12	0.0	2559	1.46	0	0	V0.2	0	0	36	18	51	9	59	10	55	12	51	24	52	30	50	35	53	40	53	47	52	59	46	78	49	98	38	117	64	130	84	133	153	154	198	127	146	32	123	139	167	268	301	517	454	346	241	273	150	63	201	485	1000	762	574	798	867	329	231	185	349	695	457	319	276	292	269	163	230	179	184	127	166	170	115	139	111	142	86	109	95	89	83	76	83	60	73
64	170	1	2	119	0	1953125	12	0.0	2556	1.46	0	0	V0.2	0	0	42	44	30	58	23	63	21	57	32	56	42	45	52	49	55	53	58	65	63	72	75	76	95	73	115	64	147	86	148	127	171	203	192	214	89	117	56	172	217	212	395	510	575	335	349	215	142	135	173	630	999	916	573	985	890	359	269	275	459	699	553	289	348	313	226	212	175	241	155	143	173	152	167	97	167	114	126	88	111	97	76	93	76	80	62
64	170	1	2	119	0	1953125	12	0.0	2559	1.46	0	0	V0.2	0	0	41	39	37	55	32	60	28	53	35	49	47	40	56	40	59	44	59	57	55	69	61	81	75	86	101	79	139	91	145	112	184	189	204	187	107	121	52	209	190	256	379	541	568	361	327	217	203	138	126	630	1000	932	579	981	902	426	244	200	471	700	581	290	393	311	280	217	219	265	155	182	166	188	152	123	167	122	139	91	128	86	94	88	83	77	71
64	170	1	2	119	0	1953125	12	0.0	2556	1.46	0	0	V0.2	0	0	43	47	32	66	24	69	24	63	35	59	47	51	56	57	62	63	63	75	71	82	83	82	107	79	129	72	163	98	160	138	183	224	206	236	105	148	85	196	219	203	404	521	602	347	373	261	203	99	103	605	988	907	562	1000	977	470	170	220	436	703	561	315	379	359	254	246	204	269	178	165	196	164	181	108	181	125	137	102	119	106	83	103	81	88	72
64	170	1	2	119	0	1953125	12	0.0	2559	1.46	0	0	V0.2	0	0	46	29	51	43	50	52	48	44	50	40	59	30	65	30	69	37	70	54	58	76	53	97	55	112	80	112	123	121	142	119	194	177	232	177	152	122	93	226	152	275	340	572	549	391	314	269	266	77	97	570	1000	893	596	970	958	505	206	137	433	709	568	313	411	316	326	209	271	264	172	194	169	215	138	158	159	144	136	105	136	88	108	88	94	73	84
64	170	1	2	119	0	1953125	12	0.0	2556	1.46	0	0	V0.2	0	0	42	53	24	68	15	70	17	65	28	61	39	57	50	63	53	67	61	75	70	76	88	73	115	67	134	66	164	99	156	144	169	228	198	249	108	150	106	192	221	166	389	504	605	342	379	298	215	81	80	555	977	860	552	986	1000	469	149	213	419	708	519	326	372	383	245	258	216	268	189	155	213	157	181	107	185	132	131	112	117	113	82	110	82	87	74
64	170	1	2	119	0	1953125	12	0.0	2559	1.46	0	0	V0.2	0	0	38	43	32	58	25	62	20	53	30	51	42	42	50	44	53	47	59	58	53	67	63	75	80	78	105	68	140	83	144	112	173	191	199	214	115	139	66	206	181	192	346	499	565	346	379	276	232	62	20	533	900	840	536	1000	945	468	182	193	417	643	529	297	413	335	264	239	229	270	154	183	181	176	159	121	174	114	138	96	123	87	94	97	77	76	73
64	170	1	2	119	0	1953125	12	0.0	2556	1.46	0	0	V0.2	0	0	44	43	39	59	30	62	30	57	37	51	47	43	59	47	63	53	65	67	66	79	72	86	91	85	113	75	149	90	155	120	178	201	211	229	118	147	71	210	176	170	349	503	581	354	392	273	223	56	51	540	923	848	528	1000	949	452	203	227	412	657	527	290	405	334	245	229	212	263	150	170	182	168	164	109	176	112	135	92	119	92	86	98	76	80	70
64	170	1	2	119	0	1953125	12	0.0	2559	1.46	0	0	V0.2	0	0	47	35	48	49	45	56	41	46	44	42	53	31	63	33	66	40	68	57	54	74	52	93	60	104	83	100	127	108	141	111	189	178	232	195	153	123	92	224	145	230	320	548	562	396	366	290	265	49	26	521	942	854	571	1000	968	510	211	188	402	661	544	311	435	315	304	215	267	265	157	195	168	205	133	148	162	130	136	101	132	81	102	88	88	71	83
64	170	1	2	119	0	1953125	12	0.0	2556	1.46	0	0	V0.2	0	0	42	45	33	61	24	67	23	59	34	55	45	47	56	51	58	57	62	69	65	78	76	83	103	80	121	70	156	88	154	126	172	208	205	248	123	160	86	207	187	147	349	492	589	352	421	309	233	32	65	505	886	784	497	993	1000	493	187	247	379	629	483	298	401	357	236	246	218	262	158	167	195	157	165	102	180	113	135	102	117	97	83	102	76	81	71
64	170	1	2	119	0	1953125	12	0.0	2559	1.46	0	0	V0.2	0	0	36	21	55	9	64	5	61	11	55	27	53	33	47	43	49	45	55	53	57	60	55	79	61	103	47	123	59	143	77	141	146	168	220	163	186	46	172	132	170	199	260	524	490	401	312	360	209	82	29	349	926	655	560	861	999	458	255	178	279	669	396	360	338	339	268	199	275	193	197	128	202	171	122	144	124	149	89	124	94	92	83	89	83	64	80
64	170	1	2	119	0	1953125	12	0.0	2556	1.46	0	0	V0.2	0	0	44	45	34	62	28	66	25	60	36	55	46	47	58	51	61	58	65	70	69	79	78	87	102	86	122	76	158	92	158	125	173	208	211	253	129	169	99	227	181	144	341	490	588	350	413	311	259	62	74	493	855	760	463	960	1000	535	145	249	384	608	479	297	410	363	248	255	228	274	164	178	200	168	170	110	182	115	141	105	125	102	89	106	79	84	73
64	170	1	2	119	0	1953125	12	0.0	2559	1.46	0	0	V0.2	0	0	44	34	47	49	43	55	40	45	45	42	51	32	64	33	64	41	67	56	55	76	54	92	63	107	87	97	125	105	141	107	182	177	233	215	171	144	110	237	134	189	289	524	574	399	405	312	302	29	134	420	817	774	527	1000	990	583	210	312	340	583	502	308	450	319	299	237	275	269	157	205	175	200	136	149	165	123	139	100	132	85	109	92	84	73	83
64	170	1	2	119	0	1953125	12	0.0	2556	1.46	0	0	V0.2	0	0	47	48	35	65	28	68	27	61	37	56	49	49	60	53	65	58	66	73	71	84	82	93	108	90	125	78	160	97	165	130	176	214	223	265	141	185	116	238	170	132	343	497	594	370	435	330	278	89	121	489	832	734	493	976	1000	545	196	272	387	580	458	311	416	362	247	266	236	277	166	188	204	165	172	116	184	113	143	109	128	103	90	106	81	86	78
64	170	1	2	119	0	1953125	12	0.0	2534	1.45	0	0	V0.2	0	0	49	28	57	39	58	46	53	42	56	40	59	37	72	38	74	49	77	70	72	89	67	110	83	119	99	106	137	110	158	115	176	184	238	246	177	189	145	242	112	134	286	486	564	395	452	346	306	90	188	441	766	702	470	970	1000	606	238	326	335	519	461	294	422	334	276	263	253	282	168	205	197	190	173	137	191	128	156	111	137	106	108	112	87	88	82
64	170	1	2	119	0	1953125	12	0.0	2556	1.46	0	0	V0.2	0	0	34	47	19	65	12	63	18	63	28	58	43	57	51	62	59	66	64	80	76	79	88	84	113	76	128	71	151	92	156	130	162	212	212	263	148	193	114	207	147	115	315	458	578	396	454	350	294	127	157	391	723	703	513	971	999	610	321	342	271	497	449	316	417	322	256	254	238	257	152	191	175	168	148	127	164	107	139	99	123	91	101	97	81	85	81
64	170	1	2	119	0	1953125	12	0.0	2559	1.46	0	0	V0.2	0	0	38	41	32	54	25	59	23	52	31	48	40	39	50	42	53	48	58	58	55	69	63	77	82	82	101	69	132	82	141	110	165	191	210	239	153	175	98	201	135	140	310	456	562	406	459	339	276	111	148	412	722	717	552	1000	981	585	321	305	292	505	451	332	427	328	257	260	241	260	157	192	181	163	151	123	165	105	134	98	119	88	95	96	75	79	77
64	170	1	2	119	0	1953125	12	0.0	2559	1.46	0	0	V0.2	0	0	34	39	27	55	22	58	21	54	29	50	40	45	51	48	54	53	58	64	61	72	72	78	96	74	110	60	139	79	145	114	154	197	203	250	137	177	98	199	140	100	311	449	569	399	467	338	256	126	162	408	756	711	545	1000	994	550	329	323	291	522	425	330	410	343	232	265	227	254	156	181	192	150	158	110	173	106	136	105	116	97	91	104	75	85	76
64	170	1	2	119	0	1953125	12	0.0	2559	1.46	0	0	V0.2	0	0	35	43	25	59	17	64	13	53	26	52	36	43	46	46	49	49	53	59	52	65	64	69	87	70	105	56	136	72	140	107	154	192	201	240	128	171	95	208	139	107	308	455	565	382	456	332	259	101	161	438	767	720	517	996	1000	555	301	318	310	520	435	316	416	334	241	263	231	258	150	186	183	152	151	113	168	98	133	95	117	88	91	96	69	77	72
64	170	1	2	119	0	1953125	12	0.0	2556	1.46	0	0	V0.2	0	0	45	45	38	63	29	66	30	60	36	54	48	45	60	49	63	52	65	70	65	78	72	89	98	88	117	73	149	81	158	116	165	199	219	261	137	183	104	229	139	99	310	474	592	391	462	321	259	102	190	456	796	736	492	988	999	559	271	339	313	528	442	307	414	335	236	262	228	265	148	185	188	157	160	110	175	102	142	100	121	95	92	104	72	83	74
64	170	1	2	119	0	1953125	12	0.0	2559	1.46	0	0	V0.2	0	0	47	34	52	51	48	54	45	49	48	40	56	31	66	32	68	36	67	58	56	73	51	100	58	109	78	105	118	107	139	105	179	170	247	210	175	146	141	239	88	163	273	522	546	420	406	318	297	110	229	435	799	722	496	959	1000	641	284	337	309	522	464	305	441	295	306	232	282	259	164	211	166	203	124	159	154	124	134	102	129	79	110	84	83	66	82
64	170	1	2	119	0	1953125	12	0.0	2579	1.46	0	0	V0.2	0	0	26	50	30	57	39	54	41	50	37	52	30	57	23	64	25	60	34	58	53	46	78	42	99	39	108	69	120	100	110	139	119	206	178	229	129	144	157	151	190	85	319	438	524	357	374	344	194	195	125	413	779	599	493	842	1000	525	323	261	267	531	347	354	339	356	208	263	228	227	181	142	209	118	153	95	150	106	107	108	88	94	68	96	60	75	68
64	170	1	2	119	0	1953125	12	0.0	2554	1.46	0	0	V0.2	0	0	46	19	60	30	62	37	57	34	56	32	57	25	66	27	66	32	67	54	56	74	45	101	48	114	65	113	110	110	131	100	173	162	248	201	165	142	146	236	79	143	261	497	524	390	386	295	293	135	264	424	768	699	445	927	1000	665	274	354	285	493	456	282	418	305	281	246	254	272	154	203	171	185	140	127	163	107	137	90	128	86	99	91	76	74	73
64	170	1	2	119	0	1953125	12	0.0	2556	1.46	0	0	V0.2	0	0	48	16	62	21	66	20	63	24	61	26	62	29	62	35	70	39	68	62	67	79	55	112	50	125	49	139	87	138	116	121	165	154	266	185	201	120	207	206	82	144	216	502	466	417	361	352	285	215	272	347	766	606	463	869	999	647	337	346	220	486	391	299	383	273	294	196	287	223	181	182	163	195	102	156	119	132	111	110	119	79	106	81	94	65	85
64	170	1	2	119	0	1953125	12	0.0	2554	1.46	0	0	V0.2	0	0	44	22	57	34	60	38	54	35	55	29	56	24	67	26	70	32	68	56	59	73	47	104	50	119	59	119	100	118	126	104	162	150	247	199	182	145	180	227	64	122	215	475	477	393	397	341	302	204	330	350	715	610	423	905	1000	672	355	427	226	434	392	271	410	271	290	217	283	244	164	195	157	191	109	149	135	122	127	106	130	83	109	86	87	70	80
64	170	1	2	119	0	1953125	12	0.0	2556	1.46	0	0	V0.2	0	0	48	16	62	18	68	22	65	21	60	24	60	29	65	35	67	38	68	61	64	78	53	111	51	124	45	134	82	136	110	116	158	145	259	180	198	118	213	208	82	119	193	489	454	405	370	368	290	234	302	316	734	561	428	852	1000	661	378	407	197	447	361	283	377	263	287	194	282	212	172	174	158	186	94	151	112	124	103	107	114	79	105	80	90	63	84
64	170	1	2	119	0	1953125	12	0.0	2579	1.46	0	0	V0.2	0	0	41	30	44	48	44	52	40	44	42	35	49	23	59	22	61	25	57	45	47	65	36	91	37	103	52	111	95	113	116	103	165	149	250	184	182	117	181	230	94	157	228	523	506	432	383	359	304	210	313	357	789	643	520	916	1000	652	363	415	234	483	398	331	420	279	303	221	313	224	190	191	174	189	95	161	112	131	97	108	97	76	98	73	82	65	86
64	170	1	2	119	0	1953125	12	0.0	2581	1.46	0	0	V0.2	0	0	24	41	36	42	46	40	45	38	38	41	28	49	23	56	22	54	29	52	48	41	68	43	94	48	92	81	102	105	91	134	102	186	183	209	136	120	184	135	171	78	279	447	487	351	358	367	176	250	175	350	801	540	475	796	1000	512	379	300	223	522	294	340	304	332	201	246	238	196	183	125	202	109	135	94	124	103	91	111	77	91	66	89	58	69	68
64	170	1	2	119	0	1953125	12	0.0	2579	1.46	0	0	V0.2	0	0	26	28	44	24	55	20	54	19	45	28	38	37	33	46	35	47	38	45	43	41	55	54	69	68	63	98	66	115	61	128	107	164	192	171	152	77	191	106	154	122	247	464	446	363	323	370	158	234	145	307	822	535	493	792	999	510	373	279	195	533	304	352	307	315	231	225	269	181	193	121	196	130	118	119	108	119	75	115	79	88	73	79	61	57	68
64	170	1	2	119	0	1953125	12	0.0	2579	1.46	0	0	V0.2	0	0	23	42	33	43	45	40	44	37	36	41	28	48	19	54	20	54	28	49	46	38	64	36	89	43	91	74	97	100	88	129	97	179	170	204	123	117	164	122	168	77	272	435	479	332	362	345	136	203	164	342	817	564	473	824	1000	468	336	284	223	541	310	338	305	330	194	240	230	195	175	117	198	106	133	89	122	100	89	109	75	86	58	84	54	65	62
64	170	1	2	119	0	1953125	12	0.0	2579	1.46	0	0	V0.2	0	0	22	31	42	30	52	26	53	24	43	32	36	42	29	50	30	49	34	45	44	39	58	47	76	62	72	95	76	113	67	131	105	172	183	179	144	84	185	111	169	123	263	462	462	343	321	359	148	202	121	337	845	567	492	795	999	489	321	236	232	554	315	354	304	328	224	235	260	186	191	120	203	125	128	114	116	115	79	114	76	92	73	88	63	65	70
64	170	1	2	119	0	1953125	12	0.0	2579	1.46	0	0	V0.2	0	0	33	29	53	19	63	16	58	17	53	27	42	39	40	47	41	47	41	47	50	51	58	66	72	86	59	112	61	129	63	138	122	161	214	174	180	69	203	119	149	125	221	487	451	386	326	376	168	241	177	279	828	549	514	816	1000	503	363	292	189	542	320	344	315	294	244	202	273	171	186	119	183	142	100	128	93	117	63	103	72	78	73	72	68	55	70
64	170	1	2	119	0	1953125	12	0.0	2579	1.46	0	0	V0.2	0	0	15	44	10	53	21	54	25	47	19	46	16	45	16	52	16	48	27	48	40	36	61	31	85	20	97	32	117	61	109	103	110	183	159	219	77	135	98	175	158	56	288	416	526	299	381	295	201	145	225	377	779	644	413	888	1000	516	291	335	280	522	380	298	361	330	200	263	217	235	141	159	181	113	134	83	145	72	104	79	90	78	75	87	51	69	60
64	170	1	2	119	0	1953125	12	0.0	2579	1.46	0	0	V0.2	0	0	21	44	34	44	43	42	42	38	36	43	25	47	20	54	20	53	26	47	44	37	62	32	88	42	89	67	96	96	82	125	98	177	166	206	123	118	145	110	163	88	266	425	477	326	364	342	133	197	164	296	788	556	469	836	1000	449	362	289	200	541	316	339	301	319	182	233	221	182	161	107	184	93	120	79	114	91	81	102	71	82	57	83	51	61	58
64	170	1	2	119	0	1953125	12	0.0	2604	1.47	0	0	V0.2	0	0	28	11	44	4	53	4	54	2	43	15	42	20	34	31	38	29	30	26	29	31	34	41	47	58	41	83	48	100	40	111	93	151	160	156	120	60	148	86	162	135	259	462	462	346	332	342	116	189	113	299	841	564	518	848	1000	425	381	268	207	576	321	365	312	317	200	230	243	168	168	107	183	92	111	86	99	87	70	98	53	70	50	70	38	58	52
64	170	1	2	119	0	1953125	12	0.0	2606	1.47	0	0	V0.2	0	0	29	15	52	5	59	3	56	2	49	16	46	20	46	24	42	26	38	22	27	38	27	53	37	78	19	96	32	108	38	115	121	132	187	129	149	15	154	126	144	185	233	509	452	385	305	335	138	167	86	316	881	634	555	890	1000	454	365	241	227	589	395	352	362	282	265	182	281	179	169	132	154	151	68	124	77	110	68	96	78	61	78	59	64	44	70
64	170	1	2	119	0	1953125	12	0.0	2604	1.47	0	0	V0.2	0	0	30	13	56	5	62	4	64	7	52	15	49	18	47	29	49	28	43	26	30	43	27	57	41	86	20	109	37	121	41	120	129	149	202	136	153	4	170	146	166	198	250	542	488	408	292	328	184	168	115	342	966	684	601	892	1000	470	342	256	257	630	399	380	378	300	282	202	309	193	181	140	172	161	74	137	87	114	60	91	76	65	79	63	64	47	74
64	170	1	2	119	0	1953125	12	0.0	2601	1.47	0	0	V0.2	0	0	34	16	58	4	62	8	60	6	54	16	50	20	51	26	48	29	43	25	33	47	29	63	35	89	14	111	41	120	49	120	141	144	213	133	161	26	188	166	146	199	247	546	465	377	282	343	219	162	150	383	950	650	521	850	999	513	287	251	293	608	399	336	378	293	288	191	300	204	172	150	159	166	69	136	87	105	68	104	96	61	84	66	76	50	77
64	170	1	2	119	0	1953125	12	0.0	2579	1.46	0	0	V0.2	0	0	22	35	43	34	55	32	55	26	46	35	35	44	33	49	29	53	36	41	43	45	55	47	79	74	65	103	74	128	59	139	121	171	197	176	166	46	192	132	192	161	252	504	473	359	292	354	190	173	125	346	926	598	497	792	999	492	277	239	255	607	351	350	330	312	275	208	298	191	190	133	186	162	89	134	94	126	70	110	87	80	88	76	77	52	81
64	170	1	2	119	0	1953125	12	0.0	2601	1.47	0	0	V0.2	0	0	40	15	59	10	64	14	62	13	55	19	53	22	51	31	55	31	48	33	38	46	36	66	43	90	26	111	45	124	52	126	132	155	200	146	169	34	194	142	171	174	241	496	446	341	269	371	225	181	138	341	879	540	446	758	1000	501	297	270	269	574	310	339	326	316	254	213	286	178	185	119	187	132	100	119	87	101	58	108	65	75	65	74	56	56	68
64	170	1	2	119	0	1953125	12	0.0	2579	1.46	0	0	V0.2	0	0	21	38	43	35	54	31	55	27	45	34	36	45	32	51	27	53	35	43	44	44	57	50	77	77	65	101	71	125	59	137	119	165	194	170	170	49	198	132	185	154	242	481	444	346	287	368	212	168	128	335	893	571	446	768	999	495	258	247	261	586	339	329	331	310	275	200	297	194	189	134	185	170	94	141	100	130	74	105	87	76	87	74	80	53	81
64	170	1	2	119	0	1953125	12	0.0	2579	1.46	0	0	V0.2	0	0	37	22	59	7	68	3	66	11	60	25	52	34	52	42	51	44	52	46	50	59	50	79	60	104	41	124	59	145	70	141	146	160	233	165	197	44	207	168	171	173	227	522	472	389	289	368	265	185	171	320	907	615	496	803	999	527	288	289	258	590	359	344	352	303	284	204	305	196	193	143	186	170	97	147	99	134	87	125	98	79	90	79	82	57	83
64	170	1	2	119	0	1953125	12	0.0	2579	1.46	0	0	V0.2	0	0	24	32	44	28	53	27	54	21	43	34	37	39	29	49	29	47	34	45	43	39	59	45	78	64	73	93	80	116	67	133	108	176	178	184	150	77	176	123	192	130	260	445	467	332	308	361	191	188	115	334	856	562	453	780	999	458	294	262	259	576	305	341	308	340	226	237	265	193	186	115	202	119	126	108	121	115	85	124	80	89	68	87	62	64	69
64	170	1	2	119	0	1953125	12	0.0	2581	1.46	0	0	V0.2	0	0	33	21	55	8	63	6	62	8	52	22	46	32	45	39	46	41	47	40	43	50	49	70	58	94	41	114	52	133	61	131	131	157	217	156	181	40	192	140	154	165	222	492	447	373	291	374	232	187	135	295	875	599	495	804	1000	505	329	282	230	588	347	336	337	302	267	195	290	188	186	129	183	159	94	134	98	130	80	118	89	77	82	77	78	57	78
64	170	1	2	119	0	1953125	12	0.0	2579	1.46	0	0	V0.2	0	0	41	14	56	21	60	26	55	24	51	21	51	16	58	22	57	26	56	39	42	61	35	84	29	107	27	119	66	128	87	112	161	148	234	148	184	76	177	201	128	196	219	519	476	383	300	351	300	136	179	357	896	694	491	858	1000	569	247	288	303	602	426	316	399	294	303	201	309	231	175	170	167	187	85	152	115	127	94	108	111	75	100	74	81	53	80
64	170	1	2	119	0	1953125	12	0.0	2579	1.46	0	0	V0.2	0	0	44	39	43	57	37	60	36	52	38	43	51	33	59	32	61	34	59	51	50	67	50	93	59	102	75	99	119	104	128	98	175	166	239	200	163	137	138	251	109	174	244	500	515	367	356	331	341	109	229	403	843	722	460	915	999	597	225	330	342	560	440	282	425	293	303	217	296	254	164	192	160	193	102	150	123	114	111	104	119	75	104	78	83	62	83
64	170	1	2	119	0	1953125	12	0.0	2579	1.46	0	0	V0.2	0	0	25	33	44	30	53	29	56	23	43	37	38	40	28	53	31	48	35	48	46	41	62	46	81	62	79	92	87	118	74	135	112	184	180	194	159	86	181	135	206	122	263	436	476	331	315	383	220	191	112	357	834	567	450	785	1000	480	236	238	315	583	318	339	315	352	232	245	269	211	200	129	213	127	135	108	129	116	85	115	78	93	72	93	61	67	68
64	170	1	2	119	0	1953125	12	0.0	2579	1.46	0	0	V0.2	0	0	24	37	45	33	52	31	51	27	42	38	35	44	27	53	29	52	37	48	47	41	64	47	85	64	80	88	87	121	73	135	108	181	183	196	158	83	183	133	200	111	247	437	475	331	313	375	210	186	121	344	850	563	447	790	1000	472	230	255	316	604	316	334	316	352	238	236	273	207	194	117	212	131	130	110	126	121	79	113	78	94	71	92	65	65	69
64	170	1	2	119	0	1953125	12	0.0	2579	1.46	0	0	V0.2	0	0	26	25	46	23	56	20	57	14	45	29	41	34	33	46	34	43	36	42	41	41	54	50	70	70	63	94	68	119	61	129	108	167	184	174	163	63	180	124	188	132	234	443	454	326	296	374	219	163	93	325	834	551	439	777	1000	483	216	228	298	600	328	339	313	337	247	227	276	201	196	119	203	135	119	114	116	125	77	115	77	89	71	85	64	62	70
64	170	1	2	119	0	1953125	12	0.0	2579	1.46	0	0	V0.2	0	0	25	36	43	32	51	32	53	28	43	37	36	43	30	54	31	52	36	46	45	42	63	49	82	67	73	89	83	118	68	129	106	172	174	188	156	73	165	121	190	121	228	426	468	324	300	357	210	172	86	294	812	562	439	779	1000	492	243	244	264	598	333	334	300	338	240	229	264	198	189	112	202	129	120	107	116	121	76	109	74	87	66	84	64	61	67
64	170	1	2	119	0	1953125	12	0.0	2579	1.46	0	0	V0.2	0	0	27	24	47	16	55	14	58	9	46	26	43	31	34	43	36	39	38	41	39	39	50	52	63	72	54	96	63	121	57	123	108	162	178	161	154	45	163	114	180	150	228	439	449	328	284	356	208	152	62	287	832	571	463	802	999	475	246	218	272	621	341	338	308	331	248	220	274	192	189	115	197	134	113	116	109	118	74	114	76	79	65	83	65	59	67
64	170	1	2	119	0	1953125	12	0.0	2579	1.46	0	0	V0.2	0	0	27	33	47	26	57	26	58	21	48	36	42	41	34	53	34	51	41	47	46	46	61	55	76	76	68	100	76	131	67	135	112	171	185	177	158	49	171	123	195	147	239	459	475	340	304	347	191	130	41	337	899	607	510	847	1000	422	216	179	320	667	353	350	312	340	255	221	280	198	194	114	208	145	117	118	113	130	77	117	82	90	72	85	71	62	74
64	170	1	2	119	0	1953125	12	0.0	2579	1.46	0	0	V0.2	0	0	23	33	41	32	52	29	56	24	42	35	37	40	28	52	29	50	35	45	42	39	61	42	77	60	77	89	89	121	75	132	108	182	169	186	140	65	163	130	209	137	271	442	488	310	300	335	194	140	48	386	871	592	457	820	1000	453	173	180	352	643	358	351	319	364	244	253	273	219	199	128	215	128	136	110	134	120	90	122	83	92	67	93	66	68	69
64	170	1	2	119	0	1953125	12	0.0	2579	1.46	0	0	V0.2	0	0	31	26	51	16	59	14	58	14	50	28	42	35	40	47	41	45	43	43	44	48	54	62	66	85	53	108	65	133	64	135	121	160	194	161	163	31	168	135	184	165	231	478	462	347	291	341	193	125	47	339	892	594	506	846	1000	435	238	183	307	657	372	357	328	329	269	213	288	196	192	123	195	155	109	131	106	129	79	121	88	85	79	82	76	58	73
64	170	1	2	119	0	1953125	12	0.0	2579	1.46	0	0	V0.2	0	0	25	27	46	22	54	24	56	15	44	30	39	34	32	47	32	43	36	41	40	39	54	48	68	70	63	98	72	125	61	131	110	168	169	168	144	40	149	119	209	157	252	458	478	331	308	321	151	91	15	357	898	610	523	887	1000	355	244	153	323	670	365	370	322	342	240	229	274	196	192	115	202	131	120	115	118	123	81	119	77	86	68	87	63	61	70
64	170	1	2	119	0	1953125	12	0.0	2601	1.47	0	0	V0.2	0	0	36	17	58	6	64	5	66	9	53	23	53	26	44	38	52	35	45	35	38	43	45	60	50	85	42	107	56	132	58	134	119	164	180	158	153	11	160	139	221	187	258	483	489	343	283	316	177	94	16	366	929	640	569	906	1000	354	235	145	338	685	371	385	335	345	244	229	281	191	187	112	198	125	111	108	103	110	67	105	64	78	59	79	52	60	65
64	170	1	2	119	0	1953125	12	0.0	2579	1.46	0	0	V0.2	0	0	19	49	21	55	26	62	38	46	26	54	23	51	22	63	16	59	31	48	42	42	69	23	94	35	101	58	124	102	103	130	117	198	156	219	107	80	144	172	243	120	314	459	544	297	332	298	167	91	56	452	949	676	516	932	999	364	178	169	399	701	387	366	342	379	227	258	267	228	192	120	220	127	136	104	140	124	88	117	84	92	66	96	67	66	72
64	170	1	2	119	0	1953125	12	0.0	2576	1.46	0	0	V0.2	0	0	35	29	57	18	66	13	64	14	56	30	48	39	48	47	46	47	49	46	50	54	54	71	66	98	48	117	62	140	66	138	132	159	209	167	178	20	171	150	181	176	224	503	473	358	286	339	199	110	49	328	918	615	510	870	1000	404	252	185	301	652	368	350	333	310	263	194	287	189	182	121	184	157	93	131	98	127	74	115	88	77	77	76	74	53	73
64	170	1	2	119	0	1953125	12	0.0	2579	1.46	0	0	V0.2	0	0	16	40	24	48	34	49	40	38	28	45	23	46	15	56	14	48	26	45	38	33	63	21	84	25	92	50	113	88	99	117	107	187	148	214	89	90	103	155	206	106	296	431	538	291	357	285	153	50	127	402	865	666	462	957	1000	372	222	243	355	624	390	324	354	350	194	254	221	228	149	138	193	105	135	79	144	87	98	91	82	78	68	90	48	68	62
64	170	1	2	119	0	1953125	12	0.0	2601	1.47	0	0	V0.2	0	0	36	14	54	4	61	6	61	8	51	19	50	23	46	34	48	30	44	33	36	42	38	60	45	82	32	105	48	127	53	126	119	154	180	151	153	8	155	137	201	194	251	496	487	350	281	323	170	81	11	348	936	642	551	896	1000	364	247	152	301	676	379	377	328	329	244	211	271	180	183	106	186	124	105	108	98	108	66	108	65	78	63	78	55	58	64
64	170	1	2	119	0	1953125	12	0.0	2604	1.47	0	0	V0.2	0	0	21	28	42	23	49	28	58	16	41	33	40	33	29	47	32	42	32	30	28	31	49	36	59	54	58	77	77	108	57	120	103	169	145	174	121	33	138	126	227	172	290	470	515	325	299	305	143	67	52	373	920	653	550	911	1000	365	237	162	301	670	384	385	329	345	228	230	261	188	178	107	191	116	110	97	106	104	72	105	64	74	58	76	49	57	64
64	170	1	2	119	0	1953125	12	0.0	2576	1.46	0	0	V0.2	0	0	21	46	37	44	46	43	49	39	44	43	28	51	30	59	24	60	38	48	49	46	62	43	88	71	73	92	88	129	71	140	118	173	178	186	149	42	148	124	206	169	262	495	502	362	308	312	125	93	52	349	954	661	584	932	1000	328	298	160	292	701	401	370	324	315	255	183	268	179	172	110	176	159	86	124	91	127	73	110	90	71	76	70	77	43	69
64	170	1	2	119	0	1953125	12	0.0	2579	1.46	0	0	V0.2	0	0	29	44	15	60	7	64	8	53	15	50	27	38	37	44	38	38	43	43	36	46	53	53	63	61	92	50	122	67	126	86	147	164	185	189	97	104	48	229	152	164	285	483	546	330	336	222	208	65	89	459	851	760	481	1000	936	419	221	228	392	604	485	289	420	289	256	212	246	243	124	175	143	161	104	119	131	89	109	78	103	59	91	72	64	55	71
64	170	1	2	119	0	1953125	12	0.0	2576	1.46	0	0	V0.2	0	0	33	31	52	23	64	20	64	18	54	34	47	43	43	52	43	52	47	49	51	52	59	65	74	90	56	112	70	143	72	147	130	173	204	177	166	26	158	137	202	187	265	525	518	393	308	311	152	78	24	363	964	661	587	928	1000	347	257	142	314	704	398	382	330	329	258	205	278	186	186	115	191	153	106	131	104	133	79	117	84	81	75	79	73	54	73
64	170	1	2	119	0	1953125	12	0.0	2579	1.46	0	0	V0.2	0	0	26	26	47	20	55	20	58	13	45	29	41	35	35	47	35	44	38	42	41	42	53	50	68	71	61	96	70	127	68	139	118	173	179	175	145	40	148	123	207	173	280	492	504	360	309	317	146	64	29	362	914	631	549	904	1000	361	244	151	312	672	379	376	325	343	241	227	268	191	188	115	199	134	119	119	118	126	80	113	76	86	72	86	65	61	69
64	170	1	2	119	0	1953125	12	0.0	2576	1.46	0	0	V0.2	0	0	37	27	60	12	66	12	66	11	57	29	51	36	50	46	51	46	53	47	50	57	54	74	65	103	44	120	61	147	75	145	143	165	220	167	177	15	166	163	188	196	253	549	518	413	304	320	190	82	18	368	967	676	601	945	999	371	269	154	330	703	416	381	355	320	280	198	293	192	185	134	184	168	96	145	106	133	78	116	94	78	84	74	76	51	77
64	170	1	2	119	0	1953125	12	0.0	2579	1.46	0	0	V0.2	0	0	27	25	47	21	58	19	60	14	46	28	43	34	33	45	36	43	38	42	42	40	52	49	68	74	61	99	67	130	67	140	117	174	184	177	148	40	150	123	208	177	284	507	525	384	322	318	142	58	38	371	939	651	583	936	1000	331	266	141	321	693	384	390	332	344	243	227	271	188	189	114	198	133	120	121	114	122	80	119	76	85	73	86	65	62	70
64	170	1	2	119	0	1953125	12	0.0	2576	1.46	0	0	V0.2	0	0	44	17	63	15	67	21	61	18	59	24	55	23	61	30	62	33	59	44	50	67	41	91	39	116	31	124	73	140	100	128	168	149	239	155	177	47	141	213	142	223	254	575	534	432	318	293	219	78	45	445	974	766	610	1000	971	381	290	149	386	695	480	346	399	289	300	190	289	222	158	165	155	190	90	148	119	124	103	99	110	63	93	67	81	52	77
64	170	1	2	119	0	1953125	12	0.0	2579	1.46	0	0	V0.2	0	0	34	25	55	16	64	15	67	12	53	28	48	32	42	46	46	44	44	45	45	47	55	61	65	84	55	111	69	142	72	149	131	181	197	174	160	23	166	148	230	205	299	535	545	403	311	317	185	48	72	424	1000	712	625	943	999	319	237	91	365	740	417	408	345	357	266	233	288	200	200	123	206	150	120	130	118	133	81	120	81	87	75	86	69	62	73
64	170	1	2	119	0	1953125	12	0.0	2579	1.46	0	0	V0.2	0	0	43	16	61	19	66	25	60	19	58	24	57	21	61	27	61	33	61	44	50	67	38	89	35	116	33	125	79	144	106	130	172	156	243	158	179	70	154	235	158	235	261	583	542	427	304	297	290	8	101	472	999	798	597	958	958	417	207	141	419	719	500	355	419	318	328	215	313	249	179	185	172	208	107	163	130	137	114	115	125	74	104	81	90	58	87
64	170	1	2	119	0	1953125	12	0.0	2554	1.46	0	0	V0.2	0	0	34	28	59	13	69	11	65	13	58	28	50	38	54	45	51	51	60	56	59	68	57	90	64	119	43	133	70	157	94	146	163	165	247	169	199	40	173	201	163	212	246	569	529	432	307	326	273	59	77	431	999	771	584	924	976	420	226	149	373	711	472	358	394	321	325	209	313	241	190	181	180	214	113	171	137	153	124	123	131	83	113	89	102	65	89
64	170	1	2	119	0	1953125	12	0.0	2554	1.46	0	0	V0.2	0	0	44	17	64	10	69	12	68	17	63	24	58	29	62	38	65	43	67	57	61	72	53	102	51	123	35	135	74	152	103	139	167	158	252	169	200	47	161	199	137	200	228	562	534	449	329	333	247	71	55	423	999	787	611	964	992	372	279	142	365	714	458	364	379	314	312	197	306	221	192	163	182	205	112	171	129	160	117	130	122	90	107	84	97	64	89
64	170	1	2	119	0	1953125	12	0.0	2554	1.46	0	0	V0.2	0	0	44	16	60	24	65	31	60	25	58	25	57	20	62	27	64	32	66	53	56	70	43	98	42	123	41	127	83	142	114	126	167	156	252	170	189	67	153	224	129	203	237	562	537	437	320	309	276	53	90	456	1000	810	614	952	938	374	239	131	395	704	469	352	391	305	317	205	309	235	185	178	179	208	109	168	132	151	116	122	124	86	109	86	97	65	89
64	170	1	2	119	0	1953125	12	0.0	2579	1.46	0	0	V0.2	0	0	40	13	55	9	65	12	59	11	54	19	51	23	50	35	54	33	49	41	47	52	46	75	51	98	37	119	56	142	73	140	136	162	210	162	175	22	160	143	183	188	248	523	523	415	318	348	189	98	28	379	978	734	640	938	1000	310	269	122	333	712	401	398	337	346	261	229	282	194	198	122	204	147	128	131	118	132	84	121	81	94	74	88	69	65	70
64	170	2	2	119	0	1953125	12	0.0	2579	1.46	0	0	V0.2	0	0	39	14	59	10	64	15	64	17	56	22	55	19	55	32	56	30	51	37	40	52	36	74	36	99	21	116	52	137	75	126	144	150	212	140	166	29	153	175	171	212	235	539	512	407	278	315	241	71	57	400	1000	775	632	924	954	340	235	110	354	712	437	373	363	316	298	202	304	208	189	148	181	179	94	149	106	132	82	112	93	75	87	75	77	52	79
64	170	2	2	119	0	1953125	12	0.0	2576	1.46	0	0	V0.2	0	0	39	22	60	9	68	7	64	8	59	26	53	31	53	39	53	40	53	43	46	54	46	76	51	101	30	119	56	143	74	134	141	153	214	150	171	12	152	165	166	200	230	534	503	398	287	311	203	81	48	402	999	759	621	911	943	320	238	98	343	703	429	361	341	306	287	193	292	201	182	141	176	179	95	147	105	134	84	110	97	73	86	72	79	49	76
64	170	2	2	119	0	1953125	12	0.0	2579	1.46	0	0	V0.2	0	0	33	20	55	10	61	8	62	9	52	24	50	28	45	40	48	36	43	38	41	45	45	63	53	88	43	112	57	137	66	134	126	162	193	151	152	5	157	143	191	199	257	516	506	371	270	301	192	78	52	417	1000	733	614	883	943	312	180	75	358	715	404	376	326	334	274	218	294	204	199	132	200	163	115	142	119	142	86	124	90	88	83	84	76	58	77
64	170	2	2	119	0	1953125	12	0.0	2556	1.46	0	0	V0.2	0	0	37	19	58	4	66	6	63	9	61	23	51	31	57	36	56	43	61	49	56	69	46	92	48	119	28	125	74	140	98	125	162	145	240	160	183	39	137	205	113	190	218	554	533	421	320	296	236	87	76	440	985	823	609	1000	951	380	245	181	382	682	485	317	400	294	306	201	292	253	160	185	164	208	116	154	145	133	130	112	139	83	110	90	97	67	84
64	170	2	2	119	0	1953125	12	0.0	2579	1.46	0	0	V0.2	0	0	33	20	54	8	63	9	64	7	52	26	50	28	44	41	46	37	45	40	42	47	46	63	56	87	43	110	58	138	67	137	129	165	196	160	160	11	152	143	199	206	267	528	521	389	301	322	186	72	45	407	1000	730	642	941	979	315	214	101	360	721	405	391	344	344	276	226	302	207	203	134	202	163	115	143	115	134	79	121	87	85	81	87	76	59	77
64	170	1	2	119	0	1953125	12	0.0	2551	1.46	0	0	V0.2	0	0	30	33	52	23	61	21	60	22	57	33	45	45	47	53	46	57	55	56	61	65	63	83	73	110	51	126	66	152	85	145	147	161	231	167	189	21	164	164	153	190	229	549	520	426	313	328	204	88	41	403	1000	766	642	972	983	344	251	137	359	713	442	354	366	309	303	194	303	226	188	163	184	207	110	167	133	155	114	119	123	84	105	86	98	62	87
64	170	1	2	119	0	1953125	12	0.0	2579	1.46	0	0	V0.2	0	0	45	16	54	24	60	27	59	26	51	23	55	18	53	27	58	25	51	39	44	51	38	77	36	99	28	120	56	140	81	136	145	159	213	150	174	22	155	163	189	220	261	538	524	415	310	340	210	65	57	391	980	736	663	969	1000	315	233	112	356	708	405	404	354	347	269	236	298	202	205	134	207	149	123	132	117	130	90	128	85	96	78	91	68	70	75
64	170	1	2	119	0	1953125	12	0.0	2551	1.46	0	0	V0.2	0	0	34	30	56	17	66	14	62	18	60	31	49	44	52	49	51	56	61	56	63	71	62	91	66	119	44	131	69	156	93	144	159	159	244	172	196	29	166	192	150	190	225	563	529	433	318	330	257	65	69	409	1000	782	632	980	972	374	241	162	367	698	458	343	383	305	311	198	306	239	181	174	177	213	109	164	133	148	122	128	138	85	110	89	102	67	91
64	170	2	2	119	0	1953125	12	0.0	2554	1.46	0	0	V0.2	0	0	34	24	53	18	63	13	62	16	52	29	48	37	43	50	46	49	52	56	57	55	64	74	74	97	62	119	69	149	83	150	133	174	217	181	179	43	165	142	193	178	253	523	529	404	326	343	203	80	26	380	987	727	625	943	1000	310	219	114	359	718	399	380	326	351	265	231	286	209	208	130	214	161	137	142	133	149	104	143	101	104	88	100	85	73	85
64	170	1	2	119	0	1953125	12	0.0	2551	1.46	0	0	V0.2	0	0	37	20	57	10	64	7	63	14	57	27	52	36	51	48	54	49	57	55	59	62	60	85	66	111	51	127	67	152	90	149	148	167	230	171	191	36	166	160	171	193	242	540	523	419	319	349	231	72	38	379	986	745	627	940	1000	342	227	110	351	713	418	377	340	337	290	218	300	214	209	144	208	184	129	161	133	165	106	139	111	101	98	94	92	69	87
64	170	1	2	119	0	1953125	12	0.0	2554	1.46	0	0	V0.2	0	0	30	32	49	28	57	24	60	23	48	36	42	43	36	57	39	55	48	60	58	53	72	65	87	85	82	112	86	145	89	155	125	190	205	197	169	70	163	132	214	162	279	505	544	391	341	343	201	101	28	399	972	734	616	942	1000	315	185	111	372	701	401	381	325	364	248	254	277	224	209	136	226	151	156	136	150	146	114	142	103	106	82	107	81	77	81
64	170	2	2	119	0	1953125	12	0.0	2551	1.46	0	0	V0.2	0	0	38	20	59	8	63	5	66	13	58	24	52	35	52	45	55	45	60	55	61	66	58	91	62	114	47	130	66	152	92	145	150	160	234	168	197	39	166	166	159	190	231	544	522	430	323	343	236	77	33	380	978	749	641	961	1000	333	252	103	356	712	429	375	346	322	291	206	300	210	203	147	197	188	122	167	125	156	99	132	111	93	96	87	92	65	87
64	170	2	2	119	0	1953125	12	0.0	2579	1.46	0	0	V0.2	0	0	42	15	55	16	61	20	61	21	53	22	56	23	52	31	57	29	50	41	44	48	42	72	43	95	36	118	56	143	76	140	136	167	203	152	167	19	159	154	212	213	273	527	531	400	299	326	226	84	74	411	989	743	663	960	1000	294	215	70	386	733	421	412	343	358	257	245	291	212	208	131	215	142	135	129	127	130	93	124	78	92	73	93	64	71	71
64	170	2	2	119	0	1953125	12	0.0	2579	1.46	0	0	V0.2	0	0	41	16	60	12	65	15	63	13	59	23	54	23	58	32	60	33	55	41	47	61	41	84	40	113	27	123	68	144	88	131	159	150	226	147	175	47	143	205	169	229	239	563	527	410	278	306	284	27	76	434	1000	799	645	970	966	355	227	97	392	721	481	375	395	315	317	204	313	235	189	170	180	201	99	162	124	149	110	123	121	77	100	79	88	57	87
64	170	2	2	119	0	1953125	12	0.0	2574	1.46	0	0	V0.2	0	0	38	37	36	55	30	62	26	55	32	50	40	33	52	38	49	34	51	44	40	57	51	66	58	78	87	70	127	88	132	90	163	164	195	187	106	113	56	251	172	199	294	511	569	340	312	214	288	97	32	529	907	857	552	1000	877	351	173	126	471	649	523	311	423	324	267	250	256	282	148	190	173	171	133	117	160	95	122	84	114	73	94	89	71	66	72
64	170	2	2	119	0	1953125	12	0.0	2579	1.46	0	0	V0.2	0	0	27	30	49	22	58	22	60	18	49	32	44	40	38	51	39	49	43	46	46	46	58	58	73	81	63	107	78	140	71	143	124	178	183	173	150	18	152	139	230	203	284	510	529	352	282	299	215	79	98	433	1000	737	608	902	944	279	167	45	382	723	419	392	322	354	267	233	284	214	211	130	215	159	133	136	128	144	99	136	93	94	80	94	79	67	81
64	170	2	2	119	0	1953125	12	0.0	2574	1.46	0	0	V0.2	0	0	44	16	56	14	64	23	62	22	56	23	56	20	58	28	59	27	52	38	43	56	33	77	31	103	25	122	66	140	86	126	152	143	210	132	157	57	133	207	192	251	252	555	507	377	240	261	280	49	124	445	1000	788	636	915	897	297	214	27	386	717	470	381	367	298	294	197	307	221	185	154	174	185	94	154	113	139	98	121	106	77	94	78	84	56	83
64	170	2	2	119	0	1953125	12	0.0	2576	1.46	0	0	V0.2	0	0	32	38	51	31	57	30	59	28	51	41	46	47	39	59	41	56	47	53	53	51	67	63	82	83	75	112	88	142	81	151	127	183	179	174	147	22	162	145	240	203	297	505	528	328	255	272	228	108	123	450	999	745	579	846	894	275	140	58	373	715	424	384	302	347	260	229	266	206	204	122	208	155	136	135	128	143	91	126	95	95	76	90	76	62	74
64	170	1	2	119	0	1953125	12	0.0	2574	1.46	0	0	V0.2	0	0	37	22	54	11	64	11	66	12	55	28	53	29	48	42	51	37	49	43	46	53	50	72	53	96	44	123	65	143	77	139	142	163	199	142	158	38	150	174	215	249	275	532	499	341	211	258	275	90	153	442	1000	760	595	832	881	308	164	29	359	712	446	383	325	320	290	208	292	213	206	148	194	183	117	153	118	150	99	128	103	82	86	84	86	61	83
64	170	1	2	119	0	1953125	12	0.0	2554	1.46	0	0	V0.2	0	0	27	41	45	37	53	36	56	34	48	43	40	52	37	63	39	64	52	61	61	61	73	72	88	95	72	121	83	152	86	157	138	177	198	168	159	8	151	149	219	218	270	514	504	338	233	252	243	81	150	433	1000	748	588	820	867	276	176	65	346	703	426	369	295	313	280	200	275	205	203	143	193	189	124	159	121	158	105	140	120	99	98	90	99	66	88
64	170	1	2	119	0	1953125	12	0.0	2554	1.46	0	0	V0.2	0	0	45	39	46	59	41	65	36	55	41	49	52	38	65	45	65	41	68	63	60	75	62	93	77	102	103	97	149	112	160	118	188	191	227	210	120	129	76	276	196	237	325	561	595	350	287	201	329	160	74	584	1000	927	572	994	883	373	213	55	490	688	565	329	423	320	308	253	277	293	171	215	184	211	156	156	179	134	158	122	152	93	113	103	97	82	88
64	170	2	2	119	0	1953125	12	0.0	2551	1.46	0	0	V0.2	0	0	52	37	55	55	53	59	50	53	54	50	63	41	76	46	78	51	79	72	72	88	71	108	87	118	108	109	155	120	169	127	195	194	238	224	133	133	81	279	188	222	322	563	604	359	300	208	322	149	62	587	997	931	577	1000	894	384	197	59	482	681	572	326	418	318	305	256	268	295	171	216	188	214	169	153	186	130	154	114	150	98	113	104	98	89	89
64	170	2	2	119	0	1953125	12	0.0	2554	1.46	0	0	V0.2	0	0	48	25	60	36	63	43	58	38	57	36	63	28	69	33	71	37	71	58	63	77	53	104	52	125	66	135	114	146	138	135	189	171	247	176	169	107	134	261	176	264	284	582	546	380	247	252	343	103	139	512	1000	846	609	918	903	405	154	24	421	695	523	367	391	307	332	222	307	257	199	202	183	220	130	179	148	155	132	136	143	96	119	97	107	73	96
64	170	2	2	119	0	1953125	12	0.0	2551	1.46	0	0	V0.2	0	0	55	35	59	48	58	54	55	50	59	50	67	40	77	43	80	48	80	70	72	89	68	111	81	122	98	120	148	128	162	127	194	184	241	215	145	129	94	275	171	225	304	564	588	372	306	227	317	118	63	558	969	896	592	1000	897	379	196	49	471	675	562	331	411	301	304	240	266	278	167	210	176	210	154	158	177	140	159	115	143	88	109	98	96	82	85
64	170	1	2	119	0	1953125	12	0.0	2554	1.46	0	0	V0.2	0	0	48	25	60	32	62	38	59	35	57	34	60	28	69	34	70	35	69	57	62	76	52	103	51	123	60	133	107	144	130	134	183	166	242	168	168	97	135	249	172	258	276	574	536	386	245	252	325	80	127	498	1000	845	636	923	895	365	182	5	424	712	522	378	381	302	320	211	298	243	193	192	183	213	121	174	143	157	121	122	126	89	111	90	101	70	92
64	170	1	2	119	0	1953125	12	0.0	2551	1.46	0	0	V0.2	0	0	51	25	66	40	65	42	63	41	64	41	66	32	76	40	80	47	81	66	72	89	62	115	68	132	81	132	129	144	152	132	193	174	248	193	160	116	114	270	162	243	281	572	564	377	271	235	328	89	77	530	1000	891	607	984	915	380	210	49	458	709	552	344	406	302	320	221	285	266	177	207	174	222	141	171	163	153	155	124	147	89	114	95	101	78	90
64	170	1	2	119	0	1953125	12	0.0	2549	1.46	0	0	V0.2	0	0	47	20	62	25	67	28	65	29	60	31	62	29	66	36	69	40	70	59	64	75	54	102	50	122	51	140	94	155	119	141	178	166	238	157	174	91	160	239	186	255	260	558	509	354	210	276	350	94	130	461	1000	791	578	864	911	401	137	28	411	718	481	370	360	319	321	214	308	239	209	182	196	212	126	179	140	165	118	131	122	95	109	96	103	69	93
64	170	1	2	119	0	1953125	12	0.0	2551	1.46	0	0	V0.2	0	0	46	25	65	15	73	14	73	22	68	33	64	41	65	51	70	53	73	65	73	80	67	109	65	128	54	149	88	164	113	155	174	169	243	164	184	57	165	217	189	241	252	559	508	370	231	283	319	74	120	435	1000	767	578	861	918	364	146	21	378	714	466	378	337	311	309	206	300	224	212	172	198	207	128	177	132	168	122	144	131	98	106	92	103	70	91
64	170	1	2	119	0	1953125	12	0.0	2554	1.46	0	0	V0.2	0	0	34	55	19	74	16	72	18	67	25	62	36	60	46	66	50	63	57	71	68	65	84	71	111	66	132	70	166	101	167	137	170	216	206	246	100	145	102	266	231	199	359	538	626	326	316	241	328	184	41	596	988	919	534	999	934	427	131	77	499	692	588	343	428	341	305	275	273	305	183	227	201	213	173	157	185	136	166	125	150	98	119	109	98	88	91
64	170	1	2	119	0	1953125	12	0.0	2551	1.46	0	0	V0.2	0	0	54	35	61	49	59	56	59	52	62	49	66	39	78	45	81	50	82	71	74	91	69	114	82	125	99	121	149	133	165	130	197	188	246	213	146	132	102	278	171	231	307	569	582	361	299	249	343	111	70	574	1000	895	547	987	929	419	185	70	476	699	571	330	417	314	314	240	273	287	173	212	180	219	158	159	180	140	151	113	151	99	116	99	97	83	86
64	170	1	2	119	0	1953125	12	0.0	2554	1.46	0	0	V0.2	0	0	35	34	56	27	66	22	65	21	57	35	51	43	49	55	50	55	56	56	60	61	64	80	74	107	57	131	77	158	89	154	150	171	210	153	173	41	168	178	213	241	269	531	491	341	209	280	289	88	149	448	1000	747	580	829	887	309	176	37	376	718	456	376	322	312	295	196	287	214	202	158	188	198	118	165	124	158	106	128	118	89	97	83	95	62	87
64	170	1	2	119	0	1953125	12	0.0	2551	1.46	0	0	V0.2	0	0	52	28	69	14	81	23	70	28	76	35	66	42	81	40	80	55	83	65	77	96	61	118	72	136	79	136	145	136	153	126	206	178	245	208	136	132	96	288	189	228	318	566	587	322	278	217	345	171	59	615	1000	917	504	960	886	399	186	87	495	700	579	318	390	363	276	281	235	309	197	188	217	185	201	121	201	147	154	126	135	129	91	120	96	95	78
64	170	1	2	119	0	1953125	12	0.0	2554	1.46	0	0	V0.2	0	0	34	56	21	65	17	72	21	60	29	62	28	58	38	66	36	68	47	64	60	60	83	49	113	51	121	76	149	118	129	150	143	215	171	219	120	86	161	185	272	184	362	489	552	271	242	264	251	199	142	556	1000	779	553	824	872	315	97	102	437	736	468	387	294	377	265	255	263	240	232	145	233	175	167	149	154	167	113	142	111	112	90	107	100	76	88
64	170	1	2	119	0	1953125	12	0.0	2551	1.46	0	0	V0.2	0	0	58	108	160	200	197	190	166	162	148	92	103	126	128	132	125	107	88	53	40	70	129	156	218	257	276	267	262	233	225	236	168	137	241	288	334	273	355	511	413	199	283	537	492	119	162	534	775	325	180	516	761	878	297	503	999	710	638	168	478	656	598	419	189	367	259	231	207	265	263	210	201	196	213	218	192	164	120	109	113	113	107	89	65	57	53
64	170	1	2	119	0	1953125	12	0.0	2549	1.46	0	0	V0.2	0	0	44	21	61	16	70	13	68	20	61	30	60	35	58	45	63	45	63	58	62	66	59	92	59	115	50	139	79	159	99	151	159	169	221	149	169	63	171	201	218	253	275	534	484	324	171	261	325	143	174	461	1000	741	576	787	847	345	129	59	404	735	443	377	308	328	296	216	293	218	220	157	211	193	140	169	134	165	111	143	111	100	98	99	97	69	88
64	170	1	2	119	0	1953125	12	0.0	2551	1.46	0	0	V0.2	0	0	33	59	37	68	45	62	45	64	45	66	43	73	39	81	47	85	59	85	82	71	103	71	134	74	135	106	152	144	139	175	148	231	192	240	137	106	177	195	270	169	366	508	589	293	281	297	273	212	75	563	1000	813	541	921	960	372	85	70	486	726	497	361	346	395	255	288	249	280	218	175	241	167	201	132	193	146	148	140	126	122	95	123	86	91	85
64	170	2	2	119	0	1953125	12	0.0	2554	1.46	0	0	V0.2	0	0	51	27	62	36	66	43	62	40	60	37	64	29	70	34	75	37	73	60	64	78	51	106	53	128	65	139	115	150	137	135	193	171	250	168	165	113	146	263	170	266	282	580	523	363	223	266	378	114	157	520	1000	810	581	898	916	441	142	35	439	723	521	363	389	311	334	218	314	263	204	205	191	229	131	184	149	162	130	131	136	92	117	94	106	70	95
64	170	2	2	119	0	1953125	12	0.0	2551	1.46	0	0	V0.2	0	0	55	41	60	59	55	63	55	60	59	56	67	46	80	49	84	56	82	77	77	93	77	116	96	119	117	116	165	124	174	129	201	200	243	227	126	151	108	298	180	222	331	568	589	337	278	235	379	166	108	620	1000	887	530	968	925	479	134	75	499	704	578	318	417	336	320	266	277	309	184	227	198	225	176	157	194	145	167	120	156	107	117	112	104	93	92
64	170	1	2	119	0	1953125	12	0.0	2549	1.46	0	0	V0.2	0	0	51	28	60	39	61	45	58	41	58	39	64	31	69	35	75	39	72	59	66	81	54	107	58	126	70	135	121	143	140	131	192	170	247	177	159	122	145	264	166	257	286	576	523	356	243	276	372	105	148	536	1000	809	568	922	934	460	123	60	445	712	526	355	395	314	335	225	309	268	198	211	189	227	133	181	155	162	139	131	142	93	119	96	106	74	96
64	170	1	2	119	0	1953125	12	0.0	2551	1.46	0	0	V0.2	0	0	43	26	64	17	73	12	72	22	66	34	63	44	65	55	69	56	73	67	73	78	68	106	68	125	56	149	85	163	104	155	166	172	237	162	177	63	185	199	178	230	262	546	484	350	223	313	321	100	125	457	1000	713	562	838	942	419	118	28	378	710	441	367	322	323	304	208	294	223	216	168	206	204	133	175	135	170	112	139	120	103	104	94	102	73	91
64	170	1	2	119	0	1953125	12	0.0	2554	1.46	0	0	V0.2	0	0	49	21	63	33	65	37	61	34	60	32	63	29	69	36	73	39	72	61	66	76	52	108	53	125	60	140	108	148	131	136	187	167	250	165	166	104	159	247	158	256	283	578	508	370	251	296	352	81	140	512	1000	790	604	932	960	447	140	38	428	714	510	368	379	305	326	215	311	252	207	200	193	222	126	182	146	164	128	138	138	95	116	95	107	75	97
64	170	1	2	119	0	1953125	12	0.0	2551	1.46	0	0	V0.2	0	0	50	46	46	63	41	67	40	63	48	58	57	51	69	54	72	61	76	75	73	84	79	100	104	98	124	94	164	105	170	127	177	198	219	237	114	151	102	260	185	174	332	514	576	337	343	255	302	131	75	563	899	824	547	1000	920	427	92	104	463	636	530	316	394	321	267	260	240	283	169	202	194	186	174	130	183	122	155	115	136	102	100	107	85	86	80
64	170	1	2	119	0	1953125	12	0.0	2529	1.45	0	0	V0.2	0	0	34	38	58	29	67	25	66	29	60	41	53	54	53	64	58	67	68	74	77	74	79	99	87	122	74	146	83	168	106	161	157	182	252	178	186	51	204	178	165	200	269	557	502	401	280	347	290	112	98	452	997	708	606	899	1000	426	173	51	365	708	438	372	319	316	298	205	293	220	217	167	206	205	136	178	140	173	116	143	129	109	113	101	111	76	96
64	170	1	2	119	0	1953125	12	0.0	2551	1.46	0	0	V0.2	0	0	44	25	49	37	51	39	54	39	57	34	63	33	70	37	78	45	76	68	75	85	62	115	67	126	70	137	115	141	136	137	184	168	253	181	174	100	165	230	132	222	271	565	510	401	304	332	320	78	114	458	954	742	596	932	999	484	161	106	362	679	473	381	365	311	313	217	306	229	216	180	206	207	133	178	139	172	122	143	122	110	116	102	105	83	101
64	170	1	2	119	0	1953125	12	0.0	2529	1.45	0	0	V0.2	0	0	28	41	49	37	57	33	57	36	53	46	47	57	47	68	50	68	62	74	76	70	83	91	93	111	81	134	83	158	98	156	142	177	235	180	181	57	191	146	156	178	261	535	501	408	308	354	238	109	54	418	971	701	610	903	1000	404	206	92	327	689	428	370	302	309	276	200	277	207	210	153	203	193	134	169	138	172	116	141	124	109	109	98	107	76	94
64	170	1	2	119	0	1953125	12	0.0	2551	1.46	0	0	V0.2	0	0	26	43	11	59	11	59	14	59	24	55	35	55	41	61	49	63	53	72	69	68	85	71	113	61	125	68	152	97	150	135	150	203	193	238	104	147	109	211	184	131	334	483	568	343	391	306	265	92	62	513	858	773	530	1000	972	451	136	169	408	602	494	317	392	320	252	255	238	269	163	194	185	175	158	130	174	119	148	111	132	98	107	106	89	90	87
64	170	1	2	119	0	1953125	12	0.0	2554	1.46	0	0	V0.2	0	0	40	31	44	46	41	50	37	43	41	39	45	28	58	32	60	37	63	56	57	70	54	90	66	100	83	95	125	102	139	107	169	165	220	199	133	120	100	227	130	180	287	510	540	377	365	290	289	32	73	485	848	782	554	1000	938	451	180	162	389	597	506	310	394	281	271	221	250	254	153	193	162	185	131	139	155	119	137	104	129	85	104	91	86	75	82
64	170	1	2	119	0	1953125	12	0.0	2554	1.46	0	0	V0.2	0	0	35	48	24	65	15	65	17	62	28	58	38	57	48	61	50	67	56	71	68	71	84	69	114	61	123	63	149	94	143	134	145	205	191	245	109	142	116	192	187	106	327	474	574	351	401	327	241	109	64	476	880	754	550	986	1000	437	159	186	372	631	460	339	354	350	221	261	223	251	180	160	211	145	170	111	173	126	132	126	117	108	84	108	78	82	75
64	170	1	2	119	0	1953125	12	0.0	2554	1.46	0	0	V0.2	0	0	41	31	42	42	39	52	33	43	39	40	42	33	57	34	56	41	58	54	55	67	54	79	77	83	91	74	134	84	138	102	158	173	198	216	110	130	80	209	155	136	306	477	556	350	396	293	249	48	79	469	818	760	535	999	952	430	174	198	365	593	476	314	366	320	220	246	213	250	156	163	186	143	155	101	165	109	127	104	109	98	83	101	71	76	71
64	170	1	2	119	0	1953125	12	0.0	2556	1.46	0	0	V0.2	0	0	31	51	17	64	12	65	15	60	23	56	29	56	38	61	40	64	48	67	62	61	83	58	112	48	119	60	141	95	133	136	132	203	184	242	109	134	118	166	196	104	331	481	575	351	402	323	200	92	65	463	896	740	575	993	1000	387	171	178	356	652	450	352	332	349	213	254	220	235	183	144	211	135	162	104	161	128	119	118	102	107	81	105	74	79	74
64	170	1	2	119	0	1953125	12	0.0	2554	1.46	0	0	V0.2	0	0	28	46	15	59	5	63	8	53	17	52	26	48	38	54	38	55	46	61	56	56	72	55	101	48	112	49	141	82	135	123	135	195	177	232	90	127	93	185	194	112	331	475	574	339	395	289	204	72	67	487	876	750	547	1000	957	363	170	189	387	640	463	326	349	337	209	254	215	247	165	156	199	134	160	102	168	114	130	114	104	97	82	105	71	78	72
64	170	1	2	119	0	1953125	12	0.0	2551	1.46	0	0	V0.2	0	0	42	32	43	48	38	51	36	47	42	41	47	32	59	33	62	41	64	57	59	72	57	92	73	94	88	90	133	96	141	103	167	171	221	209	125	120	89	230	135	166	295	525	560	371	368	273	285	35	69	508	884	797	539	1000	918	425	173	188	410	620	505	285	391	292	268	225	244	260	145	191	164	183	139	131	161	114	140	103	131	85	100	94	84	75	79
64	170	1	2	119	0	1953125	12	0.0	2554	1.46	0	0	V0.2	0	0	35	23	54	15	65	10	60	14	54	27	49	36	47	47	52	49	56	55	61	62	61	84	68	104	55	127	68	145	85	144	146	169	230	170	176	47	181	143	153	195	266	547	502	399	317	364	238	81	30	391	951	685	590	897	1000	401	210	114	306	679	419	365	309	320	270	208	276	198	202	137	200	169	124	149	123	151	98	132	103	99	90	92	90	69	83
64	170	1	2	119	0	1953125	12	0.0	2556	1.46	0	0	V0.2	0	0	45	19	60	23	62	28	59	26	58	28	58	27	65	32	69	40	69	57	65	77	51	105	53	122	51	129	97	135	121	123	175	160	255	180	176	82	154	210	107	203	262	579	539	426	346	327	295	40	58	444	939	779	602	1000	998	462	239	183	343	657	503	333	379	287	307	198	282	232	174	180	164	202	112	161	133	143	125	119	127	83	108	85	97	69	88
64	170	1	2	119	0	1953125	12	0.0	2554	1.46	0	0	V0.2	0	0	42	22	54	34	53	41	49	35	48	31	52	23	62	26	64	33	66	51	55	71	45	96	51	113	60	114	106	121	125	110	174	157	238	180	157	95	129	222	113	203	268	555	534	401	342	302	294	20	54	453	906	778	583	1000	967	447	233	189	359	644	507	318	386	281	298	204	276	237	161	182	157	194	109	151	138	134	122	107	125	80	107	84	90	65	83
64	170	1	2	119	0	1953125	12	0.0	2556	1.46	0	0	V0.2	0	0	46	19	58	21	62	25	60	27	59	29	59	27	65	32	69	39	69	57	63	78	52	106	54	123	50	130	98	137	120	124	178	159	251	176	172	82	150	214	117	212	261	576	532	414	330	321	295	31	40	450	948	775	600	1000	997	440	253	174	357	674	502	333	380	289	306	196	284	233	173	180	167	203	110	160	133	143	123	117	127	85	109	86	96	67	88
64	170	1	2	119	0	1953125	12	0.0	2554	1.46	0	0	V0.2	0	0	43	26	50	41	50	47	45	39	48	35	51	25	64	28	64	34	66	56	57	71	47	94	58	110	71	107	119	114	133	108	178	165	234	188	140	105	110	230	125	202	281	549	541	379	333	281	301	20	48	474	901	794	567	1000	955	445	209	185	381	643	520	307	391	287	293	213	267	251	155	190	159	196	121	147	149	129	136	105	129	81	108	91	93	71	83
64	170	1	2	119	0	1953125	12	0.0	2556	1.46	0	0	V0.2	0	0	45	25	54	36	54	40	53	39	53	34	57	27	67	31	71	38	68	56	62	79	52	103	60	116	71	117	119	123	135	115	183	167	245	190	152	108	123	234	124	212	287	574	549	388	329	289	310	24	37	490	938	807	572	1000	981	470	198	175	386	667	531	313	395	298	312	217	279	259	167	197	167	208	128	156	154	140	138	110	136	86	112	91	98	74	86
64	170	1	2	119	0	1953125	12	0.0	2554	1.46	0	0	V0.2	0	0	40	37	39	56	34	60	30	52	36	46	45	38	58	41	60	45	63	58	58	71	62	87	82	91	101	82	144	92	148	108	173	184	211	213	106	131	82	240	167	184	324	526	566	331	332	255	296	79	39	521	893	806	522	1000	946	448	141	179	419	643	532	291	385	316	276	250	245	276	155	195	177	184	155	130	174	118	146	102	130	90	104	102	85	79	79
64	170	1	2	119	0	1953125	12	0.0	2556	1.46	0	0	V0.2	0	0	47	19	61	21	66	25	63	24	62	27	62	30	66	36	70	42	70	58	65	79	56	107	55	125	49	137	99	149	118	134	184	163	247	166	171	85	153	216	141	245	273	583	515	376	271	311	315	14	39	457	977	762	579	946	1000	469	193	123	367	707	501	339	364	306	322	201	293	238	189	181	179	214	119	169	138	157	125	123	129	89	108	86	100	70	90
64	170	1	2	119	0	1953125	12	0.0	2554	1.46	0	0	V0.2	0	0	45	34	49	50	46	54	42	48	46	44	53	34	65	35	68	40	70	60	62	78	59	98	69	110	92	110	139	115	147	115	192	185	237	201	132	134	106	254	158	235	323	574	561	342	301	279	341	73	5	539	964	832	528	996	1000	517	152	152	433	688	551	301	403	318	317	240	279	282	170	206	175	212	143	152	166	139	152	116	142	92	119	101	98	80	90
64	170	1	2	119	0	1953125	12	0.0	2554	1.46	0	0	V0.2	0	0	30	53	30	60	41	56	41	57	40	57	34	63	33	71	39	75	50	73	72	62	91	59	119	62	120	92	139	128	122	160	139	222	185	227	126	102	152	159	233	166	356	493	559	293	302	315	228	104	112	491	953	749	497	913	1000	414	95	170	390	689	460	318	308	364	230	256	220	248	187	149	215	147	176	110	170	124	125	121	109	107	82	109	78	83	75
64	170	1	2	119	0	1953125	12	0.0	2554	1.46	0	0	V0.2	0	0	46	24	57	39	58	45	54	39	55	36	59	28	68	30	70	38	70	58	63	80	53	103	57	121	73	126	121	129	135	120	194	172	242	177	151	121	126	236	147	260	305	583	527	338	263	289	338	66	38	505	984	814	518	933	1000	521	163	116	403	707	539	310	378	308	331	217	287	264	180	200	172	217	127	165	152	151	140	123	144	92	118	93	104	76	93
64	170	1	2	119	0	1953125	12	0.0	2551	1.46	0	0	V0.2	0	0	49	27	56	37	56	43	55	41	55	35	60	28	68	31	74	40	73	58	65	81	55	107	60	119	75	126	125	131	137	123	193	172	242	180	147	127	123	242	148	260	309	585	531	331	251	278	342	72	49	523	999	833	511	919	993	535	156	117	412	721	556	304	373	311	334	217	280	267	181	202	172	221	136	165	156	153	146	124	148	95	119	96	106	79	92
64	170	1	2	119	0	1953125	12	0.0	2554	1.46	0	0	V0.2	0	0	47	26	57	37	59	46	54	38	53	35	60	29	68	30	70	38	71	56	63	79	55	103	53	118	70	129	118	133	133	125	194	172	238	169	150	127	127	235	155	279	310	580	512	323	233	284	338	78	81	521	1000	821	511	892	993	528	151	92	412	726	546	313	368	315	339	216	286	262	189	201	174	221	131	168	152	160	142	123	141	90	114	92	106	74	91
64	170	1	2	119	0	1953125	12	0.0	2551	1.46	0	0	V0.2	0	0	53	28	67	29	70	34	69	35	67	39	69	36	74	42	80	50	81	67	74	88	63	117	63	130	68	144	119	148	134	139	199	173	246	168	162	119	139	229	156	277	299	576	494	319	214	279	329	68	95	510	999	795	497	850	970	519	146	85	393	718	524	304	342	306	334	203	275	248	187	190	166	216	131	168	145	152	128	113	133	90	111	88	102	71	86
64	170	1	2	119	0	1953125	12	0.0	2554	1.46	0	0	V0.2	0	0	47	22	61	26	67	28	62	28	59	30	61	29	63	34	70	40	67	56	64	75	54	101	51	121	52	142	96	149	114	142	188	168	233	146	165	102	154	209	173	294	300	564	469	312	188	290	315	59	138	482	1000	760	524	812	957	476	135	58	380	730	492	330	320	317	330	204	288	231	206	176	184	208	124	170	133	166	117	123	120	95	107	88	100	68	90
64	170	1	2	119	0	1953125	12	0.0	2554	1.46	0	0	V0.2	0	0	52	25	64	27	68	31	66	33	65	35	68	36	72	38	77	46	77	61	71	84	61	115	59	128	63	143	114	145	129	137	198	171	243	162	159	120	139	227	156	288	304	572	481	307	193	265	331	82	126	520	1000	790	502	813	916	484	149	61	408	720	515	299	325	301	336	203	275	245	190	190	169	220	134	171	142	159	137	126	141	97	115	88	105	74	89
64	170	1	2	119	0	1953125	12	0.0	2554	1.46	0	0	V0.2	0	0	50	27	57	38	60	44	55	41	57	39	63	29	67	32	73	39	71	60	66	79	56	107	58	120	73	136	121	137	134	131	199	176	242	169	151	140	138	241	159	291	317	573	487	296	195	277	365	79	103	525	1000	794	475	803	930	549	114	39	421	719	522	294	342	315	347	217	288	262	195	201	178	223	134	171	151	158	134	121	139	98	117	93	108	77	95
64	170	1	2	119	0	1953125	12	0.0	2551	1.46	0	0	V0.2	0	0	52	27	67	23	74	25	72	31	70	35	69	40	72	46	80	52	78	67	76	87	66	117	64	132	61	153	107	153	121	145	198	177	249	162	172	111	167	208	144	284	299	576	473	308	200	309	331	33	106	479	1000	750	477	796	978	543	111	57	371	719	499	305	310	314	342	200	279	236	205	184	178	218	130	171	137	169	133	129	133	94	109	86	105	70	87
64	170	1	2	119	0	1953125	12	0.0	2554	1.46	0	0	V0.2	0	0	48	24	60	30	62	37	57	34	56	32	59	28	65	31	71	38	70	55	64	79	54	105	53	120	62	138	110	139	124	132	197	173	241	161	159	121	141	214	146	293	313	579	489	310	209	299	327	53	103	493	1000	787	495	832	991	560	110	70	376	719	529	314	339	320	349	215	289	253	204	193	178	221	132	172	145	167	132	120	130	95	115	91	108	73	91
64	170	1	2	119	0	1953125	12	0.0	2551	1.46	0	0	V0.2	0	0	49	28	55	39	58	44	56	41	56	37	61	30	69	32	75	41	71	58	66	82	56	108	62	117	77	127	129	124	136	122	199	175	238	179	143	130	111	221	141	270	319	566	508	306	240	271	303	90	76	508	968	829	493	895	999	558	137	113	392	696	558	291	355	308	340	221	267	265	181	203	167	221	145	163	159	149	141	104	138	94	114	90	101	78	88
64	170	1	2	119	0	1953125	12	0.0	2554	1.46	0	0	V0.2	0	0	47	23	58	23	66	29	60	27	58	28	58	28	63	34	68	40	66	53	63	75	52	99	50	118	50	138	93	141	107	135	184	164	230	149	163	94	150	184	139	281	294	557	461	306	198	305	285	45	105	433	959	735	509	817	1000	537	116	82	329	695	489	324	308	312	330	203	281	227	204	171	179	204	124	166	129	159	114	125	122	98	108	90	104	71	88
64	170	1	2	119	0	1953125	12	0.0	2576	1.46	0	0	V0.2	0	0	49	48	39	61	36	66	35	60	42	52	54	45	63	42	69	48	63	54	59	72	60	90	73	95	94	106	140	104	139	116	194	177	219	184	127	147	93	231	161	275	338	557	516	297	249	265	307	79	57	497	924	811	497	913	1000	573	113	116	377	660	549	299	368	306	329	225	270	260	172	189	155	202	125	147	137	131	129	107	128	80	102	77	89	66	82
64	170	1	2	119	0	1953125	12	0.0	2579	1.46	0	0	V0.2	0	0	38	20	54	10	64	11	64	15	55	25	51	31	51	37	54	41	52	43	50	56	49	73	50	96	42	127	69	137	73	144	158	167	195	133	159	58	158	144	190	286	316	538	457	292	173	301	239	14	152	413	964	692	530	796	1000	489	107	89	316	706	457	351	285	331	307	212	276	210	210	143	190	177	120	147	118	151	91	115	96	92	89	82	85	62	80
64	170	1	2	119	0	1953125	12	0.0	2576	1.46	0	0	V0.2	0	0	44	23	61	13	71	14	67	18	61	25	57	33	60	39	63	44	61	46	54	67	50	87	45	108	37	134	73	138	82	137	169	159	210	129	159	74	144	163	162	290	294	549	451	299	173	280	240	63	140	416	959	716	530	826	999	487	169	109	324	697	483	329	300	302	314	188	266	207	186	152	163	189	102	147	109	147	103	102	99	74	91	71	87	55	76
64	170	1	2	119	0	1953125	12	0.0	2579	1.46	0	0	V0.2	0	0	32	33	50	29	62	25	63	22	51	35	46	42	38	54	42	53	44	48	52	49	64	57	75	76	72	114	90	135	73	154	139	192	164	156	148	48	167	119	241	261	359	509	489	248	180	286	209	67	192	454	990	719	516	800	1000	449	75	149	359	738	458	362	263	372	275	247	253	222	216	127	212	149	148	122	135	138	97	123	96	106	77	98	78	73	77
64	170	1	2	119	0	1953125	12	0.0	2576	1.46	0	0	V0.2	0	0	46	25	65	15	71	16	68	20	64	28	61	34	62	41	66	44	61	50	59	70	53	91	50	115	42	139	78	146	92	144	176	163	213	130	165	88	151	176	179	305	304	555	455	295	162	278	263	52	144	433	987	728	510	803	1000	517	132	91	345	717	490	327	301	310	323	193	274	218	197	160	171	196	110	154	117	149	100	104	104	79	93	73	91	57	78
64	170	1	2	119	0	1953125	12	0.0	2579	1.46	0	0	V0.2	0	0	39	22	56	11	65	12	66	15	57	28	54	33	51	43	54	42	51	45	51	57	55	75	55	97	50	130	73	144	77	150	155	176	189	133	163	67	169	151	224	294	331	529	462	286	162	288	245	54	175	430	987	719	544	787	1000	477	82	95	338	729	466	372	291	352	305	222	276	215	221	143	205	177	130	145	123	153	97	131	101	98	88	92	88	66	81
