34928	35048	35167	35286	35405	35524	35644	35763	35882	36001	36120	36240	36359	36478	36597	36716	36836	36955	37074	37193	37313	37432	37551	37670	37789	37909	38028	38147	38266	38385	38505	38624	38743	38862	38981	39101	39220	39339	39458	39577	39697	39816	39935	40054	40174	40293	40412	40531	40650	40770	40889	41008	41127	41246	41366	41485	41604	41723	41842	41962	42081	42200	42319	42439	42558	42677	42796	42915	43035	43154	43273	43392	43511	43631	43750	43869	43988	44107	44227	44346	44465	44584	44703	44823	44942
64	170	1	2	119	0	1953125	12	0.0	2078	1.38	0	0	V0.2	0	0	16	24	22	37	41	18	22	36	37	22	16	47	14	39	20	42	11	43	52	30	45	45	68	35	99	84	50	33	85	97	29	94	153	184	211	270	447	204	96	182	133	378	201	163	513	854	560	840	662	104	618	382	666	999	774	440	592	424	51	295	144	313	263	257	222	211	145	76	158	105	100	51	99	97	47	78	53	60	25	68	43	37	38	50	34
64	170	1	2	119	0	1953125	12	0.0	2051	1.37	0	0	V0.2	0	0	15	26	19	43	40	27	24	39	30	30	17	46	9	43	19	40	6	46	50	19	53	45	62	28	111	91	53	48	102	100	24	107	159	175	206	266	470	202	97	193	138	386	206	127	496	873	567	867	697	126	640	403	656	1000	775	427	601	439	73	312	172	325	271	260	234	209	158	71	173	121	102	67	107	119	45	90	63	74	20	67	58	38	43	52	48
64	170	1	2	119	0	1953125	12	0.0	2078	1.38	0	0	V0.2	0	0	11	19	35	29	45	16	31	32	38	16	9	42	22	34	13	43	18	32	45	30	38	33	70	41	94	74	54	16	88	98	33	86	140	199	221	263	434	219	61	206	153	373	227	101	493	898	566	823	731	87	649	396	646	1000	783	428	600	397	50	334	177	335	240	266	213	233	115	108	152	108	112	38	123	70	73	62	70	53	40	65	30	45	36	56	26
64	170	1	2	119	0	1953125	12	0.0	2699	1.48	0	0	V0.2	0	0	70	97	64	99	78	94	101	96	110	98	114	110	109	122	103	138	113	136	142	136	142	169	115	190	135	153	176	161	147	215	181	182	268	200	110	234	193	60	298	158	332	527	443	306	650	720	582	700	688	236	654	564	599	1000	850	579	699	668	294	164	220	129	93	114	46	211	205	229	232	253	159	211	140	158	149	163	143	177	138	151	146	131	126	123	106
64	170	1	2	119	0	1953125	12	0.0	2103	1.38	0	0	V0.2	0	0	11	24	40	8	48	23	39	24	21	28	14	28	16	41	10	34	26	28	36	34	12	63	42	62	68	39	88	5	44	63	34	99	146	117	262	321	336	325	128	132	157	227	227	335	457	816	953	803	555	363	353	606	747	951	999	624	477	299	118	262	305	160	332	271	319	217	103	142	127	101	139	87	48	101	43	87	61	30	63	40	44	46	21	46	43
64	170	1	2	119	0	1953125	12	0.0	2051	1.37	0	0	V0.2	0	0	14	22	6	52	29	34	12	45	18	35	22	43	9	50	24	35	13	57	52	7	58	45	62	9	122	90	50	53	112	107	22	120	169	184	195	268	468	192	95	218	172	379	210	116	491	881	562	859	724	79	622	409	581	1000	761	370	612	501	61	296	156	278	292	207	229	201	173	58	158	140	85	74	83	132	40	83	67	76	30	58	72	32	41	49	59
64	170	1	2	119	0	1953125	12	0.0	2078	1.38	0	0	V0.2	0	0	15	13	32	24	47	7	32	23	40	11	18	39	28	30	21	37	22	31	46	35	36	44	54	49	81	93	42	44	74	96	34	90	152	173	223	234	443	196	100	206	155	357	211	128	479	881	577	849	713	99	593	377	605	1000	795	401	600	435	24	281	133	291	242	261	209	214	135	95	156	96	104	46	102	81	61	75	52	55	34	67	32	42	39	50	29
64	170	1	2	119	0	1953125	12	0.0	2076	1.38	0	0	V0.2	0	0	17	16	30	25	45	14	29	23	33	14	15	33	20	31	22	31	11	35	45	25	38	46	48	37	88	95	29	37	77	95	43	89	157	168	211	229	445	187	92	180	135	373	205	134	480	863	564	819	667	84	571	375	602	1000	768	401	579	421	69	266	152	290	271	224	227	198	149	64	161	117	85	58	90	107	32	83	53	62	16	66	50	29	38	45	39
64	170	1	2	119	0	1953125	12	0.0	2078	1.38	0	0	V0.2	0	0	13	25	25	38	39	23	23	38	34	21	13	44	13	40	21	44	8	47	56	26	45	40	70	34	101	83	49	32	98	107	28	99	149	181	201	265	451	218	97	200	169	368	175	117	500	894	566	830	672	50	592	294	605	1000	793	399	601	449	86	293	78	289	249	234	210	225	146	71	160	110	101	43	106	101	44	72	56	64	20	69	44	35	32	50	38
64	170	1	2	119	0	1953125	12	0.0	2076	1.38	0	0	V0.2	0	0	11	25	29	35	44	19	26	34	34	20	12	43	15	38	18	41	8	41	50	19	44	37	68	30	108	87	46	37	107	116	31	105	154	190	207	267	478	229	102	225	193	392	203	74	491	946	616	869	746	90	635	337	551	1000	877	422	619	508	60	308	84	285	247	276	240	242	157	84	178	120	110	50	116	106	47	81	62	67	17	72	46	37	37	53	38
64	170	1	2	119	0	1953125	12	0.0	2699	1.48	0	0	V0.2	0	0	90	88	95	95	98	109	92	130	94	124	120	101	144	108	131	141	127	151	160	133	182	152	157	181	177	166	184	182	133	257	183	218	280	214	86	276	232	125	226	217	279	610	420	352	605	844	605	824	684	293	662	565	642	1000	948	584	764	726	351	181	278	162	147	88	90	161	259	194	293	232	217	179	197	121	180	142	156	168	150	145	158	128	127	132	101
64	170	1	2	119	0	1953125	12	0.0	2076	1.38	0	0	V0.2	0	0	4	29	39	11	50	22	41	32	26	30	19	37	14	41	7	37	31	27	36	39	16	64	57	54	87	24	109	27	58	69	52	94	147	120	224	364	310	369	186	148	103	218	167	279	438	762	1000	802	665	295	326	539	745	885	992	600	506	395	80	218	331	165	329	293	275	243	140	136	178	115	133	129	46	114	85	71	90	41	62	67	43	58	44	37	53
64	170	1	2	119	0	1953125	12	0.0	2696	1.48	0	0	V0.2	0	0	87	85	91	87	96	100	86	125	87	124	120	96	137	102	125	135	122	142	155	129	174	147	155	170	174	157	177	175	128	248	181	212	277	212	90	264	232	113	213	210	272	604	418	351	606	848	600	821	683	265	639	540	616	1000	933	547	738	732	354	169	277	169	139	97	89	148	258	189	284	229	215	173	195	120	178	137	154	161	147	140	154	126	127	128	99
64	170	1	2	119	0	1953125	12	0.0	2076	1.38	0	0	V0.2	0	0	28	34	7	50	27	40	41	18	41	6	38	5	44	14	33	30	22	38	36	21	54	53	35	94	12	106	62	63	64	33	73	132	97	137	310	295	408	280	191	220	113	154	287	284	422	821	917	951	624	355	302	669	751	1000	875	602	516	389	142	301	281	220	337	264	336	206	144	189	140	136	162	84	85	113	55	111	80	44	74	45	60	62	33	47	45
64	170	1	2	119	0	1953125	12	0.0	2078	1.38	0	0	V0.2	0	0	13	34	27	43	36	29	21	46	31	25	9	53	9	40	15	49	8	45	56	27	48	33	87	25	110	68	68	23	111	111	17	106	152	212	214	281	452	274	120	226	206	359	201	72	481	947	642	831	765	122	589	309	535	1000	887	356	595	520	68	307	89	293	255	279	214	251	156	104	170	121	123	41	122	91	65	71	71	68	31	77	44	46	37	60	37
64	170	1	2	119	0	1953125	12	0.0	2051	1.37	0	0	V0.2	0	0	16	23	22	37	43	30	35	32	34	34	31	40	15	54	31	35	17	49	50	22	60	62	45	45	97	119	40	86	95	102	26	124	182	140	184	216	490	239	140	191	153	340	196	98	440	851	642	809	751	141	474	348	488	1000	817	401	534	499	87	226	134	231	299	205	254	178	164	68	159	150	73	89	76	130	41	91	71	67	38	54	73	29	48	47	55
64	170	1	2	119	0	1953125	12	0.0	2699	1.48	0	0	V0.2	0	0	84	70	98	59	103	79	91	110	84	119	107	102	126	100	125	117	124	131	150	130	166	141	164	152	190	139	185	168	137	228	192	201	280	215	122	257	247	117	206	213	246	586	432	383	623	840	607	836	687	285	618	533	611	1000	916	549	742	705	358	200	305	170	172	110	124	175	268	206	294	238	226	193	201	146	185	161	165	183	158	163	160	148	138	144	116
64	170	1	2	119	0	1953125	12	0.0	2693	1.48	0	0	V0.2	0	0	78	99	68	111	65	114	79	118	91	125	106	125	110	135	117	134	128	145	147	143	173	144	187	142	210	149	197	164	197	201	207	264	225	254	183	220	219	178	174	231	407	450	540	485	590	727	807	793	562	499	466	663	769	1000	885	736	677	652	489	211	246	190	171	94	148	209	249	291	255	294	220	216	184	187	180	169	196	167	184	158	177	151	147	139	132
64	170	2	2	119	0	1953125	12	0.0	2073	1.38	0	0	V0.2	0	0	16	33	11	42	37	30	44	7	44	6	35	11	46	28	25	38	20	45	46	32	47	65	24	96	33	96	87	46	68	40	61	137	123	128	297	285	396	299	175	208	124	154	291	303	433	810	912	912	566	316	295	633	696	1000	906	621	490	347	113	325	284	225	316	263	337	195	146	174	121	137	160	74	93	101	57	116	67	53	69	44	66	59	29	51	42
64	170	2	2	119	0	1953125	12	0.0	2051	1.37	0	0	V0.2	0	0	13	33	14	48	22	40	13	47	17	31	12	47	7	47	21	43	10	47	46	14	54	34	78	11	121	65	70	40	124	100	8	108	152	201	195	272	438	252	96	244	191	340	211	76	466	911	594	806	738	111	593	339	534	1000	874	363	567	444	67	324	101	303	263	253	200	239	156	84	166	125	125	44	120	114	59	77	73	87	21	74	55	46	34	58	53
64	170	2	2	119	0	1953125	12	0.0	2078	1.38	0	0	V0.2	0	0	17	10	36	21	48	7	35	17	42	7	20	33	32	30	24	32	24	30	45	39	35	52	45	56	75	103	30	46	71	99	47	95	169	164	210	207	455	215	108	180	178	376	214	122	470	875	558	792	686	61	561	304	528	1000	811	358	563	455	96	271	67	272	260	228	206	213	147	67	155	103	98	40	99	91	45	73	52	62	24	67	37	39	34	48	31
64	170	1	2	119	0	1953125	12	0.0	2051	1.37	0	0	V0.2	0	0	17	22	20	37	44	24	29	33	31	28	26	42	13	48	27	35	11	44	48	23	54	55	48	38	98	107	41	73	91	99	29	122	185	150	180	218	470	209	113	187	161	371	193	145	469	824	556	782	690	36	544	334	530	1000	757	329	509	489	116	245	107	247	302	196	234	183	168	61	156	145	84	81	78	128	39	89	68	71	33	62	71	32	47	49	56
64	170	1	2	119	0	1953125	12	0.0	2053	1.37	0	0	V0.2	0	0	20	17	27	27	50	13	36	29	42	17	27	42	32	41	33	41	27	40	49	37	47	57	47	60	80	113	44	80	77	96	36	110	182	154	204	219	460	217	128	173	148	358	193	157	473	831	577	781	669	56	531	340	559	1000	803	374	525	460	82	251	121	271	288	241	228	199	170	79	165	124	108	84	97	118	53	98	60	74	36	73	58	44	56	56	50
64	170	1	2	119	0	1953125	12	0.0	2051	1.37	0	0	V0.2	0	0	11	29	25	37	36	30	29	38	28	29	14	44	12	47	17	45	15	45	47	24	56	37	69	27	110	83	73	52	108	97	9	115	154	182	201	265	441	237	128	224	170	329	188	143	493	875	585	810	687	80	557	314	575	1000	857	435	571	423	68	283	119	301	261	273	209	239	146	107	164	118	127	54	126	97	78	80	77	77	36	75	49	55	42	63	46
64	170	1	2	119	0	1953125	12	0.0	2051	1.37	0	0	V0.2	0	0	18	27	29	36	49	23	38	34	42	27	28	49	24	44	25	42	20	45	51	31	52	48	56	46	95	101	58	73	92	94	18	119	170	150	195	232	460	206	136	208	153	343	180	148	476	845	563	831	677	75	555	319	568	1000	813	415	561	424	72	264	105	284	262	250	216	208	151	74	164	112	109	64	106	110	55	91	58	75	29	73	52	45	47	55	49
64	170	1	2	119	0	1953125	12	0.0	2051	1.37	0	0	V0.2	0	0	17	15	34	23	46	13	37	17	37	16	25	34	25	35	26	29	19	30	39	28	41	53	35	51	77	107	33	68	72	85	37	101	172	145	198	199	451	195	112	181	131	358	215	143	459	820	550	786	658	65	550	364	552	999	774	381	523	423	102	263	128	276	283	228	220	186	154	61	162	122	96	72	91	117	41	90	57	76	26	67	54	40	47	47	47
64	170	1	2	119	0	1953125	12	0.0	2716	1.49	0	0	V0.2	0	0	86	79	105	62	113	79	96	114	95	118	114	113	127	115	133	124	140	134	156	144	169	153	180	160	206	160	197	197	164	248	221	223	295	257	156	289	248	167	248	263	292	601	460	423	639	791	553	784	644	290	660	533	633	1000	897	513	730	688	340	194	305	130	181	122	153	221	278	228	286	230	205	196	176	169	173	172	163	185	141	170	144	142	135	130	113
64	170	1	2	119	0	1953125	12	0.0	2076	1.38	0	0	V0.2	0	0	28	39	5	49	31	42	46	13	39	5	41	8	43	17	33	36	21	38	36	24	55	60	23	91	15	111	77	58	73	34	78	150	122	126	302	300	418	303	171	216	133	171	305	323	437	829	944	930	598	364	319	667	718	1000	956	635	505	353	90	322	301	183	336	268	351	221	124	167	143	124	169	92	69	115	58	108	83	33	71	51	55	60	25	49	48
64	170	1	2	119	0	1953125	12	0.0	2051	1.37	0	0	V0.2	0	0	19	34	5	53	24	39	11	51	22	33	22	52	8	48	25	45	14	51	54	20	56	39	74	12	115	79	67	48	114	101	8	122	163	182	174	262	436	211	84	220	186	359	175	145	501	836	485	787	670	41	625	260	550	999	769	335	574	474	137	309	31	281	273	212	188	221	159	56	150	118	111	49	103	114	49	76	65	80	21	70	59	42	36	54	54
64	170	1	2	119	0	1953125	12	0.0	2051	1.37	0	0	V0.2	0	0	17	28	26	35	42	30	32	36	35	32	23	48	18	49	24	46	18	48	49	28	56	46	63	37	108	97	67	64	104	101	17	123	171	166	189	248	449	209	117	212	173	354	169	176	505	824	508	796	663	34	598	284	577	999	782	391	559	452	102	279	77	290	266	246	203	227	149	83	157	116	118	58	112	107	60	81	65	75	26	69	49	47	41	55	47
64	170	1	2	119	0	1953125	12	0.0	2051	1.37	0	0	V0.2	0	0	13	33	10	40	10	42	7	46	7	31	18	41	16	32	26	37	22	44	43	24	46	37	76	21	105	49	87	58	125	66	32	98	147	210	132	302	369	274	52	281	137	280	201	115	540	780	561	737	730	39	546	305	505	1000	764	518	528	409	96	243	156	245	265	239	243	234	90	132	116	143	100	76	123	72	92	57	97	50	56	56	53	48	44	61	40
64	170	1	2	119	0	1953125	12	0.0	2051	1.37	0	0	V0.2	0	0	18	18	31	26	48	13	37	24	38	20	24	36	21	41	26	33	19	36	42	25	47	51	40	46	86	105	45	79	83	88	24	119	179	138	179	225	464	188	130	204	129	368	179	184	495	801	522	836	678	89	576	325	596	1000	755	466	561	428	81	224	98	280	267	247	238	203	144	70	166	116	96	68	98	111	43	89	54	68	25	69	50	40	46	50	44
64	170	1	2	119	0	1953125	12	0.0	2076	1.38	0	0	V0.2	0	0	28	30	13	25	30	44	22	32	26	22	28	22	33	9	43	24	23	25	38	34	12	59	52	48	41	84	43	88	73	39	41	54	180	201	103	248	357	254	67	234	84	306	248	141	538	685	540	672	721	80	502	357	465	1000	621	461	463	446	156	198	152	183	293	157	265	181	103	97	100	152	48	86	68	79	51	63	77	26	49	42	55	19	49	44	29
64	170	1	2	119	0	1953125	12	0.0	2051	1.37	0	0	V0.2	0	0	26	32	16	35	14	42	16	42	11	24	27	33	23	20	38	32	22	35	38	23	31	49	70	36	87	58	67	72	114	63	26	77	159	218	114	281	343	262	6	260	138	302	235	101	531	742	493	667	708	92	592	332	507	1000	672	408	467	403	179	292	122	248	265	194	207	225	93	105	111	141	112	46	115	67	77	42	91	57	40	60	52	50	32	62	38
64	170	1	2	119	0	1953125	12	0.0	2048	1.37	0	0	V0.2	0	0	15	22	26	35	44	19	31	33	40	22	19	46	22	41	22	43	19	40	49	33	49	47	59	43	94	98	55	62	90	101	31	118	179	170	193	220	448	204	95	193	175	381	203	167	499	822	487	767	675	53	632	325	568	999	769	347	524	461	128	286	74	283	277	235	205	220	158	74	163	121	117	62	109	110	57	88	64	77	27	72	52	45	43	55	46
64	170	1	2	119	0	1953125	12	0.0	2051	1.37	0	0	V0.2	0	0	15	26	27	34	43	23	30	32	34	25	18	47	19	41	20	43	18	39	46	26	50	41	60	38	100	94	58	61	99	97	20	116	173	175	193	236	454	213	101	207	174	373	221	168	525	855	513	792	679	34	644	334	540	1000	839	413	575	424	107	307	84	282	266	249	213	230	150	77	155	111	114	57	112	107	62	86	66	76	24	69	47	45	40	57	45
64	170	1	2	119	0	1953125	12	0.0	2078	1.38	0	0	V0.2	0	0	14	18	34	24	45	10	33	24	40	14	16	41	26	32	19	38	21	34	46	31	41	41	56	42	87	87	50	44	83	92	31	107	175	184	189	241	431	186	81	212	168	390	213	205	553	819	465	797	653	40	643	297	586	999	780	484	594	385	110	273	80	285	241	244	214	234	117	83	141	94	96	35	106	76	56	65	56	47	30	60	27	37	32	47	23
64	170	1	2	119	0	1953125	12	0.0	2051	1.37	0	0	V0.2	0	0	17	18	22	29	41	17	29	24	30	23	25	35	15	38	27	28	13	39	43	20	46	53	33	35	84	102	33	76	76	81	33	109	189	152	159	211	423	160	99	176	122	389	215	229	529	718	427	731	593	103	597	329	574	1000	671	430	533	398	213	250	90	244	301	167	229	178	141	44	129	135	65	75	69	119	36	80	62	57	27	56	66	26	45	46	48
64	170	1	2	119	0	1953125	12	0.0	2053	1.37	0	0	V0.2	0	0	22	15	25	24	48	9	35	25	42	18	28	38	31	36	33	35	28	39	47	36	43	57	39	56	71	107	33	80	66	82	41	103	190	154	171	209	416	170	99	157	117	388	207	253	532	716	427	710	560	97	594	334	623	1000	690	428	494	370	199	253	100	264	291	202	218	180	142	51	139	123	88	78	82	115	42	85	52	61	25	60	53	32	47	46	45
64	170	1	2	119	0	1953125	12	0.0	2026	1.37	0	0	V0.2	0	0	18	27	14	43	36	32	30	40	31	34	25	46	16	51	28	43	26	48	47	28	63	52	55	46	99	103	65	96	93	83	18	127	188	148	168	235	425	168	129	183	115	362	177	266	539	723	447	747	561	83	587	348	667	999	715	487	516	341	177	255	124	292	291	224	219	190	149	64	152	133	107	94	99	130	59	101	70	78	38	63	65	45	56	55	60
64	170	1	2	119	0	1953125	12	0.0	2051	1.37	0	0	V0.2	0	0	23	17	35	17	50	5	42	18	46	15	30	37	34	33	32	34	29	32	44	37	43	55	40	56	71	99	46	78	69	82	34	99	179	151	180	229	421	176	114	160	83	373	182	260	553	771	463	740	553	90	602	378	709	1000	805	534	462	229	158	257	123	297	242	264	220	207	116	78	147	101	113	66	113	94	68	80	58	63	34	67	39	49	41	52	40
64	170	1	2	119	0	1953125	12	0.0	2051	1.37	0	0	V0.2	0	0	16	17	28	22	41	11	33	19	33	15	21	28	21	34	25	28	18	32	41	24	41	50	33	41	75	95	40	72	67	80	46	92	173	145	164	217	415	153	82	140	56	391	201	242	520	716	432	726	519	136	584	385	703	999	712	500	448	213	175	215	152	300	260	234	225	175	112	53	144	117	84	75	91	108	39	91	55	61	19	59	47	33	44	45	42
64	170	1	2	119	0	1953125	12	0.0	2051	1.37	0	0	V0.2	0	0	23	9	26	17	49	5	37	14	40	8	28	27	32	25	32	21	24	27	38	33	32	56	17	49	52	95	21	77	44	64	51	73	174	137	158	191	374	132	80	136	33	373	201	261	535	687	391	628	478	173	579	419	674	1000	657	410	340	162	252	234	144	237	248	180	207	131	99	33	118	121	63	80	65	105	29	78	50	47	25	49	53	20	46	41	42
64	170	1	2	119	0	1953125	12	0.0	2048	1.37	0	0	V0.2	0	0	10	28	18	37	28	30	17	39	21	24	8	42	4	37	16	43	11	37	42	21	47	27	67	14	98	59	66	33	91	88	24	97	151	195	155	263	357	155	15	188	121	382	216	240	566	739	411	647	489	132	653	382	714	1000	701	530	406	192	214	301	179	331	240	222	186	200	90	80	134	111	113	48	123	81	73	67	77	66	32	63	40	46	36	58	36
64	170	1	2	119	0	1953125	12	0.0	2051	1.37	0	0	V0.2	0	0	9	22	22	31	29	24	20	32	25	22	8	37	7	34	11	34	9	38	42	20	48	32	60	16	92	64	59	37	86	88	25	101	153	184	156	258	369	149	31	155	125	383	205	222	531	683	365	650	490	107	585	343	748	1000	684	472	356	200	208	284	150	301	215	220	188	195	93	73	135	107	108	47	119	87	63	66	70	62	22	58	36	40	32	54	38
64	170	1	2	119	0	1953125	12	0.0	2051	1.37	0	0	V0.2	0	0	18	15	25	21	40	9	30	18	33	14	23	33	24	30	25	29	19	31	41	30	40	49	38	42	72	91	34	57	57	81	45	87	169	155	174	215	376	129	72	133	93	382	200	304	564	706	378	632	423	148	594	388	747	1000	647	397	354	213	221	255	139	291	252	201	194	165	118	45	135	114	95	73	91	106	45	81	52	62	25	61	50	36	42	45	42
64	170	1	2	119	0	1953125	12	0.0	2048	1.37	0	0	V0.2	0	0	26	5	26	5	41	14	35	8	36	3	33	19	34	19	40	15	27	28	38	35	26	65	18	58	35	97	7	86	52	56	51	63	181	152	147	213	348	159	85	127	55	343	196	286	568	628	399	594	472	206	521	368	659	1000	597	441	340	257	245	200	168	243	295	161	226	143	107	59	105	141	60	89	65	101	45	76	66	42	38	44	58	24	48	42	41
64	170	1	2	119	0	1953125	12	0.0	2048	1.37	0	0	V0.2	0	0	25	7	26	11	44	7	35	10	37	8	31	25	32	26	37	21	28	29	39	34	34	64	20	57	46	101	10	83	52	62	50	76	185	150	162	213	363	150	87	126	70	371	206	293	564	635	363	629	476	210	561	375	690	1000	586	451	389	226	234	191	150	257	286	173	227	148	112	52	117	134	62	86	67	105	39	82	64	50	31	45	54	23	48	41	41
64	170	1	2	119	0	1953125	12	0.0	2051	1.37	0	0	V0.2	0	0	8	27	15	32	20	29	16	35	19	25	8	39	5	33	14	34	11	39	41	19	50	33	64	5	97	55	65	38	93	85	18	100	154	194	143	273	336	148	23	183	137	368	198	294	604	695	386	640	448	211	656	391	768	1000	603	531	391	166	213	254	174	311	240	224	197	205	85	80	122	109	108	47	119	74	70	58	74	55	32	59	40	44	35	55	34
64	170	1	2	119	0	1953125	12	0.0	2051	1.37	0	0	V0.2	0	0	15	22	23	28	37	15	28	27	32	20	19	37	18	34	18	36	16	37	43	27	48	43	51	31	88	80	47	49	73	87	32	109	174	169	170	254	370	112	52	127	139	409	167	316	573	676	388	698	409	207	647	383	810	1000	606	512	400	209	227	229	163	326	251	237	207	197	112	61	141	107	104	62	111	94	57	75	58	61	32	69	43	44	43	54	39
64	170	1	2	119	0	1953125	12	0.0	2053	1.37	0	0	V0.2	0	0	16	26	16	42	35	25	20	40	31	27	17	50	16	42	22	43	16	43	52	29	53	38	64	26	100	75	64	49	83	96	33	118	176	182	155	267	362	119	64	173	166	424	204	344	606	699	359	680	422	209	657	381	820	999	655	585	414	244	238	269	197	350	249	238	194	198	99	69	141	112	115	59	119	91	68	77	65	61	34	71	43	46	41	56	39
64	170	1	2	119	0	1953125	12	0.0	2051	1.37	0	0	V0.2	0	0	22	13	27	17	44	4	35	13	38	12	27	29	27	30	30	26	24	31	41	31	40	57	31	49	65	100	24	66	47	80	50	97	194	158	179	224	381	120	67	93	126	445	217	311	545	648	363	643	403	219	606	417	812	1000	618	516	373	249	256	231	183	321	285	219	222	166	124	51	145	133	91	87	92	115	42	88	56	63	33	64	56	35	51	47	45
64	170	1	2	119	0	1953125	12	0.0	2051	1.37	0	0	V0.2	0	0	28	7	28	12	48	6	39	11	40	6	35	26	36	25	40	19	27	31	41	35	33	66	19	59	45	98	11	80	40	55	43	87	198	144	161	224	377	143	64	87	95	411	217	292	531	588	344	604	417	234	535	409	749	1000	631	520	307	237	241	214	220	273	287	194	230	125	103	51	124	136	65	95	73	109	38	88	64	54	43	52	59	22	50	44	43
64	170	1	2	119	0	1953125	12	0.0	2051	1.37	0	0	V0.2	0	0	22	5	27	10	44	10	35	4	35	6	28	18	29	22	35	16	25	27	36	29	31	62	13	51	45	99	9	75	37	66	54	76	190	141	151	204	365	121	81	105	95	418	206	324	559	628	362	605	379	257	590	448	789	999	564	465	311	212	278	199	200	272	269	184	226	135	100	47	125	137	62	92	75	110	34	88	63	50	31	49	57	23	49	42	41
64	170	1	2	119	0	1953125	12	0.0	2053	1.37	0	0	V0.2	0	0	15	25	18	39	34	25	20	39	27	27	17	46	13	40	18	41	13	41	48	27	51	38	62	23	96	70	60	40	78	103	39	111	170	175	145	251	345	104	13	143	158	417	178	304	553	652	345	612	379	204	641	388	843	1000	591	495	301	268	240	262	211	347	253	237	195	194	109	68	150	116	120	58	121	91	68	75	69	65	27	66	41	47	38	56	39
64	170	1	2	119	0	1953125	12	0.0	2026	1.37	0	0	V0.2	0	0	19	24	19	36	39	23	32	33	33	28	27	41	20	48	28	39	24	45	46	32	59	58	48	49	89	100	51	84	73	91	37	120	201	159	175	241	400	121	70	112	123	414	200	375	589	677	379	642	327	268	660	461	882	1000	554	422	301	309	301	279	183	325	286	197	197	151	135	60	151	145	109	99	98	129	56	97	70	80	46	66	71	45	59	57	62
64	170	1	2	119	0	1953125	12	0.0	2048	1.37	0	0	V0.2	0	0	26	8	28	5	47	19	34	9	40	8	33	19	42	15	40	19	34	28	41	42	26	66	20	68	36	102	7	80	43	67	68	78	200	156	155	205	364	134	74	100	99	418	207	362	604	661	373	604	358	271	650	493	842	1000	551	437	255	283	297	247	186	285	267	195	203	135	111	49	137	129	85	92	83	109	42	88	49	56	31	59	52	36	52	44	42
64	170	1	2	119	0	1953125	12	0.0	2051	1.37	0	0	V0.2	0	0	13	27	22	32	33	25	24	35	27	20	12	40	13	37	16	39	13	37	43	22	48	34	57	18	96	69	55	40	79	102	34	119	180	189	152	261	358	100	15	149	163	442	193	317	605	685	322	618	359	257	715	427	839	1000	582	525	281	286	276	302	171	322	236	213	172	177	101	60	138	108	113	53	119	90	61	70	70	66	28	68	44	44	37	55	39
64	170	1	2	119	0	1953125	12	0.0	2048	1.37	0	0	V0.2	0	0	22	9	24	19	47	7	35	16	39	10	27	31	29	31	34	28	25	34	44	34	40	61	30	55	60	100	20	71	45	80	54	95	199	146	152	220	377	99	76	113	140	455	207	384	619	664	342	595	310	335	715	464	818	1000	526	441	267	258	320	253	161	271	254	189	200	127	108	40	130	128	77	85	78	107	34	84	51	55	34	59	55	28	49	44	42
64	170	1	2	119	0	1953125	12	0.0	2051	1.37	0	0	V0.2	0	0	13	27	20	36	34	25	23	34	29	24	15	42	10	40	18	39	13	40	43	22	55	38	61	18	99	67	55	41	80	99	30	124	181	186	145	292	371	116	20	137	196	473	246	384	632	676	345	606	291	292	730	464	886	999	593	574	287	250	264	255	210	334	243	256	198	195	98	73	151	114	116	61	126	91	69	73	70	63	37	72	45	49	42	57	38
64	170	1	2	119	0	1953125	12	0.0	2041	1.37	0	0	V0.2	0	0	31	11	33	12	53	4	44	15	44	11	41	32	39	29	45	25	35	37	46	41	37	72	23	65	51	106	15	89	53	79	63	100	220	161	167	226	361	112	85	91	124	424	219	428	639	637	378	580	293	341	667	540	858	1000	554	482	241	285	300	236	232	278	284	198	232	127	111	67	135	151	78	109	83	112	46	97	73	57	47	58	65	30	57	50	47
64	170	1	2	119	0	1953125	12	0.0	2026	1.37	0	0	V0.2	0	0	17	29	2	45	15	37	10	44	15	35	21	45	15	47	24	41	20	46	43	26	63	39	68	20	109	60	74	52	90	90	19	126	169	183	143	287	336	121	22	125	179	418	239	365	597	623	357	579	277	293	665	486	882	1000	602	547	232	253	302	297	223	317	237	228	168	170	105	72	151	123	132	71	128	101	78	83	76	78	34	72	53	55	46	62	51
64	170	1	2	119	0	1953125	12	0.0	2048	1.37	0	0	V0.2	0	0	26	7	31	10	51	6	38	12	44	8	30	32	39	27	34	30	33	32	47	44	40	60	36	63	54	95	29	76	45	87	60	114	210	161	181	221	357	91	53	76	140	444	208	417	612	641	345	592	241	313	693	519	926	1000	591	475	192	314	298	280	187	288	232	241	190	152	110	63	151	115	116	85	104	98	66	90	51	60	35	67	41	48	49	51	40
64	170	1	2	119	0	1953125	12	0.0	2051	1.37	0	0	V0.2	0	0	23	8	31	10	47	7	39	7	38	9	32	22	28	30	39	21	26	33	41	30	40	65	20	56	58	104	19	84	49	85	63	105	218	163	172	224	366	108	67	70	134	447	194	416	623	629	353	618	286	340	680	517	879	1000	566	543	238	320	306	242	259	327	289	199	224	127	109	57	145	149	79	102	86	117	38	97	65	55	32	58	60	28	54	47	46
64	170	1	2	119	0	1953125	12	0.0	2073	1.38	0	0	V0.2	0	0	23	9	31	14	47	18	31	4	41	2	25	21	37	17	34	22	29	26	44	40	25	60	23	52	50	97	14	54	33	101	77	105	221	172	177	204	354	87	47	80	170	495	223	441	644	685	322	586	239	375	744	517	929	1000	543	561	226	393	335	239	215	342	264	218	219	149	113	41	152	127	85	78	92	100	38	90	48	53	24	61	42	36	46	40	30
64	170	1	2	119	0	1953125	12	0.0	2051	1.37	0	0	V0.2	0	0	18	30	14	45	36	33	23	43	25	33	25	46	4	52	28	43	15	55	56	22	66	52	64	18	118	89	55	59	94	132	40	161	229	204	166	293	394	90	34	121	263	511	244	475	697	746	315	595	240	416	810	489	971	1000	507	549	275	427	318	282	242	392	293	248	227	194	154	68	187	159	121	90	122	135	53	103	76	82	33	75	68	43	55	60	57
64	170	1	2	119	0	1953125	12	0.0	2068	1.37	0	0	V0.2	0	0	26	13	26	6	44	19	31	10	40	8	32	20	38	16	41	22	32	31	46	43	29	68	28	59	39	100	6	68	49	97	80	97	217	173	185	231	364	146	28	54	196	465	233	409	612	625	348	551	288	337	647	513	893	1000	539	443	205	366	320	243	228	307	283	207	231	153	129	71	151	140	87	95	85	106	44	92	58	59	36	58	48	36	52	42	39
64	170	1	2	119	0	1953125	12	0.0	2026	1.37	0	0	V0.2	0	0	31	16	36	39	28	34	36	45	27	34	46	33	41	36	51	29	43	54	44	42	57	67	64	61	108	63	76	79	122	78	49	127	182	203	96	320	299	164	21	160	240	390	261	358	643	576	359	493	273	357	634	520	849	1000	498	544	145	304	338	254	246	313	256	201	166	179	96	90	138	140	138	64	134	91	83	64	90	78	37	67	57	60	41	66	56
64	170	1	2	119	0	1953125	12	0.0	2026	1.37	0	0	V0.2	0	0	19	23	28	29	46	20	41	29	41	30	33	43	31	47	33	43	35	50	51	40	64	67	51	61	89	108	57	100	75	97	47	136	221	158	173	260	396	105	82	97	189	475	221	428	626	653	320	603	241	325	692	498	939	1000	589	535	194	356	296	286	235	344	255	240	186	151	123	72	175	138	129	98	125	121	69	100	73	86	45	73	59	54	55	59	58
64	170	1	2	119	0	1953125	12	0.0	2051	1.37	0	0	V0.2	0	0	26	12	28	13	43	22	36	14	38	9	37	15	39	16	44	17	35	32	40	42	32	74	20	68	39	106	9	91	60	77	71	99	226	164	171	244	369	148	61	75	190	472	222	414	614	588	338	571	288	359	645	532	919	999	522	507	162	382	317	234	238	294	267	206	224	126	117	73	158	148	90	107	90	113	46	95	54	59	41	62	54	39	59	47	45
64	170	1	2	119	0	1953125	12	0.0	2051	1.37	0	0	V0.2	0	0	29	11	32	17	57	2	46	17	47	13	38	34	39	31	43	31	35	43	51	42	44	73	27	65	58	109	20	90	55	87	61	123	236	170	182	238	376	120	63	68	162	459	185	424	640	648	355	598	287	379	719	542	902	1000	498	501	207	340	306	215	212	298	266	207	230	131	119	66	154	157	84	105	86	117	44	96	62	53	40	61	65	31	59	50	47
64	170	1	2	119	0	1953125	12	0.0	2051	1.37	0	0	V0.2	0	0	25	20	30	29	52	13	41	26	43	23	31	41	26	43	37	40	29	48	55	35	56	66	46	52	89	107	41	81	69	111	55	145	238	184	189	260	391	87	54	98	189	487	198	462	685	717	355	616	239	399	794	544	955	1000	527	565	243	352	303	252	222	353	266	240	214	153	128	60	170	142	103	93	106	116	45	94	57	66	32	71	61	40	52	50	47
64	170	1	2	119	0	1953125	12	0.0	2051	1.37	0	0	V0.2	0	0	29	8	32	8	46	16	46	18	33	2	40	16	32	21	50	12	36	41	47	38	35	84	23	71	44	111	8	106	77	74	71	109	251	192	156	253	349	140	106	131	171	457	239	465	717	644	380	539	280	472	703	546	841	1000	482	609	260	319	329	188	274	287	319	184	257	135	99	86	129	174	65	112	86	111	51	89	83	48	53	54	71	27	57	51	46
64	170	1	2	119	0	1953125	12	0.0	2026	1.37	0	0	V0.2	0	0	32	3	39	6	48	5	52	15	40	18	51	21	38	33	56	19	43	45	44	43	45	86	19	87	60	115	24	123	96	62	59	110	237	182	136	282	354	154	112	159	188	441	255	429	691	588	359	523	307	431	629	516	820	1000	497	568	179	349	345	208	303	275	316	168	241	149	93	119	129	190	91	117	111	111	81	83	107	55	63	56	78	47	59	69	59
64	170	1	2	119	0	1953125	12	0.0	2073	1.38	0	0	V0.2	0	0	25	29	13	26	26	40	20	30	29	26	29	22	39	11	42	25	35	30	44	46	25	66	40	61	34	89	34	68	64	69	78	82	210	183	165	244	333	169	39	89	191	443	260	383	599	563	361	537	322	288	558	519	848	1000	580	424	153	317	289	227	247	270	280	218	239	133	118	85	138	133	82	108	76	98	48	89	49	57	49	57	47	39	57	38	37
64	170	1	2	119	0	1953125	12	0.0	2026	1.37	0	0	V0.2	0	0	20	46	35	33	39	36	43	31	51	39	26	43	55	43	23	49	69	44	18	65	68	70	18	122	78	77	45	146	105	26	75	151	223	182	154	362	282	138	85	159	242	355	268	410	669	588	506	542	272	358	707	652	909	1000	581	532	171	257	300	299	213	350	275	233	164	191	160	68	151	154	155	99	99	149	80	79	62	105	66	39	77	73	59	31	70
64	170	1	2	119	0	1953125	12	0.0	2041	1.37	0	0	V0.2	0	0	23	14	42	47	22	42	32	46	22	42	40	28	44	49	38	23	49	67	42	35	71	54	58	56	126	40	65	72	117	95	35	170	207	219	135	356	323	106	22	128	254	425	248	430	662	657	454	612	242	354	762	623	971	1000	597	527	202	304	284	287	240	372	273	252	208	182	144	61	173	159	126	91	112	141	52	90	70	85	35	67	81	49	48	56	71
64	170	1	2	119	0	1953125	12	0.0	2026	1.37	0	0	V0.2	0	0	19	20	36	37	34	51	22	34	33	54	30	18	51	57	25	22	56	67	31	42	86	47	53	50	140	51	82	77	112	91	22	177	211	186	150	325	354	65	41	99	213	451	210	427	603	630	394	612	216	331	756	611	976	1000	573	487	182	358	338	277	228	336	294	192	206	134	149	85	149	194	113	116	88	150	77	77	86	78	62	43	92	67	50	52	68
64	170	1	2	119	0	1953125	12	0.0	2041	1.37	0	0	V0.2	0	0	36	20	34	51	17	62	13	54	33	45	36	39	46	38	59	22	54	49	58	55	63	33	98	49	91	81	81	111	38	67	126	130	206	243	218	343	245	213	153	40	165	367	395	511	534	615	706	419	202	291	678	920	999	917	775	420	116	270	270	371	339	212	364	276	241	178	92	146	188	142	169	120	95	139	87	99	79	56	90	68	60	68	52	73	59
64	170	1	2	119	0	1953125	12	0.0	2026	1.37	0	0	V0.2	0	0	22	17	28	28	48	19	48	24	38	28	40	38	27	48	44	35	36	50	48	38	59	76	33	72	76	118	36	115	73	81	47	134	247	171	179	251	382	116	92	103	146	448	188	431	639	620	371	604	323	382	697	543	894	1000	475	507	202	351	333	206	230	301	288	183	226	132	128	86	154	180	91	119	95	131	57	96	83	64	55	58	80	41	64	58	59
64	170	1	2	119	0	1953125	12	0.0	2073	1.38	0	0	V0.2	0	0	17	17	35	12	43	9	38	17	37	18	23	37	30	35	25	42	32	39	49	39	48	43	60	39	79	72	51	36	66	108	47	129	194	215	174	276	333	116	22	106	228	446	252	384	659	667	381	565	289	380	709	529	893	1000	517	546	216	285	302	226	252	317	247	234	199	190	75	107	131	123	109	68	117	56	82	53	74	38	58	53	41	44	43	49	31
64	170	1	2	119	0	1953125	12	0.0	2026	1.37	0	0	V0.2	0	0	20	28	12	53	8	47	16	51	10	46	31	46	20	58	30	41	30	60	49	31	76	49	66	28	124	76	77	76	104	95	16	157	210	191	168	297	367	83	49	117	186	449	201	409	631	653	372	627	257	353	756	536	946	1000	522	514	225	337	321	266	187	335	254	205	177	147	137	61	160	153	117	96	105	132	53	88	67	81	44	65	75	46	55	55	65
64	170	1	2	119	0	1953125	12	0.0	2073	1.38	0	0	V0.2	0	0	23	12	32	15	45	22	33	9	41	11	29	18	44	14	40	25	39	31	47	48	29	67	28	65	42	101	9	65	41	97	74	109	230	191	200	228	368	113	21	51	193	498	233	433	640	660	341	595	281	377	737	541	967	999	516	505	198	383	301	246	226	348	252	251	207	169	118	75	167	119	116	75	114	86	66	79	54	60	43	66	35	52	46	49	33
64	170	1	2	119	0	1953125	12	0.0	2028	1.37	0	0	V0.2	0	0	27	31	20	58	2	51	20	57	13	50	35	47	28	60	38	44	38	67	52	31	79	53	71	30	137	74	81	74	120	102	15	166	217	211	149	322	374	97	32	143	216	454	196	412	651	655	360	638	294	369	752	532	983	1000	466	537	206	387	317	241	210	365	251	214	187	180	150	66	181	161	134	89	127	137	59	95	79	90	35	74	81	55	54	65	72
64	170	1	2	119	0	1953125	12	0.0	2026	1.37	0	0	V0.2	0	0	19	26	25	32	44	22	40	29	42	31	32	45	27	47	33	45	34	50	51	38	62	64	54	55	92	106	56	89	80	94	37	136	222	185	181	253	382	105	45	108	161	450	185	384	617	651	328	636	313	349	715	466	932	1000	466	505	249	357	323	241	186	336	244	211	179	168	132	71	173	143	133	88	128	117	72	93	75	81	40	77	64	57	54	64	61
64	170	1	2	119	0	1953125	12	0.0	2026	1.37	0	0	V0.2	0	0	21	25	26	30	44	19	37	31	41	28	27	44	28	46	31	45	32	46	50	39	61	57	59	53	95	98	63	84	82	100	39	140	223	191	184	265	378	97	46	124	166	449	206	422	658	691	354	622	287	365	743	479	914	999	524	565	256	334	304	251	213	343	242	235	185	182	124	83	170	134	135	78	132	101	78	85	73	76	41	76	53	59	52	61	47
64	170	1	2	119	0	1953125	12	0.0	2041	1.37	0	0	V0.2	0	0	21	38	5	46	18	44	11	52	22	37	23	51	21	44	31	48	25	50	53	35	60	45	78	20	109	57	80	44	108	100	37	131	188	231	128	310	318	157	8	159	240	419	277	385	675	639	357	529	285	366	647	469	859	1000	528	600	239	352	336	231	278	331	251	216	204	203	93	105	146	145	124	71	138	78	87	62	89	55	51	71	52	51	45	66	42
64	170	1	2	119	0	1953125	12	0.0	2026	1.37	0	0	V0.2	0	0	27	28	16	38	17	42	17	44	20	33	34	38	35	32	44	35	35	47	45	41	51	58	67	49	102	62	76	69	115	71	42	114	183	219	104	317	303	179	22	168	224	386	245	333	649	567	389	536	337	375	596	491	829	1000	463	552	195	332	358	207	273	285	257	174	207	187	82	116	132	162	119	90	133	83	94	65	100	53	56	63	61	54	50	69	47
64	170	1	2	119	0	1953125	12	0.0	2041	1.37	0	0	V0.2	0	0	27	16	36	7	53	7	43	15	48	15	38	33	44	28	42	36	42	40	51	48	45	72	37	69	62	112	33	90	64	92	60	111	221	178	183	242	386	134	72	97	174	460	221	396	616	633	340	626	314	301	634	423	897	1000	559	519	271	393	312	230	212	333	249	216	205	164	126	68	167	132	114	87	113	106	61	91	63	68	38	71	50	47	51	54	46
64	170	1	2	119	0	1953125	12	0.0	2026	1.37	0	0	V0.2	0	0	21	32	4	44	10	41	5	45	15	37	22	45	19	44	29	42	24	50	46	31	63	43	71	23	114	60	79	56	111	93	20	128	179	206	120	302	332	142	22	161	227	421	235	349	631	610	316	566	305	340	652	408	859	1000	497	558	240	375	348	244	226	325	229	195	174	191	111	88	152	138	132	66	139	92	81	70	87	72	40	75	58	57	44	68	52
64	170	1	2	119	0	1953125	12	0.0	2073	1.38	0	0	V0.2	0	0	20	15	31	17	41	25	33	10	40	15	31	18	45	14	41	22	41	31	44	47	29	69	29	67	40	104	13	70	49	94	78	96	220	182	178	222	375	147	49	79	207	486	233	394	612	626	302	598	342	313	630	408	908	1000	516	479	276	437	311	215	207	342	254	221	214	172	124	71	165	122	104	74	108	90	58	82	55	57	39	69	38	47	45	50	36
64	170	1	2	119	0	1953125	12	0.0	2026	1.37	0	0	V0.2	0	0	17	25	5	47	21	38	22	43	18	43	28	44	11	55	30	40	26	58	50	26	71	56	60	31	114	92	62	76	95	99	23	135	207	177	160	276	383	111	66	113	183	441	192	388	603	627	341	631	304	295	638	406	889	1000	524	495	293	392	338	233	184	334	269	183	201	164	144	61	160	159	108	95	105	132	52	90	76	78	41	66	77	42	53	57	63
64	170	1	2	119	0	1953125	12	0.0	2073	1.38	0	0	V0.2	0	0	22	15	30	15	40	25	30	13	41	18	30	18	46	16	42	24	41	32	44	47	30	68	30	66	37	101	16	70	50	86	74	90	213	178	179	223	363	143	49	84	180	457	223	390	612	617	327	598	336	319	609	387	871	1000	513	487	298	406	318	204	193	321	253	209	209	168	121	65	153	119	98	74	100	88	55	80	52	56	38	67	39	45	46	48	33
64	170	1	2	119	0	1953125	12	0.0	2028	1.37	0	0	V0.2	0	0	22	31	10	53	17	45	22	48	18	47	31	48	17	59	31	43	30	60	49	27	74	56	60	32	116	91	67	81	96	91	14	137	206	172	156	271	386	106	61	117	157	430	179	376	598	637	340	634	314	318	691	413	849	1000	507	471	272	380	340	244	147	306	264	166	181	144	141	61	146	157	105	94	92	130	54	86	72	74	44	58	79	46	51	53	65
64	170	1	2	119	0	1953125	12	0.0	2026	1.37	0	0	V0.2	0	0	23	13	33	7	47	2	42	11	41	16	36	28	37	31	42	30	38	39	45	39	44	70	29	69	58	110	29	98	64	77	52	104	220	171	169	220	363	124	85	110	131	426	208	401	632	632	305	576	291	343	641	369	826	999	492	489	269	372	340	209	157	300	262	183	193	144	130	58	151	143	101	94	101	118	51	93	67	70	39	68	66	45	56	56	57
64	170	1	2	119	0	1953125	12	0.0	2026	1.37	0	0	V0.2	0	0	23	12	31	12	48	3	40	12	43	16	35	30	38	33	41	32	37	36	41	40	45	69	29	70	61	111	32	103	68	76	50	103	217	165	162	221	368	128	95	124	138	435	211	384	620	627	299	598	320	318	629	356	803	1000	512	497	285	364	311	202	166	298	265	190	200	146	134	62	152	141	101	95	99	115	50	92	63	70	41	67	65	46	58	54	53
64	170	1	2	119	0	1953125	12	0.0	2073	1.38	0	0	V0.2	0	0	21	26	17	27	25	38	19	29	26	25	30	22	41	16	42	25	37	32	42	44	25	65	42	58	37	89	38	67	63	65	77	74	208	198	152	217	315	172	54	110	151	417	261	377	633	602	345	508	334	326	560	401	753	1000	512	456	247	351	316	172	193	270	290	181	229	142	121	70	129	135	71	91	71	96	37	82	51	50	38	53	47	32	49	38	37
64	170	1	2	119	0	1953125	12	0.0	2026	1.37	0	0	V0.2	0	0	20	26	12	50	8	43	15	49	12	44	30	45	20	54	31	41	28	56	46	26	70	48	65	26	119	77	76	73	105	91	15	140	198	191	152	277	358	112	63	143	174	417	213	400	639	669	317	581	272	301	684	392	834	1000	559	475	266	341	310	257	150	314	258	202	179	167	148	64	155	145	119	89	108	129	57	89	71	84	41	67	76	50	52	56	65
64	170	1	2	119	0	1953125	12	0.0	2031	1.37	0	0	V0.2	0	0	21	13	30	12	45	2	42	12	39	17	37	31	33	33	40	30	34	39	44	38	44	68	31	65	61	107	32	98	65	75	49	105	215	167	167	220	363	121	98	115	128	426	220	391	622	636	320	590	286	318	643	390	809	1000	545	486	275	318	305	221	170	296	258	199	198	144	129	64	152	139	105	96	103	119	57	96	68	73	42	67	65	47	56	55	58
64	170	1	2	119	0	1953125	12	0.0	2031	1.37	0	0	V0.2	0	0	21	17	28	21	45	9	38	20	41	19	31	36	33	37	33	35	31	37	42	38	49	60	40	61	72	101	42	91	64	81	44	108	208	164	169	223	360	105	84	110	139	445	227	391	615	638	295	586	247	324	666	377	824	1000	553	500	260	330	309	240	167	300	241	201	174	146	128	60	149	125	113	83	106	106	58	88	61	71	37	69	59	51	52	55	52
64	170	1	2	119	0	1953125	12	0.0	2071	1.38	0	0	V0.2	0	0	14	29	2	29	10	42	2	32	14	27	16	24	28	21	29	26	24	28	36	34	24	50	51	38	41	66	45	54	65	59	67	64	190	208	120	217	273	172	58	106	164	409	287	344	627	565	327	455	297	371	567	438	734	1000	470	444	183	317	341	169	214	244	284	156	224	133	100	80	112	144	61	93	70	90	42	75	60	42	44	45	50	24	49	36	34
64	170	1	2	119	0	1953125	12	0.0	2031	1.37	0	0	V0.2	0	0	24	25	19	50	1	43	13	48	8	41	30	42	24	47	33	38	30	55	46	26	65	45	66	24	119	60	75	60	110	92	15	133	187	205	128	279	325	113	31	151	198	429	242	374	629	636	281	533	231	349	719	410	852	1000	498	499	206	358	348	276	151	313	231	182	144	163	141	57	148	133	127	70	113	118	59	77	69	84	32	63	68	52	45	54	61
64	170	1	2	119	0	1953125	12	0.0	2026	1.37	0	0	V0.2	0	0	26	8	33	1	44	9	41	12	40	10	40	24	39	23	43	21	37	35	40	40	36	73	20	70	46	108	19	98	64	66	61	90	220	181	156	207	342	140	85	98	120	437	250	378	619	600	299	531	269	347	642	452	797	1000	502	442	206	332	343	221	189	269	261	166	197	119	125	75	143	154	88	103	87	120	50	87	68	66	48	59	70	41	57	50	56
64	170	1	2	119	0	1953125	12	0.0	2028	1.37	0	0	V0.2	0	0	27	21	33	25	54	12	45	25	47	25	37	41	36	42	40	39	36	42	48	42	52	67	40	68	74	111	41	98	64	82	49	114	220	169	171	218	373	108	89	109	137	463	224	396	612	633	279	585	259	328	696	432	872	1000	523	491	203	379	319	236	173	311	238	197	179	138	139	64	163	141	113	91	104	119	56	93	64	74	41	67	62	48	57	53	54
64	170	1	2	119	0	1953125	12	0.0	2031	1.37	0	0	V0.2	0	0	24	7	33	5	48	5	41	9	41	9	37	25	38	28	43	24	35	35	42	37	38	73	19	67	51	112	18	98	60	70	58	96	225	178	159	209	362	124	96	104	127	457	232	388	615	609	295	579	281	343	655	448	855	1000	495	479	192	362	316	195	203	301	250	186	210	132	129	65	162	157	95	101	98	124	49	94	70	73	46	65	72	44	59	53	58
64	170	1	2	119	0	1953125	12	0.0	2051	1.37	0	0	V0.2	0	0	27	24	18	20	32	34	23	27	29	19	32	21	37	9	44	21	32	30	38	39	23	66	39	59	45	90	38	82	74	56	64	70	203	203	127	227	301	162	84	118	155	413	260	355	625	550	317	509	300	378	569	425	782	1000	424	487	199	338	343	146	223	262	279	145	227	135	104	81	123	160	70	100	79	103	51	77	70	43	47	49	63	30	52	43	42
64	170	1	2	119	0	1953125	12	0.0	2031	1.37	0	0	V0.2	0	0	28	15	28	27	27	28	31	36	22	20	39	27	33	19	46	21	32	42	40	30	35	63	52	51	78	71	56	79	103	60	36	87	182	216	85	271	275	163	73	168	184	380	265	317	631	558	324	487	305	381	616	412	749	1000	419	522	193	292	344	211	214	264	254	155	179	172	82	87	109	146	116	60	121	78	82	46	91	60	39	58	57	54	34	65	50
64	170	1	2	119	0	1953125	12	0.0	2031	1.37	0	0	V0.2	0	0	30	20	23	20	32	31	27	30	29	19	33	23	35	14	44	22	32	32	36	39	30	63	44	59	61	80	50	81	86	46	48	71	184	205	106	243	281	168	80	139	151	378	270	316	615	540	318	488	304	383	581	413	717	1000	411	477	208	291	360	187	199	233	279	122	191	134	86	92	93	156	87	89	89	91	74	58	82	42	52	46	64	42	47	53	44
64	170	1	2	119	0	1953125	12	0.0	2053	1.37	0	0	V0.2	0	0	27	23	20	24	29	35	23	33	28	23	35	26	39	15	43	26	33	33	41	40	28	64	49	54	52	81	47	71	75	51	60	66	189	207	115	231	289	170	78	122	143	395	284	316	609	557	332	500	313	364	585	442	704	1000	462	462	204	274	332	182	205	231	277	136	204	120	85	82	95	146	68	90	72	88	55	64	68	36	45	40	57	28	47	42	37
64	170	1	2	119	0	1953125	12	0.0	2031	1.37	0	0	V0.2	0	0	26	7	28	11	45	2	42	11	37	13	39	24	33	30	43	20	31	36	40	36	38	71	18	64	48	106	14	96	64	61	56	77	210	176	144	210	335	143	87	96	122	420	253	355	594	563	304	532	287	348	598	432	764	1000	451	451	216	336	351	192	192	261	288	131	197	123	111	84	114	165	81	95	80	110	62	72	81	53	50	45	71	39	49	50	51
64	170	1	2	119	0	1953125	12	0.0	2073	1.38	0	0	V0.2	0	0	14	22	9	24	21	36	9	24	21	24	20	15	34	14	32	20	30	25	32	37	19	54	40	46	26	76	33	53	45	57	76	52	188	193	137	191	297	157	56	67	148	433	282	340	594	570	293	497	284	352	588	398	756	1000	462	436	243	347	329	180	181	277	285	159	205	126	108	59	121	129	68	86	70	91	34	79	50	48	35	53	45	31	49	37	34
64	170	1	2	119	0	1953125	12	0.0	2031	1.37	0	0	V0.2	0	0	15	22	10	38	30	29	28	33	22	33	28	37	10	47	28	32	19	45	42	22	56	56	40	38	87	98	39	78	68	83	44	101	204	164	157	217	360	104	72	92	127	450	235	363	576	607	274	567	261	320	660	411	787	1000	497	430	246	348	331	233	153	286	285	147	180	121	130	75	122	159	90	94	78	123	59	73	74	61	45	47	76	42	46	50	60
64	170	1	2	119	0	1953125	12	0.0	2073	1.38	0	0	V0.2	0	0	10	28	4	25	10	38	5	28	12	29	14	26	28	25	27	29	23	26	35	34	27	45	56	31	44	61	48	46	60	63	67	55	178	213	113	215	275	178	64	87	172	413	294	316	606	562	315	465	312	369	575	433	733	1000	439	428	194	338	333	170	221	263	295	151	219	136	98	84	111	147	62	93	71	88	45	74	64	39	45	46	51	27	52	39	36
64	170	1	2	119	0	1953125	12	0.0	2056	1.37	0	0	V0.2	0	0	17	24	11	37	31	25	20	36	24	28	21	40	7	41	23	35	11	45	46	21	52	47	53	21	95	82	46	49	76	97	43	103	191	184	154	242	351	99	39	109	158	459	233	366	596	645	283	584	245	309	678	365	819	1000	529	480	297	340	307	247	148	328	259	181	168	148	127	42	140	133	101	73	92	113	37	76	61	68	26	59	64	35	42	48	51
64	170	1	2	119	0	1953125	12	0.0	2031	1.37	0	0	V0.2	0	0	27	3	31	8	37	12	39	19	28	8	42	15	31	19	47	9	31	37	37	29	28	72	33	58	49	93	29	94	78	45	42	63	197	199	102	232	299	164	100	135	137	387	265	309	605	542	321	512	318	370	584	416	701	1000	423	489	215	287	355	197	200	241	277	119	191	139	80	87	92	161	94	79	97	90	79	52	93	52	46	44	65	49	38	58	51
64	170	1	2	119	0	1953125	12	0.0	2051	1.37	0	0	V0.2	0	0	20	27	9	24	21	38	12	28	21	24	25	21	32	13	36	25	27	26	35	35	23	56	46	47	45	78	45	65	66	55	63	55	186	207	120	219	287	176	71	98	148	403	282	314	603	560	306	491	309	369	577	403	716	1000	425	439	225	331	354	187	190	252	288	127	201	125	98	78	103	151	70	91	71	94	50	68	67	38	44	43	57	27	48	41	37
64	170	1	2	119	0	1953125	12	0.0	2071	1.38	0	0	V0.2	0	0	22	21	15	21	27	32	20	24	24	19	27	16	33	7	38	20	26	26	37	34	14	60	42	45	29	86	35	61	54	61	73	54	198	199	131	204	299	177	55	74	154	417	283	335	593	561	307	464	312	346	561	412	725	1000	462	399	194	363	353	188	187	252	299	136	206	132	97	79	103	151	67	87	72	92	48	68	69	36	41	43	56	21	47	42	37
64	170	1	2	119	0	1953125	12	0.0	2031	1.37	0	0	V0.2	0	0	15	23	0	44	20	35	18	42	17	36	23	42	10	49	26	36	19	49	44	19	62	50	55	26	105	87	54	67	85	91	31	111	197	182	159	243	369	117	46	108	137	442	222	361	586	649	284	581	279	285	662	370	802	1000	539	417	272	363	326	266	134	310	271	160	163	138	140	60	140	149	107	93	89	130	56	82	71	74	42	56	77	46	50	51	64
64	170	1	2	119	0	1953125	12	0.0	2073	1.38	0	0	V0.2	0	0	0	26	16	23	10	36	17	29	8	32	4	28	19	31	14	31	20	30	33	29	34	32	61	23	58	47	55	38	62	64	58	60	168	219	113	227	268	190	60	94	166	397	293	309	606	567	327	473	327	354	545	400	727	1000	454	442	217	343	332	166	208	256	282	143	216	127	100	74	115	138	64	93	66	89	40	77	53	46	41	46	47	32	50	36	37
64	170	1	2	119	0	1953125	12	0.0	2031	1.37	0	0	V0.2	0	0	21	24	15	44	2	37	9	45	5	35	29	39	22	41	32	34	25	49	43	19	57	44	64	21	113	57	66	55	106	86	11	107	176	211	121	287	332	138	25	153	173	420	228	332	612	644	304	571	293	310	670	350	811	1000	507	489	286	336	322	274	155	330	236	176	146	173	127	56	144	132	132	62	119	112	62	72	74	84	26	66	64	51	39	59	61
64	170	1	2	119	0	1953125	12	0.0	2053	1.37	0	0	V0.2	0	0	27	15	28	10	42	25	34	18	38	14	35	19	43	12	44	20	37	30	39	41	24	68	27	64	35	100	23	81	52	53	60	61	206	185	148	204	334	158	73	85	106	416	251	345	591	580	299	559	309	321	575	363	752	1000	474	451	278	337	333	195	156	270	264	135	184	110	105	52	121	136	73	88	70	101	37	76	53	51	37	49	53	27	49	41	42
64	170	1	2	119	0	1953125	12	0.0	2051	1.37	0	0	V0.2	0	0	13	20	28	20	38	11	31	20	34	15	20	33	22	31	23	32	20	33	42	26	40	46	47	36	77	86	37	44	60	93	55	92	192	190	162	225	351	115	11	96	153	459	239	352	589	643	259	564	268	296	653	332	817	1000	520	462	286	364	311	253	146	325	236	182	159	161	118	50	142	118	110	60	106	95	49	72	59	62	22	63	48	41	39	51	40
64	170	1	2	119	0	1953125	12	0.0	2073	1.38	0	0	V0.2	0	0	9	19	30	16	33	13	30	19	30	15	15	33	23	29	16	35	20	31	41	29	37	33	56	29	73	62	41	13	58	98	51	90	171	211	153	238	317	134	33	95	185	436	270	341	601	645	290	509	273	305	633	373	805	1000	549	452	256	329	308	254	188	323	236	207	171	184	94	83	135	117	112	52	115	66	68	55	70	46	45	62	38	42	39	56	31
64	170	1	2	119	0	1953125	12	0.0	2031	1.37	0	0	V0.2	0	0	14	22	3	42	23	34	18	37	19	35	25	39	8	49	24	34	19	47	43	21	60	50	50	31	98	89	52	72	78	80	28	107	198	176	162	234	364	113	59	96	113	422	220	370	583	626	302	580	269	265	612	384	808	1000	549	421	280	312	319	247	144	296	263	152	169	129	128	57	133	149	97	93	83	124	53	80	71	70	44	52	74	42	48	50	60
64	170	1	2	119	0	1953125	12	0.0	2073	1.38	0	0	V0.2	0	0	18	24	11	25	19	36	13	26	21	26	25	20	34	14	35	21	29	27	38	39	21	58	44	50	32	79	37	59	50	54	70	57	195	201	145	204	297	174	50	63	132	396	274	352	598	558	312	482	302	309	523	401	760	1000	484	405	222	317	323	179	175	254	268	146	203	124	105	63	118	134	67	87	65	91	35	74	53	48	35	46	47	28	46	36	36
64	170	1	2	119	0	1953125	12	0.0	2028	1.37	0	0	V0.2	0	0	24	27	17	52	4	42	14	49	11	40	31	43	21	50	33	38	27	53	43	24	64	47	65	22	116	69	73	64	107	84	8	118	185	204	142	269	344	131	32	136	141	403	215	350	599	632	294	567	287	263	627	354	820	1000	538	426	270	302	303	265	124	305	230	170	145	158	130	51	141	133	121	76	102	120	54	75	65	82	35	58	67	48	45	50	63
64	170	1	2	119	0	1953125	12	0.0	2031	1.37	0	0	V0.2	0	0	22	8	30	2	43	5	39	9	36	10	34	21	36	24	40	21	32	32	38	36	35	67	22	63	45	104	20	92	56	59	49	75	206	178	158	199	337	146	75	81	92	400	239	355	584	574	285	542	288	297	569	376	785	1000	486	402	249	315	332	218	149	268	250	145	176	118	118	61	133	146	92	96	85	117	51	84	67	67	45	56	68	41	53	49	56
64	170	1	2	119	0	1953125	12	0.0	2031	1.37	0	0	V0.2	0	0	26	9	30	3	45	9	37	11	41	11	35	22	40	23	43	23	36	32	39	41	34	70	23	70	45	104	24	94	58	57	53	75	210	182	160	209	336	157	72	79	104	401	248	365	595	569	293	527	293	301	564	396	782	1000	489	392	230	321	331	216	162	264	260	145	181	117	120	74	132	148	91	102	80	112	53	85	67	61	47	55	65	38	55	47	53
64	170	1	2	119	0	1953125	12	0.0	2071	1.38	0	0	V0.2	0	0	17	25	10	25	19	37	11	28	21	26	21	18	35	14	32	20	29	26	36	37	21	57	43	49	33	80	36	59	51	55	70	59	199	206	147	202	296	176	47	63	139	402	277	353	603	557	309	473	298	323	524	389	757	1000	474	379	217	319	323	179	180	259	269	150	207	128	113	71	123	137	71	91	70	94	38	76	54	46	37	49	48	28	47	37	35
64	170	1	2	119	0	1953125	12	0.0	2028	1.37	0	0	V0.2	0	0	28	26	21	49	7	42	16	50	11	40	34	42	23	46	37	38	30	52	44	27	62	46	67	25	114	59	75	62	111	81	9	118	184	214	125	275	324	136	22	148	158	402	226	344	611	610	279	532	283	293	634	352	813	1000	499	426	231	308	298	266	130	299	221	173	136	164	127	56	140	130	128	65	109	110	59	71	67	83	32	60	64	52	42	53	61
64	170	1	2	119	0	1953125	12	0.0	2031	1.37	0	0	V0.2	0	0	16	23	27	23	38	15	33	21	35	22	24	35	25	36	26	38	26	36	42	31	48	52	48	48	77	92	51	69	68	83	42	98	194	188	171	216	345	124	31	104	123	422	232	348	592	631	254	539	272	296	646	341	803	1000	500	399	265	304	298	262	128	300	229	183	141	161	124	65	141	122	128	69	112	98	70	76	68	74	36	66	53	56	45	57	53
64	170	1	2	119	0	1953125	12	0.0	2028	1.37	0	0	V0.2	0	0	34	11	33	9	48	15	41	20	41	14	42	24	43	21	48	24	38	33	40	44	33	71	26	72	46	102	31	99	68	48	53	71	204	189	144	213	314	166	83	96	99	380	254	335	593	549	298	506	320	314	563	415	727	1000	452	361	221	277	322	208	152	228	267	126	175	106	111	85	108	150	83	102	72	104	61	74	71	51	51	43	64	36	53	46	48
64	170	1	2	119	0	1953125	12	0.0	2031	1.37	0	0	V0.2	0	0	26	13	28	17	33	23	34	25	28	15	37	18	37	15	45	16	33	33	38	37	28	69	40	61	50	92	43	87	77	45	53	62	194	210	128	224	290	183	70	104	115	368	278	318	608	546	322	469	315	330	548	432	705	1000	454	370	195	255	328	202	185	220	273	127	189	123	100	95	106	161	87	100	83	103	73	68	83	51	55	44	70	44	50	51	53
64	170	1	2	119	0	1953125	12	0.0	2028	1.37	0	0	V0.2	0	0	34	17	31	22	39	29	36	32	36	19	42	24	40	18	50	23	38	36	40	42	34	70	44	64	61	90	53	90	89	44	50	69	190	210	118	240	283	186	74	124	124	357	267	314	615	539	316	466	327	344	554	418	695	1000	424	385	197	256	332	202	177	212	271	120	176	124	92	100	92	154	90	92	86	91	77	58	83	48	57	43	63	44	47	52	46
64	170	1	2	119	0	1953125	12	0.0	2031	1.37	0	0	V0.2	0	0	26	14	26	20	32	27	32	29	28	16	37	19	34	12	46	19	34	34	37	35	27	67	43	57	53	90	47	87	83	46	49	64	194	214	118	230	292	190	74	118	118	366	271	309	614	551	314	474	340	344	554	411	689	1000	434	361	194	264	324	197	180	217	272	126	192	133	100	97	105	164	90	99	89	103	76	65	86	50	56	45	70	46	50	53	53
64	170	1	2	119	0	1953125	12	0.0	2053	1.37	0	0	V0.2	0	0	22	31	5	33	11	41	6	38	16	30	22	34	26	25	33	35	25	34	38	33	39	47	65	34	75	56	66	51	86	59	44	77	166	229	112	247	258	185	52	124	149	356	291	296	621	563	317	442	310	348	558	395	686	1000	452	393	209	225	331	227	175	220	257	140	171	149	78	95	86	138	95	74	92	70	75	47	79	39	49	43	53	41	40	49	35
64	170	1	2	119	0	1953125	12	0.0	2031	1.37	0	0	V0.2	0	0	27	7	31	16	34	16	40	26	28	9	40	19	32	15	48	15	33	37	41	32	25	73	43	57	52	93	42	88	82	49	50	62	196	218	114	227	283	189	75	114	128	366	285	298	608	547	316	447	329	346	563	436	678	1000	438	347	172	237	340	229	174	208	267	127	173	144	86	99	90	156	104	76	97	84	82	44	88	52	46	43	64	53	36	56	49
64	170	1	2	119	0	1953125	12	0.0	2028	1.37	0	0	V0.2	0	0	34	26	26	33	28	39	26	41	27	27	36	33	39	23	47	30	34	37	40	39	39	59	58	53	79	72	70	76	100	49	41	76	173	228	108	256	270	194	59	142	130	349	286	284	625	578	337	457	335	349	588	434	672	1000	460	383	205	200	326	245	185	212	260	141	162	143	81	103	88	145	108	79	101	76	87	48	86	51	54	49	56	52	41	58	44
64	170	1	2	119	0	1953125	12	0.0	2026	1.37	0	0	V0.2	0	0	20	10	30	8	42	1	41	10	40	13	34	25	35	29	39	25	32	35	44	38	39	68	28	63	52	109	26	89	56	73	62	79	214	187	173	191	350	146	55	77	97	437	260	360	597	624	274	527	275	314	657	427	792	1000	491	351	229	305	297	251	146	282	256	172	165	128	136	68	143	142	108	97	90	118	54	84	63	74	42	57	64	46	53	49	57
64	170	1	2	119	0	1953125	12	0.0	2028	1.37	0	0	V0.2	0	0	33	11	35	7	49	14	43	20	44	14	43	25	44	24	50	24	39	36	42	45	34	76	28	73	47	110	32	101	71	55	60	65	210	197	150	209	324	172	79	93	100	404	271	352	621	585	306	498	290	353	611	441	738	1000	437	384	237	295	324	211	178	249	279	130	181	111	119	86	114	155	86	104	74	111	61	76	74	58	56	47	69	42	55	48	52
64	170	1	2	119	0	1953125	12	0.0	2031	1.37	0	0	V0.2	0	0	25	17	22	19	31	25	28	26	27	18	35	20	34	14	44	19	32	33	36	35	28	65	43	55	55	86	48	78	76	48	50	56	183	208	118	221	280	185	65	104	130	375	286	298	592	510	268	459	308	316	512	380	697	1000	440	331	163	279	353	206	172	206	262	116	180	129	100	94	99	156	88	95	88	100	77	64	84	49	53	43	66	43	48	52	51
64	170	1	2	119	0	1953125	12	0.0	2051	1.37	0	0	V0.2	0	0	18	33	3	33	6	41	4	37	11	29	19	34	24	28	31	35	22	35	41	31	40	47	69	28	80	54	68	53	92	74	48	77	169	240	109	269	284	206	60	118	175	404	317	301	673	621	337	449	305	408	659	472	706	1000	463	454	223	246	344	239	232	256	277	160	182	162	81	106	101	150	106	81	106	75	83	52	90	44	52	49	56	44	41	54	39
64	170	1	2	119	0	1953125	12	0.0	2026	1.37	0	0	V0.2	0	0	24	9	32	8	44	3	44	12	36	11	39	24	34	32	45	21	33	40	47	38	37	76	25	64	49	116	21	94	59	66	63	64	218	199	172	213	349	165	69	77	101	427	293	366	636	609	300	526	275	365	655	474	733	1000	465	439	300	327	377	268	218	262	294	118	179	119	120	86	115	167	87	97	75	116	65	73	83	61	51	45	74	42	48	51	58
64	170	1	2	119	0	1953125	12	0.0	2053	1.37	0	0	V0.2	0	0	27	15	27	10	44	26	34	14	40	15	35	18	43	12	44	21	40	29	39	44	27	70	27	71	34	105	22	82	46	61	75	65	217	202	173	196	333	161	61	67	113	456	319	358	605	584	267	542	289	326	639	473	784	1000	478	394	273	322	360	274	171	264	266	146	171	115	130	73	124	136	87	97	70	104	42	79	55	58	42	55	59	36	54	43	44
64	170	1	2	119	0	1953125	12	0.0	2026	1.37	0	0	V0.2	0	0	20	14	30	19	46	11	46	16	37	21	42	30	29	38	46	27	34	46	48	37	47	80	28	66	60	120	21	99	65	72	63	81	231	197	164	204	353	160	75	83	120	460	296	358	605	561	247	540	304	353	651	487	801	1000	414	384	226	365	391	263	182	254	282	116	176	119	130	95	120	172	94	104	80	123	72	70	81	62	55	43	77	46	52	53	62
64	170	1	2	119	0	1953125	12	0.0	2026	1.37	0	0	V0.2	0	0	30	10	29	8	45	20	37	17	39	14	39	18	42	17	48	20	38	35	41	43	31	75	33	71	49	107	36	96	74	54	62	66	212	212	144	220	322	187	77	104	123	426	309	324	612	556	278	521	339	349	609	467	738	1000	417	365	222	333	378	241	193	238	280	124	185	127	124	102	116	165	92	110	82	112	69	77	83	59	60	50	73	42	54	52	54
64	170	1	2	119	0	1953125	12	0.0	2026	1.37	0	0	V0.2	0	0	27	20	23	27	29	33	27	35	25	22	36	27	35	15	45	25	34	37	42	37	32	67	56	52	67	84	61	81	91	52	51	69	192	237	119	252	291	204	63	133	147	399	326	298	638	559	325	489	339	387	612	480	704	1000	420	433	231	288	396	242	220	229	273	127	183	148	95	106	100	165	100	94	98	96	86	61	96	54	58	45	68	50	47	56	52
64	170	1	2	119	0	1953125	12	0.0	2051	1.37	0	0	V0.2	0	0	23	26	13	24	25	40	19	31	25	22	27	22	34	13	42	24	29	30	38	38	27	63	54	51	53	83	50	75	75	56	66	61	200	234	126	233	298	202	69	104	149	422	333	306	634	563	316	496	335	407	634	502	720	1000	415	429	245	304	388	240	215	230	278	119	191	133	104	98	101	158	80	95	77	95	64	67	78	40	48	41	62	32	50	45	41
64	170	1	2	119	0	1953125	12	0.0	2026	1.37	0	0	V0.2	0	0	24	4	33	6	45	4	44	13	36	11	42	22	34	29	47	17	31	39	44	37	36	79	26	63	46	113	17	97	64	61	63	66	224	203	153	212	341	172	74	93	119	442	301	341	622	570	300	539	305	376	640	493	762	1000	420	430	266	311	379	241	203	245	281	109	187	123	111	86	111	169	85	94	77	109	66	70	87	56	52	44	74	43	47	51	56
64	170	1	2	119	0	1953125	12	0.0	2028	1.37	0	0	V0.2	0	0	36	13	37	13	48	20	46	25	44	18	48	28	47	22	55	24	42	39	44	47	36	80	37	76	54	111	43	106	83	51	57	69	218	220	152	242	328	191	76	113	129	422	304	352	656	568	326	529	308	407	643	499	757	1000	412	440	255	323	389	250	205	230	279	115	183	118	111	98	107	163	90	104	81	107	71	69	78	51	59	46	71	45	56	53	53
64	170	1	2	119	0	1953125	12	0.0	2026	1.37	0	0	V0.2	0	0	29	16	31	19	40	27	35	29	33	18	42	23	42	19	52	24	40	40	43	42	35	75	50	65	63	98	58	95	94	49	50	67	206	235	131	258	308	201	70	131	144	403	309	333	679	579	338	495	303	444	652	478	717	1000	406	463	253	319	414	257	207	215	273	115	180	136	100	105	97	162	96	95	92	100	85	63	92	55	62	46	69	49	49	57	54
64	170	1	2	119	0	1953125	12	0.0	2026	1.37	0	0	V0.2	0	0	28	8	33	5	49	9	40	12	44	12	39	24	40	26	47	24	38	35	42	44	37	76	23	72	48	116	26	104	67	61	61	69	226	201	168	220	360	171	75	92	113	456	288	379	661	616	292	547	286	408	708	474	771	1000	451	435	272	371	382	279	171	247	267	134	177	117	133	84	129	154	96	108	81	118	58	84	70	65	54	53	69	38	57	49	54
64	170	1	2	119	0	1953125	12	0.0	2026	1.37	0	0	V0.2	0	0	20	13	32	11	47	0	41	10	42	15	35	30	35	33	40	31	34	39	46	40	43	72	33	64	60	116	33	92	61	79	65	79	226	202	187	213	372	150	45	82	116	475	286	387	653	658	279	555	246	385	735	447	809	999	490	424	287	375	370	314	156	283	250	162	160	137	144	66	148	139	115	93	96	120	60	89	64	74	41	62	64	49	54	53	59
64	170	1	2	119	0	1953125	12	0.0	2026	1.37	0	0	V0.2	0	0	33	12	34	11	48	20	43	22	41	15	46	24	45	20	54	24	43	40	44	47	36	80	36	78	54	113	43	106	83	55	62	72	225	222	157	244	336	196	70	103	138	432	307	366	673	590	325	508	294	426	669	512	760	1000	419	403	224	352	393	266	213	228	283	121	183	123	123	108	115	166	93	111	84	112	75	75	81	52	59	47	73	45	56	52	52
64	170	1	2	119	0	1953125	12	0.0	2073	1.38	0	0	V0.2	0	0	16	31	4	30	15	43	9	33	20	29	22	25	37	19	40	30	30	30	42	41	24	63	59	47	43	85	50	62	65	69	85	63	216	242	148	227	319	218	46	74	173	459	334	358	673	605	336	479	323	425	659	529	765	1000	447	386	208	363	361	248	247	251	291	154	225	141	128	98	128	156	77	104	73	100	49	79	60	49	50	54	58	33	54	40	40
64	170	1	2	119	0	1953125	12	0.0	2028	1.37	0	0	V0.2	0	0	18	28	23	40	36	35	43	31	29	40	41	40	19	57	40	34	33	56	47	29	65	79	34	59	86	121	36	112	79	79	47	96	241	193	175	236	388	152	84	99	119	459	269	382	654	621	326	586	299	376	679	498	788	1000	441	433	284	335	369	251	205	256	284	108	194	133	125	92	115	178	94	99	83	120	79	66	90	57	52	41	80	52	45	57	62
64	170	1	2	119	0	1953125	12	0.0	2026	1.37	0	0	V0.2	0	0	21	11	30	17	45	10	45	15	37	20	40	30	29	38	43	25	30	46	46	33	47	79	28	62	65	121	22	102	67	76	61	85	238	199	170	224	380	158	77	94	131	473	272	392	662	613	296	580	297	397	691	474	824	1000	416	452	283	372	362	246	200	275	277	131	199	133	132	79	138	168	88	102	86	124	60	85	83	64	52	51	75	36	53	53	58
64	170	1	2	119	0	1953125	12	0.0	2026	1.37	0	0	V0.2	0	0	32	9	32	6	46	15	41	19	39	11	43	23	42	21	52	22	37	35	41	43	34	79	31	74	49	112	34	109	77	52	54	66	220	213	157	242	343	180	87	119	126	427	285	376	683	594	337	558	303	410	640	470	778	1000	416	463	283	333	367	231	209	246	280	124	197	126	120	91	122	162	86	107	81	112	64	83	84	61	62	50	70	40	58	51	53
64	170	1	2	119	0	1953125	12	0.0	2026	1.37	0	0	V0.2	0	0	22	17	32	18	47	6	41	15	43	19	35	36	34	37	37	36	34	43	48	40	49	71	41	63	73	117	44	95	69	86	57	94	228	202	194	239	393	136	65	104	134	482	261	422	695	684	310	607	255	394	745	435	866	1000	479	478	321	380	337	297	174	308	251	188	171	156	141	70	159	131	122	89	108	114	64	93	67	79	46	73	63	55	55	55	57
64	170	1	2	119	0	1953125	12	0.0	2028	1.37	0	0	V0.2	0	0	35	10	38	8	51	13	48	20	45	14	48	28	48	28	54	26	42	40	45	47	38	82	29	78	51	119	36	115	78	55	54	67	225	211	169	249	365	179	93	114	118	431	285	384	693	625	354	578	301	413	672	487	777	1000	434	442	278	332	351	245	207	245	274	131	195	120	123	92	125	159	86	110	79	112	61	85	81	61	60	50	71	41	60	52	52
64	170	1	2	119	0	1953125	12	0.0	2026	1.37	0	0	V0.2	0	0	30	10	32	10	42	20	39	23	35	12	43	19	40	19	52	16	37	38	41	41	32	79	39	69	52	108	42	107	83	46	51	65	221	224	142	254	333	188	91	126	139	421	296	374	696	586	353	533	301	431	647	502	759	999	418	453	230	319	358	233	233	224	277	129	199	123	104	102	116	167	88	111	87	106	75	77	88	52	62	46	70	41	52	52	55
64	170	1	2	119	0	1953125	12	0.0	2048	1.37	0	0	V0.2	0	0	29	11	31	6	47	15	36	7	43	7	33	27	40	21	43	29	37	31	46	45	34	71	32	70	50	115	22	84	48	81	79	78	232	203	187	217	385	149	49	76	138	498	283	417	676	662	295	573	258	382	721	468	859	1000	490	441	262	385	322	289	194	299	254	193	184	144	139	71	159	130	113	93	98	107	56	90	55	68	40	68	53	48	53	50	43
64	170	1	2	119	0	1953125	12	0.0	2026	1.37	0	0	V0.2	0	0	17	21	22	32	42	24	40	26	33	30	35	36	22	48	36	36	29	49	47	31	59	73	37	56	82	120	42	101	69	78	55	92	238	196	182	234	395	130	76	100	120	487	272	422	681	659	313	598	245	392	737	503	853	1000	467	452	265	370	342	282	196	284	271	156	186	121	134	73	145	162	97	105	86	127	56	88	75	69	53	57	79	41	57	53	63
64	170	1	2	119	0	1953125	12	0.0	2053	1.37	0	0	V0.2	0	0	28	12	29	8	47	24	38	12	41	7	35	19	43	13	46	21	36	28	44	44	25	74	25	69	36	117	12	87	45	69	83	68	240	209	180	218	374	155	68	66	147	508	300	440	704	641	300	570	238	436	736	512	876	1000	448	461	243	404	361	275	209	289	269	172	196	128	136	73	151	144	97	103	84	113	46	90	54	62	40	61	57	40	57	45	44
64	170	1	2	119	0	1953125	12	0.0	2026	1.37	0	0	V0.2	0	0	24	7	35	7	46	4	50	14	36	17	45	22	33	33	51	19	37	43	43	37	40	86	24	70	51	119	21	109	71	55	60	70	239	215	155	232	344	173	90	99	146	453	305	399	695	574	307	510	266	457	673	513	773	1000	379	435	214	373	408	243	212	229	295	115	191	129	108	104	107	178	96	97	89	109	84	64	97	60	60	43	75	50	46	55	54
64	170	1	2	119	0	1953125	12	0.0	2048	1.37	0	0	V0.2	0	0	28	11	31	8	49	20	38	9	42	7	37	20	44	17	45	23	37	30	44	45	28	77	28	73	41	120	16	89	46	73	85	73	246	214	186	212	379	163	51	63	141	515	313	433	694	650	286	552	257	417	742	513	850	999	466	410	231	411	347	286	195	284	280	182	192	129	142	76	151	143	102	102	86	113	50	90	54	66	43	64	59	46	60	49	48
64	170	1	2	119	0	1953125	12	0.0	2026	1.37	0	0	V0.2	0	0	18	15	26	27	44	19	44	22	34	24	37	34	26	46	40	33	30	48	49	34	53	78	32	63	75	124	33	102	63	78	66	91	252	206	186	224	391	142	67	78	135	507	296	445	690	639	287	549	236	413	746	538	862	999	454	418	212	423	359	283	207	272	293	159	195	119	141	90	148	173	99	114	86	133	64	92	84	71	56	50	79	43	57	52	62
64	170	1	2	119	0	1953125	12	0.0	2028	1.37	0	0	V0.2	0	0	37	9	36	11	50	20	49	24	43	11	49	25	47	23	59	25	43	41	47	47	34	87	36	79	51	121	38	113	78	51	67	73	243	224	158	247	355	191	92	99	163	469	309	423	703	570	322	516	299	434	682	577	838	1000	393	423	154	410	346	227	242	243	304	143	207	119	122	114	128	176	91	119	88	116	75	79	84	57	69	53	76	47	63	55	53
64	170	1	2	119	0	1953125	12	0.0	2026	1.37	0	0	V0.2	0	0	28	5	35	5	53	8	49	13	45	13	44	25	42	30	53	25	40	43	50	45	41	89	29	77	52	131	23	112	64	71	77	81	258	219	180	228	393	177	78	72	154	514	305	435	691	617	293	561	286	427	744	575	892	1000	408	393	161	442	331	265	240	292	302	173	208	123	148	99	160	177	104	123	93	134	65	101	84	79	67	61	80	48	66	55	63
64	170	1	2	119	0	1953125	12	0.0	2028	1.37	0	0	V0.2	0	0	37	13	35	13	49	24	47	27	43	12	49	25	47	20	61	25	41	40	48	49	33	86	43	78	54	119	42	109	81	58	71	72	245	237	148	246	348	200	89	100	177	475	313	408	712	573	303	508	310	476	697	563	829	1000	342	400	143	434	379	235	247	250	313	138	209	133	127	124	132	187	98	121	94	118	83	85	97	61	71	53	77	47	62	59	55
64	170	1	2	119	0	1953125	12	0.0	2026	1.37	0	0	V0.2	0	0	31	9	34	11	47	23	45	24	40	10	45	20	42	19	58	20	42	43	49	45	31	88	43	74	51	120	39	108	79	59	74	72	251	243	150	238	347	201	83	92	174	487	327	410	713	569	284	499	291	484	704	560	821	1000	349	403	153	431	385	236	246	249	308	134	209	131	125	117	135	189	97	119	93	122	80	82	96	65	72	51	79	50	62	59	61
64	170	1	2	119	0	1953125	12	0.0	2028	1.37	0	0	V0.2	0	0	33	10	37	14	60	6	52	17	49	17	47	37	47	36	57	36	42	43	52	51	46	87	33	82	58	133	28	111	62	76	80	90	260	215	186	226	391	165	76	68	169	532	295	458	702	611	249	551	280	454	759	531	917	1000	368	403	180	489	363	263	196	292	300	168	191	127	157	99	162	170	110	122	92	133	66	104	80	74	59	60	74	47	69	56	59
64	170	1	2	119	0	1953125	12	0.0	2026	1.37	0	0	V0.2	0	0	30	11	33	12	45	23	44	24	36	11	46	21	42	18	56	20	41	43	48	46	33	87	43	74	55	120	39	110	81	60	72	78	253	243	154	251	352	196	94	94	190	491	318	428	732	581	294	514	299	498	723	566	835	1000	348	398	163	434	379	238	250	255	313	146	214	135	130	121	134	185	95	120	93	122	82	86	93	63	73	55	79	47	63	57	58
64	170	1	2	119	0	1953125	12	0.0	2026	1.37	0	0	V0.2	0	0	24	17	28	28	55	11	44	26	44	23	36	43	35	44	41	43	32	44	53	42	55	75	47	67	86	128	49	98	69	95	71	107	258	221	195	250	422	130	50	94	179	562	281	475	742	690	247	591	231	458	836	510	943	1000	434	431	195	478	338	315	197	331	266	215	179	155	164	86	184	150	137	107	116	126	71	106	69	84	49	80	70	61	66	61	60
64	170	1	2	119	0	1953125	12	0.0	2068	1.37	0	0	V0.2	0	0	18	34	7	32	21	48	11	31	24	31	23	23	38	17	41	29	30	26	44	45	22	67	57	51	34	93	43	65	55	78	102	68	241	245	150	215	325	198	75	47	218	520	336	446	733	590	271	460	281	504	699	541	864	1000	359	375	143	487	383	222	249	274	314	171	241	145	140	104	147	164	80	112	78	108	49	93	68	58	52	53	57	35	58	41	41
64	170	1	2	119	0	1953125	12	0.0	2026	1.37	0	0	V0.2	0	0	33	27	29	53	12	46	24	53	14	39	40	42	33	49	48	40	40	61	50	33	68	60	80	39	133	68	88	76	128	100	23	133	226	274	120	336	352	156	48	162	257	511	307	427	778	660	297	528	235	501	837	524	916	1000	379	482	186	438	364	317	196	336	247	201	149	194	150	87	169	145	153	66	136	120	76	79	84	93	32	75	72	65	47	65	67
64	170	1	2	119	0	1953125	12	0.0	2026	1.37	0	0	V0.2	0	0	29	5	33	3	50	15	46	17	43	7	44	21	43	24	54	22	40	42	46	44	37	88	31	74	50	127	27	115	70	62	71	78	259	230	164	239	370	173	108	91	182	513	295	453	742	586	259	557	289	516	745	517	889	1000	300	452	209	474	381	221	206	270	306	137	206	126	134	98	143	179	91	114	86	125	66	90	88	70	68	56	78	45	62	52	57
64	170	1	2	119	0	1953125	12	0.0	2048	1.37	0	0	V0.2	0	0	28	22	23	19	39	35	30	25	32	17	35	19	42	9	51	21	35	33	43	43	25	80	47	65	44	110	35	93	66	66	83	70	246	241	155	241	351	180	103	83	206	514	312	437	750	589	281	544	294	520	736	532	867	999	316	436	215	438	359	214	227	264	305	154	223	130	124	98	138	168	80	111	82	110	56	87	72	47	50	53	67	34	61	50	46
64	170	1	2	119	0	1953125	12	0.0	2051	1.37	0	0	V0.2	0	0	20	11	30	20	49	9	35	17	40	9	25	32	32	34	33	31	19	40	52	36	45	69	46	51	83	115	32	63	56	111	91	106	261	232	186	245	405	118	43	83	230	598	293	484	753	675	236	593	227	508	864	522	997	1000	362	460	227	502	341	286	202	356	283	208	199	160	154	69	181	153	113	91	111	125	49	96	66	69	29	71	63	40	50	55	52
64	170	1	2	119	0	1953125	12	0.0	2051	1.37	0	0	V0.2	0	0	31	17	24	15	40	27	35	23	28	6	39	17	33	11	52	16	25	33	43	33	20	81	43	57	39	113	25	93	63	70	83	67	256	240	146	239	345	179	111	79	224	518	313	442	755	567	271	521	289	555	739	542	871	1000	260	459	195	461	403	215	238	266	315	127	228	153	114	104	125	185	85	98	91	105	68	71	92	46	55	51	75	36	51	56	46
64	170	1	2	119	0	1953125	12	0.0	2048	1.37	0	0	V0.2	0	0	28	6	31	5	53	15	42	8	41	2	38	19	39	26	50	20	31	36	48	41	31	83	28	63	44	122	3	90	45	79	95	73	266	229	173	223	380	154	98	56	204	564	316	453	751	618	254	583	259	546	828	565	902	1000	309	438	238	451	378	255	223	286	310	141	216	129	131	86	141	177	80	105	83	119	52	87	83	55	49	52	74	29	54	51	50
64	170	1	2	119	0	1953125	12	0.0	2051	1.37	0	0	V0.2	0	0	28	7	33	9	42	21	52	8	23	22	45	15	16	42	53	5	21	45	45	19	47	92	24	49	57	117	27	99	54	85	88	82	277	222	152	227	351	157	116	49	236	543	329	442	740	557	264	502	250	569	790	624	831	1000	279	426	187	416	423	271	242	254	323	117	200	170	112	112	95	185	126	65	100	95	96	33	102	62	39	38	71	65	24	56	51
64	170	1	2	119	0	1953125	12	0.0	2048	1.37	0	0	V0.2	0	0	28	6	31	3	52	16	42	9	41	2	39	21	40	24	52	20	30	35	49	43	29	84	31	64	42	123	8	86	47	84	99	74	271	234	170	213	373	168	94	47	211	570	318	452	749	606	211	546	264	557	826	548	898	1000	273	416	209	494	399	257	214	277	315	125	210	135	138	90	137	179	85	104	81	121	59	84	82	51	46	55	77	31	52	52	50
64	170	1	2	119	0	1953125	12	0.0	2048	1.37	0	0	V0.2	0	0	13	27	27	32	40	21	29	32	34	22	18	43	20	42	24	45	17	44	52	30	53	53	67	35	101	93	50	41	78	121	80	114	240	256	167	278	382	109	53	119	262	601	313	444	782	692	219	570	199	563	944	509	960	1000	341	484	245	472	370	342	177	344	258	195	155	181	150	66	168	131	132	66	124	111	60	81	73	78	24	69	53	48	44	60	48
64	170	1	2	119	0	1953125	12	0.0	2051	1.37	0	0	V0.2	0	0	21	7	30	15	47	9	37	12	39	4	26	28	33	28	33	28	20	35	47	36	39	70	42	54	70	113	19	61	48	104	99	94	262	235	184	228	389	127	58	75	226	605	317	459	751	659	185	581	220	560	913	514	943	1000	312	447	268	486	381	310	173	327	296	167	177	144	153	60	156	148	101	86	91	121	39	86	64	64	26	63	65	35	46	49	50
64	170	1	2	119	0	1953125	12	0.0	2048	1.37	0	0	V0.2	0	0	30	21	23	20	35	32	31	28	27	11	37	20	30	7	50	21	27	34	43	33	20	77	55	52	47	97	38	88	71	72	81	70	244	261	127	245	308	176	133	85	244	520	354	406	770	554	248	491	253	609	797	562	806	1000	249	443	214	398	426	266	222	234	303	119	189	151	95	104	97	168	101	79	98	88	80	53	96	45	47	41	61	40	40	55	42
64	170	1	2	119	0	1953125	12	0.0	2051	1.37	0	0	V0.2	0	0	15	19	31	25	42	14	30	26	36	13	18	39	27	34	21	36	14	38	50	31	46	52	65	40	91	89	43	32	66	122	91	112	244	257	166	262	368	105	71	110	273	618	332	453	778	668	188	539	180	604	973	524	961	1000	311	495	236	487	393	358	174	347	267	192	145	173	156	63	164	132	133	68	119	113	57	77	66	74	23	71	57	47	38	57	49
64	170	1	2	119	0	1953125	12	0.0	2051	1.37	0	0	V0.2	0	0	21	11	35	12	50	6	39	9	41	3	29	26	36	27	37	29	27	32	48	39	34	71	37	56	65	112	13	57	40	109	108	91	262	233	183	217	379	127	57	64	243	619	330	468	750	642	161	553	216	572	925	540	959	1000	300	430	232	510	391	318	182	334	303	168	180	148	164	73	163	157	109	94	95	126	42	90	72	75	38	64	69	40	51	52	53
64	170	1	2	119	0	1953125	12	0.0	2048	1.37	0	0	V0.2	0	0	17	38	12	43	20	43	14	46	22	32	12	49	17	44	25	49	18	45	50	30	54	41	84	8	103	55	69	30	90	117	63	119	214	281	123	290	308	138	99	118	296	542	342	408	788	614	224	479	216	628	893	513	885	1000	281	495	196	442	425	338	198	308	264	184	143	189	121	95	134	134	140	54	129	78	85	55	88	66	41	66	49	53	36	64	41
64	170	1	2	119	0	1953125	12	0.0	2026	1.37	0	0	V0.2	0	0	21	35	5	45	12	41	9	45	14	34	19	45	10	42	26	47	19	48	46	24	57	42	77	9	112	63	76	44	99	103	49	118	215	270	138	299	324	118	76	136	269	551	335	416	789	637	231	514	182	613	926	494	895	1000	298	507	244	431	425	369	158	313	260	180	114	179	142	82	144	131	152	62	129	101	82	70	84	85	35	73	63	64	42	65	58
64	170	1	2	119	0	1953125	12	0.0	2051	1.37	0	0	V0.2	0	0	25	12	39	5	55	14	43	5	48	9	35	27	49	22	42	29	40	30	45	48	32	72	31	69	47	111	16	71	30	89	101	89	262	229	194	218	372	121	63	62	222	605	327	484	772	649	179	574	200	602	941	503	943	1000	296	467	299	487	403	338	149	315	289	176	150	142	155	64	149	125	117	86	93	110	53	87	53	70	37	70	55	49	52	53	48
64	170	1	2	119	0	1953125	12	0.0	2028	1.37	0	0	V0.2	0	0	21	23	25	36	48	24	38	30	39	29	33	41	24	49	39	41	29	48	49	34	58	75	44	60	86	120	40	90	60	95	82	106	270	223	188	240	388	114	70	69	215	591	311	489	763	623	177	576	211	582	916	520	936	1000	281	465	288	496	410	323	152	295	311	144	157	121	159	89	143	163	110	108	81	133	60	87	75	74	55	57	80	42	56	54	64
64	170	1	2	119	0	1953125	12	0.0	2051	1.37	0	0	V0.2	0	0	17	9	37	13	42	4	38	8	38	7	25	26	33	28	28	32	27	33	46	38	43	63	51	56	73	101	39	52	48	109	93	112	248	245	189	236	366	111	38	85	246	595	340	469	759	659	183	525	192	562	927	521	948	999	358	455	222	471	378	345	171	340	277	219	147	175	150	79	159	121	138	69	121	96	74	77	69	72	32	71	48	55	39	56	43
64	170	1	2	119	0	1953125	12	0.0	2023	1.37	0	0	V0.2	0	0	23	34	7	51	15	43	6	55	17	36	22	51	14	46	30	51	19	48	49	29	62	41	82	15	117	67	86	48	97	105	47	133	223	268	143	305	337	119	61	127	273	548	332	447	788	633	239	512	191	585	925	538	932	1000	304	497	200	454	399	367	166	327	274	206	117	176	148	91	155	131	159	72	127	103	86	79	80	86	39	74	56	60	48	68	58
64	170	1	2	119	0	1953125	12	0.0	2051	1.37	0	0	V0.2	0	0	9	24	30	22	31	23	33	26	27	23	12	38	16	36	11	39	15	36	43	26	51	36	76	21	97	59	67	21	75	115	67	126	214	279	142	279	307	132	95	104	292	545	361	421	786	614	232	462	202	622	888	555	901	999	286	463	166	426	417	334	220	306	286	203	150	187	109	112	127	140	136	60	124	72	95	48	87	52	53	57	48	53	38	56	37
64	170	1	2	119	0	1953125	12	0.0	2026	1.37	0	0	V0.2	0	0	23	30	20	47	48	29	37	40	39	35	29	51	22	53	35	49	28	51	52	35	67	70	57	55	105	118	60	90	74	104	75	127	273	233	195	266	406	102	51	76	235	601	303	511	779	652	199	599	210	574	951	543	991	1000	290	450	259	507	385	345	165	331	310	176	157	135	172	83	159	158	123	113	96	141	62	96	73	81	53	65	81	46	58	56	68
64	170	1	2	119	0	1953125	12	0.0	2051	1.37	0	0	V0.2	0	0	22	8	38	13	47	11	38	2	40	3	29	23	40	23	36	25	31	30	46	42	39	73	41	65	66	115	25	66	43	111	103	112	274	246	199	239	398	127	39	59	256	623	325	502	791	681	193	574	223	589	956	548	1000	998	337	435	235	499	360	334	199	362	289	226	175	172	160	78	173	130	131	78	116	109	67	89	66	77	34	70	45	49	45	57	44
64	170	1	2	119	0	1953125	12	0.0	2026	1.37	0	0	V0.2	0	0	21	33	8	49	23	43	15	49	20	39	21	51	11	55	29	51	20	56	52	28	67	51	79	20	124	82	83	59	105	112	49	134	238	266	161	310	369	111	40	120	274	560	304	467	809	669	240	565	204	583	925	501	962	1000	321	468	255	466	383	352	177	351	276	210	140	189	159	85	167	140	152	78	135	121	78	88	84	93	38	79	69	64	51	66	66
64	170	1	2	119	0	1953125	12	0.0	2038	1.37	0	0	V0.2	0	0	25	13	47	38	23	56	15	48	43	22	45	19	60	39	41	53	27	48	55	66	40	73	67	60	120	58	96	85	10	52	141	169	191	286	271	283	323	133	72	102	292	369	545	612	638	713	544	371	24	444	734	952	1000	773	616	311	123	281	296	326	366	305	226	283	220	137	163	177	117	124	154	100	119	131	68	85	89	57	75	73	42	57	63	51	62
64	170	1	2	119	0	1953125	12	0.0	2026	1.37	0	0	V0.2	0	0	21	49	51	24	55	26	61	18	52	41	57	18	48	49	66	37	38	70	74	35	43	60	129	68	76	96	133	100	38	73	142	173	213	174	354	331	218	172	86	121	378	360	444	607	760	582	508	455	11	444	888	752	1000	914	520	268	248	376	393	432	308	138	414	309	186	82	128	243	200	105	125	130	194	103	78	121	113	102	26	87	110	72	50	53	96
