34928	35048	35167	35286	35405	35524	35644	35763	35882	36001	36120	36240	36359	36478	36597	36716	36836	36955	37074	37193	37313	37432	37551	37670	37789	37909	38028	38147	38266	38385	38505	38624	38743	38862	38981	39101	39220	39339	39458	39577	39697	39816	39935	40054	40174	40293	40412	40531	40650	40770	40889	41008	41127	41246	41366	41485	41604	41723	41842	41962	42081	42200	42319	42439	42558	42677	42796	42915	43035	43154	43273	43392	43511	43631	43750	43869	43988	44107	44227	44346	44465	44584	44703	44823	44942
64	170	1	2	119	0	1953125	12	0.0	2626	1.47	0	0	V0.2	0	0	35	27	41	44	37	50	34	42	34	43	43	23	48	30	44	20	43	34	25	50	43	50	33	74	76	68	85	73	96	64	145	97	114	81	65	172	56	221	196	304	307	483	383	172	67	60	250	266	201	650	1000	799	483	837	651	114	496	211	622	723	488	216	322	277	211	184	196	244	116	144	140	137	106	71	131	66	83	56	95	52	61	69	53	41	47
64	170	1	2	119	0	1953125	12	0.0	2629	1.47	0	0	V0.2	0	0	27	23	39	47	30	48	30	45	29	40	40	26	47	33	41	22	43	36	22	41	41	40	31	66	72	61	72	66	86	57	137	88	103	68	67	175	60	220	199	315	300	478	369	162	55	63	264	274	215	642	1000	793	486	827	655	126	492	206	616	720	487	221	327	271	220	180	204	239	110	148	137	142	93	80	122	68	89	65	99	49	68	67	57	44	56
64	170	1	2	119	0	1953125	12	0.0	2626	1.47	0	0	V0.2	0	0	34	13	52	22	50	24	51	25	46	25	50	11	50	20	49	13	46	27	25	51	29	59	5	88	37	91	44	98	68	83	131	88	114	43	103	151	91	193	189	314	273	476	344	178	68	82	263	220	237	562	1000	729	522	769	657	117	474	203	553	722	443	243	295	235	237	138	221	213	110	133	117	156	67	95	98	80	69	60	90	37	66	55	62	30	53
64	170	1	2	119	0	1953125	12	0.0	2629	1.47	0	0	V0.2	0	0	30	9	48	25	43	23	52	29	39	22	48	13	48	19	48	12	44	29	23	41	24	54	5	78	30	84	32	90	59	81	119	83	100	33	109	146	105	180	195	312	277	460	325	150	52	103	272	204	255	556	1000	695	501	727	649	150	446	210	540	723	425	252	284	242	241	135	226	197	120	130	127	154	55	101	90	92	68	71	85	38	65	52	61	31	59
64	170	1	2	119	0	1953125	12	0.0	2626	1.47	0	0	V0.2	0	0	34	29	38	48	33	53	28	44	32	44	40	26	48	36	40	24	44	36	25	49	47	46	40	69	82	61	92	69	101	64	145	103	109	87	56	165	62	227	216	301	323	484	406	178	99	55	227	279	205	659	1000	834	510	896	679	77	493	221	632	728	490	225	330	292	205	192	194	246	119	138	149	132	111	67	137	77	88	58	89	55	61	73	49	41	47
64	170	1	2	119	0	1953125	12	0.0	2629	1.47	0	0	V0.2	0	0	26	24	37	46	29	48	31	44	29	42	41	27	46	35	41	23	42	38	23	42	42	41	34	63	74	58	76	64	90	56	135	91	100	71	64	179	71	222	199	309	309	470	368	162	49	60	257	267	222	664	999	810	508	820	615	116	488	221	633	718	479	219	324	276	218	183	197	239	111	143	135	137	96	77	127	68	81	52	92	48	67	67	56	47	56
64	170	1	2	119	0	1953125	12	0.0	2601	1.47	0	0	V0.2	0	0	33	17	43	28	47	39	37	27	43	33	41	13	53	23	45	19	46	29	26	54	37	57	29	81	70	80	94	81	101	74	155	112	134	93	61	152	52	217	193	285	319	490	401	182	98	80	221	247	184	657	999	811	474	850	673	129	470	213	629	717	476	203	313	298	212	200	193	256	136	142	160	142	130	71	147	91	96	67	99	75	63	83	64	57	51
64	170	1	2	119	0	1953125	12	0.0	2604	1.47	0	0	V0.2	0	0	30	12	50	10	49	8	54	12	41	16	47	15	43	24	45	19	38	24	25	40	30	58	19	80	21	99	40	110	56	101	115	111	121	55	111	101	115	144	192	292	279	454	356	177	94	136	215	159	252	506	1000	682	514	749	712	123	429	230	510	732	378	266	247	253	238	133	231	177	143	113	146	156	65	110	83	105	61	95	86	59	71	67	71	37	64
64	170	1	2	119	0	1953125	12	0.0	2606	1.47	0	0	V0.2	0	0	30	32	29	49	23	56	18	44	24	45	34	31	43	38	37	28	41	39	29	48	51	47	52	57	93	55	113	65	113	74	143	133	124	111	37	140	64	208	209	262	342	472	434	181	121	71	200	241	190	659	1000	836	481	886	694	109	473	222	644	729	474	211	321	305	208	204	195	254	133	143	163	141	131	76	150	88	107	77	100	66	67	87	62	54	53
64	170	1	2	119	0	1953125	12	0.0	2604	1.47	0	0	V0.2	0	0	33	10	50	16	50	16	53	21	43	19	48	12	45	19	49	15	42	24	25	41	25	60	11	82	22	98	38	107	62	95	119	103	123	47	107	114	111	162	180	293	273	461	347	181	78	124	231	164	235	522	1000	682	516	751	697	130	436	216	530	731	386	261	263	250	245	133	236	187	139	123	141	160	65	115	93	114	71	83	87	55	71	59	68	38	64
64	170	1	2	119	0	1953125	12	0.0	2606	1.47	0	0	V0.2	0	0	34	23	41	40	38	44	36	38	38	38	43	17	51	25	48	17	46	33	27	50	36	60	30	80	72	81	86	82	103	72	148	109	138	88	63	148	55	220	177	290	299	488	389	199	94	73	238	237	177	630	999	798	512	866	688	116	495	196	639	728	470	215	327	268	237	180	217	250	120	157	139	161	110	100	138	91	111	76	110	57	76	77	70	51	57
64	170	1	2	119	0	1953125	12	0.0	2629	1.47	0	0	V0.2	0	0	13	39	23	45	30	46	40	39	26	46	29	45	14	56	20	43	23	39	33	23	58	16	57	18	88	35	96	58	80	91	99	141	62	112	92	118	144	169	267	232	375	418	436	111	110	142	202	213	215	651	1000	798	476	841	691	122	367	222	630	756	430	263	294	345	193	223	204	228	151	121	187	107	115	64	134	82	74	76	78	65	55	80	45	54	55
64	170	1	2	119	0	1953125	12	0.0	2606	1.47	0	0	V0.2	0	0	28	12	49	5	55	10	53	7	48	20	44	15	48	22	42	25	45	25	28	51	27	59	19	93	24	101	49	109	66	96	136	101	133	53	105	125	101	182	170	297	273	487	348	190	71	117	255	183	192	560	999	708	495	770	691	167	443	188	577	721	434	222	295	250	254	156	227	232	126	149	128	173	94	104	118	99	97	76	112	58	74	68	74	46	58
64	170	1	2	119	0	1953125	12	0.0	2604	1.47	0	0	V0.2	0	0	34	29	37	46	33	52	27	43	31	41	40	25	47	29	43	22	40	29	24	48	40	54	37	72	76	76	93	74	102	73	148	109	134	95	57	154	59	227	187	289	316	488	386	197	89	65	243	239	177	665	1000	786	502	845	654	114	493	222	666	728	469	204	316	269	236	193	210	250	119	154	139	157	112	88	133	85	102	64	106	58	76	73	65	52	60
64	170	1	2	119	0	1953125	12	0.0	2626	1.47	0	0	V0.2	0	0	36	38	31	54	25	57	27	52	27	43	41	34	45	34	47	27	42	36	34	47	43	53	43	69	76	74	85	75	101	72	142	103	127	87	70	167	79	232	188	309	313	489	370	186	61	84	272	216	190	641	1000	775	535	810	641	142	433	197	653	729	462	244	329	259	244	176	230	235	116	155	129	158	82	101	114	82	86	62	91	43	76	60	61	39	58
64	170	1	2	119	0	1953125	12	0.0	2604	1.47	0	0	V0.2	0	0	25	25	49	7	51	11	55	5	46	23	42	24	41	30	35	31	39	22	27	42	33	52	36	82	24	97	48	111	49	109	121	112	121	66	119	96	131	158	200	281	290	467	344	189	88	131	248	144	217	544	999	665	544	748	666	126	411	221	570	737	393	263	270	246	248	140	236	203	138	136	135	169	69	112	97	111	83	81	98	53	74	59	73	38	63
64	170	1	2	119	0	1953125	12	0.0	2606	1.47	0	0	V0.2	0	0	18	35	32	36	39	36	46	28	32	40	31	38	18	50	22	43	25	37	33	30	57	29	68	46	78	69	92	94	69	115	95	151	85	115	97	52	147	124	255	214	354	413	416	140	154	134	180	163	230	600	1000	716	504	807	667	92	392	264	616	754	366	268	240	317	190	195	207	199	168	97	188	118	118	82	123	110	73	93	69	74	54	84	58	50	55
64	170	1	2	119	0	1953125	12	0.0	2604	1.47	0	0	V0.2	0	0	34	19	44	37	41	40	38	36	37	31	42	16	46	17	45	13	42	26	23	46	30	59	21	80	56	86	74	90	92	77	144	101	137	73	74	144	69	213	170	297	291	486	367	206	89	71	242	221	181	611	1000	767	537	830	656	109	480	205	636	725	445	226	316	249	239	162	221	231	114	152	132	164	92	101	120	83	89	74	108	55	77	67	70	48	63
64	170	1	2	119	0	1953125	12	0.0	2626	1.47	0	0	V0.2	0	0	37	27	37	43	35	44	36	43	33	34	45	23	44	23	50	19	41	30	30	45	32	58	26	77	55	85	61	85	85	75	132	90	123	56	83	154	93	204	171	307	287	476	329	180	52	93	264	195	215	598	1000	714	543	764	630	136	445	211	615	722	414	249	301	241	242	144	233	208	120	138	124	156	62	107	93	92	75	71	86	37	69	54	59	31	56
64	170	1	2	119	0	1953125	12	0.0	2604	1.47	0	0	V0.2	0	0	20	29	45	16	48	20	54	11	41	27	39	28	33	37	33	35	34	25	25	36	40	45	45	74	37	92	54	106	43	111	106	119	108	72	119	84	148	140	216	261	292	437	341	169	92	128	247	128	244	541	1000	652	538	695	603	154	394	253	548	728	358	264	236	248	243	132	228	182	147	121	139	162	68	111	86	114	72	85	88	52	67	57	72	37	63
64	170	1	2	119	0	1953125	12	0.0	2606	1.47	0	0	V0.2	0	0	35	19	44	33	43	39	40	34	40	32	44	16	49	20	49	16	45	32	32	52	32	63	26	84	61	94	82	89	97	82	148	108	143	80	77	148	85	217	171	296	302	484	352	189	78	95	242	206	185	637	1000	747	507	774	627	152	444	213	643	705	436	217	309	258	242	170	218	238	125	156	135	167	103	104	128	91	97	75	110	61	77	69	70	49	60
64	170	1	2	119	0	1953125	12	0.0	2604	1.47	0	0	V0.2	0	0	35	25	42	41	37	47	35	41	35	36	42	22	47	24	44	18	42	27	22	45	32	56	29	75	63	81	80	84	96	75	143	102	134	79	70	152	74	224	181	298	301	484	368	199	87	73	246	219	181	637	999	776	540	815	622	116	454	203	646	711	448	227	318	257	238	173	216	233	117	155	133	162	98	103	124	85	98	74	107	53	75	66	65	47	63
64	170	1	2	119	0	1953125	12	0.0	2606	1.47	0	0	V0.2	0	0	31	8	47	12	49	16	50	17	43	19	46	12	45	21	46	17	41	27	29	44	27	61	16	84	27	100	45	107	68	96	124	103	129	50	100	119	122	176	178	290	281	456	322	177	60	115	243	161	234	567	1000	671	530	704	604	150	433	250	590	715	369	245	262	243	243	135	231	197	136	133	134	163	70	115	99	109	76	82	93	55	75	63	73	38	60
64	170	1	2	119	0	1953125	12	0.0	2604	1.47	0	0	V0.2	0	0	29	16	49	6	50	5	54	9	42	18	46	19	40	27	43	23	38	25	27	38	33	55	28	77	27	98	43	108	52	109	112	116	115	62	117	90	141	149	214	277	299	436	332	163	85	135	231	143	252	545	999	661	525	699	632	139	388	264	556	719	349	271	239	263	238	146	232	177	156	114	155	154	80	115	89	116	65	96	83	63	66	64	70	44	63
64	170	1	2	119	0	1953125	12	0.0	2606	1.47	0	0	V0.2	0	0	34	19	42	33	41	38	39	33	37	29	43	16	48	17	48	16	44	28	29	48	30	62	25	83	56	90	74	91	95	82	140	100	139	73	73	147	89	224	177	295	295	482	350	196	76	76	259	210	199	627	1000	758	546	767	578	137	446	227	645	707	436	228	305	248	244	169	219	231	124	156	132	169	99	106	123	96	100	72	102	53	79	67	68	47	60
64	170	1	2	119	0	1953125	12	0.0	2604	1.47	0	0	V0.2	0	0	36	19	45	30	44	35	43	31	40	28	44	15	48	16	48	16	43	24	25	46	26	61	17	83	46	95	67	96	86	88	137	96	138	71	88	139	98	223	185	298	292	479	339	198	81	84	263	205	215	621	1000	735	560	770	582	123	445	241	638	707	424	241	298	241	246	161	224	219	127	154	132	167	89	112	114	99	91	73	99	56	80	63	70	49	66
64	170	1	2	119	0	1953125	12	0.0	2581	1.46	0	0	V0.2	0	0	25	21	47	9	54	8	53	7	48	23	41	27	43	36	42	36	47	37	40	49	39	68	37	92	28	110	55	121	72	110	131	118	148	62	96	95	116	181	170	274	279	465	336	220	99	90	225	170	237	584	1000	686	566	722	566	117	471	263	595	706	374	231	248	219	231	125	211	201	128	138	125	171	89	115	109	109	91	77	105	59	75	62	78	49	59
64	170	1	2	119	0	1953125	12	0.0	2579	1.46	0	0	V0.2	0	0	34	11	46	16	48	18	48	18	43	18	45	12	44	21	46	22	43	28	31	46	31	66	22	89	33	104	56	114	80	101	131	115	145	62	94	103	109	188	177	282	274	459	333	211	107	98	226	177	248	585	1000	670	577	746	577	130	477	261	592	712	360	260	248	221	225	128	223	181	137	134	139	162	78	127	100	115	82	94	94	57	78	66	75	46	70
64	170	1	2	119	0	1953125	12	0.0	2581	1.46	0	0	V0.2	0	0	34	11	49	15	53	20	50	17	49	22	46	17	50	22	50	26	51	36	39	53	31	72	26	95	37	108	64	113	83	100	137	110	152	68	89	108	102	198	170	274	274	469	330	218	120	82	219	184	233	597	1000	693	590	755	567	114	498	291	610	703	372	253	252	214	227	129	218	189	134	139	129	167	85	125	102	111	91	89	96	56	81	64	75	44	63
64	170	1	2	119	0	1953125	12	0.0	2604	1.47	0	0	V0.2	0	0	29	24	46	17	53	13	52	12	41	26	40	32	30	40	35	35	29	29	32	30	49	39	54	56	67	85	77	102	65	120	95	148	91	109	112	67	171	140	273	222	354	407	386	129	152	142	195	184	236	647	1000	715	529	783	593	129	392	281	653	713	370	279	250	310	181	213	203	200	161	118	187	109	130	83	132	93	94	95	75	74	59	85	52	65	57
64	170	1	2	119	0	1953125	12	0.0	2601	1.47	0	0	V0.2	0	0	35	22	42	39	40	44	36	37	38	35	44	20	50	24	48	17	46	33	30	51	35	64	31	84	69	88	87	89	106	82	151	114	147	91	73	159	96	250	187	295	309	487	365	193	85	72	273	204	205	673	1000	774	559	793	571	159	451	218	670	713	457	235	328	267	246	189	227	253	132	168	145	172	114	109	139	93	102	73	108	59	80	74	71	52	63
64	170	1	2	119	0	1953125	12	0.0	2579	1.46	0	0	V0.2	0	0	32	19	50	3	56	7	54	7	52	22	45	24	46	28	44	32	44	32	39	54	37	69	35	96	31	113	59	119	77	117	145	121	159	80	117	109	130	193	170	277	287	478	328	204	96	138	246	139	204	597	999	668	519	705	607	165	406	223	591	690	391	235	273	242	253	151	225	215	143	158	135	180	99	123	117	114	99	82	110	65	85	69	81	56	69
64	170	1	2	119	0	1953125	12	0.0	2581	1.46	0	0	V0.2	0	0	33	10	51	12	53	13	53	14	48	21	48	17	50	27	50	27	50	38	40	53	37	75	27	96	33	109	58	123	86	111	141	124	162	76	108	89	112	184	171	273	273	476	357	235	133	141	216	135	200	547	1000	685	557	771	669	121	423	200	555	711	373	266	268	241	242	136	239	197	146	137	146	174	84	130	108	123	87	96	102	63	80	68	79	44	67
64	170	1	2	119	0	1953125	12	0.0	2579	1.46	0	0	V0.2	0	0	38	16	45	23	47	26	45	23	42	20	45	12	46	16	49	16	44	29	32	49	30	70	18	89	39	103	62	110	88	96	138	113	154	69	97	120	104	197	160	282	273	454	331	210	92	96	228	161	228	590	1000	691	528	725	601	155	469	243	586	707	376	235	261	231	237	131	227	200	133	141	140	175	84	127	111	115	86	90	102	59	79	66	77	45	69
64	170	1	2	119	0	1953125	12	0.0	2581	1.46	0	0	V0.2	0	0	36	19	46	36	42	39	42	33	43	33	48	19	56	25	56	24	56	41	42	61	42	79	39	94	71	96	97	104	119	93	159	130	165	103	82	139	85	233	170	281	296	470	371	215	112	85	238	185	181	646	1000	759	524	785	612	168	464	213	645	701	427	219	309	256	244	167	225	248	136	168	145	183	117	123	140	111	115	85	117	66	89	79	80	57	67
64	170	1	2	119	0	1953125	12	0.0	2579	1.46	0	0	V0.2	0	0	27	29	42	25	50	22	51	20	42	32	39	36	30	46	34	43	33	39	40	38	58	51	67	69	69	101	76	116	72	136	112	160	131	119	120	51	171	132	237	230	337	427	378	171	139	183	182	100	218	585	999	656	485	724	693	148	336	253	579	723	344	273	226	317	217	184	221	196	187	108	193	141	126	110	125	129	80	107	79	86	65	87	70	60	68
64	170	1	2	119	0	1953125	12	0.0	2581	1.46	0	0	V0.2	0	0	32	12	49	5	55	5	55	8	50	20	47	21	44	33	48	32	47	41	42	50	41	70	38	94	32	115	51	126	72	121	131	134	160	84	119	71	142	170	191	262	278	463	357	221	127	159	218	93	203	526	1000	657	546	745	695	141	379	226	547	727	358	283	251	266	245	147	247	190	170	129	164	171	94	134	101	131	77	108	95	74	79	73	82	50	70
64	170	1	2	119	0	1953125	12	0.0	2579	1.46	0	0	V0.2	0	0	37	12	50	17	54	18	49	18	46	19	47	15	48	21	51	23	46	31	38	51	33	74	25	97	32	112	60	118	83	110	144	120	162	77	111	102	123	199	169	274	270	471	343	226	106	130	238	128	203	568	999	674	548	748	647	153	419	234	576	717	379	259	266	244	253	141	237	198	151	147	145	177	88	133	105	123	86	96	102	68	85	67	81	50	74
64	170	1	2	119	0	1953125	12	0.0	2581	1.46	0	0	V0.2	0	0	31	15	48	7	55	5	56	9	49	22	47	26	43	36	48	36	47	40	44	51	45	71	45	94	38	116	57	128	72	125	133	139	161	88	120	72	156	171	195	255	283	461	354	213	108	167	232	71	196	537	1000	637	541	711	653	185	337	224	557	721	342	281	242	270	247	154	245	188	174	131	166	166	96	133	103	134	83	111	94	75	80	76	84	51	70
64	170	1	2	119	0	1953125	12	0.0	2579	1.46	0	0	V0.2	0	0	36	15	51	8	54	13	54	12	47	19	47	19	46	28	47	29	45	32	38	50	38	68	35	94	32	113	57	124	73	121	141	134	162	89	126	82	140	173	185	269	281	472	353	216	121	190	222	87	182	539	1000	639	519	752	727	182	349	200	551	718	361	278	266	275	256	154	248	192	169	136	164	171	94	136	105	131	81	102	91	74	82	72	81	53	76
64	170	1	2	119	0	1953125	12	0.0	2581	1.46	0	0	V0.2	0	0	34	12	53	9	56	13	56	13	52	22	49	21	52	31	52	31	53	41	45	57	41	77	35	103	35	118	62	128	84	118	148	132	172	88	123	82	131	192	180	269	270	486	365	240	135	182	230	111	169	538	1000	668	558	792	717	158	372	187	569	719	374	283	287	263	258	153	256	206	165	148	156	180	91	139	108	131	93	104	101	68	87	72	85	50	73
64	170	1	2	119	0	1953125	12	0.0	2579	1.46	0	0	V0.2	0	0	34	18	52	6	56	5	55	7	47	23	45	24	41	34	44	35	43	35	39	47	45	64	47	90	38	112	59	128	66	123	132	148	160	99	128	61	157	161	202	251	287	470	371	215	130	208	224	66	182	528	1000	623	537	747	710	176	321	191	557	718	334	295	257	284	243	166	251	185	174	127	176	162	98	133	107	136	79	108	86	79	79	77	78	55	76
64	170	1	2	119	0	1953125	12	0.0	2581	1.46	0	0	V0.2	0	0	33	13	53	6	57	11	54	9	51	23	47	20	50	31	48	31	52	39	42	55	39	73	36	99	30	114	59	128	79	118	146	139	175	93	128	65	126	180	181	266	272	493	384	262	170	206	210	109	161	522	1000	671	572	843	772	128	384	171	557	722	378	299	296	266	253	155	258	197	163	142	159	175	88	138	105	129	89	107	98	66	85	74	82	49	72
64	170	1	2	119	0	1953125	12	0.0	2579	1.46	0	0	V0.2	0	0	21	37	34	37	42	38	46	31	36	41	31	42	20	53	22	49	29	43	41	37	65	35	78	50	86	82	101	108	84	133	110	176	120	146	95	42	158	136	260	202	353	427	438	198	207	167	145	128	212	613	1000	716	561	867	700	48	365	257	618	724	374	292	257	320	186	212	207	202	173	115	196	121	138	97	141	116	92	105	84	92	64	91	64	68	67
64	170	1	2	119	0	1953125	12	0.0	2581	1.46	0	0	V0.2	0	0	32	15	53	7	57	8	56	10	53	23	48	25	51	34	50	36	54	42	44	55	44	76	40	99	32	118	63	131	78	121	145	145	176	91	122	73	144	181	183	265	282	488	376	253	140	189	215	82	188	550	999	656	587	783	699	133	362	199	572	713	354	296	282	263	247	154	251	192	163	140	160	174	90	138	105	132	88	104	94	69	85	73	82	49	72
64	170	1	2	119	0	1953125	12	0.0	2579	1.46	0	0	V0.2	0	0	35	16	52	7	56	10	55	10	49	19	48	21	45	30	46	32	46	35	40	52	41	69	39	94	30	114	57	129	74	123	141	142	171	96	132	69	143	172	192	266	281	484	376	249	152	207	214	82	179	535	1000	645	562	801	751	147	354	190	560	717	354	301	286	280	255	163	259	192	171	138	169	172	93	140	106	132	83	109	95	76	83	72	80	53	77
64	170	1	2	119	0	1953125	12	0.0	2581	1.46	0	0	V0.2	0	0	28	24	48	18	56	14	59	14	48	30	45	34	39	46	42	44	45	46	47	48	55	62	61	90	52	112	67	135	67	135	129	167	162	112	129	35	167	145	219	240	299	469	402	236	160	227	206	40	174	520	1000	632	551	787	765	165	298	178	549	725	329	313	264	311	239	185	257	192	189	122	192	158	113	133	113	137	84	122	87	84	78	85	80	56	74
64	170	1	2	119	0	1953125	12	0.0	2579	1.46	0	0	V0.2	0	0	36	16	55	10	57	11	56	12	49	21	48	20	47	29	49	31	49	36	41	52	43	73	38	98	34	118	60	133	79	125	151	150	180	100	140	79	153	176	184	273	283	492	381	240	140	235	244	54	162	530	1000	633	510	771	785	244	305	145	545	713	358	290	298	294	270	168	267	204	175	148	174	180	96	143	111	137	92	114	100	77	88	77	83	57	83
64	170	1	2	119	0	1953125	12	0.0	2581	1.46	0	0	V0.2	0	0	32	20	53	10	59	7	60	9	52	26	50	30	46	41	47	41	54	45	46	54	52	72	50	99	42	120	62	139	75	133	144	161	179	109	145	56	159	157	201	264	287	490	396	244	161	264	234	37	145	502	999	624	500	795	849	256	286	128	538	719	344	302	296	314	268	181	277	207	187	139	188	178	101	144	112	139	82	119	101	81	86	83	85	54	77
64	170	1	2	119	0	1953125	12	0.0	2579	1.46	0	0	V0.2	0	0	40	15	57	17	59	22	58	19	53	23	52	17	55	24	55	28	55	37	41	60	41	81	31	109	36	123	68	134	93	121	167	150	198	110	149	91	133	202	174	285	275	522	414	276	172	240	265	74	130	519	1000	691	536	862	847	260	324	96	552	721	398	292	341	291	290	176	283	224	168	167	168	193	91	151	121	136	101	113	114	73	96	78	89	58	86
64	170	1	2	119	0	1953125	12	0.0	2581	1.46	0	0	V0.2	0	0	36	12	57	10	63	13	62	13	56	23	53	21	55	32	56	35	60	43	45	61	42	83	37	111	33	124	64	138	88	123	162	152	198	106	143	80	143	194	174	274	271	523	415	279	163	235	263	48	118	499	999	676	557	855	839	263	300	83	531	717	381	309	331	292	286	177	289	219	174	163	173	194	96	155	118	138	96	115	113	74	96	80	89	51	79
64	170	1	2	119	0	1953125	12	0.0	2579	1.46	0	0	V0.2	0	0	37	16	58	7	61	9	61	11	54	21	52	21	50	33	50	32	49	35	40	53	46	73	42	102	33	120	56	139	75	130	150	159	187	107	150	66	160	167	191	269	282	509	407	268	165	264	246	27	131	491	1000	637	543	842	875	250	292	93	530	729	355	319	313	313	278	186	287	203	183	144	186	179	94	146	111	141	87	122	102	83	93	82	85	57	83
64	170	1	2	119	0	1953125	12	0.0	2601	1.47	0	0	V0.2	0	0	40	12	52	21	56	24	57	25	48	22	55	14	49	25	58	19	48	35	36	47	34	72	21	96	27	114	44	130	74	118	140	149	174	89	142	80	164	174	208	282	289	500	402	245	134	266	274	28	146	490	999	640	547	830	872	277	251	95	538	742	350	340	322	329	272	205	297	202	190	138	201	164	103	141	110	131	75	123	86	80	78	83	72	56	75
64	170	1	2	119	0	1953125	12	0.0	2579	1.46	0	0	V0.2	0	0	23	42	46	32	52	35	56	27	45	41	40	42	34	54	30	51	39	44	43	47	64	53	77	83	67	107	86	138	67	141	133	181	164	134	152	44	184	140	224	238	302	480	412	228	151	293	249	29	124	493	1000	604	484	790	890	303	244	104	529	735	338	305	292	335	282	190	285	210	188	137	197	184	100	146	121	150	85	125	110	87	89	85	94	55	82
64	170	1	2	119	0	1953125	12	0.0	2581	1.46	0	0	V0.2	0	0	35	17	58	7	65	6	67	9	55	25	55	27	53	42	56	41	57	49	50	58	52	82	51	110	40	130	61	147	79	134	155	169	200	114	161	71	182	173	196	266	273	507	407	252	149	305	297	21	106	474	1000	620	491	826	937	355	239	78	539	738	351	311	326	336	297	198	311	226	196	153	200	192	104	158	125	154	94	134	113	86	96	91	95	58	87
64	170	1	2	119	0	1953125	12	0.0	2579	1.46	0	0	V0.2	0	0	36	26	59	13	64	12	66	11	54	30	50	32	43	46	45	45	48	45	46	53	60	70	67	97	58	122	69	147	70	145	142	185	189	137	169	53	197	149	223	243	299	492	415	240	170	338	275	57	103	496	999	584	471	831	969	345	206	80	552	740	326	322	307	365	283	216	298	215	205	137	218	175	119	144	122	147	88	136	101	97	88	96	89	66	87
64	170	1	2	119	0	1953125	12	0.0	2581	1.46	0	0	V0.2	0	0	33	24	59	13	64	12	69	12	57	32	54	36	49	49	51	49	57	54	52	59	62	79	64	107	52	130	68	151	76	148	152	182	199	134	174	50	196	160	214	244	281	506	418	256	181	342	291	46	89	473	993	595	482	861	999	359	215	76	542	741	343	328	321	357	295	213	313	224	211	148	215	187	116	155	126	158	96	140	109	93	92	94	94	62	86
64	170	1	2	119	0	1953125	12	0.0	2579	1.46	0	0	V0.2	0	0	43	15	64	17	66	20	66	18	58	24	57	18	58	29	57	31	58	39	44	63	44	86	40	119	33	131	64	149	93	133	173	162	218	130	185	85	173	207	185	266	258	535	434	297	199	323	338	30	92	447	969	663	524	929	999	389	229	80	531	724	397	328	374	329	322	210	328	239	191	176	193	206	99	164	121	144	97	124	117	84	106	89	97	62	94
64	170	1	2	119	0	1953125	12	0.0	2606	1.47	0	0	V0.2	0	0	35	21	48	20	62	17	62	14	46	31	48	33	32	53	41	41	34	42	41	34	62	49	72	68	74	96	85	123	70	138	113	200	148	161	133	59	179	141	249	191	327	443	475	224	211	339	258	132	44	462	917	623	474	893	1000	323	147	31	542	707	347	340	328	401	232	282	277	246	194	147	233	123	146	100	148	106	100	115	82	89	74	104	58	72	67
64	170	1	2	119	0	1953125	12	0.0	2604	1.47	0	0	V0.2	0	0	44	16	63	38	58	40	58	38	52	34	61	13	61	19	60	15	58	31	27	59	32	78	7	111	50	112	67	125	100	104	184	150	209	109	155	143	148	241	158	297	279	554	442	266	184	301	401	24	94	512	998	740	510	958	1000	469	246	54	585	747	466	298	427	342	338	225	330	284	163	202	176	213	91	154	141	125	113	104	127	60	105	83	92	54	90
64	170	1	2	119	0	1953125	12	0.0	2601	1.47	0	0	V0.2	0	0	44	16	67	13	69	16	72	15	61	28	62	19	62	37	63	32	60	42	45	63	46	86	32	119	34	131	56	148	87	128	172	167	208	108	172	116	190	201	179	286	270	534	412	248	149	341	389	71	86	463	993	649	479	853	1000	471	227	44	549	745	397	302	380	339	329	200	330	254	175	175	184	209	82	154	123	131	86	107	116	64	95	80	89	45	79
64	170	1	2	119	0	1953125	12	0.0	2579	1.46	0	0	V0.2	0	0	23	39	51	27	54	30	61	22	50	39	43	40	34	52	34	52	43	42	41	49	63	58	75	89	60	111	77	137	58	138	136	180	177	136	173	53	205	143	198	222	266	471	383	211	153	377	322	99	53	431	941	524	399	779	1000	422	204	32	505	717	321	289	306	350	304	194	305	222	192	143	200	196	94	148	120	155	91	123	112	79	91	84	95	53	84
64	170	1	2	119	0	1953125	12	0.0	2601	1.47	0	0	V0.2	0	0	42	21	48	38	49	41	49	39	44	29	55	16	54	17	60	12	52	36	36	52	31	79	13	102	42	111	55	121	94	101	159	139	193	105	158	111	161	197	149	255	224	485	388	234	165	341	389	62	80	401	903	596	402	831	1000	481	204	91	509	704	365	289	366	332	313	201	328	234	182	164	189	190	81	152	113	135	84	113	100	70	91	80	80	49	79
64	170	1	2	119	0	1953125	12	0.0	2604	1.47	0	0	V0.2	0	0	19	42	36	46	46	46	53	35	35	47	36	45	18	61	25	48	27	42	32	26	67	23	72	33	90	60	105	88	81	120	111	196	114	173	110	98	155	173	222	163	325	398	461	154	186	353	310	153	63	458	866	609	351	820	1000	398	116	79	536	683	341	286	311	408	229	270	252	244	171	136	221	116	132	82	146	100	88	103	85	82	65	96	54	65	67
64	170	1	2	119	0	1953125	12	0.0	2626	1.47	0	0	V0.2	0	0	47	23	52	41	53	41	55	42	44	32	61	20	56	21	64	12	52	33	33	52	28	71	6	97	41	104	42	111	87	96	157	135	175	77	149	128	160	176	137	286	251	489	369	212	158	350	394	83	58	405	900	600	405	807	1000	492	213	67	488	694	374	286	372	327	311	192	321	233	162	159	171	181	58	136	98	117	75	107	99	49	81	68	70	37	71
64	170	1	2	119	0	1953125	12	0.0	2604	1.47	0	0	V0.2	0	0	18	42	49	30	49	37	62	20	42	41	43	38	32	53	32	45	37	34	29	36	57	40	62	72	59	88	73	114	45	126	115	174	139	130	156	50	189	115	196	221	286	441	378	187	144	387	308	135	47	402	906	521	392	746	1000	428	184	15	459	704	313	288	293	355	296	195	295	209	182	122	192	174	79	125	101	138	71	117	97	70	76	78	85	47	78
64	170	1	2	119	0	1953125	12	0.0	2601	1.47	0	0	V0.2	0	0	39	21	47	42	48	47	44	41	42	37	50	18	57	25	56	16	53	37	33	57	38	74	25	94	71	96	85	95	111	83	175	141	186	125	124	154	124	222	104	254	273	485	394	184	225	328	407	30	69	500	861	640	333	873	1000	507	216	72	569	653	423	214	400	346	305	220	286	289	142	194	163	192	109	131	151	104	114	85	121	55	94	86	82	52	72
64	170	1	2	119	0	1953125	12	0.0	2604	1.47	0	0	V0.2	0	0	39	12	61	19	62	20	64	23	52	23	58	13	56	25	57	19	50	29	30	49	30	70	20	98	21	111	36	119	72	113	152	141	183	100	168	93	170	159	147	260	239	483	368	223	167	364	371	88	62	393	897	583	383	799	1000	483	188	66	471	677	368	274	352	326	314	190	311	231	170	156	173	187	70	137	102	125	83	115	110	65	90	77	85	49	83
64	170	1	2	119	0	1953125	12	0.0	2601	1.47	0	0	V0.2	0	0	38	8	57	11	61	12	62	14	53	22	56	14	52	29	54	23	52	35	37	53	36	73	27	105	22	115	40	126	71	113	154	147	185	98	165	93	170	156	144	263	236	487	372	216	152	364	374	88	41	387	912	590	380	784	1000	488	201	47	473	691	370	273	349	333	319	189	313	235	171	159	177	195	74	144	113	135	85	104	106	61	89	75	86	45	79
64	170	1	2	119	0	1953125	12	0.0	2629	1.47	0	0	V0.2	0	0	37	31	42	59	32	57	38	60	32	43	53	35	53	34	59	25	48	37	30	46	33	60	30	82	65	85	63	89	100	77	163	121	167	96	144	155	124	202	127	293	253	497	400	216	193	345	430	44	76	427	893	667	393	854	1000	509	190	99	516	672	411	272	405	323	316	205	318	249	150	174	156	176	54	140	106	101	71	89	95	48	83	60	65	44	76
64	170	1	2	119	0	1953125	12	0.0	2601	1.47	0	0	V0.2	0	0	46	18	66	19	75	34	61	18	66	34	56	17	73	22	61	30	66	35	42	76	38	83	22	121	61	117	86	115	111	98	199	153	214	138	143	159	139	252	102	250	276	518	441	208	229	327	443	51	98	500	883	713	361	913	1000	517	196	124	567	648	453	211	410	373	292	249	267	309	133	187	172	178	133	99	172	100	124	82	126	75	75	95	76	62	60
64	170	1	2	119	0	1953125	12	0.0	2604	1.47	0	0	V0.2	0	0	39	12	59	13	63	15	65	18	53	21	56	15	52	25	54	22	49	29	31	48	33	66	26	97	17	110	34	119	62	114	151	146	175	94	166	85	180	149	145	254	235	474	358	219	160	377	364	113	46	374	869	535	386	773	999	461	194	60	445	645	332	286	338	321	302	194	303	209	170	152	172	174	68	140	96	116	66	111	98	68	88	73	78	48	82
64	170	1	2	119	0	1953125	12	0.0	2604	1.47	0	0	V0.2	0	0	41	17	55	33	56	38	50	32	52	31	50	9	59	17	58	18	56	31	36	63	33	76	14	106	52	107	72	109	103	97	181	137	193	114	142	136	146	211	89	249	254	504	392	212	213	331	399	90	76	447	854	629	366	864	1000	498	205	114	502	625	413	236	392	323	315	213	294	266	143	186	148	189	94	133	133	103	104	87	121	62	99	79	82	56	77
64	170	1	2	119	0	1953125	12	0.0	2629	1.47	0	0	V0.2	0	0	32	35	34	58	26	61	28	58	27	49	46	38	50	40	49	31	44	37	29	43	40	47	32	73	73	71	74	72	100	73	164	117	159	105	125	157	114	207	104	260	258	485	385	195	231	337	417	53	85	454	829	623	347	859	1000	512	165	131	495	598	403	248	399	314	308	217	294	249	143	185	143	169	66	132	107	84	75	78	93	47	87	62	69	48	73
64	170	1	2	119	0	1953125	12	0.0	2626	1.47	0	0	V0.2	0	0	42	25	55	41	53	50	47	41	49	43	55	18	62	29	55	17	54	33	29	61	40	63	21	95	68	89	77	88	103	82	178	128	169	114	130	161	116	216	103	253	258	478	398	181	229	333	432	37	79	448	808	650	307	859	1000	533	161	158	500	591	426	210	399	347	292	235	271	282	125	186	151	165	100	107	140	76	104	81	118	56	81	79	67	48	64
64	170	1	2	119	0	1953125	12	0.0	2629	1.47	0	0	V0.2	0	0	37	17	55	43	50	43	54	46	47	35	59	23	61	25	60	16	54	36	28	52	30	61	20	88	53	90	54	89	91	83	161	112	161	88	146	150	134	186	103	280	247	479	369	195	202	338	435	72	55	409	820	636	324	804	1000	573	129	126	450	614	429	215	381	322	316	206	287	262	128	171	139	178	71	120	116	90	79	67	102	40	79	61	71	42	67
64	170	1	2	119	0	1953125	12	0.0	2651	1.47	0	0	V0.2	0	0	34	44	25	64	18	66	18	63	18	51	41	45	43	46	45	38	39	42	33	47	52	38	51	60	92	55	89	46	106	62	159	114	137	116	90	176	73	217	113	253	293	471	405	145	223	319	459	62	80	477	815	689	312	855	1000	587	84	165	502	602	454	215	396	356	293	254	271	290	124	184	148	159	96	101	132	66	95	57	92	34	79	64	58	48	62
64	170	1	2	119	0	1953125	12	0.0	2649	1.47	0	0	V0.2	0	0	29	6	56	30	53	26	58	30	48	24	52	8	58	18	55	12	56	32	25	51	25	54	16	87	37	86	28	85	64	86	145	92	133	64	154	126	145	156	112	292	250	497	342	174	177	365	426	84	51	423	865	613	353	804	1000	569	129	122	456	632	431	227	377	323	321	208	286	259	130	168	134	172	64	110	97	70	70	77	101	37	79	64	72	41	68
64	170	1	2	119	0	1953125	12	0.0	2651	1.47	0	0	V0.2	0	0	29	20	61	4	58	4	67	8	50	21	54	21	47	28	47	24	46	23	25	43	31	54	28	85	16	90	23	101	31	113	114	121	114	90	163	59	162	101	172	262	258	462	347	185	132	385	347	127	41	353	873	548	403	755	1000	481	126	96	397	663	368	287	327	321	311	193	311	219	172	141	163	170	50	119	75	103	51	93	85	48	70	61	67	33	67
64	170	1	2	119	0	1953125	12	0.0	2649	1.47	0	0	V0.2	0	0	32	14	55	41	54	43	53	42	50	36	51	15	67	25	56	17	58	37	24	56	34	52	25	88	61	85	54	80	80	79	162	89	158	85	137	151	123	215	118	297	270	539	408	195	200	326	448	42	74	472	889	722	426	940	1000	533	129	157	508	651	489	252	422	344	312	249	285	288	123	191	145	169	83	107	120	57	85	71	111	43	84	70	69	49	70
64	170	1	2	119	0	1953125	12	0.0	2651	1.47	0	0	V0.2	0	0	41	17	62	34	61	36	62	35	54	30	57	14	66	18	58	15	56	27	27	59	26	58	9	99	42	98	45	99	76	99	163	104	166	88	153	137	144	206	133	305	276	547	402	219	193	338	430	74	86	459	898	697	476	936	1000	529	121	149	499	659	473	279	429	335	326	237	301	284	140	195	144	180	76	122	118	70	79	71	109	42	87	67	73	43	67
64	170	1	2	119	0	1953125	12	0.0	2604	1.47	0	0	V0.2	0	0	41	28	64	8	79	15	66	6	70	26	56	30	66	22	54	36	58	22	36	65	24	70	23	106	20	121	63	116	81	120	189	133	210	128	165	127	160	230	111	266	283	546	427	237	240	327	406	85	91	495	880	720	435	959	1000	509	151	123	522	639	481	246	410	365	304	263	259	305	143	191	167	170	131	92	161	96	118	72	114	80	72	86	71	68	62
64	170	1	2	119	0	1953125	12	0.0	2601	1.47	0	0	V0.2	0	0	45	21	58	35	59	44	52	35	55	37	57	17	64	23	61	20	57	39	42	68	37	82	26	107	58	109	89	110	113	102	188	151	208	139	149	141	136	222	102	253	272	502	426	244	240	314	384	80	83	448	837	690	416	917	1000	488	167	117	479	607	443	254	406	329	313	231	285	278	146	191	147	185	105	126	136	101	118	88	123	59	91	78	80	57	70
64	170	1	2	119	0	1953125	12	0.0	2604	1.47	0	0	V0.2	0	0	37	13	60	10	63	15	63	16	55	23	56	16	54	23	55	25	50	26	32	49	30	65	28	97	16	111	36	126	66	122	148	146	186	113	174	74	176	152	158	254	247	481	387	272	189	353	328	143	50	345	862	613	486	840	1000	431	164	96	396	638	370	324	360	327	315	203	309	214	181	152	171	179	77	140	94	119	70	111	99	68	85	70	80	49	79
64	170	1	2	119	0	1953125	12	0.0	2604	1.47	0	0	V0.2	0	0	37	40	31	58	27	65	15	52	29	52	34	34	49	41	46	33	46	41	38	58	56	60	62	70	100	57	124	61	130	88	170	171	176	180	78	160	82	256	143	183	327	453	480	197	278	297	366	73	124	509	822	712	394	968	1000	445	117	159	540	609	437	265	407	392	260	282	251	297	148	185	193	152	143	89	168	91	126	95	116	82	80	98	69	70	66
64	170	1	2	119	0	1953125	12	0.0	2604	1.47	0	0	V0.2	0	0	25	48	14	63	3	70	13	54	14	58	24	46	32	55	26	46	31	40	30	42	62	28	71	34	104	20	120	51	112	96	143	178	133	189	76	146	94	222	191	154	326	402	478	178	275	317	318	111	92	488	819	672	366	910	1000	407	84	132	515	625	388	279	360	406	229	273	237	269	162	155	206	122	138	76	156	92	102	101	97	81	65	97	61	64	64
64	170	1	2	119	0	1953125	12	0.0	2626	1.47	0	0	V0.2	0	0	23	49	9	65	13	70	24	56	12	60	26	51	22	61	23	49	27	41	33	37	66	19	70	24	107	14	121	49	113	93	140	178	128	180	64	148	87	230	193	167	335	422	501	175	258	305	355	124	115	488	845	721	376	933	1000	440	73	183	524	630	405	275	392	407	230	283	253	283	149	167	200	122	126	77	154	72	101	88	98	66	68	94	52	58	58
64	170	1	2	119	0	1953125	12	0.0	2624	1.47	0	0	V0.2	0	0	27	42	28	64	17	71	17	58	21	60	36	46	47	57	39	41	45	49	31	43	62	29	52	48	102	35	105	42	107	68	158	146	139	145	72	176	73	242	165	224	338	463	464	151	233	311	399	83	98	539	874	721	331	878	1000	515	66	174	540	632	428	250	397	402	246	273	246	286	138	170	190	131	117	77	151	70	91	69	97	62	68	87	52	58	62
64	170	1	2	119	0	1953125	12	0.0	2601	1.47	0	0	V0.2	0	0	40	18	58	5	65	17	59	9	59	26	51	21	60	26	53	29	54	31	41	66	35	74	27	109	34	114	63	115	87	107	173	134	187	112	154	121	151	191	108	250	234	473	370	200	211	329	368	71	78	435	835	615	283	819	999	532	150	152	459	586	413	197	381	327	287	203	260	277	133	175	151	180	109	109	145	95	101	76	124	67	78	83	79	57	60
64	170	1	2	119	0	1953125	12	0.0	2604	1.47	0	0	V0.2	0	0	35	27	45	45	42	52	37	45	37	42	46	22	52	28	49	18	46	31	24	52	36	58	24	83	67	76	81	79	103	73	162	131	172	126	119	132	91	208	107	223	240	447	419	208	229	291	370	39	123	379	774	669	295	864	1000	536	123	212	408	544	416	209	388	320	275	214	258	264	121	174	143	165	94	110	131	82	100	69	105	51	85	74	68	52	70
64	170	1	2	119	0	1953125	12	0.0	2626	1.47	0	0	V0.2	0	0	24	44	7	62	6	63	9	54	6	54	27	45	28	51	29	40	28	38	29	36	57	28	58	38	101	20	103	35	111	76	140	150	131	147	48	136	42	200	151	189	312	409	447	166	239	268	339	47	125	445	776	691	306	883	1000	502	109	228	430	565	414	228	377	359	234	247	231	271	127	168	166	131	111	80	141	61	98	70	98	57	72	82	52	52	56
64	170	1	2	119	0	1953125	12	0.0	2624	1.47	0	0	V0.2	0	0	32	26	44	50	39	55	34	47	34	44	44	28	55	34	48	26	46	34	23	50	41	46	32	72	78	65	87	65	102	66	166	127	163	118	92	154	70	221	131	257	309	481	437	201	229	269	362	29	71	508	860	738	367	913	1000	531	125	172	466	604	460	238	397	358	270	248	247	283	130	178	162	152	109	87	145	73	98	65	104	56	73	78	62	57	65
64	170	1	2	119	0	1953125	12	0.0	2626	1.47	0	0	V0.2	0	0	35	36	35	52	31	60	22	49	30	47	38	30	47	37	42	27	39	30	25	51	47	46	41	66	87	58	101	53	108	71	163	136	153	130	69	147	55	218	145	230	320	458	444	186	238	258	329	24	75	521	839	711	358	921	1000	485	149	172	473	597	429	238	379	370	242	250	230	276	135	165	173	135	120	75	148	73	93	70	98	62	65	86	56	51	54
64	170	1	2	119	0	1953125	12	0.0	2624	1.47	0	0	V0.2	0	0	26	33	26	53	25	63	14	51	23	51	32	35	43	45	36	34	37	36	23	42	49	31	46	49	89	42	102	42	103	64	152	130	134	131	57	144	43	213	162	225	329	446	453	178	242	251	307	15	74	528	859	742	368	932	1000	450	160	166	478	610	430	251	376	379	233	253	224	269	134	155	175	123	118	68	146	72	86	67	92	63	63	83	52	58	60
64	170	1	2	119	0	1953125	12	0.0	2626	1.47	0	0	V0.2	0	0	40	22	50	38	50	47	43	40	45	39	49	16	56	22	52	16	49	25	23	54	32	56	16	90	62	86	74	86	97	78	168	117	168	93	105	141	96	206	111	275	279	506	417	218	203	273	346	60	51	495	904	729	392	915	1000	496	203	169	457	606	443	225	404	332	278	214	263	274	118	175	144	166	95	105	138	77	96	67	109	51	80	75	66	46	61
64	170	1	2	119	0	1953125	12	0.0	2624	1.47	0	0	V0.2	0	0	30	28	37	49	34	55	30	49	32	45	42	30	50	37	46	28	44	36	25	46	43	40	34	64	77	59	79	56	94	62	154	110	144	104	87	141	70	194	125	249	280	463	408	183	227	279	339	39	77	477	831	678	311	877	1000	515	147	184	438	560	415	207	380	333	252	220	235	258	111	163	143	141	90	88	126	58	86	60	95	46	71	68	55	49	61
64	170	1	2	119	0	1953125	12	0.0	2626	1.47	0	0	V0.2	0	0	32	32	30	46	31	55	19	43	29	44	33	27	45	34	39	25	37	27	22	49	44	41	37	61	79	52	93	50	98	63	155	122	141	127	70	124	46	193	137	208	278	431	426	171	249	274	321	30	130	422	768	665	280	871	1000	502	123	224	399	530	390	205	357	349	227	231	217	258	122	154	159	124	106	71	137	66	86	61	90	55	61	77	50	48	52
64	170	1	2	119	0	1953125	12	0.0	2649	1.47	0	0	V0.2	0	0	17	27	23	54	18	55	15	54	15	45	33	36	39	45	35	29	36	41	26	33	48	24	42	47	84	35	74	40	88	43	140	103	126	90	68	129	31	187	131	251	277	452	438	205	233	266	342	19	98	408	790	725	352	910	1000	533	145	254	372	540	425	218	393	324	246	220	240	252	102	165	135	133	75	91	114	44	74	54	85	28	70	58	49	44	60
64	170	1	2	119	0	1953125	12	0.0	2626	1.47	0	0	V0.2	0	0	38	16	52	20	60	33	50	20	54	28	44	9	58	14	46	19	48	20	26	59	26	52	3	89	51	88	65	84	81	78	165	109	165	87	98	121	86	186	104	261	275	496	426	227	217	265	323	90	98	449	836	720	364	902	1000	525	206	249	371	565	442	208	370	332	242	214	219	264	115	151	147	138	106	65	135	68	86	58	101	64	56	75	57	48	44
64	170	1	2	119	0	1953125	12	0.0	2624	1.47	0	0	V0.2	0	0	30	8	52	16	51	16	56	21	45	21	51	12	50	21	50	15	46	25	23	40	20	53	11	79	14	87	23	99	54	94	125	116	135	74	127	67	117	116	137	271	247	463	377	257	190	318	249	116	27	316	819	610	434	820	1000	470	232	160	277	566	370	268	335	280	267	161	266	191	139	127	137	146	41	107	72	87	48	76	72	41	65	53	57	34	62
64	170	1	2	119	0	1953125	12	0.0	2626	1.47	0	0	V0.2	0	0	30	32	27	45	25	55	15	44	25	44	30	26	41	33	33	25	34	27	20	42	39	37	38	54	78	44	91	47	98	62	147	129	143	123	57	105	27	176	133	202	305	435	450	215	271	254	277	60	143	410	753	684	368	910	1000	501	208	271	332	530	394	231	351	335	209	222	206	240	117	139	156	111	102	61	130	63	80	64	83	54	55	75	47	45	45
64	170	1	2	119	0	1953125	12	0.0	2604	1.47	0	0	V0.2	0	0	32	28	34	39	32	53	20	39	28	42	30	26	43	33	35	26	35	26	20	41	38	40	38	50	72	41	95	44	96	65	142	133	140	136	60	94	22	161	143	178	303	401	449	219	287	252	246	62	149	386	729	677	394	900	1000	483	217	257	298	522	380	248	316	335	195	216	185	221	130	117	158	100	109	49	123	78	74	72	76	68	46	76	50	48	48
64	170	1	2	119	0	1953125	12	0.0	2601	1.47	0	0	V0.2	0	0	31	29	31	43	33	52	21	42	30	42	31	23	46	31	40	23	43	32	28	52	43	51	41	66	78	52	101	61	110	72	155	144	161	139	76	95	22	175	132	197	296	424	468	257	292	241	248	67	145	398	749	747	450	979	1000	470	266	264	336	532	425	235	361	310	216	214	204	239	109	142	141	123	109	71	135	69	95	67	98	63	62	74	55	54	50
64	170	1	2	119	0	1953125	12	0.0	2624	1.47	0	0	V0.2	0	0	34	22	43	39	40	42	43	42	36	30	49	21	49	20	51	15	43	28	26	42	23	55	15	74	43	83	50	90	82	81	146	119	166	75	111	103	105	164	111	282	278	500	414	282	198	284	290	114	12	393	855	697	504	885	1000	499	248	143	346	596	418	289	374	288	286	181	277	208	142	150	142	159	57	120	86	91	65	87	88	47	73	56	65	41	67
64	170	1	2	119	0	1953125	12	0.0	2599	1.47	0	0	V0.2	0	0	36	13	51	11	59	20	51	13	51	23	44	14	53	16	47	24	49	25	32	59	25	63	17	94	37	97	64	103	89	91	165	130	183	104	124	101	108	181	103	250	269	479	413	254	240	284	306	97	63	410	791	675	386	890	1000	535	188	186	365	544	430	227	381	316	267	207	242	260	126	165	144	164	109	97	140	88	103	74	113	64	73	78	73	57	58
64	170	1	2	119	0	1953125	12	0.0	2579	1.46	0	0	V0.2	0	0	39	19	54	29	54	36	45	25	48	32	46	13	56	20	50	21	52	31	32	58	32	69	23	93	56	89	82	95	100	78	166	145	189	126	120	114	93	190	85	216	267	452	435	249	245	272	325	94	107	394	776	682	345	872	1000	550	180	222	352	533	420	209	369	317	263	204	232	254	120	161	146	160	113	94	145	89	104	71	113	67	74	78	68	58	62
64	170	1	2	119	0	1953125	12	0.0	2576	1.46	0	0	V0.2	0	0	30	34	29	51	21	56	16	47	28	48	34	32	49	43	45	39	49	49	42	57	57	59	71	64	99	48	122	64	117	85	146	175	158	173	75	122	51	183	132	143	287	382	461	211	277	256	278	69	161	362	727	660	312	864	1000	502	152	253	347	521	386	214	342	336	216	220	205	248	131	144	166	132	131	77	150	89	105	82	103	79	69	90	66	64	57
64	170	1	2	119	0	1953125	12	0.0	2604	1.47	0	0	V0.2	0	0	26	40	18	60	4	59	10	53	12	48	32	42	31	43	37	36	32	36	28	35	46	42	48	55	86	42	98	58	110	67	146	155	159	136	81	131	48	194	115	211	301	432	471	250	253	251	334	62	106	381	756	720	375	886	1000	565	170	257	344	541	434	235	397	316	264	213	252	250	119	169	144	156	91	108	128	77	94	74	101	48	81	69	63	51	68
64	170	1	2	119	0	1953125	12	0.0	2576	1.46	0	0	V0.2	0	0	37	18	49	25	52	38	40	27	50	35	42	18	59	27	53	29	57	40	42	65	42	73	45	90	73	80	104	81	112	76	161	154	180	152	101	116	67	187	103	171	275	410	441	230	279	257	277	67	131	383	725	650	312	876	1000	516	167	240	344	515	398	213	352	329	223	213	204	254	132	142	161	139	133	74	150	94	105	81	107	83	62	88	69	64	52
64	170	1	2	119	0	1953125	12	0.0	2579	1.46	0	0	V0.2	0	0	38	22	45	37	42	42	39	34	39	32	46	17	50	20	51	16	47	32	30	51	29	67	21	88	53	82	75	94	100	75	153	141	189	122	132	94	85	172	83	214	244	437	431	282	238	273	297	95	97	315	736	676	386	865	999	550	231	249	286	532	419	237	370	281	270	178	255	229	125	156	138	169	85	117	120	97	95	84	109	55	82	69	71	48	70
64	170	1	2	119	0	1953125	12	0.0	2576	1.46	0	0	V0.2	0	0	32	29	36	49	29	52	25	44	30	43	38	29	52	39	47	34	54	49	44	59	54	66	60	72	89	57	115	71	120	81	150	168	167	163	90	124	50	175	115	163	290	392	449	237	285	254	269	64	123	366	693	645	339	887	1000	519	190	247	330	501	394	222	363	316	220	208	212	248	126	151	156	142	125	86	150	87	107	79	106	74	70	85	67	62	57
64	170	1	2	119	0	1953125	12	0.0	2579	1.46	0	0	V0.2	0	0	32	33	33	51	23	53	20	45	25	43	34	28	42	34	40	28	44	37	29	49	43	54	44	68	79	54	101	68	111	70	148	159	168	150	101	112	41	178	111	179	286	414	468	266	285	248	270	58	129	356	709	693	401	931	1000	522	238	271	325	521	419	235	382	307	235	206	223	243	116	159	148	146	111	96	141	82	104	75	104	62	77	77	62	57	64
64	170	1	2	119	0	1953125	12	0.0	2599	1.47	0	0	V0.2	0	0	19	32	29	34	38	36	42	27	29	41	29	37	16	49	19	42	24	38	32	29	55	24	66	38	75	62	90	93	73	114	103	178	117	150	83	57	120	103	199	182	318	393	458	245	243	267	161	96	115	355	802	627	499	871	1000	384	238	181	326	612	347	321	305	349	201	222	227	202	164	106	189	108	115	82	124	101	75	99	75	78	55	87	59	57	58
64	170	1	2	119	0	1953125	12	0.0	2579	1.46	0	0	V0.2	0	0	42	23	50	37	49	47	40	35	45	40	46	18	57	26	50	26	54	33	32	60	38	68	34	88	73	77	105	91	118	79	172	159	189	147	108	120	56	215	128	216	317	473	496	285	280	229	276	32	81	469	817	772	479	1000	999	478	228	217	420	598	466	262	399	337	245	235	231	271	135	170	173	155	138	89	165	94	113	81	112	78	71	89	68	65	62
64	170	1	2	119	0	1953125	12	0.0	2576	1.46	0	0	V0.2	0	0	37	14	53	25	53	28	52	26	51	27	50	17	59	26	60	29	61	46	47	67	41	85	32	107	53	107	83	118	108	98	168	152	206	126	142	93	107	185	104	232	255	475	439	304	244	274	268	86	46	380	797	683	463	921	1000	484	247	174	356	576	424	263	381	285	275	179	266	235	140	165	147	182	95	133	133	116	107	95	121	66	90	75	82	56	71
64	170	1	2	119	0	1953125	12	0.0	2579	1.46	0	0	V0.2	0	0	39	22	48	40	46	43	41	37	42	34	47	17	54	22	54	20	53	36	33	55	33	70	23	94	60	89	83	106	108	82	163	149	197	121	130	108	82	194	110	251	279	486	466	305	227	253	282	58	39	424	847	748	488	945	1000	473	280	191	392	615	449	267	399	297	280	188	271	244	133	168	149	182	95	131	137	110	106	91	117	59	88	73	77	54	77
64	170	1	2	119	0	1953125	12	0.0	2524	1.45	0	0	V0.2	0	0	30	35	56	18	65	14	61	21	63	28	48	44	65	44	58	52	71	57	62	78	51	98	52	120	37	114	83	125	98	91	160	145	214	142	154	81	112	176	63	178	226	445	437	276	240	257	257	100	105	394	808	695	377	910	1000	473	274	221	374	569	421	192	357	287	250	171	224	253	127	156	144	181	142	111	166	122	137	93	136	96	85	94	91	85	67
64	170	1	2	119	0	1953125	12	0.0	2579	1.46	0	0	V0.2	0	0	37	41	23	51	22	54	22	49	27	38	39	31	42	24	53	27	42	34	38	46	30	70	33	79	55	88	77	97	103	86	147	138	192	113	134	84	98	163	106	243	234	453	421	303	199	282	252	79	29	303	811	656	473	848	999	427	265	145	309	608	362	310	329	298	256	183	274	178	172	123	175	144	96	130	101	124	76	115	74	79	70	75	62	62	70
64	170	1	2	119	0	1953125	12	0.0	2576	1.46	0	0	V0.2	0	0	39	18	57	33	55	36	51	32	54	35	54	19	64	29	62	31	67	50	50	73	45	90	41	112	66	106	99	121	121	96	177	163	214	143	145	113	100	212	121	236	264	491	469	293	242	267	306	36	46	415	844	728	447	939	1000	474	222	162	418	613	445	256	402	303	283	193	276	258	142	177	154	190	106	136	148	118	117	96	130	69	92	82	86	62	74
64	170	1	2	119	0	1953125	12	0.0	2579	1.46	0	0	V0.2	0	0	39	23	49	39	46	42	42	35	42	33	47	17	54	22	53	22	52	34	33	58	37	73	27	96	57	92	86	107	107	87	166	152	197	133	142	109	94	195	117	241	264	479	461	294	238	274	300	51	39	392	816	711	444	915	1000	499	210	172	375	593	443	268	394	300	286	197	275	247	144	174	154	184	98	134	134	114	107	91	113	59	89	74	79	56	77
64	170	1	2	119	0	1953125	12	0.0	2576	1.46	0	0	V0.2	0	0	35	29	40	48	34	52	31	42	39	45	42	25	58	37	52	31	59	50	45	65	53	73	59	87	92	70	121	86	128	86	169	173	182	166	104	121	45	205	143	204	299	451	505	265	272	239	266	22	95	447	823	772	441	995	1000	437	246	209	426	597	452	247	399	325	244	220	238	266	128	170	164	161	130	104	162	98	124	91	120	76	80	90	73	66	65
64	170	1	2	119	0	1953125	12	0.0	2579	1.46	0	0	V0.2	0	0	39	13	56	19	56	20	58	21	50	23	54	15	51	26	55	24	51	35	36	52	35	71	27	100	28	107	54	128	81	109	152	149	190	108	154	65	126	158	148	258	238	482	434	299	191	296	255	61	42	363	886	676	488	879	1000	400	251	96	369	651	393	300	347	301	281	175	283	207	165	143	167	177	82	139	106	121	76	104	98	70	84	73	77	47	76
64	170	1	2	119	0	1953125	12	0.0	2576	1.46	0	0	V0.2	0	0	39	12	55	20	59	26	55	19	54	27	52	19	60	30	60	31	62	46	49	68	44	87	35	112	46	114	78	127	103	105	168	153	207	122	147	87	113	187	122	251	246	493	451	298	205	278	280	62	25	398	888	720	469	910	999	432	271	132	394	644	428	271	372	290	280	170	282	239	149	160	153	189	87	136	125	120	98	99	118	64	92	79	87	54	76
64	170	1	2	119	0	1953125	12	0.0	2579	1.46	0	0	V0.2	0	0	42	20	54	32	50	35	48	31	47	31	52	15	53	22	56	23	53	36	36	57	34	74	24	100	46	101	73	119	99	97	164	149	195	118	148	97	109	183	126	252	251	486	448	291	208	290	292	54	10	393	874	713	460	903	1000	446	240	123	389	634	426	278	375	300	288	179	281	231	152	159	157	183	85	136	121	121	95	98	107	64	90	75	80	51	77
64	170	1	2	119	0	1953125	12	0.0	2576	1.46	0	0	V0.2	0	0	37	22	48	40	45	42	42	36	47	40	48	19	60	31	56	29	63	49	45	68	48	80	47	98	77	86	108	99	120	83	168	160	193	149	121	111	68	203	119	212	272	464	481	269	255	260	278	49	83	425	822	743	429	980	1000	433	268	196	416	597	442	236	392	302	254	196	246	257	123	167	150	170	114	114	152	102	112	79	116	65	83	82	77	63	65
64	170	1	2	119	0	1953125	12	0.0	2579	1.46	0	0	V0.2	0	0	39	16	55	21	54	21	55	22	50	25	53	14	51	25	55	23	50	33	36	53	35	71	26	99	30	104	54	123	82	105	150	146	188	112	151	71	125	156	135	250	235	475	430	290	195	299	265	66	22	350	865	667	458	870	999	422	242	116	360	634	393	289	347	295	277	173	281	209	160	144	162	173	79	136	107	119	78	110	104	70	86	75	80	51	79
64	170	1	2	119	0	1953125	12	0.0	2576	1.46	0	0	V0.2	0	0	35	14	53	26	53	31	51	27	53	32	50	16	61	28	57	27	62	46	46	68	43	84	35	106	56	102	87	115	108	92	165	149	199	130	139	92	98	191	111	229	242	478	453	282	231	276	279	63	49	384	832	710	439	946	1000	427	276	163	391	606	426	250	377	284	269	178	267	240	135	164	146	179	95	132	138	114	105	87	116	62	87	74	82	55	69
64	170	1	2	119	0	1953125	12	0.0	2579	1.46	0	0	V0.2	0	0	36	17	54	7	57	8	57	10	48	22	49	20	44	33	48	30	45	35	35	46	42	63	40	90	30	103	50	127	65	115	134	152	176	117	149	36	138	128	163	237	239	464	427	284	188	309	226	72	58	335	874	636	491	868	999	353	250	91	351	650	361	312	314	308	257	183	275	190	172	123	178	157	90	131	105	126	74	118	94	77	78	76	73	51	75
64	170	1	2	119	0	1953125	12	0.0	2576	1.46	0	0	V0.2	0	0	36	25	46	43	44	49	40	40	45	40	45	22	61	32	56	29	62	51	47	69	50	80	54	98	83	83	113	96	125	86	170	162	188	156	113	115	64	218	133	206	272	471	491	263	250	237	271	42	66	456	840	755	447	1000	968	370	275	156	459	616	451	238	391	301	247	202	245	261	125	169	152	167	118	109	148	95	122	92	122	71	86	86	76	65	68
64	170	1	2	119	0	1953125	12	0.0	2579	1.46	0	0	V0.2	0	0	43	21	53	34	53	41	50	34	48	35	54	17	57	23	56	22	56	36	35	57	36	77	25	103	51	104	78	118	101	97	167	148	198	123	149	102	111	202	135	260	255	502	461	295	209	281	292	45	12	425	897	733	499	955	1000	400	267	101	427	654	436	287	382	292	285	184	284	232	148	164	155	182	84	137	121	118	97	96	107	61	93	75	80	53	80
64	170	1	2	119	0	1953125	12	0.0	2576	1.46	0	0	V0.2	0	0	36	27	44	47	38	53	34	43	42	46	45	26	61	38	56	35	62	52	48	69	56	77	63	91	94	79	124	94	128	87	170	172	185	169	106	121	62	221	145	196	289	468	507	260	261	243	281	16	78	460	838	758	438	1000	986	404	233	173	454	611	451	248	392	315	245	219	242	265	132	175	164	163	129	108	156	97	125	94	124	78	86	92	74	66	67
64	170	1	2	119	0	1953125	12	0.0	2579	1.46	0	0	V0.2	0	0	42	21	54	30	52	34	50	27	49	30	53	15	55	22	53	22	54	35	37	58	36	75	25	101	43	105	73	120	95	101	163	149	198	122	149	93	121	192	137	256	255	502	448	290	209	288	286	48	20	422	889	700	486	935	1000	406	249	77	427	649	430	293	374	297	288	186	286	233	159	167	161	186	91	144	124	123	99	99	106	64	93	77	82	56	83
64	170	1	2	119	0	1953125	12	0.0	2576	1.46	0	0	V0.2	0	0	38	22	52	38	48	42	45	36	50	39	49	21	63	33	60	31	64	50	49	70	50	85	47	104	75	98	112	111	125	96	175	161	199	151	127	113	84	220	134	227	277	495	487	279	241	252	285	29	30	470	863	751	476	1000	985	396	257	124	466	630	459	261	396	301	269	208	264	262	137	180	157	180	116	127	152	110	125	98	126	72	93	87	83	65	73
64	170	1	2	119	0	1953125	12	0.0	2579	1.46	0	0	V0.2	0	0	41	28	48	44	45	47	39	39	42	39	46	21	55	26	52	22	54	38	36	60	39	73	36	97	65	91	98	106	113	91	171	154	196	143	130	114	91	226	142	243	275	503	478	281	238	263	295	25	25	474	884	745	493	1000	982	392	251	94	481	645	460	277	401	300	280	209	277	261	147	187	161	187	110	136	144	113	117	91	116	62	94	79	77	60	79
64	170	1	2	119	0	1953125	12	0.0	2576	1.46	0	0	V0.2	0	0	39	20	52	34	52	38	49	32	52	36	51	19	63	29	59	30	66	50	51	72	47	88	44	109	66	104	104	118	120	99	175	159	207	147	137	105	94	222	133	230	264	501	479	294	237	254	279	35	26	457	868	745	505	1000	971	374	269	107	464	637	455	275	391	290	270	197	268	252	140	179	154	183	109	133	146	110	114	88	119	65	92	82	80	62	73
64	170	1	2	119	0	1953125	12	0.0	2579	1.46	0	0	V0.2	0	0	42	21	54	34	51	36	49	30	48	32	52	16	57	23	55	21	55	35	37	58	36	77	26	105	48	107	81	124	102	103	168	149	202	128	149	92	115	214	150	258	262	525	474	308	216	276	282	36	33	453	920	744	562	1000	990	354	280	62	471	685	452	316	390	296	289	195	292	239	160	176	165	188	91	147	128	126	105	100	111	65	96	77	80	55	83
64	170	1	2	119	0	1953125	12	0.0	2579	1.46	0	0	V0.2	0	0	35	18	49	32	48	34	45	29	49	34	48	18	60	28	57	30	62	45	46	68	44	82	41	103	66	98	101	110	113	94	168	152	198	142	130	100	91	219	132	220	257	491	469	284	236	250	268	39	30	457	854	727	507	999	951	348	277	90	476	634	454	277	387	283	263	201	265	251	139	180	156	181	109	132	141	105	114	98	125	70	94	84	85	65	78
64	170	1	2	119	0	1953125	12	0.0	2579	1.46	0	0	V0.2	0	0	27	36	45	31	52	29	53	23	43	39	40	39	30	54	33	47	35	42	39	39	63	41	76	62	76	85	93	123	78	135	117	189	153	175	127	53	149	136	234	189	309	455	498	269	245	294	179	76	66	437	921	671	564	974	1000	243	222	74	462	704	381	354	318	356	218	242	255	216	186	130	212	127	135	110	139	121	89	112	83	91	71	96	64	71	72
64	170	1	2	119	0	1953125	12	0.0	2579	1.46	0	0	V0.2	0	0	34	10	54	8	59	11	58	12	54	23	51	21	54	34	56	37	58	46	49	63	45	83	40	110	33	121	68	139	90	123	162	156	208	126	159	60	140	194	163	246	252	529	466	322	206	287	258	60	47	433	945	713	604	997	999	312	296	34	465	715	433	347	369	299	286	195	307	228	181	169	182	194	98	158	127	143	106	121	116	77	99	85	92	59	85
64	170	1	2	119	0	1953125	12	0.0	2579	1.46	0	0	V0.2	0	0	41	20	54	29	53	34	51	26	50	29	49	15	56	23	54	22	56	35	37	58	35	77	28	105	41	108	78	125	99	108	164	147	203	127	151	85	121	216	151	243	252	523	468	313	212	264	272	40	52	448	910	724	586	1000	960	320	279	49	474	681	445	329	385	288	286	196	294	232	162	175	165	186	89	148	126	128	104	102	109	67	93	74	80	55	81
64	170	1	2	119	0	1953125	12	0.0	2576	1.46	0	0	V0.2	0	0	35	13	56	7	59	13	62	11	59	27	52	28	59	41	60	44	67	55	58	72	54	91	49	118	42	126	76	147	98	127	167	161	216	134	163	64	145	197	159	240	248	527	468	322	212	289	257	76	30	420	927	694	584	990	999	326	299	62	447	691	417	335	364	290	276	184	294	218	171	162	170	183	88	151	118	134	101	118	114	73	98	83	88	58	86
64	170	1	2	119	0	1953125	12	0.0	2579	1.46	0	0	V0.2	0	0	34	23	54	10	58	8	59	9	51	26	49	27	42	40	45	38	45	37	39	45	50	62	56	88	45	107	63	136	68	131	131	166	180	145	154	27	157	147	203	220	270	494	469	303	217	308	212	83	39	401	926	644	587	947	1000	276	254	27	433	704	375	365	321	325	251	215	284	196	188	132	199	153	110	134	117	133	80	116	82	86	81	86	74	65	79
64	170	1	2	119	0	1953125	12	0.0	2576	1.46	0	0	V0.2	0	0	31	6	50	8	54	11	54	7	51	21	47	22	54	34	55	38	60	46	49	64	45	85	41	112	35	118	69	138	92	121	159	152	208	127	157	54	136	191	154	235	242	522	461	323	218	286	241	73	32	410	914	686	595	1000	996	309	310	61	442	687	420	348	368	291	275	189	297	218	175	165	174	183	92	154	119	134	102	122	114	75	99	86	92	63	88
64	170	1	2	119	0	1953125	12	0.0	2579	1.46	0	0	V0.2	0	0	28	31	45	25	50	24	54	19	43	35	40	35	29	51	32	46	37	42	39	41	61	46	74	66	70	89	86	124	74	133	116	182	159	171	133	49	150	130	224	182	296	461	489	286	252	300	175	90	34	417	898	637	570	965	1000	258	230	58	440	687	373	367	319	347	220	237	259	210	188	129	210	130	133	115	135	123	89	114	79	89	72	93	65	71	74
64	170	1	2	119	0	1953125	12	0.0	2576	1.46	0	0	V0.2	0	0	32	7	49	13	52	17	52	11	50	22	48	19	54	30	53	34	60	45	49	65	43	84	39	110	38	116	74	134	96	116	161	151	208	130	155	62	134	195	149	233	245	524	465	322	222	289	251	75	40	413	900	684	582	1000	999	340	289	81	442	674	426	344	378	290	277	195	299	225	174	170	175	185	94	154	119	131	103	122	117	76	101	87	94	64	90
64	170	1	2	119	0	1953125	12	0.0	2579	1.46	0	0	V0.2	0	0	33	22	53	9	57	7	59	7	48	25	46	26	43	39	41	37	44	37	37	45	47	60	56	86	42	103	61	133	65	129	131	164	179	143	152	19	149	140	195	213	261	490	463	309	227	301	187	81	31	386	907	632	596	965	999	256	283	34	421	692	375	370	322	314	245	211	281	191	187	133	194	151	110	137	111	128	82	122	88	84	79	83	73	61	78
64	170	1	2	119	0	1953125	12	0.0	2579	1.46	0	0	V0.2	0	0	34	11	54	9	59	14	56	12	55	24	51	23	56	32	54	36	60	46	47	62	40	82	41	108	31	115	68	135	88	118	156	146	208	129	156	48	133	191	148	223	238	517	460	335	227	275	226	81	34	403	887	681	604	1000	970	297	313	68	437	669	420	344	370	279	268	184	293	221	167	163	167	184	92	151	120	128	97	113	113	72	95	78	88	57	81
64	170	1	2	119	0	1953125	12	0.0	2579	1.46	0	0	V0.2	0	0	40	15	55	18	57	22	54	19	52	26	50	14	51	24	51	27	51	33	36	53	34	71	30	99	25	109	60	128	83	115	152	142	198	127	157	50	136	188	153	231	246	522	461	328	223	282	223	78	39	402	893	674	608	1000	980	300	308	55	441	676	418	353	366	285	270	190	291	210	171	158	170	175	87	146	109	126	89	109	99	71	92	75	78	54	80
64	170	1	2	119	0	1953125	12	0.0	2576	1.46	0	0	V0.2	0	0	32	22	55	11	60	10	61	12	55	30	50	33	48	47	49	46	55	52	53	58	54	76	59	102	42	118	63	143	76	132	141	162	201	141	157	16	153	157	176	210	247	510	464	331	229	293	197	100	9	368	907	650	622	991	1000	261	320	54	420	695	384	367	334	296	254	193	287	194	182	140	184	164	97	142	108	131	84	125	101	78	85	81	84	53	76
64	170	1	2	119	0	1953125	12	0.0	2579	1.46	0	0	V0.2	0	0	19	41	27	46	33	46	37	38	28	46	24	43	17	56	15	47	25	44	37	37	62	25	83	30	93	50	114	87	101	115	113	183	139	189	83	90	111	159	213	129	312	425	509	251	283	249	164	64	69	445	823	664	522	1000	952	266	222	108	465	631	397	321	345	334	192	251	224	234	155	153	195	117	140	91	152	92	111	99	91	81	74	91	56	72	71
64	170	1	2	119	0	1953125	12	0.0	2579	1.46	0	0	V0.2	0	0	32	14	54	5	58	7	56	7	53	22	48	25	52	37	50	37	54	44	47	58	44	77	45	103	27	115	60	135	80	121	146	149	204	131	156	29	145	174	154	212	233	511	455	335	230	288	210	107	31	360	871	657	611	1000	999	298	324	83	409	665	401	358	357	288	264	188	293	205	176	153	174	174	91	148	111	131	92	119	106	75	94	81	86	56	79
64	170	1	2	119	0	1953125	12	0.0	2579	1.46	0	0	V0.2	0	0	34	16	53	7	57	9	55	8	50	20	47	21	46	30	46	31	45	33	37	48	39	66	43	92	27	106	53	130	69	119	136	147	191	131	155	25	146	157	162	210	241	499	449	325	226	297	203	108	17	348	862	639	601	978	1000	303	315	80	396	664	389	361	341	293	257	195	286	194	178	144	179	161	92	141	104	124	83	118	95	76	86	78	75	55	80
64	170	1	2	119	0	1953125	12	0.0	2581	1.46	0	0	V0.2	0	0	31	13	52	6	56	7	55	8	50	21	46	24	49	33	48	34	51	42	43	54	40	73	43	100	28	111	58	131	76	117	143	147	201	130	154	28	139	166	146	209	229	505	452	332	229	290	204	115	28	344	852	653	607	1000	999	309	336	99	396	657	400	352	354	284	260	187	289	201	173	151	171	171	89	146	108	128	92	117	104	72	91	80	83	55	79
64	170	1	2	119	0	1953125	12	0.0	2579	1.46	0	0	V0.2	0	0	35	14	53	10	56	12	56	10	48	19	47	19	48	28	48	29	46	33	37	51	36	66	39	93	23	106	52	128	72	117	141	144	193	129	157	29	139	161	155	212	231	498	450	332	230	300	203	113	25	336	850	647	609	992	1000	303	330	99	392	654	387	356	352	289	258	190	287	194	172	146	173	160	85	140	104	121	78	114	95	75	87	76	75	54	79
64	170	1	2	119	0	1953125	12	0.0	2576	1.46	0	0	V0.2	0	0	28	14	50	3	56	4	55	5	49	21	43	24	47	36	47	37	51	42	43	53	42	70	45	96	28	107	56	132	71	116	138	149	198	132	153	21	143	154	146	202	225	492	446	329	231	302	202	135	45	319	839	629	592	974	1000	321	330	122	375	644	377	348	343	287	252	189	288	197	175	146	177	166	91	143	106	128	86	114	98	75	88	78	81	55	77
64	170	1	2	119	0	1953125	12	0.0	2579	1.46	0	0	V0.2	0	0	23	29	41	23	47	24	49	19	39	33	35	33	25	45	26	43	33	39	37	38	55	41	70	61	64	82	78	113	67	122	108	170	158	168	129	56	137	111	185	159	261	438	461	286	257	311	155	129	76	318	810	575	541	938	1000	300	296	133	368	626	330	343	305	322	203	223	249	190	174	122	195	118	119	107	118	109	79	110	77	85	69	87	61	64	70
64	170	1	2	119	0	1953125	12	0.0	2579	1.46	0	0	V0.2	0	0	30	14	50	4	54	4	53	6	51	22	44	25	46	35	44	38	51	42	45	53	43	70	45	95	28	106	55	127	71	113	136	144	195	131	155	21	139	143	128	188	214	482	436	326	241	308	194	149	69	287	797	607	564	963	1000	340	355	152	346	615	365	332	337	272	242	180	277	189	164	140	167	158	81	135	101	120	83	111	96	68	85	75	79	51	73
64	170	1	2	119	0	1953125	12	0.0	2579	1.46	0	0	V0.2	0	0	33	13	51	5	54	8	50	5	47	20	43	19	44	29	42	30	42	30	35	47	37	62	41	86	22	98	48	120	62	111	130	139	187	131	155	18	135	135	133	193	214	476	437	329	240	306	184	150	65	282	800	607	573	963	999	335	361	150	340	617	362	339	332	276	241	183	272	183	164	134	167	150	82	130	96	116	74	105	85	69	80	72	71	54	76
64	170	1	2	119	0	1953125	12	0.0	2581	1.46	0	0	V0.2	0	0	29	8	50	9	53	11	50	8	48	16	42	17	48	26	45	28	49	36	39	53	33	69	33	94	16	100	50	118	72	102	138	133	197	125	151	22	126	152	111	194	203	481	437	331	245	299	195	153	88	287	788	634	573	998	999	342	390	177	356	612	379	324	352	259	243	171	276	194	154	146	157	160	74	135	99	114	84	106	100	63	86	71	77	49	74
64	170	1	2	119	0	1953125	12	0.0	2579	1.46	0	0	V0.2	0	0	35	13	49	21	51	25	47	21	46	22	44	9	49	17	46	20	47	28	31	51	27	68	24	93	24	95	58	112	77	93	142	129	197	124	151	42	117	170	106	193	208	487	447	327	241	284	213	137	100	311	784	645	559	1000	978	349	371	186	373	601	391	314	367	254	248	177	274	200	144	156	148	159	70	134	104	106	88	101	100	59	87	68	72	50	76
64	170	1	2	119	0	1953125	12	0.0	2581	1.46	0	0	V0.2	0	0	30	8	51	20	49	21	49	16	47	21	43	12	50	20	47	24	52	35	38	55	30	72	27	97	29	96	62	111	82	90	145	130	199	127	147	44	118	171	93	184	204	482	448	325	249	285	222	145	120	307	768	640	537	1000	986	369	372	212	372	592	393	304	374	255	246	176	274	210	140	161	150	166	75	136	115	109	95	96	103	57	89	72	76	50	73
64	170	1	2	119	0	1953125	12	0.0	2579	1.46	0	0	V0.2	0	0	33	13	50	19	51	21	48	17	46	20	42	9	49	18	45	22	47	28	32	51	28	69	26	92	20	96	57	113	74	92	142	130	196	124	153	41	123	160	94	186	203	481	441	322	243	297	219	159	120	294	775	622	525	984	1000	381	378	219	356	592	383	311	366	258	247	176	275	200	143	155	152	161	71	134	106	107	84	96	97	60	90	70	73	51	78
64	170	1	2	119	0	1953125	12	0.0	2581	1.46	0	0	V0.2	0	0	26	12	48	0	49	1	51	1	44	17	38	21	40	30	40	32	45	36	35	46	36	61	44	86	21	94	42	117	54	102	122	133	178	120	145	9	131	116	118	180	193	458	418	307	226	304	175	167	97	244	772	556	510	926	999	339	384	193	316	600	333	325	323	268	227	176	270	175	158	127	165	145	78	128	92	113	70	107	87	65	78	71	70	47	71
64	170	1	2	119	0	1953125	12	0.0	2579	1.46	0	0	V0.2	0	0	32	9	49	16	50	19	46	14	44	18	41	9	46	18	43	22	46	28	32	50	28	65	25	91	18	91	50	111	72	88	135	125	187	117	150	31	116	144	94	188	193	465	436	321	234	292	203	157	120	265	756	612	491	960	1000	375	398	235	329	587	374	298	354	253	238	166	266	191	137	144	147	154	64	129	100	101	77	98	98	57	85	68	69	46	74
64	170	1	2	119	0	1953125	12	0.0	2606	1.47	0	0	V0.2	0	0	34	11	43	22	46	24	46	24	38	15	46	6	43	18	50	11	38	26	28	39	22	61	15	81	12	92	32	109	59	91	123	127	175	98	127	22	109	125	124	217	218	473	432	325	222	295	183	138	75	260	814	630	563	947	1000	328	393	199	324	640	364	339	338	283	235	181	280	177	164	123	171	138	75	123	87	107	60	105	72	66	72	73	64	47	65
64	170	1	2	119	0	1953125	12	0.0	2604	1.47	0	0	V0.2	0	0	16	34	36	30	40	35	52	22	33	40	36	34	21	48	24	40	27	29	22	24	47	21	59	36	63	54	84	86	58	101	94	163	111	159	87	50	93	107	197	162	284	408	471	246	273	286	150	93	142	318	800	594	514	939	1000	311	323	200	361	626	331	329	311	324	172	229	232	189	150	119	189	91	107	78	113	81	72	94	64	66	54	79	43	58	58
64	170	1	2	119	0	1953125	12	0.0	2601	1.47	0	0	V0.2	0	0	14	31	30	30	36	35	43	23	28	38	29	31	17	46	17	40	25	33	26	28	52	21	64	40	65	56	86	93	58	100	93	163	115	155	83	45	88	97	191	160	277	410	464	248	267	276	137	100	156	273	772	586	559	957	1000	287	335	227	330	627	327	332	312	324	177	221	235	189	158	115	190	99	107	86	114	91	69	101	66	71	58	83	52	56	59
64	170	1	2	119	0	1953125	12	0.0	2604	1.47	0	0	V0.2	0	0	12	39	19	42	24	46	33	33	20	44	21	38	12	48	10	39	19	31	22	22	47	7	62	12	74	28	99	56	77	87	100	158	115	168	54	71	53	131	176	127	304	409	484	226	288	246	150	60	188	329	734	608	502	1000	997	339	329	255	368	582	366	308	341	320	165	236	210	211	132	142	177	91	111	72	127	67	91	82	73	63	63	82	42	61	57
64	170	1	2	119	0	1953125	12	0.0	2676	1.48	0	0	V0.2	0	0	29	54	17	19	19	46	15	50	8	21	38	46	26	28	39	37	3	9	35	38	30	15	23	56	43	65	35	54	65	68	112	72	98	42	85	118	78	166	166	279	148	338	316	145	60	123	114	172	173	162	685	498	500	992	999	328	460	425	362	674	448	251	314	226	158	107	201	137	168	148	156	85	78	130	88	58	43	104	70	61	49	47	25	31	56
64	170	1	2	119	0	1953125	12	0.0	2604	1.47	0	0	V0.2	0	0	25	43	10	51	21	48	21	48	29	39	8	49	17	37	9	54	18	20	33	30	38	9	76	47	54	57	85	83	47	113	103	137	126	148	102	40	112	89	170	199	247	456	420	293	225	282	133	157	98	259	805	597	564	913	1000	370	357	196	296	624	411	291	333	266	248	148	260	214	128	131	134	170	61	104	103	98	75	68	106	55	65	59	77	45	53
64	170	1	2	119	0	1953125	12	0.0	2626	1.47	0	0	V0.2	0	0	32	27	36	46	31	46	32	43	30	36	41	23	45	26	45	13	40	27	20	42	30	50	17	74	58	68	64	77	78	63	143	113	156	83	100	74	53	169	108	235	250	495	448	294	217	247	220	112	106	337	781	688	536	1000	970	385	375	261	374	601	426	291	399	265	241	183	265	216	117	161	136	145	52	116	98	73	74	80	91	35	77	59	57	36	61
64	170	1	2	119	0	1953125	12	0.0	2604	1.47	0	0	V0.2	0	0	13	34	37	25	40	32	50	19	35	34	31	34	27	41	22	39	28	23	21	28	39	27	55	54	42	67	65	93	36	104	98	143	120	134	101	28	96	75	170	200	263	453	430	255	226	268	93	145	124	292	841	569	536	905	1000	312	387	179	305	640	345	335	302	288	216	172	254	167	155	106	165	134	66	106	84	104	52	98	76	59	63	63	64	39	66
64	170	1	2	119	0	1953125	12	0.0	2626	1.47	0	0	V0.2	0	0	32	12	43	27	44	25	47	29	39	19	48	8	45	11	48	6	39	20	19	39	17	51	13	77	22	85	26	98	47	85	123	114	145	76	105	69	81	134	149	265	254	513	426	288	207	269	160	135	78	339	903	665	618	980	1000	299	421	168	373	682	399	366	357	283	246	186	285	179	159	130	164	138	68	122	78	98	60	102	71	59	71	63	56	44	63
64	170	1	2	119	0	1953125	12	0.0	2629	1.47	0	0	V0.2	0	0	24	10	51	12	48	8	57	14	44	19	47	10	45	23	43	16	43	22	15	37	21	46	23	75	6	78	27	99	33	90	115	114	126	87	111	58	87	119	163	260	258	504	429	268	186	262	152	136	86	325	877	638	585	968	999	318	406	183	358	665	405	341	358	273	239	172	278	182	140	134	155	141	48	118	83	90	52	90	77	45	70	59	60	40	65
64	170	1	2	119	0	1953125	12	0.0	2626	1.47	0	0	V0.2	0	0	29	14	52	8	53	8	56	8	47	21	45	15	47	23	42	23	43	19	21	43	24	49	26	83	7	89	35	105	37	97	125	116	141	86	107	59	93	136	159	257	250	515	435	295	204	248	130	154	78	357	889	657	594	988	1000	308	413	160	371	650	403	337	366	265	239	161	274	192	137	137	142	149	45	118	86	89	61	87	87	40	71	56	59	29	60
64	170	1	2	119	0	1953125	12	0.0	2629	1.47	0	0	V0.2	0	0	21	17	48	4	49	9	60	3	43	22	46	19	39	30	39	26	39	21	19	33	28	43	34	70	19	78	43	98	23	102	102	128	108	104	103	43	98	97	199	253	290	489	442	260	220	253	120	114	144	355	916	637	622	963	1000	270	400	150	365	702	387	366	325	299	229	188	270	170	159	112	170	128	69	107	78	98	50	96	68	59	62	63	54	43	63
64	170	1	2	119	0	1953125	12	0.0	2626	1.47	0	0	V0.2	0	0	16	28	38	19	39	28	54	13	32	34	38	26	21	45	29	34	26	25	19	24	44	29	48	49	50	62	75	89	40	96	90	147	87	125	78	13	91	84	227	222	316	451	483	238	253	230	85	66	190	370	922	673	594	981	1000	243	378	176	383	709	365	361	320	330	196	210	256	179	157	100	190	111	88	89	96	93	48	95	58	57	50	76	48	46	57
64	170	1	2	119	0	1953125	12	0.0	2629	1.47	0	0	V0.2	0	0	15	28	38	22	38	31	55	17	34	37	40	29	23	47	30	33	29	29	20	21	44	31	43	45	51	57	76	82	39	91	91	146	76	125	72	2	93	93	238	218	323	445	493	232	257	217	74	64	193	402	926	686	596	999	981	221	384	186	404	703	362	359	327	334	183	217	241	179	152	106	189	95	88	75	101	82	60	94	57	62	52	77	41	50	57
64	170	1	2	119	0	1953125	12	0.0	2629	1.47	0	0	V0.2	0	0	14	33	31	32	33	40	46	24	29	41	31	35	16	50	19	39	24	30	22	23	48	21	56	38	63	53	88	79	54	99	93	150	84	132	61	12	90	97	239	203	334	444	492	233	271	198	46	75	203	411	929	702	599	1000	975	233	386	186	412	715	383	358	316	336	181	214	231	184	155	99	188	99	94	76	105	91	59	96	60	60	46	76	45	46	53
64	170	1	2	119	0	1953125	12	0.0	2629	1.47	0	0	V0.2	0	0	23	15	40	38	35	41	32	36	33	36	38	17	46	26	37	13	40	27	10	38	33	36	18	64	59	57	59	65	67	54	135	88	131	64	71	96	22	184	149	257	261	490	435	268	190	164	143	164	94	459	869	746	528	1000	887	278	384	171	463	631	455	267	393	270	209	178	226	225	92	153	129	129	70	91	113	50	72	58	87	34	70	63	49	37	56
64	170	1	2	119	0	1953125	12	0.0	2629	1.47	0	0	V0.2	0	0	29	9	53	12	51	11	56	17	45	20	48	8	47	20	46	17	43	20	18	42	20	50	19	81	15	88	31	102	45	93	130	111	139	73	104	79	81	152	171	295	270	533	448	291	184	221	142	167	111	420	984	736	597	1000	997	282	435	139	436	713	451	328	379	280	251	159	275	209	130	138	141	154	44	116	91	82	58	88	93	42	76	63	64	30	65
64	170	1	2	119	0	1953125	12	0.0	2629	1.47	0	0	V0.2	0	0	27	7	52	17	51	13	56	19	44	19	49	8	48	18	45	15	43	21	17	38	19	49	17	80	15	85	24	101	42	93	124	109	128	69	102	83	86	156	183	300	279	529	444	290	179	210	141	158	122	426	992	744	627	999	990	262	440	123	442	728	453	342	374	281	254	158	274	200	138	138	148	156	47	119	89	90	56	84	83	42	72	61	62	35	67
64	170	1	2	119	0	1953125	12	0.0	2629	1.47	0	0	V0.2	0	0	30	14	52	5	54	3	59	7	47	20	48	17	45	26	43	24	40	20	22	41	24	50	30	84	9	91	36	109	37	104	119	121	129	81	103	71	98	140	198	292	289	530	452	287	189	215	129	156	141	417	1000	726	638	988	988	245	444	118	443	735	435	350	354	285	253	159	273	191	146	127	152	152	52	117	80	92	55	95	86	50	74	63	65	31	65
64	170	1	2	119	0	1953125	12	0.0	2629	1.47	0	0	V0.2	0	0	10	36	23	41	30	47	40	34	23	44	27	41	14	53	16	42	22	34	24	19	52	13	52	19	76	32	95	54	67	83	100	138	79	124	45	47	91	142	251	204	358	445	502	198	233	140	71	98	184	496	914	757	549	1000	915	232	338	184	491	694	418	320	340	337	170	226	202	208	134	124	177	86	104	58	120	62	73	74	69	60	54	78	37	55	52
64	170	1	2	119	0	1953125	12	0.0	2626	1.47	0	0	V0.2	0	0	29	6	52	16	51	14	53	19	44	19	48	5	47	17	46	16	42	21	20	43	20	53	14	83	18	91	30	101	47	92	129	109	137	63	98	87	88	162	177	305	284	541	445	285	164	200	157	155	117	437	1000	754	620	987	982	270	425	116	461	731	467	335	380	284	261	158	277	213	137	144	149	167	52	117	95	97	72	86	93	39	73	60	63	32	67
64	170	1	2	119	0	1953125	12	0.0	2629	1.47	0	0	V0.2	0	0	23	15	52	1	49	5	60	6	42	21	48	17	41	31	44	23	39	22	18	32	29	48	31	73	18	84	40	102	30	103	103	125	103	88	100	59	110	120	225	281	308	500	449	256	187	199	138	105	168	423	1000	706	631	959	975	198	404	121	440	752	412	360	329	303	237	170	267	177	154	111	169	141	60	107	78	95	40	93	70	57	62	64	57	41	65
64	170	1	2	119	0	1953125	12	0.0	2626	1.47	0	0	V0.2	0	0	28	18	52	3	52	8	59	3	46	25	48	18	39	34	42	29	40	26	25	40	35	50	35	81	24	92	45	110	37	106	113	130	118	85	104	60	112	129	216	279	298	507	444	255	178	205	149	108	147	423	999	691	611	942	956	200	401	111	444	744	406	349	333	292	239	162	271	186	148	115	162	150	57	114	86	103	56	97	81	46	65	64	63	30	62
64	170	1	2	119	0	1953125	12	0.0	2629	1.47	0	0	V0.2	0	0	19	23	49	7	46	14	61	3	41	27	46	22	35	37	38	29	36	25	20	30	36	42	39	65	33	78	57	98	32	105	100	134	93	102	102	40	118	113	245	263	323	489	459	230	193	205	138	78	168	458	1000	673	609	955	966	181	369	121	453	747	392	373	317	315	223	188	260	173	161	109	181	129	77	103	88	102	53	99	64	61	61	67	52	48	65
64	170	1	2	119	0	1953125	12	0.0	2626	1.47	0	0	V0.2	0	0	29	9	51	11	52	7	57	12	45	19	48	11	45	23	45	19	40	20	21	43	23	51	22	83	9	91	32	108	41	101	122	112	121	68	104	83	106	159	210	296	290	526	432	265	163	187	173	131	147	464	999	698	634	974	942	185	415	86	488	744	435	353	357	278	248	159	275	195	143	133	151	158	51	121	87	95	56	86	82	47	74	59	62	34	65
64	170	1	2	119	0	1953125	12	0.0	2604	1.47	0	0	V0.2	0	0	20	32	48	17	50	22	58	11	44	30	41	29	36	40	33	38	37	26	25	39	39	45	49	75	32	91	58	113	39	114	117	140	129	105	110	44	121	131	215	270	300	514	451	262	176	191	148	112	146	434	1000	686	602	922	929	189	392	113	461	751	417	335	319	285	248	151	261	189	152	125	162	164	62	117	91	113	69	102	97	57	73	64	73	37	67
64	170	2	2	119	0	1953125	12	0.0	2606	1.47	0	0	V0.2	0	0	16	37	6	49	15	50	19	43	13	45	18	40	16	49	16	41	22	38	30	29	54	21	68	16	90	27	111	55	97	90	115	155	113	140	26	64	73	157	226	187	347	440	498	214	233	120	69	128	175	511	870	739	510	1000	879	211	359	200	526	677	436	273	342	310	168	208	190	224	126	136	167	107	118	67	137	74	101	86	87	64	64	83	48	55	54
64	170	2	2	119	0	1953125	12	0.0	2604	1.47	0	0	V0.2	0	0	35	11	54	21	53	24	53	24	48	21	49	9	52	18	50	14	43	22	24	48	22	63	7	89	27	100	51	111	71	95	146	116	167	75	110	89	94	193	168	297	288	556	452	290	153	182	181	154	118	489	998	744	620	1000	946	217	442	115	518	757	473	320	371	273	267	162	273	220	140	152	147	172	64	126	108	104	80	90	100	51	82	67	73	43	73
64	170	1	2	119	0	1953125	12	0.0	2606	1.47	0	0	V0.2	0	0	34	10	48	26	49	30	46	27	45	26	47	7	51	16	49	13	44	26	26	49	23	63	7	91	40	95	63	109	85	87	149	117	170	77	103	96	77	201	158	291	283	543	452	280	151	172	178	162	97	488	968	750	587	1000	930	237	428	113	524	727	476	297	379	268	253	161	263	230	127	160	144	172	72	122	118	94	83	87	110	51	86	70	73	42	69
64	170	1	2	119	0	1953125	12	0.0	2604	1.47	0	0	V0.2	0	0	18	41	57	26	36	68	33	32	56	23	45	47	17	51	48	16	43	36	38	29	43	76	42	39	105	91	56	125	120	93	127	198	169	71	95	138	157	103	206	336	413	506	570	337	130	133	133	81	241	566	870	983	807	1000	718	545	157	269	636	569	586	496	298	248	316	302	206	204	231	190	130	147	166	122	90	132	124	81	90	108	82	72	88	83	66
64	170	1	2	119	0	1953125	12	0.0	2604	1.47	0	0	V0.2	0	0	30	37	28	48	59	23	41	36	53	23	28	48	40	32	33	49	33	24	48	54	27	49	52	89	15	108	60	107	52	123	152	107	168	93	112	69	104	199	161	263	275	543	426	277	170	170	162	168	77	506	894	735	555	1000	877	256	403	158	517	671	492	242	363	295	214	187	196	257	127	133	147	140	124	55	139	93	89	62	97	85	44	76	67	60	39
64	170	1	2	119	0	1953125	12	0.0	2604	1.47	0	0	V0.2	0	0	27	31	38	31	61	8	44	21	55	15	34	38	47	21	35	36	38	14	38	52	13	50	35	86	3	105	59	97	53	109	155	95	165	89	102	90	83	212	162	262	279	530	429	270	167	145	167	159	76	525	878	757	553	999	847	237	374	159	525	675	496	249	363	309	211	200	193	256	134	131	159	134	125	51	138	97	87	68	96	88	45	76	61	59	49
64	170	1	2	119	0	1953125	12	0.0	2606	1.47	0	0	V0.2	0	0	17	31	53	19	45	61	9	47	40	28	53	23	51	42	24	54	31	36	41	51	37	49	82	35	72	125	61	99	125	96	131	205	146	91	111	112	74	169	231	245	408	545	453	370	202	81	67	68	288	540	765	1000	765	954	732	503	163	253	600	535	607	446	287	311	300	219	225	241	180	160	202	152	95	144	121	87	126	112	78	89	89	65	78	86	65
64	170	1	2	119	0	1953125	12	0.0	2604	1.47	0	0	V0.2	0	0	18	46	14	49	9	60	25	42	17	53	19	40	21	52	11	45	25	34	24	34	57	11	67	20	89	31	116	68	92	101	119	164	106	155	60	59	97	151	254	197	360	454	508	189	222	177	95	85	178	503	934	729	537	1000	949	190	333	193	511	744	421	321	316	349	188	219	221	216	165	116	202	117	119	80	133	108	76	102	80	80	56	87	58	53	59
64	170	1	2	119	0	1953125	12	0.0	2606	1.47	0	0	V0.2	0	0	23	27	42	24	49	26	57	15	40	34	41	32	27	50	32	40	32	37	31	32	51	40	60	64	58	88	78	116	55	120	107	165	120	129	106	6	128	104	240	244	332	489	484	226	203	220	117	66	192	440	991	687	585	975	1000	169	380	174	480	782	399	355	300	335	216	201	256	190	175	104	199	130	102	107	112	119	72	117	78	73	63	87	66	50	63
64	170	2	2	119	0	1953125	12	0.0	2604	1.47	0	0	V0.2	0	0	32	14	54	4	56	4	60	10	47	17	48	18	45	30	46	25	41	25	26	40	33	57	33	85	20	103	42	121	53	114	130	140	152	94	127	56	121	143	198	289	292	526	448	257	159	227	169	110	154	428	1000	695	598	963	998	215	413	132	470	771	426	341	324	297	253	166	275	191	164	127	173	162	70	126	95	117	63	106	89	70	81	74	74	48	75
