34928	35048	35167	35286	35405	35524	35644	35763	35882	36001	36120	36240	36359	36478	36597	36716	36836	36955	37074	37193	37313	37432	37551	37670	37789	37909	38028	38147	38266	38385	38505	38624	38743	38862	38981	39101	39220	39339	39458	39577	39697	39816	39935	40054	40174	40293	40412	40531	40650	40770	40889	41008	41127	41246	41366	41485	41604	41723	41842	41962	42081	42200	42319	42439	42558	42677	42796	42915	43035	43154	43273	43392	43511	43631	43750	43869	43988	44107	44227	44346	44465	44584	44703	44823	44942
64	170	1	2	119	0	1953125	12	0.0	0	0.96	0	0	V0.2	0	0	36	66	45	65	54	62	61	61	66	62	70	65	71	68	73	74	75	78	81	79	87	77	95	71	100	64	104	59	100	62	93	75	79	104	83	149	122	203	186	263	264	336	355	411	453	496	562	591	678	705	819	848	957	951	999	906	857	669	565	382	317	192	167	119	100	125	92	134	102	136	115	129	126	118	124	106	122	100	115	96	105	91	92	87	82
64	170	1	2	119	0	1953125	12	0.0	0	0.96	0	0	V0.2	0	0	50	51	58	48	65	47	69	49	71	54	72	60	74	65	76	69	82	72	89	72	97	71	103	70	106	73	104	79	96	90	85	104	74	128	92	164	142	209	213	262	295	331	385	407	481	493	585	592	694	712	830	858	961	959	1000	914	852	673	555	388	302	209	155	147	100	141	109	143	129	140	141	130	147	123	142	115	135	111	123	109	109	104	97	97	87
64	170	1	2	119	0	1953125	12	0.0	0	0.97	0	0	V0.2	0	0	78	49	78	57	76	64	76	72	78	78	82	83	88	88	97	94	106	99	115	106	122	115	128	127	130	143	132	158	131	173	136	187	148	205	180	233	231	269	297	314	368	378	450	451	535	536	626	635	724	751	846	892	968	990	999	942	852	708	562	442	332	290	216	234	188	220	194	208	201	194	201	178	194	165	182	149	164	137	144	126	126	114	109	103	97
64	170	1	2	119	0	1953125	12	0.0	0	0.96	0	0	V0.2	0	0	65	35	69	36	70	41	70	48	70	55	70	61	72	65	77	67	83	69	90	72	95	76	95	82	92	90	82	101	70	109	61	113	69	120	111	141	170	182	245	236	321	314	406	402	493	502	588	612	688	741	822	895	951	1000	988	953	839	708	534	419	279	233	136	149	109	126	133	119	150	118	155	121	152	124	139	124	126	124	113	119	103	110	94	100	89
64	170	1	2	119	0	1953125	12	0.0	0	0.96	0	0	V0.2	0	0	49	53	57	50	64	49	68	50	71	53	72	59	73	64	75	68	81	70	88	71	95	69	100	66	101	68	100	74	91	84	77	97	61	118	82	154	135	198	208	249	291	321	382	398	477	486	582	589	692	711	828	860	961	964	1000	918	854	679	557	393	301	211	148	139	89	132	102	131	122	126	136	119	141	113	138	109	129	106	116	105	103	100	93	94	84
64	170	1	2	119	0	1953125	12	0.0	0	0.96	0	0	V0.2	0	0	57	46	64	44	69	43	71	47	73	53	73	58	74	64	78	68	84	70	91	70	98	69	103	71	103	78	100	87	88	100	75	113	66	131	94	160	151	203	225	252	307	323	399	403	492	492	593	596	698	720	833	871	965	974	1000	929	852	684	550	399	296	222	147	153	99	142	116	137	138	131	150	125	152	121	149	119	136	115	121	112	107	107	96	99	88
64	170	1	2	119	0	1953125	12	0.0	0	0.97	0	0	V0.2	0	0	83	51	82	58	83	66	82	74	84	80	87	86	92	91	100	97	110	102	119	108	127	117	132	128	134	142	136	158	135	174	137	186	146	205	175	232	224	268	290	311	361	375	444	447	528	530	621	627	719	744	843	885	967	985	1000	938	852	705	566	442	336	289	215	232	184	218	188	206	194	191	194	175	189	159	178	145	161	131	140	121	120	108	103	98	91
64	170	1	2	119	0	1953125	12	0.0	0	0.96	0	0	V0.2	0	0	59	47	66	44	70	45	73	49	74	55	74	61	76	66	80	70	85	72	93	73	100	73	105	74	105	81	101	91	90	103	79	115	70	132	98	162	151	203	226	253	308	324	398	402	491	493	592	599	698	721	832	871	963	977	1000	929	852	688	552	403	298	226	150	156	103	144	120	141	140	134	152	128	154	122	149	118	135	115	120	112	107	107	96	98	86
64	170	1	2	119	0	1953125	12	0.0	0	0.96	0	0	V0.2	0	0	53	52	61	49	67	48	71	50	73	54	74	61	75	66	77	69	83	70	90	70	97	68	101	69	102	71	97	78	87	87	71	98	57	115	82	147	138	191	213	242	295	315	386	393	479	485	583	590	692	716	827	865	960	972	1000	927	855	688	555	402	299	218	144	141	89	128	104	125	125	118	137	113	141	110	134	108	125	106	112	106	100	102	89	93	81
64	170	1	2	119	0	1953125	12	0.0	0	0.96	0	0	V0.2	0	0	47	55	55	51	62	49	67	50	69	53	71	59	72	65	75	69	79	71	87	72	95	69	102	67	105	68	105	74	99	84	88	99	75	125	89	164	138	211	208	263	290	333	382	409	477	495	584	593	695	710	832	855	964	955	1000	908	853	669	555	383	306	205	157	141	98	141	105	144	123	140	138	132	143	124	145	116	135	109	125	107	110	102	98	96	86
64	170	1	2	119	0	1953125	12	0.0	0	0.97	0	0	V0.2	0	0	78	52	82	54	85	58	87	65	89	73	90	80	95	87	102	93	110	99	120	104	131	108	140	112	149	121	155	134	157	149	158	169	157	198	172	238	207	283	263	334	331	398	416	464	504	539	603	625	710	730	839	862	967	956	999	907	857	675	575	409	353	260	235	214	189	214	178	214	174	205	172	191	169	168	159	150	151	132	137	116	123	102	106	92	93
64	170	1	2	119	0	1953125	12	0.0	0	0.96	0	0	V0.2	0	0	63	40	69	39	71	42	72	47	72	55	72	61	73	65	79	68	86	71	92	73	98	75	100	80	99	89	91	98	78	110	68	117	68	127	107	154	166	193	240	244	320	319	409	404	498	501	597	611	700	739	834	893	965	997	1000	949	849	703	544	416	288	234	141	155	107	135	130	128	150	124	157	123	158	126	147	123	131	122	117	119	106	111	96	100	88
64	170	1	2	119	0	1953125	12	0.0	0	0.97	0	0	V0.2	0	0	81	48	83	53	84	60	86	67	86	75	89	82	94	88	100	93	110	99	120	103	129	109	137	117	143	130	146	144	145	160	144	179	147	203	168	236	211	277	272	322	344	384	428	452	515	529	612	621	714	732	843	868	967	964	999	915	855	686	573	423	345	274	224	225	183	218	179	212	182	199	182	182	179	162	169	145	157	130	141	117	123	105	106	96	92
64	170	1	2	119	0	1953125	12	0.0	0	0.96	0	0	V0.2	0	0	66	34	70	37	72	44	71	51	70	58	71	64	74	69	79	71	85	72	92	77	95	80	95	88	92	99	84	107	72	115	66	116	75	122	117	142	175	181	246	235	322	315	405	400	490	502	585	614	686	743	816	895	948	1000	981	949	830	707	531	422	280	239	142	153	117	128	138	121	154	120	157	125	153	126	141	128	127	125	112	120	103	111	95	99	87
64	170	1	2	119	0	1953125	12	0.0	0	0.97	0	0	V0.2	0	0	83	51	83	58	82	66	83	73	83	79	87	86	92	91	100	95	110	101	119	108	127	116	132	127	135	143	136	157	134	173	136	187	145	205	174	233	224	269	289	311	362	375	444	446	529	530	623	628	721	745	847	888	970	984	1000	936	852	703	564	440	334	288	214	232	183	218	187	205	193	190	193	174	188	155	175	143	160	131	141	121	122	109	105	99	92
64	170	1	2	119	0	1953125	12	0.0	0	0.96	0	0	V0.2	0	0	34	69	34	71	39	71	46	70	53	71	60	72	64	76	68	81	69	88	72	94	74	98	80	97	87	92	98	81	106	68	115	62	121	85	136	139	166	206	214	280	276	369	356	456	444	549	553	650	668	762	814	904	957	1000	995	945	842	699	548	402	309	200	185	107	144	112	136	136	130	151	125	156	122	155	122	143	119	128	117	114	113	102	105	92	94
64	170	1	2	119	0	1953125	12	0.0	0	0.97	0	0	V0.2	0	0	83	49	84	53	86	61	86	68	88	76	90	84	95	89	103	94	111	99	121	104	131	110	139	117	144	131	147	146	145	165	145	182	147	207	168	239	210	279	274	324	346	385	431	454	520	531	617	621	717	731	846	869	970	964	999	914	855	684	571	423	345	277	224	228	182	222	178	212	180	198	180	181	179	162	170	144	157	129	141	116	122	105	106	95	91
64	170	1	2	119	0	1953125	12	0.0	0	0.97	0	0	V0.2	0	0	76	43	76	52	75	60	74	68	76	74	78	81	85	85	95	90	104	95	114	102	123	112	128	126	133	144	136	161	135	179	139	195	150	215	183	246	233	282	300	325	375	389	458	458	543	539	635	634	730	747	854	889	976	982	1000	927	848	694	562	437	337	297	226	248	196	236	200	223	205	205	205	188	202	170	188	153	172	140	152	128	134	117	115	107	101
64	170	1	2	119	0	1953125	12	0.0	0	0.97	0	0	V0.2	0	0	83	55	81	64	79	72	79	80	81	85	84	91	91	95	100	99	108	105	118	113	124	124	126	137	127	153	128	169	127	183	131	192	147	204	184	227	237	259	304	303	376	368	456	444	536	534	625	634	718	756	842	903	965	1000	989	944	836	711	549	450	322	298	211	235	188	214	196	196	203	180	202	164	194	154	179	144	159	134	138	123	118	112	102	101	90
64	170	1	2	119	0	1953125	12	0.0	0	0.97	0	0	V0.2	0	0	68	59	66	68	65	75	65	80	69	85	75	88	84	93	92	99	102	105	109	116	115	128	118	143	121	160	125	176	131	188	143	196	167	210	208	232	259	265	323	311	393	379	467	456	542	545	626	647	716	765	836	909	955	1000	975	943	823	713	542	459	329	311	230	249	213	225	220	208	224	192	218	178	207	165	188	154	167	144	145	133	125	120	110	109	98
64	170	1	2	119	0	1953125	12	0.0	0	0.97	0	0	V0.2	0	0	69	70	64	76	63	83	64	87	70	90	76	93	84	98	94	103	99	111	104	122	107	134	109	147	111	160	118	169	127	173	144	173	168	176	208	195	256	232	313	285	372	362	440	448	510	544	591	649	681	769	805	911	926	1000	949	946	803	716	526	454	316	290	224	214	211	187	216	175	213	168	202	163	186	160	166	155	145	144	125	130	109	116	96	101	88
64	170	1	2	119	0	1953125	12	0.0	0	0.97	0	0	V0.2	0	0	62	64	57	72	58	78	58	82	64	85	70	88	79	91	88	97	95	104	100	116	105	131	108	145	111	161	117	172	128	181	144	185	170	193	216	213	265	249	327	299	389	372	459	453	529	549	611	652	697	771	817	912	935	1000	954	941	802	711	525	455	318	303	229	234	219	210	227	194	227	182	218	174	204	165	182	160	161	150	139	138	122	124	107	110	97
64	170	1	2	119	0	1953125	12	0.0	0	0.97	0	0	V0.2	0	0	87	52	84	62	82	71	81	79	82	86	87	90	92	94	101	98	110	103	119	111	125	123	129	137	130	156	130	172	126	187	129	196	143	210	181	232	235	265	304	305	379	370	462	445	544	534	633	637	728	759	854	908	975	1000	992	941	838	704	546	446	321	300	210	240	186	220	196	201	202	183	202	166	194	149	180	141	162	131	141	122	119	112	103	102	90
64	170	1	2	119	0	1953125	12	0.0	0	0.97	0	0	V0.2	0	0	150	33	155	32	157	41	153	55	147	68	138	83	131	95	127	105	125	118	128	132	128	155	125	181	111	214	91	244	65	268	56	278	102	284	180	284	263	284	351	292	439	336	520	407	592	504	669	622	747	753	857	904	971	1000	982	944	823	711	546	441	370	255	317	151	314	131	306	162	277	203	232	236	180	253	129	253	85	238	58	220	52	194	53	168	53
64	170	1	2	119	0	1953125	12	0.0	0	0.97	0	0	V0.2	0	0	87	46	87	53	87	61	86	70	87	78	89	85	95	89	102	94	112	98	121	104	131	110	137	123	141	140	141	158	138	175	134	190	138	212	166	241	214	276	280	316	358	379	444	446	529	527	627	624	728	740	854	883	979	975	1000	916	847	682	560	428	338	288	215	235	178	225	179	211	186	194	188	174	184	156	174	140	161	128	142	116	122	106	104	97	91
64	170	1	2	119	0	1953125	12	0.0	0	0.97	0	0	V0.2	0	0	53	137	64	135	75	131	85	124	93	119	99	115	104	114	108	118	115	124	122	133	134	138	152	142	174	141	201	130	230	113	256	93	283	96	314	142	343	211	376	293	411	394	461	486	517	584	597	687	693	793	828	920	966	992	1000	919	859	673	596	399	412	224	326	164	292	186	266	218	232	244	191	257	151	259	114	250	83	230	65	208	57	183	52	161	48
64	170	1	2	119	0	1953125	12	0.0	0	0.97	0	0	V0.2	0	0	84	46	86	51	88	58	88	65	89	75	91	81	95	88	102	93	110	96	121	102	131	107	139	115	145	129	149	145	146	162	143	181	143	207	164	241	205	280	266	324	342	388	428	452	515	529	615	622	720	733	850	872	976	962	1000	903	848	672	567	418	347	273	222	225	180	221	174	213	177	200	179	182	176	161	169	144	158	127	141	115	123	102	106	94	92
64	170	1	2	119	0	1953125	12	0.0	0	0.97	0	0	V0.2	0	0	29	136	39	137	48	135	58	131	67	127	75	125	80	125	87	129	94	136	100	144	110	152	125	158	146	159	173	154	202	140	231	119	264	109	302	135	340	192	381	270	424	368	478	463	536	563	612	671	705	785	837	917	969	997	1000	929	852	688	581	414	395	232	316	154	295	160	279	186	254	212	219	229	184	237	145	233	111	219	86	201	70	179	61	158	57
64	170	1	2	119	0	1953125	12	0.0	0	0.96	0	0	V0.2	0	0	65	39	71	39	74	42	74	49	74	56	74	63	77	67	81	71	87	72	95	74	101	75	103	81	101	91	95	101	81	112	69	119	68	133	107	158	165	195	241	246	324	323	411	405	501	502	601	615	706	744	841	899	974	999	1000	941	842	695	540	414	289	236	142	158	108	139	130	131	149	126	158	123	156	121	147	123	133	121	118	117	105	110	95	100	87
64	170	1	2	119	0	1953125	12	0.0	0	0.97	0	0	V0.2	0	0	61	39	68	38	71	40	71	46	72	53	72	60	74	64	78	67	84	70	92	70	97	72	100	77	97	86	91	97	77	107	64	114	63	125	102	151	163	190	237	243	321	319	410	402	497	500	599	614	704	744	838	898	972	1000	999	942	843	697	539	413	287	233	138	152	102	133	126	125	146	120	154	120	155	123	145	121	130	121	117	118	105	112	95	100	88
64	170	1	2	119	0	1953125	12	0.0	0	0.96	0	0	V0.2	0	0	51	61	59	56	67	54	71	55	74	58	76	64	78	70	81	75	85	78	93	79	101	76	109	73	113	72	115	77	109	88	100	104	86	131	96	172	138	221	204	274	287	345	379	417	474	500	585	599	697	716	837	859	971	955	1000	898	850	658	556	379	315	205	168	145	109	150	108	153	121	148	133	139	144	130	143	116	136	109	124	102	111	98	97	92	84
64	170	1	2	119	0	1953125	12	0.0	0	0.97	0	0	V0.2	0	0	81	49	85	52	88	58	89	65	89	74	93	82	96	88	102	94	110	97	121	102	131	106	141	113	148	124	153	139	153	156	150	175	149	203	167	241	206	284	264	332	338	395	423	461	512	537	613	627	717	733	848	868	973	957	1000	900	850	668	569	408	348	263	227	217	182	217	173	213	174	202	171	185	171	168	166	147	153	129	140	115	124	102	107	94	92
64	170	1	2	119	0	1953125	12	0.0	0	0.97	0	0	V0.2	0	0	22	140	27	143	36	142	44	139	54	135	61	133	68	134	75	138	81	144	88	154	98	164	112	170	132	175	160	171	190	160	223	141	259	125	302	141	346	189	392	260	439	357	495	453	553	557	628	666	716	781	842	915	970	1000	998	935	847	694	572	420	384	239	313	152	300	145	291	166	271	192	241	213	204	222	166	223	132	212	102	195	82	175	71	156	65
64	170	1	2	119	0	1953125	12	0.0	0	0.97	0	0	V0.2	0	0	55	50	62	45	68	44	71	46	73	52	73	59	75	64	78	69	85	71	92	71	99	69	106	70	107	76	104	85	93	98	81	112	68	133	91	168	146	209	220	258	305	329	397	406	489	493	595	597	702	720	837	869	971	968	1000	911	845	667	546	388	298	216	148	151	98	144	112	141	134	135	146	126	150	118	148	116	137	111	122	111	109	106	95	98	87
64	170	1	2	119	0	1953125	12	0.0	0	0.96	0	0	V0.2	0	0	61	47	69	44	73	43	75	48	75	54	76	62	77	66	81	70	87	72	95	73	103	72	107	75	107	83	103	94	92	107	80	118	69	138	99	168	153	207	228	256	313	327	404	405	494	495	599	602	705	726	839	877	972	977	1000	921	846	677	546	399	296	226	147	157	103	147	121	141	141	133	154	125	155	119	149	117	137	115	121	113	107	107	95	99	85
64	170	1	2	119	0	1953125	12	0.0	0	0.97	0	0	V0.2	0	0	81	58	79	67	78	74	77	81	79	87	83	91	90	95	99	99	107	105	115	115	121	125	124	138	125	155	125	169	125	182	132	189	150	201	189	222	240	255	306	299	376	367	454	444	533	535	619	638	713	758	836	904	958	1000	984	946	832	712	545	452	321	296	211	231	191	210	200	192	206	178	204	164	194	154	177	146	157	135	136	125	116	112	101	102	89
64	170	1	2	119	0	1953125	12	0.0	0	0.97	0	0	V0.2	0	0	42	132	54	131	66	128	76	123	85	119	92	116	98	116	103	120	109	127	116	134	126	142	144	145	165	146	191	136	219	122	246	104	275	104	308	143	339	208	376	288	415	386	465	478	523	577	601	679	696	787	827	914	963	993	1000	925	859	681	590	403	401	227	318	161	289	178	266	207	236	230	200	245	160	246	124	239	94	222	74	201	62	178	57	157	51
64	170	1	2	119	0	1953125	12	0.0	0	0.97	0	0	V0.2	0	0	74	57	81	57	85	59	89	65	91	72	94	80	97	88	102	95	110	100	119	104	130	106	141	110	151	117	162	126	166	140	167	160	166	192	177	235	208	285	257	340	324	408	406	476	494	550	597	635	705	739	839	870	971	957	1000	902	853	667	572	401	358	249	242	203	196	208	180	212	172	206	165	194	161	175	154	156	146	136	134	118	121	103	106	92	94
64	170	1	2	119	0	1953125	12	0.0	0	0.96	0	0	V0.2	0	0	62	44	69	41	73	43	75	48	75	54	75	62	78	67	82	70	88	72	96	73	103	73	106	76	106	86	101	96	87	109	75	120	69	136	102	166	158	205	233	254	317	327	408	405	498	498	601	606	706	731	839	882	972	983	1000	927	845	683	543	399	290	225	143	155	102	144	122	138	144	130	154	124	158	121	149	119	134	116	120	113	106	108	95	99	86
64	170	1	2	119	0	1953125	12	0.0	0	0.97	0	0	V0.2	0	0	56	51	63	46	69	45	72	48	74	53	75	60	77	66	79	69	85	72	93	71	100	70	107	70	109	76	106	85	97	98	84	112	70	135	92	169	146	213	221	263	304	333	396	409	490	496	595	597	704	719	837	867	971	965	1000	910	846	665	546	384	297	213	149	150	99	146	112	144	133	136	145	127	150	120	145	115	137	113	123	109	108	105	95	97	85
64	170	1	2	119	0	1953125	12	0.0	0	0.96	0	0	V0.2	0	0	39	65	48	62	57	59	62	58	68	59	71	63	73	70	75	75	79	79	85	81	93	79	101	74	109	70	115	68	113	74	108	89	97	121	102	168	136	222	197	281	274	354	365	429	460	511	572	605	687	716	830	857	966	952	1000	899	849	655	557	373	318	192	176	130	117	143	109	154	115	154	126	146	133	134	136	123	133	110	126	104	114	97	101	92	88
64	170	1	2	119	0	1953125	12	0.0	0	0.97	0	0	V0.2	0	0	37	61	46	58	55	55	61	55	65	56	68	61	71	65	72	71	75	75	83	76	90	73	98	68	104	64	108	63	105	71	98	87	84	118	93	163	131	216	195	273	276	348	368	421	464	504	575	601	691	715	829	856	966	951	1000	899	850	657	556	372	313	191	167	128	105	137	102	148	113	146	125	139	134	126	136	118	133	108	124	102	114	98	99	93	88
64	170	1	2	119	0	1953125	12	0.0	0	0.96	0	0	V0.2	0	0	57	53	66	50	71	50	75	53	77	57	78	64	79	69	82	73	88	76	95	76	104	75	109	75	111	79	111	87	102	99	89	114	77	136	95	171	145	214	217	265	301	336	394	409	486	496	592	597	701	716	834	863	967	963	1000	909	848	668	551	387	303	215	156	153	104	149	112	147	132	141	144	131	150	123	147	114	136	110	123	107	109	101	95	94	84
64	170	1	2	119	0	1953125	12	0.0	0	0.97	0	0	V0.2	0	0	47	54	55	50	63	49	67	48	70	53	72	58	73	64	75	68	80	71	88	71	95	68	102	65	106	67	107	73	98	86	88	101	72	127	87	164	135	212	206	264	290	335	383	408	477	494	584	593	696	711	832	856	966	954	1000	902	848	661	552	378	305	205	157	142	97	143	104	144	123	140	136	130	144	121	143	114	135	109	124	106	109	101	97	95	86
64	170	1	2	119	0	1953125	12	0.0	0	0.96	0	0	V0.2	0	0	47	60	55	56	63	53	68	54	72	56	73	62	75	67	78	72	81	76	90	76	98	75	105	70	111	71	112	73	107	85	98	100	86	129	96	171	137	220	204	273	286	346	377	418	473	501	582	598	695	714	834	857	968	953	1000	898	849	658	555	376	311	201	166	141	107	146	107	152	121	149	135	140	143	127	141	117	135	110	125	104	112	99	99	93	86
64	170	1	2	119	0	1953125	12	0.0	0	0.97	0	0	V0.2	0	0	66	38	70	37	72	41	75	48	73	56	74	62	76	66	80	69	87	72	95	73	100	75	101	81	99	92	92	102	78	113	67	120	68	131	109	156	169	194	244	245	326	322	413	404	502	503	601	616	704	743	836	897	967	999	996	944	841	696	535	412	284	234	137	156	108	136	132	128	151	124	158	123	159	124	145	123	131	123	118	120	105	111	94	100	87
64	170	1	2	119	0	1953125	12	0.0	0	0.96	0	0	V0.2	0	0	64	39	70	38	74	41	74	48	74	56	75	63	77	68	81	71	88	71	95	74	101	75	102	80	100	91	94	102	81	113	69	120	68	132	107	158	166	195	241	247	322	321	413	405	501	500	601	613	706	742	838	894	968	997	1000	941	844	695	537	409	284	233	141	157	106	137	128	129	149	125	157	124	159	122	146	121	132	121	118	117	104	109	93	100	86
64	170	1	2	119	0	1953125	12	0.0	0	0.97	0	0	V0.2	0	0	60	43	66	40	71	42	72	46	73	52	73	59	74	65	79	68	85	69	92	69	98	70	102	73	101	82	95	92	83	103	70	114	63	128	97	157	157	196	231	246	314	321	404	401	495	494	596	605	703	732	836	883	967	985	1000	930	845	688	542	403	291	226	141	151	100	137	121	132	142	125	152	121	153	118	145	118	133	116	118	115	105	110	95	100	87
64	170	1	2	119	0	1953125	12	0.0	0	0.96	0	0	V0.2	0	0	67	41	73	40	75	45	76	52	76	59	77	65	79	70	84	73	90	74	98	76	104	78	105	84	103	95	97	105	85	116	74	124	73	136	109	161	167	198	243	248	322	322	411	405	500	502	600	613	705	740	836	894	969	997	1000	943	846	700	543	416	291	237	145	161	111	141	132	133	150	127	158	125	158	124	149	123	133	121	117	116	104	108	94	98	86
64	170	1	2	119	0	1953125	12	0.0	0	0.97	0	0	V0.2	0	0	58	43	66	40	69	41	71	45	72	51	72	59	75	64	77	67	84	69	91	69	98	69	99	72	101	80	95	90	83	102	69	112	61	127	96	157	154	197	229	247	314	321	404	400	495	495	597	604	702	730	835	881	968	983	1000	931	845	686	543	401	289	223	139	150	98	136	118	131	140	125	150	122	155	119	146	120	134	117	119	114	105	108	94	100	87
64	170	1	2	119	0	1953125	12	0.0	0	0.96	0	0	V0.2	0	0	50	54	60	50	65	47	69	49	72	54	73	60	75	66	78	71	83	73	91	74	99	72	105	70	108	73	108	79	100	92	90	106	75	130	92	168	140	212	211	265	294	335	386	408	480	493	588	595	698	714	832	858	966	959	1000	907	849	665	551	383	304	209	157	148	102	146	108	146	127	140	140	132	148	125	147	117	137	112	124	107	109	102	97	95	86
64	170	1	2	119	0	1953125	12	0.0	0	0.97	0	0	V0.2	0	0	49	55	58	51	64	49	69	50	70	54	72	60	73	65	77	70	82	73	90	73	97	70	104	69	107	70	108	77	100	88	89	104	75	129	91	167	139	213	210	267	292	337	384	410	480	497	587	596	698	713	833	859	968	958	1000	905	851	664	553	383	307	207	158	144	100	144	107	147	126	142	138	132	146	125	147	117	136	111	124	106	111	103	98	96	87
64	170	1	2	119	0	1953125	12	0.0	0	0.96	0	0	V0.2	0	0	56	53	64	48	70	47	74	49	75	54	76	61	78	67	81	72	86	73	94	74	102	72	107	72	111	77	109	85	99	98	86	112	73	136	94	170	144	214	218	263	301	333	393	407	487	494	594	597	702	716	836	864	969	962	1000	907	846	665	549	388	302	215	154	152	101	148	112	146	132	139	145	130	150	123	149	117	137	111	124	108	108	102	96	96	85
64	170	1	2	119	0	1953125	12	0.0	0	0.96	0	0	V0.2	0	0	49	60	59	55	66	53	71	53	73	58	75	63	77	68	80	75	84	77	92	79	100	75	107	73	112	73	114	78	108	88	98	104	85	131	96	171	138	218	205	271	284	340	378	413	473	498	583	596	695	713	832	855	966	953	1000	901	850	661	556	380	312	206	166	145	108	148	109	152	124	147	136	138	144	124	140	115	134	108	123	104	110	98	96	93	86
64	170	1	2	119	0	1953125	12	0.0	0	0.97	0	0	V0.2	0	0	53	50	61	45	67	44	69	46	71	51	72	57	74	63	77	68	83	70	91	69	98	68	104	67	103	72	102	82	91	95	78	109	64	130	89	163	144	206	220	257	302	326	394	403	488	492	594	596	703	719	837	866	967	967	1000	914	848	672	546	388	296	213	145	147	94	141	111	138	132	132	146	124	149	117	146	115	135	112	122	109	107	106	96	98	87
64	170	1	2	119	0	1953125	12	0.0	0	0.96	0	0	V0.2	0	0	52	63	48	70	45	74	46	74	51	75	57	77	64	79	69	84	71	91	73	100	73	105	73	107	79	105	90	96	102	82	116	67	127	80	147	131	179	198	224	275	281	368	357	456	442	551	548	653	665	766	811	905	955	1000	993	942	840	692	544	394	311	194	188	107	146	119	134	143	126	157	122	160	121	154	124	141	123	124	121	109	115	98	105	91	93
64	170	1	2	119	0	1953125	12	0.0	0	0.96	0	0	V0.2	0	0	41	62	50	58	59	55	64	55	69	57	71	62	73	68	76	74	80	77	86	77	93	76	102	72	108	70	112	68	108	78	102	93	90	124	98	167	135	218	199	274	277	347	368	419	465	503	575	600	691	714	831	856	965	952	1000	898	851	658	556	374	315	197	171	135	110	143	106	152	117	151	130	144	139	130	139	118	135	110	125	103	113	98	100	94	87
64	170	1	2	119	0	1953125	12	0.0	0	0.97	0	0	V0.2	0	0	46	54	54	50	61	48	66	48	69	52	71	58	72	63	76	68	79	71	87	71	96	67	102	64	105	65	106	72	99	84	87	101	71	126	86	167	134	212	206	265	289	334	383	410	479	493	586	592	698	712	835	854	967	954	999	900	850	659	550	376	303	199	152	139	94	140	101	144	122	138	136	130	146	120	141	113	137	108	124	106	110	101	96	95	86
64	170	1	2	119	0	1953125	12	0.0	0	0.97	0	0	V0.2	0	0	26	133	18	137	22	136	35	131	49	126	62	119	73	117	83	116	92	118	103	121	115	120	134	115	154	102	178	80	199	53	218	42	227	89	235	163	245	242	265	325	296	417	358	502	436	587	541	678	661	780	811	904	955	983	1000	914	863	661	585	375	358	222	219	207	141	241	99	257	91	256	112	239	139	209	161	173	173	134	173	104	166	81	153	64	137
64	170	1	2	119	0	1953125	12	0.0	0	0.97	0	0	V0.2	0	0	49	59	44	63	42	68	43	70	49	71	54	72	60	73	65	78	68	84	68	93	68	98	65	102	66	103	74	98	82	86	96	71	112	71	140	111	180	174	233	248	289	341	363	434	441	533	537	642	645	762	783	903	920	1000	954	946	805	704	510	413	277	216	160	114	137	94	143	110	143	128	136	139	127	143	118	138	109	128	106	119	103	104	98	92	90
64	170	1	2	119	0	1953125	12	0.0	0	0.97	0	0	V0.2	0	0	79	52	83	52	86	57	88	63	90	71	91	79	96	87	101	93	110	97	120	102	131	104	141	110	149	119	156	133	158	150	157	170	156	200	170	238	204	285	260	334	330	398	414	465	503	540	605	626	712	731	843	863	970	954	1000	900	852	666	572	404	351	254	232	213	187	214	175	214	171	204	170	190	166	169	159	149	151	132	138	116	123	103	108	93	93
64	170	1	2	119	0	1953125	12	0.0	0	0.96	0	0	V0.2	0	0	47	59	56	54	63	51	68	52	71	55	73	61	75	67	78	72	82	75	90	76	98	72	106	69	110	69	113	74	107	85	98	102	83	130	92	170	135	217	203	271	286	341	377	413	473	497	582	595	695	710	833	855	968	952	1000	897	848	656	555	374	310	202	165	142	105	145	106	151	121	147	135	137	143	124	141	114	136	109	125	105	112	100	98	94	86
64	170	1	2	119	0	1953125	12	0.0	0	0.96	0	0	V0.2	0	0	41	70	40	74	43	75	48	75	55	75	62	76	67	80	72	85	74	93	76	101	77	105	79	106	85	103	95	94	105	83	117	71	126	83	147	130	178	194	225	267	282	358	356	449	440	544	543	647	655	763	800	905	939	1000	976	945	826	704	534	410	300	211	183	114	151	108	146	128	142	145	132	151	125	150	120	143	114	129	110	114	105	101	100	89	90
64	170	1	2	119	0	1953125	12	0.0	0	0.96	0	0	V0.2	0	0	41	70	40	74	43	75	48	75	55	75	62	76	67	80	72	85	74	93	76	101	77	105	79	106	85	103	95	94	105	83	117	71	126	83	147	130	178	194	225	267	282	358	356	449	440	544	543	647	655	763	800	905	939	1000	976	945	826	704	534	410	300	211	183	114	151	108	146	128	142	145	132	151	125	150	120	143	114	129	110	114	105	101	100	89	90
64	170	1	2	119	0	1953125	12	0.0	0	0.97	0	0	V0.2	0	0	35	62	45	60	53	57	60	55	65	57	68	61	71	67	73	72	76	76	82	77	90	75	97	68	104	63	108	62	106	69	100	86	87	117	93	163	130	216	193	274	271	347	364	423	462	505	571	601	689	714	829	855	967	950	1000	896	850	656	555	369	313	189	169	126	107	137	101	148	111	148	125	142	134	130	137	118	134	107	124	103	114	98	99	92	87
64	170	1	2	119	0	1953125	12	0.0	0	0.96	0	0	V0.2	0	0	37	64	48	61	55	57	62	57	67	58	70	63	73	68	74	74	78	79	84	80	93	78	100	72	107	67	113	66	111	73	106	89	93	120	99	167	134	220	196	279	273	351	364	428	462	510	573	605	687	717	830	857	966	951	1000	897	851	656	558	372	316	190	175	130	114	140	106	152	114	153	125	147	134	133	134	120	133	109	125	102	114	97	101	93	88
64	170	1	2	119	0	1953125	12	0.0	0	0.97	0	0	V0.2	0	0	37	63	45	59	54	56	60	55	65	56	68	61	71	67	73	73	77	76	83	78	90	75	98	70	105	66	110	62	108	70	103	86	90	118	95	165	132	218	194	275	272	349	364	425	462	507	571	601	687	713	827	853	965	949	1000	896	849	656	557	370	313	188	170	125	109	139	103	149	112	150	124	143	131	131	137	122	133	109	125	103	114	97	100	93	88
64	170	1	2	119	0	1953125	12	0.0	0	0.96	0	0	V0.2	0	0	42	60	52	56	59	53	65	53	69	55	71	61	74	67	76	72	80	75	86	77	95	74	102	70	108	68	111	70	107	80	100	97	85	124	94	168	135	218	201	273	281	345	373	419	470	502	579	597	692	713	830	854	966	951	1000	898	850	658	556	375	311	195	166	137	107	143	105	150	120	148	131	140	140	128	139	116	134	109	125	104	112	98	99	93	87
64	170	1	2	119	0	1953125	12	0.0	0	0.97	0	0	V0.2	0	0	56	50	51	57	49	63	47	66	50	68	55	71	61	72	67	76	70	81	74	90	71	95	68	102	64	105	65	102	70	95	84	82	103	77	138	108	183	164	239	236	300	327	373	420	452	522	544	633	649	757	784	902	917	1000	952	947	804	708	510	420	270	226	148	124	128	98	142	106	147	119	144	129	134	134	125	137	114	129	105	119	100	107	95	95	89
64	170	1	2	119	0	1953125	12	0.0	0	0.96	0	0	V0.2	0	0	57	55	53	62	50	67	50	70	54	73	59	74	64	76	70	80	74	85	76	93	75	100	73	107	68	111	71	110	76	103	90	92	110	86	146	114	190	168	247	239	307	328	380	423	457	523	548	633	651	757	785	903	918	1000	951	947	802	708	510	421	271	228	152	133	136	107	149	110	154	122	150	131	141	135	128	134	115	130	107	120	100	106	95	95	88
64	170	1	2	119	0	1953125	12	0.0	0	0.97	0	0	V0.2	0	0	34	68	33	70	38	70	44	70	51	70	58	71	63	74	66	80	68	87	70	93	73	97	76	96	83	91	93	80	102	66	111	58	118	81	134	133	164	201	214	276	273	365	354	453	442	547	550	649	666	764	812	904	953	1000	990	943	839	698	542	400	305	197	181	102	141	108	134	131	128	148	123	154	120	150	117	139	116	124	114	113	111	101	104	92	93
64	170	1	2	119	0	1953125	12	0.0	0	0.96	0	0	V0.2	0	0	61	46	59	54	56	60	54	66	55	69	60	72	65	73	70	77	76	80	78	88	78	95	74	103	69	109	66	111	67	108	77	99	98	95	138	118	188	165	249	230	313	319	390	412	467	514	560	628	661	753	793	901	924	1000	956	946	807	706	514	423	271	234	143	140	125	114	143	112	154	117	154	125	147	129	135	130	120	125	108	120	100	109	93	97	88
64	170	1	2	119	0	1953125	12	0.0	0	0.96	0	0	V0.2	0	0	69	32	71	38	70	45	69	53	68	58	68	64	72	68	76	69	83	71	89	74	92	77	92	84	86	92	78	100	64	106	56	108	63	112	106	136	165	176	237	231	315	310	403	397	491	498	591	610	696	739	830	892	965	998	1000	944	848	701	547	413	290	226	137	146	94	128	114	124	135	120	146	116	148	114	142	115	129	112	115	110	102	105	91	96	84
64	170	1	2	119	0	1953125	12	0.0	0	0.96	0	0	V0.2	0	0	66	41	65	50	60	56	59	63	58	67	61	70	67	72	73	75	78	78	82	84	82	91	79	100	73	109	67	113	63	114	70	108	91	105	135	125	188	167	254	230	322	315	401	406	481	509	571	622	670	748	802	900	934	1000	962	942	812	702	514	417	267	233	136	147	117	121	138	115	153	116	157	121	153	124	140	127	127	122	111	118	100	110	93	98	86
64	170	1	2	119	0	1953125	12	0.0	0	0.97	0	0	V0.2	0	0	46	62	40	68	40	72	43	72	49	72	55	73	62	76	65	80	68	89	70	94	69	98	72	97	80	93	92	81	102	66	113	58	118	80	132	136	162	204	208	279	271	369	352	454	442	543	550	642	671	754	819	893	962	987	1000	928	848	681	552	385	316	185	184	107	132	122	118	145	114	155	115	154	122	145	126	132	128	117	124	105	115	97	105	92	92
64	170	1	2	119	0	1953125	12	0.0	0	0.96	0	0	V0.2	0	0	72	35	74	39	73	46	71	54	70	61	70	66	73	70	79	73	86	74	92	80	96	86	95	94	88	105	80	114	69	118	67	120	81	121	126	139	182	176	252	231	325	312	405	402	486	504	577	618	678	747	807	899	938	1000	967	943	815	705	519	422	273	239	142	151	124	123	144	116	157	119	159	124	150	131	139	132	123	127	109	120	99	109	92	96	86
64	170	1	2	119	0	1953125	12	0.0	0	0.97	0	0	V0.2	0	0	55	46	65	39	71	40	72	46	72	54	71	60	72	66	77	68	83	72	89	77	89	85	83	95	73	107	65	112	61	109	75	96	102	85	144	110	192	168	245	246	303	346	372	445	447	547	545	655	658	772	804	911	949	1000	987	939	838	689	547	389	313	187	184	106	131	125	114	149	112	156	118	152	130	138	136	122	135	111	128	105	114	102	101	97	89
64	170	1	2	119	0	1953125	12	0.0	0	0.97	0	0	V0.2	0	0	62	47	59	55	54	61	53	67	54	70	59	72	65	73	71	77	76	82	78	90	77	97	73	105	68	112	65	113	68	108	81	99	101	93	142	116	192	165	251	230	315	320	391	414	466	516	557	629	656	754	789	903	920	1000	952	943	798	702	504	420	266	233	142	138	126	111	146	110	155	117	153	125	146	131	132	130	119	127	107	121	99	109	92	96	86
64	170	1	2	119	0	1953125	12	0.0	0	0.96	0	0	V0.2	0	0	57	50	65	45	70	45	72	48	74	53	75	61	78	67	80	70	86	72	94	73	103	71	108	73	109	79	106	88	95	102	83	116	71	137	96	170	149	211	224	261	307	330	400	407	492	495	596	599	704	722	839	872	972	970	1000	913	848	672	549	393	300	220	151	156	102	148	115	144	137	137	149	128	155	121	149	117	137	112	123	111	108	104	95	98	86
64	170	1	2	119	0	1953125	12	0.0	0	0.97	0	0	V0.2	0	0	74	58	81	58	85	59	88	64	91	72	93	80	96	88	102	95	109	101	119	105	130	107	142	110	152	116	164	125	168	140	170	159	170	191	181	236	208	287	258	341	322	410	405	480	493	554	595	637	704	740	840	872	972	959	1000	899	852	666	575	402	360	247	246	202	200	208	183	212	171	207	165	196	160	177	155	160	146	136	133	118	121	104	108	93	94
64	170	1	2	119	0	1953125	12	0.0	0	0.97	0	0	V0.2	0	0	94	106	88	117	81	124	72	129	64	133	60	136	60	138	65	143	71	149	79	161	84	175	84	193	80	215	75	235	70	252	80	263	112	273	172	289	237	306	316	332	398	382	482	444	563	523	651	623	740	744	855	895	967	1000	976	953	810	734	517	489	296	344	204	276	213	238	244	202	266	165	276	129	273	100	261	84	239	76	213	74	186	72	164	66	146
64	170	1	2	119	0	1953125	12	0.0	0	0.97	0	0	V0.2	0	0	65	41	61	50	58	57	56	63	57	68	59	70	65	72	70	75	76	79	80	86	79	93	75	101	68	109	64	112	61	110	70	102	92	96	136	116	187	162	249	225	317	314	392	406	470	509	561	623	661	751	794	903	926	1000	955	941	802	702	510	422	269	235	138	142	120	115	141	110	155	115	154	120	149	127	136	128	121	127	109	119	99	109	93	97	86
64	170	1	2	119	0	1953125	12	0.0	0	0.96	0	0	V0.2	0	0	31	72	35	73	41	71	51	70	58	71	64	72	68	76	71	83	73	90	76	95	81	96	86	94	95	88	106	77	114	67	120	66	121	95	133	148	160	213	208	284	272	371	356	456	445	545	555	644	673	759	824	901	967	994	1000	934	847	688	553	395	319	196	191	110	146	121	133	143	127	158	123	160	122	153	123	141	124	126	121	112	114	98	105	91	94
64	170	1	2	119	0	1953125	12	0.0	0	0.97	0	0	V0.2	0	0	30	70	34	70	42	68	50	67	58	67	64	69	67	74	70	81	72	87	75	91	80	92	87	89	96	82	107	72	112	63	116	66	114	96	124	149	151	212	200	283	267	366	351	448	443	535	553	632	673	748	821	890	964	983	1000	926	847	682	556	389	321	193	189	111	139	123	126	145	122	157	120	157	124	150	126	138	125	122	122	109	115	99	105	91	93
64	170	1	2	119	0	1953125	12	0.0	0	0.96	0	0	V0.2	0	0	51	60	47	67	46	70	47	72	52	74	57	74	64	77	69	82	72	89	74	96	73	103	71	108	71	111	77	106	85	96	99	83	116	81	149	116	188	172	241	246	298	338	371	429	446	530	541	639	645	760	782	905	920	1000	948	940	798	703	511	421	280	223	164	126	144	104	151	114	153	128	146	140	134	143	123	140	114	131	106	120	100	105	96	93	88
64	170	1	2	119	0	1953125	12	0.0	0	0.97	0	0	V0.2	0	0	43	56	53	52	60	50	65	49	68	53	70	58	72	64	74	69	79	72	86	72	95	69	102	66	105	65	107	70	100	80	89	97	75	123	86	164	132	210	200	263	283	334	376	408	471	491	580	591	692	710	832	856	967	954	1000	900	849	662	558	382	312	203	161	139	100	143	103	145	121	140	133	134	143	124	142	115	135	108	124	106	111	101	98	95	87
64	170	1	2	119	0	1953125	12	0.0	0	0.96	0	0	V0.2	0	0	42	64	53	61	60	58	66	58	71	60	73	65	75	71	78	76	82	80	88	82	97	80	104	76	111	71	116	72	114	79	108	94	95	124	101	169	136	221	198	276	275	349	367	422	462	504	572	600	686	713	828	857	967	953	1000	898	851	661	563	379	322	200	178	137	117	146	109	154	118	154	129	145	136	134	138	121	134	110	125	102	113	97	100	92	87
64	170	1	2	119	0	1953125	12	0.0	0	0.97	0	0	V0.2	0	0	44	55	54	52	61	49	66	49	68	52	71	59	72	64	74	69	80	72	88	72	96	69	101	65	106	66	106	71	99	83	88	99	72	125	86	164	132	210	205	263	288	333	381	408	475	491	581	591	694	710	833	857	968	955	1000	901	849	661	556	382	309	206	159	141	99	143	104	145	122	139	137	131	145	122	143	115	137	109	124	107	110	102	98	96	86
64	170	1	2	119	0	1953125	12	0.0	0	0.96	0	0	V0.2	0	0	52	55	60	50	67	48	72	49	72	53	74	59	76	65	79	70	85	73	91	73	100	70	105	69	110	72	110	79	102	91	90	107	76	133	91	169	137	213	208	264	293	334	386	409	480	493	586	592	697	712	835	860	968	958	1000	903	850	663	554	384	308	210	159	149	102	147	109	147	127	142	140	133	148	122	148	116	138	110	125	106	111	102	97	95	86
64	170	1	2	119	0	1953125	12	0.0	0	0.96	0	0	V0.2	0	0	58	50	65	45	70	45	73	48	74	54	75	60	77	67	81	71	87	73	95	73	102	72	107	73	108	79	107	88	95	101	82	114	70	135	94	168	147	208	220	257	303	328	396	403	487	491	593	595	700	719	836	869	969	969	1000	914	848	674	551	395	303	221	153	155	103	148	116	144	136	137	149	129	153	121	149	117	138	113	124	109	108	104	96	97	85
64	170	1	2	119	0	1953125	12	0.0	0	0.97	0	0	V0.2	0	0	32	70	32	71	37	70	45	71	53	69	59	70	64	75	67	81	69	88	70	93	73	97	79	95	87	88	98	77	107	64	115	59	119	83	131	139	162	205	209	279	271	370	353	456	440	549	551	648	667	762	816	904	960	1000	995	940	840	691	545	397	312	194	184	102	142	111	132	136	126	152	121	156	118	152	119	140	119	126	118	112	113	100	105	92	94
64	170	1	2	119	0	1953125	12	0.0	0	0.96	0	0	V0.2	0	0	47	61	57	57	64	54	69	53	73	58	75	63	76	69	80	76	84	78	91	79	100	76	108	72	113	71	116	75	111	85	103	102	88	131	95	173	136	221	202	274	282	345	376	417	470	499	579	594	692	708	832	853	970	950	1000	895	849	654	557	376	316	201	170	143	110	150	107	154	120	151	134	141	141	128	143	116	136	108	125	103	112	98	98	92	85
64	170	1	2	119	0	1953125	12	0.0	0	0.97	0	0	V0.2	0	0	81	49	84	51	87	56	88	64	90	73	92	80	96	87	102	93	111	97	121	101	131	105	142	111	150	121	156	136	156	152	155	172	152	201	168	241	202	284	260	333	332	397	417	462	505	537	607	623	712	729	844	865	974	955	1000	898	853	666	574	406	353	260	232	216	185	218	174	215	172	204	170	188	170	168	161	149	151	131	138	114	122	102	106	92	92
64	170	1	2	119	0	1953125	12	0.0	0	0.97	0	0	V0.2	0	0	123	75	121	86	117	94	111	101	105	107	101	111	100	114	102	119	108	125	116	134	122	147	127	166	127	191	122	216	108	242	92	265	83	292	116	323	173	353	253	386	341	434	435	490	527	558	629	644	728	755	852	902	971	1000	983	948	822	720	532	473	302	344	178	300	158	284	182	261	211	230	232	193	242	155	243	122	233	93	214	74	193	62	171	55	151
64	170	1	2	119	0	1953125	12	0.0	0	0.96	0	0	V0.2	0	0	52	55	60	51	67	48	71	49	74	54	75	60	76	67	79	71	85	73	92	73	100	70	107	69	110	73	111	80	103	93	91	108	76	134	92	171	139	216	211	266	294	335	388	411	482	495	589	593	697	711	835	860	971	957	1000	901	847	660	553	382	307	209	158	149	102	148	108	148	127	142	140	133	150	123	145	116	137	111	125	107	111	102	97	97	86
64	170	1	2	119	0	1953125	12	0.0	0	0.97	0	0	V0.2	0	0	30	70	31	71	38	70	45	69	54	69	61	71	65	75	68	80	70	89	73	94	76	96	81	92	90	86	102	74	109	63	117	60	118	88	131	144	158	210	207	284	269	370	353	457	443	547	552	645	671	758	820	900	965	994	1000	937	845	688	547	392	313	191	185	103	140	115	128	140	124	154	119	157	121	151	119	139	121	125	119	111	113	99	105	90	93
64	170	1	2	119	0	1953125	12	0.0	0	0.97	0	0	V0.2	0	0	64	128	55	136	45	140	33	144	26	145	24	146	30	148	39	152	48	160	54	172	59	185	60	202	62	218	73	232	93	239	122	239	168	236	228	240	291	254	362	283	433	341	509	419	579	512	658	620	740	745	853	896	966	1000	978	955	814	735	524	480	316	320	245	234	261	185	284	147	294	120	290	107	276	108	251	116	222	116	192	117	164	110	142	99	127
64	170	1	2	119	0	1953125	12	0.0	0	0.97	0	0	V0.2	0	0	28	69	37	66	46	63	55	61	61	62	66	65	69	70	71	77	74	83	79	86	85	82	95	78	104	70	113	63	115	62	115	75	104	109	108	162	136	222	192	285	264	363	355	440	447	522	562	614	679	724	824	865	968	960	1000	901	848	655	554	369	320	182	183	117	125	135	110	151	111	157	118	153	125	142	130	128	130	114	125	104	115	96	104	91	89
64	170	1	2	119	0	1953125	12	0.0	0	0.96	0	0	V0.2	0	0	34	69	44	66	53	63	60	61	66	62	69	65	72	71	74	77	77	83	82	84	91	83	99	78	108	72	116	65	116	68	114	82	104	116	108	164	136	221	192	282	266	359	356	433	451	516	563	608	680	720	827	861	967	957	1000	900	849	657	557	372	322	189	182	124	124	139	112	155	114	158	121	152	130	140	132	125	131	114	124	104	114	95	102	91	88
64	170	1	2	119	0	1953125	12	0.0	0	0.97	0	0	V0.2	0	0	54	54	50	60	46	66	47	69	50	71	55	71	62	74	66	77	72	84	73	92	71	98	68	104	66	108	68	106	75	98	89	84	108	78	143	109	186	164	239	236	298	327	370	420	446	522	539	631	642	755	777	900	915	1000	947	944	796	704	506	419	272	227	152	126	135	101	147	108	151	121	145	132	137	137	125	138	114	130	104	119	99	107	94	93	88
64	170	1	2	119	0	1953125	12	0.0	0	0.96	0	0	V0.2	0	0	45	58	54	55	61	52	66	53	71	55	72	61	74	67	77	71	81	74	87	76	96	73	104	70	108	69	112	72	107	82	98	98	83	126	92	167	134	216	201	270	280	341	372	414	466	497	576	594	691	709	830	854	966	953	1000	902	851	661	558	378	313	200	165	140	107	145	105	150	120	147	133	139	143	128	141	116	137	110	126	104	112	100	100	94	87
64	170	1	2	119	0	1953125	12	0.0	0	0.96	0	0	V0.2	0	0	32	68	35	69	41	68	49	67	56	68	62	69	66	73	68	77	70	84	72	88	76	90	82	86	89	79	97	66	101	56	105	56	100	85	110	137	139	201	190	269	258	353	343	436	436	523	547	622	668	738	816	879	958	978	1000	929	853	687	560	393	317	191	179	103	125	111	112	134	111	145	111	147	116	139	119	125	119	112	115	102	110	93	100	87	88
64	170	1	2	119	0	1953125	12	0.0	0	0.96	0	0	V0.2	0	0	68	40	66	49	65	56	63	61	63	67	65	71	69	72	76	75	82	79	87	84	87	91	86	99	80	108	74	114	67	115	70	113	86	112	130	134	184	174	250	232	322	315	403	404	484	506	578	619	680	745	811	897	943	1000	977	947	827	706	529	421	278	237	141	152	115	129	136	124	152	122	158	124	154	125	144	124	129	121	116	117	103	109	94	99	86
64	170	1	2	119	0	1953125	12	0.0	0	0.97	0	0	V0.2	0	0	28	68	33	68	41	67	49	66	56	66	62	68	65	71	67	77	70	84	73	89	78	89	84	86	93	79	103	67	107	60	112	62	109	93	119	148	149	211	198	280	265	364	351	447	444	536	555	632	672	742	817	882	961	978	1000	924	849	679	554	385	314	187	181	105	131	119	119	141	116	152	116	153	120	145	122	133	122	118	121	107	114	98	104	91	93
64	170	1	2	119	0	1953125	12	0.0	0	0.96	0	0	V0.2	0	0	30	69	35	69	44	68	52	67	58	66	64	68	67	72	70	80	72	85	76	91	81	91	88	87	96	81	106	72	112	64	115	68	113	98	122	151	150	212	201	282	267	364	352	446	445	535	555	630	672	743	818	882	960	979	1000	929	852	683	557	387	317	191	186	112	136	124	124	144	121	157	121	156	124	147	124	136	125	122	122	109	114	99	105	91	92
64	170	1	2	119	0	1953125	12	0.0	0	0.96	0	0	V0.2	0	0	30	67	37	66	45	64	53	63	59	64	65	65	67	70	68	76	71	81	75	84	82	83	89	77	96	71	104	61	105	57	104	67	96	99	102	151	133	210	190	274	262	353	351	432	446	519	559	613	677	725	820	867	962	964	1000	912	853	671	561	380	318	186	178	111	118	122	105	140	108	147	114	145	123	135	126	124	125	110	120	102	112	95	101	90	89
64	170	1	2	119	0	1953125	12	0.0	0	0.96	0	0	V0.2	0	0	31	68	40	67	49	65	56	62	61	63	67	66	70	71	73	77	75	83	79	86	86	86	94	81	103	74	111	67	113	66	113	76	107	109	114	160	142	219	197	283	268	362	356	440	451	525	562	618	678	730	824	869	962	964	1000	912	852	670	560	380	320	189	183	119	127	133	116	150	117	158	122	154	129	145	132	129	128	116	125	106	115	97	104	92	91
64	170	1	2	119	0	1953125	12	0.0	0	0.96	0	0	V0.2	0	0	36	69	35	71	40	72	47	71	55	70	60	72	65	75	68	79	70	86	70	92	75	94	79	93	86	85	95	73	101	60	107	54	107	79	118	133	148	199	197	270	261	358	345	443	437	536	547	635	666	751	813	892	958	991	1000	941	853	697	557	400	315	195	181	101	131	107	120	130	115	145	114	147	114	141	116	131	116	117	114	104	109	95	100	88	90
64	170	1	2	119	0	1953125	12	0.0	0	0.96	0	0	V0.2	0	0	57	54	53	61	51	67	50	70	52	71	58	73	63	74	67	78	70	84	72	90	70	96	67	102	64	103	66	99	72	89	84	74	100	67	132	102	173	161	228	235	288	327	361	420	441	523	537	631	642	753	778	899	916	999	954	949	809	713	520	423	278	222	153	117	128	89	136	101	139	116	133	129	125	130	112	130	105	123	101	113	97	100	93	88	85
64	170	1	2	119	0	1953125	12	0.0	0	0.96	0	0	V0.2	0	0	32	68	34	69	41	69	48	68	55	68	60	69	66	74	68	79	70	86	74	92	77	94	83	93	90	86	100	76	107	65	113	65	115	90	128	143	159	208	209	278	272	365	354	450	445	542	554	641	672	754	817	895	960	992	999	941	851	697	557	399	315	196	184	109	140	117	130	140	127	153	124	157	124	151	124	139	122	126	120	112	114	101	106	93	93
64	170	1	2	119	0	1953125	12	0.0	0	0.96	0	0	V0.2	0	0	36	68	35	71	40	72	47	71	54	71	60	72	66	76	67	80	69	86	71	92	74	94	78	93	84	86	93	74	100	61	106	55	107	77	120	131	151	199	202	272	265	358	347	445	440	539	548	639	667	753	815	896	958	995	1000	946	854	702	558	403	312	196	179	100	131	105	122	128	117	143	114	147	115	144	118	131	114	118	114	106	110	96	101	87	89
64	170	1	2	119	0	1953125	12	0.0	0	0.96	0	0	V0.2	0	0	68	35	67	43	66	51	64	58	65	63	66	67	70	70	75	72	81	74	87	80	90	86	89	94	83	103	76	109	66	113	64	112	79	115	122	136	179	179	248	235	322	316	405	404	491	505	588	617	691	746	823	898	953	1000	988	950	839	707	540	418	284	233	139	152	108	132	130	128	149	125	156	123	156	122	145	123	132	121	118	116	106	109	96	99	88
64	170	1	2	119	0	1953125	12	0.0	0	0.97	0	0	V0.2	0	0	46	76	54	74	62	74	69	73	75	76	80	80	83	85	86	93	90	100	95	104	102	107	112	106	120	101	131	97	138	95	143	101	142	125	154	173	181	232	228	298	288	378	370	459	459	546	566	641	681	752	823	889	961	982	1000	934	857	695	568	405	335	217	213	147	167	151	156	167	149	173	143	172	139	160	133	147	128	129	121	113	113	100	102	89	90
64	170	1	2	119	0	1953125	12	0.0	0	0.97	0	0	V0.2	0	0	109	69	105	81	98	92	90	101	81	107	75	112	70	116	70	121	73	128	77	137	76	149	73	164	63	180	50	193	41	202	57	204	98	201	158	206	225	221	301	252	379	316	461	395	542	492	631	604	725	735	844	890	962	1000	983	963	821	735	517	462	276	285	180	193	198	144	231	112	250	94	252	93	240	104	219	118	192	127	163	130	137	127	116	117	99
64	170	1	2	119	0	1953125	12	0.0	0	0.97	0	0	V0.2	0	0	53	70	61	67	68	67	74	67	79	71	82	76	85	82	88	88	93	94	100	98	108	98	116	96	126	94	133	93	135	99	136	111	130	137	138	183	168	238	220	298	286	371	372	447	465	529	573	621	687	730	826	866	961	961	1000	913	856	678	571	395	335	215	206	156	156	162	143	172	141	174	141	167	143	154	141	138	134	123	125	108	114	97	101	88	88
64	170	1	2	119	0	1953125	12	0.0	0	0.97	0	0	V0.2	0	0	21	127	14	131	18	130	27	129	39	125	50	121	60	119	68	119	76	124	83	129	95	133	108	132	125	126	149	112	172	89	194	60	215	56	240	110	267	185	302	269	341	366	401	461	471	559	562	660	669	770	810	898	952	983	1000	921	863	672	585	376	365	181	255	123	209	164	180	204	149	230	117	241	92	239	77	223	77	201	85	175	90	151	90	129	83
64	170	1	2	119	0	1953125	12	0.0	0	0.97	0	0	V0.2	0	0	101	76	97	88	89	99	80	107	70	112	64	117	60	120	60	125	62	131	66	141	66	152	62	165	52	179	45	189	47	193	73	191	115	183	174	183	240	199	313	235	386	305	465	389	543	491	632	606	723	737	845	890	964	1000	989	962	830	735	526	456	285	272	193	173	207	123	235	99	247	95	243	107	228	124	202	139	173	147	144	147	118	140	98	128	84
64	170	1	2	119	0	1953125	12	0.0	0	0.97	0	0	V0.2	0	0	73	110	63	121	50	129	37	132	26	134	23	135	28	135	36	138	44	143	49	151	51	160	55	167	64	172	83	169	108	159	140	138	176	110	224	104	275	141	331	210	387	306	453	406	522	514	604	631	702	755	830	900	961	999	1000	951	850	712	556	421	329	220	238	110	225	92	227	122	215	155	191	182	159	196	123	199	94	192	71	178	58	161	52	142	47
64	170	1	2	119	0	1953125	12	0.0	0	0.97	0	0	V0.2	0	0	78	89	90	82	100	74	107	66	113	58	116	56	119	55	122	59	127	63	135	67	145	66	157	61	169	52	183	46	191	55	196	83	192	133	192	195	203	264	232	337	278	418	350	498	438	582	542	671	661	775	808	902	951	985	1000	923	868	673	590	378	361	200	237	166	176	199	143	228	116	243	98	243	91	230	94	211	103	186	109	161	110	138	105	119	95
64	170	1	2	119	0	1953125	12	0.0	0	0.97	0	0	V0.2	0	0	125	43	124	57	121	70	115	80	107	90	101	97	96	103	95	108	97	115	100	124	101	135	99	151	91	168	76	184	54	198	39	206	60	211	119	222	188	241	271	272	354	327	441	402	530	492	624	599	722	730	845	887	963	1000	987	966	828	740	522	466	268	290	152	207	165	162	205	129	231	98	241	79	238	79	221	90	197	100	171	107	144	107	121	101	104
64	170	1	2	119	0	1953125	12	0.0	0	0.96	0	0	V0.2	0	0	34	68	35	71	39	70	45	71	53	70	59	72	65	75	68	81	69	87	72	94	74	96	78	96	87	91	96	80	104	67	113	62	117	83	134	138	166	204	216	279	276	367	357	455	446	549	554	648	670	762	815	904	956	1000	996	948	847	703	549	402	306	199	182	106	142	111	134	134	131	151	125	155	124	153	123	142	119	127	118	113	112	102	106	92	95
64	170	1	2	119	0	1953125	12	0.0	0	0.97	0	0	V0.2	0	0	105	81	98	94	91	103	80	112	71	117	62	121	59	124	59	129	61	136	64	146	62	156	57	169	48	183	41	191	48	194	78	189	121	176	180	173	245	187	317	224	389	295	467	384	543	487	628	604	721	736	842	891	963	1000	990	961	829	732	524	454	286	267	198	164	211	111	237	89	247	92	241	113	221	131	196	146	165	154	133	153	107	145	88	132	75
64	170	1	2	119	0	1953125	12	0.0	0	0.96	0	0	V0.2	0	0	48	65	44	70	44	73	47	74	52	73	58	75	64	78	68	81	70	89	71	95	70	99	70	102	72	97	79	87	87	73	99	58	108	63	128	114	165	180	214	256	273	348	351	440	435	536	537	640	651	757	794	901	934	1000	977	952	831	712	537	415	294	208	169	102	133	90	130	112	126	130	120	139	112	138	105	130	105	119	103	108	101	95	95	86	87
64	170	1	2	119	0	1953125	12	0.0	0	0.96	0	0	V0.2	0	0	60	48	56	56	54	63	52	66	54	69	58	71	64	73	69	76	74	81	77	89	77	96	73	104	68	108	66	108	69	104	82	94	101	88	140	115	188	165	248	232	309	321	384	416	462	518	553	629	655	752	787	900	920	1000	956	952	810	713	516	424	271	231	146	136	128	108	145	110	154	117	152	127	146	132	135	134	118	127	108	119	101	108	94	97	88
64	170	1	2	119	0	1953125	12	0.0	0	0.96	0	0	V0.2	0	0	39	70	39	74	42	74	49	74	55	73	62	75	66	77	69	82	71	89	73	94	75	97	78	95	84	89	92	76	99	61	106	54	107	74	118	128	149	195	199	268	262	356	345	443	437	536	545	636	664	751	812	895	956	994	1000	946	853	704	557	405	312	198	181	101	130	101	121	126	114	138	110	144	111	140	114	129	112	115	111	104	106	93	98	85	87
64	170	1	2	119	0	1953125	12	0.0	0	0.96	0	0	V0.2	0	0	36	65	35	68	38	69	45	70	51	69	58	71	63	73	66	79	67	86	70	93	72	97	75	97	81	92	91	82	99	70	109	61	116	80	134	130	166	196	216	271	276	360	356	449	442	543	547	644	663	760	807	903	948	1000	989	950	841	706	544	405	302	201	178	106	139	106	135	128	130	145	127	152	122	149	118	141	115	126	114	114	110	101	103	92	93
64	170	1	2	119	0	1953125	12	0.0	0	0.97	0	0	V0.2	0	0	119	54	116	67	111	79	105	89	97	97	90	103	86	108	84	112	86	120	90	129	90	141	87	156	77	172	62	187	42	199	42	203	75	203	134	210	203	227	282	257	362	317	449	394	532	487	624	598	721	731	842	886	961	1000	985	965	824	738	517	462	268	287	163	197	179	149	216	115	238	89	244	82	235	88	218	103	193	114	164	119	138	117	116	109	99
64	170	1	2	119	0	1953125	12	0.0	0	0.96	0	0	V0.2	0	0	33	67	34	69	40	69	47	69	55	68	60	70	64	73	67	79	69	86	71	91	75	94	80	92	88	86	98	76	105	64	111	62	113	86	126	138	157	204	208	276	270	362	352	449	444	540	550	638	670	754	816	895	957	993	1000	944	852	700	555	400	311	197	182	108	137	113	128	135	125	149	122	154	121	148	123	139	120	123	118	111	113	100	104	92	95
64	170	1	2	119	0	1953125	12	0.0	0	0.97	0	0	V0.2	0	0	126	44	125	57	122	70	115	81	108	91	102	97	97	102	94	109	98	115	101	125	103	136	99	150	90	169	75	185	53	198	38	206	58	210	119	220	189	239	271	269	352	325	441	399	528	490	621	598	718	729	841	887	960	1000	984	966	824	740	518	465	265	292	152	207	164	161	205	126	231	95	241	77	236	76	223	88	198	99	170	108	144	106	121	100	105
64	170	1	2	119	0	1953125	12	0.0	0	0.96	0	0	V0.2	0	0	33	70	38	71	45	69	53	68	60	68	65	69	69	73	70	78	73	84	75	87	80	88	86	83	93	74	101	63	103	55	104	59	96	88	100	141	131	203	186	269	255	348	344	429	440	515	550	610	669	724	815	865	957	965	999	919	857	680	564	386	318	188	179	106	117	114	104	133	103	141	108	140	115	129	118	122	120	106	114	97	107	90	96	86	85
64	170	1	2	119	0	1953125	12	0.0	0	0.96	0	0	V0.2	0	0	38	60	47	56	56	54	62	53	65	55	68	60	70	66	73	71	76	74	83	75	91	72	99	68	104	65	107	64	103	73	96	89	82	118	90	162	131	214	199	270	277	342	370	417	466	500	575	594	690	709	829	853	964	950	1000	901	854	663	560	375	310	193	165	132	104	138	101	146	115	146	128	137	136	126	139	117	134	109	123	103	113	100	100	94	88
64	170	1	2	119	0	1953125	12	0.0	0	0.96	0	0	V0.2	0	0	40	70	38	72	41	73	47	73	54	72	60	73	65	75	68	81	70	88	71	94	72	97	76	95	81	89	90	78	98	63	106	54	108	73	121	128	154	196	204	269	266	357	348	446	438	539	546	640	664	756	812	900	956	999	1000	952	853	707	555	406	309	199	179	101	132	101	123	125	117	141	114	146	111	141	113	132	112	117	111	106	108	94	99	87	89
64	170	1	2	119	0	1953125	12	0.0	0	0.97	0	0	V0.2	0	0	125	27	127	39	126	50	121	62	116	72	111	79	107	86	107	93	108	99	112	108	117	119	116	134	111	153	99	172	79	192	55	207	44	222	91	243	159	269	242	301	328	355	424	423	515	504	614	606	716	733	843	887	963	1000	988	964	830	734	525	458	269	295	139	225	139	192	182	165	214	133	233	104	238	80	226	70	211	76	189	82	166	84	142	81	123
64	170	1	2	119	0	1953125	12	0.0	0	0.97	0	0	V0.2	0	0	52	124	39	131	24	136	9	137	9	136	22	135	35	134	45	136	54	140	60	146	67	153	76	156	91	155	114	147	139	130	169	104	198	71	233	85	274	146	319	226	364	326	426	426	493	530	575	639	678	760	814	899	954	990	999	938	860	696	573	399	350	196	253	102	221	117	206	159	182	192	152	213	117	219	84	212	65	198	59	179	61	156	61	137	60
64	170	1	2	119	0	1953125	12	0.0	0	0.96	0	0	V0.2	0	0	63	40	61	49	57	57	57	64	56	66	59	70	64	72	70	75	74	80	77	88	77	96	73	102	68	108	67	106	71	101	85	89	105	83	139	112	185	167	242	237	300	328	373	423	451	524	541	632	646	755	783	900	919	1000	958	952	815	714	521	419	282	220	163	120	140	100	144	115	145	132	137	142	129	144	116	138	113	131	109	117	105	104	99	92	91
64	170	1	2	119	0	1953125	12	0.0	0	0.96	0	0	V0.2	0	0	33	70	37	71	45	70	53	69	59	67	65	71	68	74	70	79	72	84	75	88	80	88	87	84	93	75	100	64	104	56	104	59	96	88	100	139	131	202	186	268	254	348	343	430	439	516	548	612	669	726	815	867	956	966	1000	922	859	684	566	389	320	190	180	107	119	113	105	132	103	142	109	140	115	131	115	118	117	106	113	96	106	90	95	85	85
64	170	1	2	119	0	1953125	12	0.0	0	0.96	0	0	V0.2	0	0	47	52	56	48	62	47	66	48	68	52	71	59	71	63	75	68	79	70	86	70	94	69	100	67	102	68	102	74	93	85	82	100	68	122	85	157	136	203	209	254	287	324	380	400	474	485	578	586	689	708	827	856	960	958	999	915	855	677	560	391	305	211	156	144	98	139	106	140	126	135	140	129	144	119	142	113	134	110	121	107	110	104	98	98	86
64	170	1	2	119	0	1953125	12	0.0	0	0.96	0	0	V0.2	0	0	33	68	35	70	43	69	51	68	57	68	64	70	67	73	69	78	70	84	74	88	77	89	83	85	90	77	99	65	103	56	105	57	100	85	106	138	136	200	189	269	256	350	343	435	438	521	547	619	667	732	814	874	955	972	1000	926	855	688	563	392	319	191	181	104	123	113	111	132	108	144	112	145	116	134	116	123	117	109	115	100	109	92	99	87	87
64	170	1	2	119	0	1953125	12	0.0	0	0.96	0	0	V0.2	0	0	49	56	45	62	44	67	45	69	49	70	55	71	61	73	65	77	68	83	70	91	69	98	67	101	68	103	73	96	79	86	94	73	110	72	138	110	179	172	233	245	290	336	364	430	444	529	538	636	646	757	784	903	921	1000	960	953	814	712	521	420	280	220	161	118	135	97	143	110	142	126	138	137	130	142	118	138	111	128	105	118	102	106	98	94	91
64	170	1	2	119	0	1953125	12	0.0	0	0.96	0	0	V0.2	0	0	55	58	51	66	49	70	49	72	53	73	58	74	64	76	69	79	72	86	72	93	71	99	68	103	67	101	70	95	77	83	90	67	103	62	128	103	168	166	221	240	279	333	355	427	436	527	532	633	643	753	782	899	920	1000	962	952	820	715	526	422	284	219	159	111	130	88	132	102	133	119	125	131	116	134	110	131	103	120	99	109	97	97	92	85	85
64	170	1	2	119	0	1953125	12	0.0	0	0.96	0	0	V0.2	0	0	67	36	67	44	65	52	64	59	64	64	65	67	69	70	75	72	81	75	87	81	90	86	88	95	83	103	75	109	66	112	67	112	80	114	122	135	178	177	248	233	319	313	403	404	488	504	583	614	686	743	819	896	950	1000	988	951	841	710	540	420	283	233	141	153	110	131	131	127	148	123	155	123	154	123	145	122	131	120	118	117	106	109	96	100	88
64	170	1	2	119	0	1953125	12	0.0	0	0.96	0	0	V0.2	0	0	32	68	37	68	46	66	54	65	60	64	66	67	68	71	70	76	72	82	76	83	81	84	89	78	96	70	101	60	104	56	100	64	92	94	95	144	127	204	184	268	256	345	346	425	444	509	553	605	672	718	817	861	955	958	1000	912	857	676	564	382	319	188	175	110	113	119	99	135	103	144	110	138	119	131	124	116	122	105	115	96	108	91	96	87	85
64	170	1	2	119	0	1953125	12	0.0	0	0.96	0	0	V0.2	0	0	31	65	39	63	48	62	55	60	61	60	66	64	68	68	69	74	72	78	78	83	85	81	92	77	100	70	106	62	108	62	107	73	99	105	104	155	136	215	195	277	265	354	356	433	452	517	560	610	679	723	823	864	960	958	1000	909	855	670	561	379	316	187	177	117	119	129	109	146	114	152	120	148	128	140	129	125	130	114	123	103	114	97	103	92	90
64	170	1	2	119	0	1953125	12	0.0	0	0.97	0	0	V0.2	0	0	37	123	52	119	67	113	80	105	91	97	99	90	105	85	112	85	117	86	126	87	137	85	151	77	166	62	181	44	192	39	199	65	195	118	189	186	195	258	217	332	259	415	335	497	425	578	533	666	655	769	804	898	947	985	1000	924	867	674	586	381	350	213	210	188	133	216	94	235	83	237	97	224	121	200	138	170	154	137	154	108	151	86	138	69	124
64	170	1	2	119	0	1953125	12	0.0	0	0.96	0	0	V0.2	0	0	51	50	59	47	65	46	69	48	70	53	72	60	73	64	76	68	81	70	89	71	97	70	102	71	104	74	102	81	93	92	82	105	70	126	91	161	143	205	216	256	295	326	389	405	483	492	586	593	696	716	832	863	961	963	1000	917	853	679	555	392	301	213	152	147	99	141	112	141	132	136	143	128	149	119	143	115	135	113	122	109	108	104	98	98	86
64	170	1	2	119	0	1953125	12	0.0	0	0.97	0	0	V0.2	0	0	117	62	113	75	108	88	99	97	91	105	84	110	79	116	78	119	80	127	83	136	83	148	78	161	67	176	53	189	39	197	50	198	88	193	148	196	216	211	294	242	370	304	455	387	538	485	626	597	723	731	845	888	963	999	989	965	829	740	522	463	275	280	173	184	187	134	221	100	239	83	240	86	230	100	206	116	180	128	150	131	122	126	102	117	88
64	170	1	2	119	0	1953125	12	0.0	0	0.96	0	0	V0.2	0	0	30	68	34	69	41	68	49	66	55	66	62	68	66	72	67	77	70	84	73	89	77	90	84	87	91	80	101	69	106	60	112	62	111	90	120	144	150	209	202	279	267	362	352	447	446	536	554	632	673	746	818	887	959	981	999	933	854	691	558	392	313	190	182	107	131	117	121	140	118	151	119	154	120	145	121	135	124	120	120	109	114	99	106	92	93
64	170	1	2	119	0	1953125	12	0.0	0	0.96	0	0	V0.2	0	0	42	58	51	54	59	52	64	52	67	54	69	59	71	64	73	69	78	72	85	73	92	71	100	66	103	65	105	67	100	78	90	93	76	120	88	161	132	211	203	266	282	337	377	413	472	496	579	593	693	711	832	855	964	952	1000	904	854	664	557	377	305	196	158	134	98	136	100	143	119	141	132	131	140	122	139	114	133	108	123	104	110	100	97	95	87
64	170	1	2	119	0	1953125	12	0.0	0	0.96	0	0	V0.2	0	0	41	70	39	73	42	74	49	74	55	74	62	74	65	77	69	81	70	88	71	94	74	97	76	98	82	90	90	77	97	63	104	54	107	72	120	126	153	194	204	267	265	357	349	447	439	540	546	639	665	758	814	902	956	999	999	951	854	710	556	408	309	199	178	100	131	99	121	123	117	138	112	144	112	137	109	128	110	117	109	104	106	94	98	85	87
64	170	1	2	119	0	1953125	12	0.0	0	0.96	0	0	V0.2	0	0	32	69	34	69	40	69	49	69	56	68	62	69	66	73	69	80	71	86	74	91	78	94	84	91	92	85	101	74	108	65	115	65	116	91	128	145	158	211	210	281	271	365	356	453	449	542	555	639	673	753	820	894	960	988	1000	938	853	695	554	395	310	192	184	108	138	117	128	140	125	154	123	156	121	148	121	137	122	124	120	111	114	99	105	92	94
64	170	1	2	119	0	1953125	12	0.0	0	0.96	0	0	V0.2	0	0	36	71	38	73	44	72	52	71	59	71	64	71	68	75	71	81	72	87	74	91	77	91	83	88	90	80	97	67	103	56	105	56	101	83	108	136	137	201	191	269	256	352	344	437	438	524	547	621	669	736	815	878	957	974	1000	929	856	690	562	392	315	189	179	102	122	108	108	130	106	141	107	141	111	131	112	120	114	109	112	97	105	89	97	84	84
64	170	1	2	119	0	1953125	12	0.0	0	0.96	0	0	V0.2	0	0	34	68	34	71	39	70	45	70	53	69	59	71	64	74	67	80	68	87	71	93	74	96	78	95	85	89	95	77	103	65	113	61	117	83	131	136	163	204	213	278	274	365	357	455	447	547	552	646	671	762	818	903	958	1000	998	949	848	703	551	402	307	197	181	104	138	109	132	133	127	150	122	154	122	150	121	138	119	125	118	112	112	101	105	92	94
64	170	1	2	119	0	1953125	12	0.0	0	0.97	0	0	V0.2	0	0	52	71	59	70	66	69	72	71	78	75	83	81	87	89	92	97	98	107	104	115	114	121	125	123	139	126	154	127	168	132	182	140	194	165	214	211	245	269	290	334	339	414	411	498	492	583	584	674	691	781	826	913	956	1000	992	948	847	712	566	431	352	258	257	195	228	190	219	197	207	201	190	198	175	188	158	174	144	156	132	138	120	120	110	105	100
64	170	1	2	119	0	1953125	12	0.0	0	0.96	0	0	V0.2	0	0	30	68	34	69	42	67	50	66	56	66	62	67	65	71	67	77	70	83	73	88	79	89	84	86	93	78	102	67	107	60	111	65	109	93	117	146	147	210	200	279	265	361	351	445	446	533	554	627	672	741	819	881	959	976	999	927	853	685	558	387	313	187	180	108	129	118	118	140	117	152	119	154	121	143	123	132	123	118	121	107	114	98	105	91	92
64	170	1	2	119	0	1953125	12	0.0	0	0.96	0	0	V0.2	0	0	33	71	38	71	47	69	54	67	61	67	65	68	68	73	71	78	72	84	77	86	81	86	87	81	94	73	101	62	104	54	104	61	95	90	99	142	130	204	186	268	256	348	346	430	442	515	551	610	672	724	817	865	957	961	999	916	858	679	564	384	317	187	178	107	115	115	102	134	102	142	108	139	115	129	118	116	119	106	115	95	107	90	95	85	84
64	170	1	2	119	0	1953125	12	0.0	0	0.96	0	0	V0.2	0	0	67	37	66	46	64	53	62	60	62	65	64	68	68	70	74	73	80	76	85	82	87	88	85	97	78	104	72	110	65	113	68	111	84	110	126	131	181	172	250	231	320	314	402	405	486	506	579	617	682	747	814	900	945	999	982	951	834	710	534	420	278	233	140	151	112	127	134	122	150	121	156	122	155	126	145	124	129	122	117	117	104	109	95	99	88
64	170	1	2	119	0	1953125	12	0.0	0	0.97	0	0	V0.2	0	0	51	77	51	81	54	83	59	85	67	88	74	90	82	95	88	102	95	112	101	123	104	133	108	143	112	154	121	160	133	165	151	166	174	172	210	196	256	237	312	292	371	369	442	454	515	547	596	649	691	768	812	908	934	1000	965	951	822	721	540	453	316	290	218	222	202	198	210	186	211	176	204	168	192	159	176	151	155	140	136	128	117	115	103	104	92
64	170	1	2	119	0	1953125	12	0.0	0	0.96	0	0	V0.2	0	0	60	45	56	54	55	60	52	65	54	67	57	70	63	71	68	74	72	79	75	86	75	93	72	100	67	105	63	105	64	101	77	92	96	85	135	110	182	161	243	229	306	317	383	412	461	514	552	624	656	753	789	901	921	1000	958	952	814	714	518	424	270	230	143	134	123	105	140	107	150	115	150	126	141	127	127	128	117	126	106	118	100	109	94	96	88
64	170	1	2	119	0	1953125	12	0.0	0	0.96	0	0	V0.2	0	0	64	46	61	53	58	62	57	66	58	70	60	71	67	73	70	74	76	80	77	86	77	93	72	100	67	103	62	104	62	97	71	88	89	77	126	102	175	153	236	223	299	312	377	408	455	511	547	621	651	751	785	898	920	1000	958	956	817	719	524	428	273	231	142	131	117	97	132	98	142	107	139	116	132	123	121	125	109	120	100	113	94	103	89	90	83
64	170	1	2	119	0	1953125	12	0.0	0	0.96	0	0	V0.2	0	0	67	33	68	40	66	49	64	56	64	61	65	66	68	68	74	70	80	72	85	77	89	82	87	90	81	97	72	106	62	108	60	109	75	110	116	131	174	173	245	230	319	311	405	404	492	504	585	615	690	745	823	899	954	1000	991	953	844	710	542	417	282	230	137	148	102	126	125	122	145	120	152	118	149	117	142	120	131	119	116	114	105	109	95	99	86
64	170	1	2	119	0	1953125	12	0.0	0	0.96	0	0	V0.2	0	0	54	60	50	66	49	71	49	73	52	74	58	75	64	76	69	80	71	86	72	93	70	99	67	102	67	101	71	95	79	82	92	67	104	62	130	103	168	167	221	242	278	334	354	429	437	529	533	634	642	756	783	900	922	1000	963	954	821	714	527	419	284	217	161	111	130	86	133	102	131	120	125	132	114	132	107	130	103	121	99	109	96	96	92	85	85
64	170	1	2	119	0	1953125	12	0.0	0	0.97	0	0	V0.2	0	0	127	32	133	19	138	9	138	11	137	22	135	34	133	44	134	52	136	58	144	65	150	73	156	85	158	105	155	128	144	156	125	186	93	221	73	263	107	308	180	355	266	413	368	481	472	554	582	643	697	756	834	901	964	1000	999	953	851	713	558	430	302	275	148	235	90	234	112	226	148	207	178	178	200	144	206	111	204	84	193	64	176	54	158	49	140
64	170	1	2	119	0	1953125	12	0.0	0	0.97	0	0	V0.2	0	0	127	32	133	19	138	9	138	11	137	22	135	34	133	44	134	52	136	58	144	65	150	73	156	85	158	105	155	128	144	156	125	186	93	221	73	263	107	308	180	355	266	413	368	481	472	554	582	643	697	756	834	901	964	1000	999	953	851	713	558	430	302	275	148	235	90	234	112	226	148	207	178	178	200	144	206	111	204	84	193	64	176	54	158	49	140
64	170	1	2	119	0	1953125	12	0.0	0	0.96	0	0	V0.2	0	0	60	50	57	58	54	65	54	69	55	72	59	73	65	74	68	76	73	82	74	88	73	95	69	101	65	104	63	101	66	94	78	80	95	71	130	100	175	157	233	228	292	318	369	414	448	517	540	626	645	751	782	899	916	1000	957	954	812	717	521	426	273	226	146	124	122	92	135	98	139	111	136	123	126	125	116	127	106	121	100	113	95	102	91	89	84
64	170	1	2	119	0	1953125	12	0.0	0	0.96	0	0	V0.2	0	0	46	59	42	64	41	68	44	70	49	70	55	72	61	73	65	78	67	84	69	92	68	98	68	101	70	100	75	93	84	82	98	68	111	71	137	112	175	178	228	252	285	342	360	437	443	536	538	640	648	759	787	903	926	1000	965	951	819	711	527	416	283	212	164	110	136	95	140	113	140	131	133	141	126	144	116	138	110	129	108	116	105	105	99	93	92
64	170	1	2	119	0	1953125	12	0.0	0	0.97	0	0	V0.2	0	0	79	105	89	100	98	94	105	88	111	81	113	79	116	79	117	82	123	87	127	93	136	94	147	92	160	83	177	68	191	49	205	35	213	65	226	126	249	199	283	278	324	368	389	459	465	554	557	653	667	765	808	899	952	985	1000	930	857	688	571	396	346	194	250	98	227	100	220	133	206	165	184	185	156	196	128	197	99	188	77	176	61	159	53	141	47
64	170	1	2	119	0	1953125	12	0.0	0	0.96	0	0	V0.2	0	0	57	49	54	57	51	63	50	67	53	69	57	71	63	73	67	76	73	81	74	89	75	96	71	102	67	107	67	107	70	101	83	92	103	86	138	112	186	165	245	234	306	323	383	418	461	519	551	627	653	754	788	902	920	1000	956	953	812	713	517	422	270	228	148	133	130	105	144	109	152	119	150	128	140	132	129	134	119	129	108	120	101	110	96	97	89
64	170	1	2	119	0	1953125	12	0.0	0	0.96	0	0	V0.2	0	0	69	43	66	51	65	59	62	64	63	68	64	72	69	73	73	75	79	79	82	84	83	91	78	97	71	104	64	105	57	102	64	95	82	85	121	106	173	153	239	219	304	305	383	400	463	503	554	615	657	744	792	898	926	999	964	954	821	715	527	427	273	233	137	137	109	104	128	100	141	105	141	110	136	116	125	119	110	117	100	111	92	102	86	91	81
64	170	1	2	119	0	1953125	12	0.0	0	0.96	0	0	V0.2	0	0	65	39	63	47	61	54	59	60	58	65	61	68	66	69	71	72	77	76	81	82	82	89	80	97	73	104	65	108	61	108	67	103	86	100	127	120	181	165	250	228	316	312	396	406	479	508	569	619	671	748	804	900	934	1000	971	952	823	711	526	422	272	232	136	144	112	117	135	114	149	115	153	119	148	122	136	125	123	123	111	118	101	109	93	98	87
64	170	1	2	119	0	1953125	12	0.0	0	0.96	0	0	V0.2	0	0	70	34	72	40	72	48	71	55	70	62	71	66	74	69	78	70	84	73	90	76	92	79	92	85	87	93	78	99	64	104	57	106	62	107	103	130	162	172	236	227	310	306	399	395	488	494	585	606	692	738	827	893	961	996	1000	951	854	709	554	417	291	228	140	146	93	126	114	120	132	116	143	113	144	111	138	111	125	109	112	109	100	102	91	95	82
64	170	1	2	119	0	1953125	12	0.0	0	0.97	0	0	V0.2	0	0	55	113	68	109	80	103	89	96	97	90	103	84	107	82	112	83	116	86	123	91	132	91	145	86	160	76	177	59	191	40	204	43	208	87	216	152	231	226	261	304	297	393	364	483	444	571	540	665	656	774	804	903	948	985	1000	924	866	674	587	375	362	182	249	129	200	164	172	201	143	225	112	233	87	231	75	220	72	198	76	175	81	153	81	133	74
64	170	1	2	119	0	1953125	12	0.0	0	0.97	0	0	V0.2	0	0	103	76	115	66	124	54	129	44	134	35	135	33	136	36	137	42	142	47	149	50	158	48	168	46	177	50	184	65	184	92	178	126	158	172	139	230	142	291	177	353	238	425	328	498	428	575	541	661	664	766	810	899	953	988	1000	932	866	684	585	393	345	227	201	199	122	222	88	237	86	237	101	224	124	201	141	168	150	141	151	112	146	90	135	74	122
64	170	1	2	119	0	1953125	12	0.0	0	0.96	0	0	V0.2	0	0	67	34	68	41	67	49	66	56	65	61	67	65	70	68	76	71	82	73	88	78	91	83	91	90	86	99	78	107	67	112	65	114	75	118	117	140	174	181	248	237	321	315	407	404	496	505	591	616	698	745	830	897	962	1000	998	951	849	708	547	417	287	231	142	154	105	135	125	130	146	126	155	124	155	120	147	121	135	119	121	115	107	110	98	100	89
64	170	1	2	119	0	1953125	12	0.0	0	0.97	0	0	V0.2	0	0	63	54	60	62	58	68	57	73	60	76	64	78	70	80	76	82	79	88	84	96	83	104	81	111	77	115	76	117	76	114	87	106	107	100	142	122	191	169	252	234	312	319	389	414	468	515	557	627	660	752	792	899	923	1000	963	955	818	717	526	430	279	239	155	149	135	120	150	118	158	123	157	129	149	132	135	131	121	127	109	119	99	108	92	95	85
64	170	1	2	119	0	1953125	12	0.0	0	0.96	0	0	V0.2	0	0	70	35	72	39	73	46	72	54	71	60	72	65	75	67	78	70	85	71	91	72	95	76	95	81	90	89	82	95	68	102	58	106	59	111	97	134	157	173	230	227	306	304	395	391	484	488	583	598	690	728	825	882	959	987	1000	942	854	701	557	411	295	225	143	146	91	128	108	123	129	118	139	113	143	112	137	108	126	107	113	105	101	100	89	93	82
64	170	1	2	119	0	1953125	12	0.0	0	0.96	0	0	V0.2	0	0	63	39	62	48	59	55	58	61	58	65	60	68	66	70	70	72	75	76	79	82	80	89	77	97	71	103	64	106	60	105	67	99	87	95	127	116	180	161	246	225	311	310	390	405	472	507	563	619	666	748	798	899	930	1000	968	953	821	712	527	424	274	232	139	142	114	113	135	110	148	114	150	117	145	123	134	125	120	122	109	117	100	109	94	97	87
64	170	1	2	119	0	1953125	12	0.0	0	0.98	0	0	V0.2	0	0	54	75	61	74	67	75	74	77	79	80	85	87	89	95	95	105	101	116	109	127	117	137	129	145	144	155	163	161	181	169	204	177	227	196	257	232	296	282	342	343	390	418	453	500	520	585	597	679	689	785	809	915	928	1000	960	951	824	728	560	470	362	314	282	249	260	225	255	213	243	204	226	194	205	183	182	169	159	154	138	138	120	123	108	109	99
64	170	1	2	119	0	1953125	12	0.0	0	0.96	0	0	V0.2	0	0	68	32	68	41	67	49	67	57	66	62	68	66	70	69	76	70	80	74	89	78	91	83	90	90	86	100	78	106	67	113	63	114	74	118	116	141	174	181	247	238	321	314	407	404	495	503	591	614	695	743	829	899	962	1000	996	950	848	704	547	414	289	231	141	153	104	134	124	131	146	126	154	122	154	120	147	120	134	119	121	116	107	109	97	100	87
64	170	1	2	119	0	1953125	12	0.0	0	0.97	0	0	V0.2	0	0	63	114	75	110	87	103	96	95	104	87	109	82	114	79	118	81	123	84	130	86	139	85	152	80	167	68	182	50	194	36	203	49	204	97	206	163	219	236	246	312	284	398	352	485	434	573	535	665	653	771	801	900	947	983	999	922	870	670	592	371	365	182	246	136	189	173	155	209	123	229	94	237	75	229	70	215	76	190	84	167	88	141	87	122	80
64	170	1	2	119	0	1953125	12	0.0	0	0.96	0	0	V0.2	0	0	65	32	68	36	68	44	68	51	67	57	68	63	71	66	75	67	81	70	88	72	93	76	93	81	89	90	82	98	70	104	61	110	64	117	103	142	160	182	235	237	311	311	401	398	490	493	588	602	694	731	830	883	961	986	1000	940	852	696	554	406	294	221	143	148	96	134	113	132	134	129	146	123	149	120	145	117	134	113	121	111	107	106	97	99	87
64	170	1	2	119	0	1953125	12	0.0	0	0.96	0	0	V0.2	0	0	71	34	72	42	71	50	69	58	68	63	69	68	72	70	77	72	83	74	88	77	90	83	89	89	83	97	73	103	60	105	56	105	66	104	108	124	166	165	238	223	312	304	398	395	484	496	580	609	685	740	819	895	953	1000	992	955	844	712	546	420	286	232	137	146	97	122	119	114	135	110	144	110	144	112	134	113	122	112	110	109	99	104	89	94	82
64	170	1	2	119	0	1953125	12	0.0	0	0.96	0	0	V0.2	0	0	63	39	62	47	59	55	57	61	58	65	60	68	65	70	70	71	75	76	79	82	80	89	77	97	71	103	64	106	60	105	68	99	86	94	128	116	181	163	246	226	313	311	391	404	473	507	564	618	666	747	798	897	930	1000	966	952	819	711	524	422	271	232	137	141	113	112	134	110	149	115	152	119	145	123	134	124	120	123	110	118	100	109	93	98	87
64	170	1	2	119	0	1953125	12	0.0	0	0.96	0	0	V0.2	0	0	71	37	72	40	74	47	74	54	73	61	73	66	75	69	79	70	85	72	91	74	95	76	95	83	91	89	82	95	68	102	57	104	57	108	96	132	154	172	229	227	305	303	393	390	483	487	582	599	690	728	825	881	958	987	1000	943	855	702	556	413	297	226	143	145	89	126	106	122	127	116	137	112	140	109	134	107	123	106	111	103	98	99	89	92	81
64	170	1	2	119	0	1953125	12	0.0	0	0.96	0	0	V0.2	0	0	67	32	69	38	69	46	68	54	67	60	68	64	71	67	76	69	83	72	90	76	93	80	93	87	89	95	82	103	71	110	64	114	71	121	110	145	168	186	242	239	317	315	405	401	494	498	592	607	697	734	831	888	962	990	1000	942	851	700	551	410	291	227	144	153	101	138	120	136	141	130	151	124	153	122	147	118	135	116	123	113	110	109	98	99	88
64	170	1	2	119	0	1953125	12	0.0	0	0.97	0	0	V0.2	0	0	66	69	64	75	63	80	66	84	70	88	77	91	85	95	94	101	101	108	109	117	114	129	117	141	119	155	123	166	126	177	137	184	156	195	192	219	243	254	308	302	375	370	454	450	535	538	623	639	719	760	843	903	965	1000	998	950	850	718	564	449	331	293	217	237	190	220	195	208	201	192	199	178	194	164	182	150	164	135	144	123	126	112	109	102	95
64	170	1	2	119	0	1953125	12	0.0	0	0.96	0	0	V0.2	0	0	68	32	70	38	68	45	68	53	67	59	67	63	71	66	75	68	81	70	88	74	92	78	91	86	88	94	79	102	67	108	60	112	68	116	108	140	167	180	241	235	317	311	405	400	494	498	591	608	696	736	831	891	962	994	1000	945	851	702	550	411	289	227	141	152	99	134	119	129	140	125	150	120	153	120	146	117	134	115	120	112	108	108	97	99	88
64	170	1	2	119	0	1953125	12	0.0	0	0.96	0	0	V0.2	0	0	70	34	70	41	71	49	69	56	69	63	69	67	73	69	77	70	83	73	88	75	91	80	90	87	85	94	76	101	63	104	57	105	65	107	106	128	165	168	237	226	312	305	399	395	485	496	582	609	689	739	824	895	958	1000	998	955	851	712	551	420	290	231	138	147	95	122	114	117	135	114	144	113	144	111	136	112	123	112	112	108	100	105	93	97	83
64	170	1	2	119	0	1953125	12	0.0	0	0.96	0	0	V0.2	0	0	68	32	68	37	69	46	67	52	66	59	67	64	70	66	75	69	81	72	87	75	92	79	91	87	85	93	77	102	65	107	61	112	70	115	108	137	167	179	242	234	317	312	404	400	493	500	590	610	695	740	830	893	963	996	1000	949	852	705	551	414	290	229	141	150	99	132	119	129	140	125	151	123	152	119	145	119	133	116	121	115	107	107	97	98	86
64	170	1	2	119	0	1953125	12	0.0	0	0.98	0	0	V0.2	0	0	52	79	54	84	57	86	63	88	69	91	79	95	86	100	95	108	104	118	112	129	119	143	126	158	133	173	143	189	154	203	173	214	198	230	236	259	287	295	347	341	411	406	484	480	560	563	642	658	733	771	850	907	967	999	997	953	855	729	580	475	365	334	263	281	234	260	231	242	227	223	220	203	209	181	193	161	173	144	152	127	132	115	117	106	104
64	170	1	2	119	0	1953125	12	0.0	0	0.96	0	0	V0.2	0	0	67	33	68	42	66	50	64	57	63	62	64	67	68	69	75	71	80	72	85	78	88	85	87	93	82	101	72	108	63	112	63	112	78	112	121	134	178	175	249	231	322	312	406	402	490	504	585	615	688	745	820	898	952	1000	987	951	837	706	537	416	280	232	137	152	107	130	130	125	148	121	156	121	155	122	145	121	131	120	117	116	104	111	99	101	87
64	170	1	2	119	0	1953125	12	0.0	0	0.97	0	0	V0.2	0	0	57	72	65	69	72	69	79	72	83	76	88	83	92	91	96	100	102	109	110	115	119	119	131	121	144	123	160	125	172	130	183	141	192	168	209	216	237	274	280	339	333	419	408	500	489	583	587	671	694	778	832	910	965	996	1000	944	854	704	574	423	357	251	258	191	225	192	211	200	196	203	182	199	166	187	154	173	142	153	131	133	119	115	107	100	98
64	170	1	2	119	0	1953125	12	0.0	0	0.96	0	0	V0.2	0	0	68	33	68	40	67	48	65	55	64	61	66	64	69	67	74	69	81	72	87	77	90	83	88	90	83	98	74	104	63	110	62	111	73	113	114	135	172	175	244	232	319	312	405	402	492	502	588	614	693	744	826	898	959	1000	993	950	844	706	542	414	284	229	138	150	101	128	123	124	143	121	152	119	152	119	146	119	131	117	118	115	106	108	95	100	87
64	170	1	2	119	0	1953125	12	0.0	0	0.97	0	0	V0.2	0	0	60	112	73	107	84	101	94	94	102	86	107	81	111	80	115	80	120	84	128	86	137	87	149	81	163	70	179	52	191	39	201	50	202	95	206	160	219	233	246	309	285	396	354	483	435	570	536	663	655	771	801	899	947	982	999	921	867	672	590	374	364	184	244	135	190	172	157	207	126	227	98	234	79	230	73	214	76	190	84	166	89	143	86	123	79
64	170	1	2	119	0	1953125	12	0.0	0	0.96	0	0	V0.2	0	0	67	32	68	39	68	46	65	53	66	59	67	64	70	66	75	69	81	70	87	75	90	79	89	85	85	94	77	101	65	107	59	108	68	113	109	135	167	177	240	232	314	310	401	399	490	499	587	609	694	738	827	892	959	996	1000	950	851	707	550	415	289	228	140	149	98	129	119	126	139	123	149	120	149	117	144	117	133	116	119	114	107	107	97	99	88
64	170	1	2	119	0	1953125	12	0.0	0	0.97	0	0	V0.2	0	0	46	122	60	119	72	114	82	108	90	101	97	97	102	93	107	95	112	99	119	102	128	103	141	100	156	89	174	71	189	49	203	36	211	71	221	136	239	211	269	291	306	383	371	471	448	564	542	660	657	768	802	898	947	981	1000	922	865	675	587	377	362	178	251	115	205	150	179	190	150	215	119	228	90	226	71	216	62	197	65	175	70	152	70	132	64
64	170	1	2	119	0	1953125	12	0.0	0	0.96	0	0	V0.2	0	0	34	67	35	69	39	69	46	69	53	69	60	71	64	74	68	80	69	87	71	93	75	96	79	96	86	90	96	80	103	68	112	62	117	82	130	135	163	201	213	274	273	361	355	450	445	543	550	644	667	761	814	903	957	1000	999	952	851	707	554	406	309	201	183	109	141	110	133	133	129	149	124	154	122	150	120	138	117	126	117	113	112	103	106	92	95
64	170	1	2	119	0	1953125	12	0.0	0	0.96	0	0	V0.2	0	0	62	52	58	60	54	66	55	71	56	73	61	74	66	75	70	78	73	83	75	90	74	97	70	102	66	105	65	102	67	93	78	78	94	68	126	98	172	155	228	228	289	319	364	414	444	515	535	625	642	750	779	898	916	1000	957	955	814	719	523	427	276	227	150	124	122	91	133	98	137	110	132	122	124	126	114	127	105	120	97	111	93	99	89	88	83
64	170	1	2	119	0	1953125	12	0.0	0	0.96	0	0	V0.2	0	0	68	31	68	38	68	45	67	54	66	60	66	64	70	67	75	69	81	71	88	74	91	79	90	86	86	96	77	102	66	108	60	110	69	115	110	138	168	178	241	234	319	313	405	401	493	500	590	610	697	741	831	894	963	997	1000	950	851	706	549	414	289	228	140	150	99	132	119	127	141	124	149	120	153	120	146	119	133	117	119	113	106	107	95	100	88
64	170	1	2	119	0	1953125	12	0.0	0	0.97	0	0	V0.2	0	0	56	72	53	76	54	80	59	83	64	86	72	89	79	93	88	99	96	109	102	118	106	130	108	142	111	155	118	164	127	172	142	177	164	184	202	208	252	245	314	295	377	368	451	450	528	542	610	643	705	763	827	905	948	1000	978	949	831	717	545	449	318	293	215	232	195	211	204	198	208	186	206	173	198	163	183	151	164	138	143	128	124	116	108	104	96
64	170	1	2	119	0	1953125	12	0.0	0	0.96	0	0	V0.2	0	0	50	56	47	64	44	69	46	72	50	71	55	72	62	75	66	79	69	86	69	93	70	99	71	101	75	99	84	89	94	75	106	63	115	75	136	126	168	194	218	270	278	359	357	451	445	545	549	646	668	763	815	906	959	1000	998	948	850	703	555	402	310	196	182	107	136	113	127	137	123	153	122	155	122	149	125	136	123	120	121	109	115	100	106	92	93
