34928	35048	35167	35286	35405	35524	35644	35763	35882	36001	36120	36240	36359	36478	36597	36716	36836	36955	37074	37193	37313	37432	37551	37670	37789	37909	38028	38147	38266	38385	38505	38624	38743	38862	38981	39101	39220	39339	39458	39577	39697	39816	39935	40054	40174	40293	40412	40531	40650	40770	40889	41008	41127	41246	41366	41485	41604	41723	41842	41962	42081	42200	42319	42439	42558	42677	42796	42915	43035	43154	43273	43392	43511	43631	43750	43869	43988	44107	44227	44346	44465	44584	44703	44823	44942
64	170	1	2	119	0	1953125	12	0.0	0	1.00	0	0	V0.2	0	0	33	69	37	70	41	72	46	72	51	73	58	75	65	76	71	78	79	81	83	82	90	86	93	84	91	87	94	90	82	88	78	107	88	136	104	169	149	241	221	311	283	381	378	499	482	586	573	705	736	855	853	927	931	1000	948	885	716	618	463	382	254	219	127	156	102	149	116	150	124	151	133	152	138	140	130	132	128	123	121	113	112	104	103	95	91
64	170	1	2	119	0	1953125	12	0.0	0	1.02	0	0	V0.2	0	0	65	87	68	92	73	96	78	101	86	106	95	113	107	120	120	127	134	138	152	148	167	161	189	177	206	190	228	214	252	232	270	261	306	299	334	331	373	392	429	447	469	504	545	599	619	664	687	763	817	882	906	942	971	1000	982	902	788	678	576	500	432	399	349	357	318	339	297	317	271	296	253	271	229	245	206	219	185	193	163	171	148	151	134	136	125
64	170	1	2	119	0	1953125	12	0.0	0	1.00	0	0	V0.2	0	0	51	60	54	62	57	65	60	67	61	69	65	75	68	79	70	85	74	90	75	95	80	103	78	104	75	109	75	112	64	109	61	127	82	146	109	175	156	247	233	309	296	377	391	496	498	578	589	702	753	847	865	920	938	1000	953	887	711	626	454	390	249	221	136	150	126	138	143	134	149	135	154	134	157	129	148	121	140	116	128	107	116	101	106	93	91
64	170	1	2	119	0	1953125	12	0.0	0	1.02	0	0	V0.2	0	0	72	79	78	80	84	83	91	86	100	93	108	100	116	111	126	123	135	139	148	155	157	174	174	194	187	212	205	239	228	257	245	288	281	324	314	354	353	414	414	463	460	518	537	608	618	668	688	767	820	882	909	938	966	1000	977	907	778	687	566	508	431	398	355	351	331	329	313	303	289	283	271	255	241	229	219	208	195	184	172	164	154	147	140	134	130
64	170	1	2	119	0	1953125	12	0.0	0	1.00	0	0	V0.2	0	0	33	73	38	73	42	75	47	74	53	74	60	76	66	76	73	78	83	79	85	78	94	82	96	79	94	80	96	81	83	78	77	97	84	125	96	159	142	230	214	302	275	372	371	491	476	579	568	702	732	851	849	922	928	1000	953	886	722	618	469	380	258	214	125	147	95	143	106	142	114	145	124	143	127	134	121	126	120	118	113	106	105	99	97	90	88
64	170	1	2	119	0	1953125	12	0.0	0	1.00	0	0	V0.2	0	0	33	73	38	73	42	75	47	74	53	74	60	76	66	76	73	78	83	79	85	78	94	82	96	79	94	80	96	81	83	78	77	97	84	125	96	159	142	230	214	302	275	372	371	491	476	579	568	702	732	851	849	922	928	1000	953	886	722	618	469	380	258	214	125	147	95	143	106	142	114	145	124	143	127	134	121	126	120	118	113	106	105	99	97	90	88
64	170	1	2	119	0	1953125	12	0.0	0	1.02	0	0	V0.2	0	0	69	78	75	81	82	83	89	87	98	93	106	100	115	111	125	122	135	138	148	153	158	172	175	192	188	211	207	235	229	255	247	284	283	320	316	350	354	409	414	458	462	513	538	605	617	665	688	763	819	879	910	937	969	1000	981	906	783	686	570	506	435	397	360	349	333	326	316	302	292	281	273	255	244	230	221	207	197	183	174	164	156	147	140	134	130
64	170	1	2	119	0	1953125	12	0.0	0	1.00	0	0	V0.2	0	0	45	64	48	66	52	68	56	70	58	73	62	76	68	80	71	85	77	89	79	93	84	101	85	101	82	105	82	109	71	106	67	125	85	149	107	177	150	247	228	314	290	380	383	502	491	584	578	704	740	855	857	922	926	1000	950	890	714	626	456	393	254	228	134	157	120	147	137	142	142	142	151	142	152	134	145	125	136	118	129	110	116	101	104	93	92
64	170	1	2	119	0	1953125	12	0.0	0	1.02	0	0	V0.2	0	0	63	87	66	92	70	97	75	102	84	107	94	112	107	119	121	125	137	135	154	144	172	156	193	171	212	183	233	205	259	221	278	250	315	286	346	317	383	375	441	430	485	486	559	580	635	646	703	743	832	861	922	920	986	975	1000	879	809	658	599	479	459	376	376	334	345	315	321	295	294	276	274	255	247	230	221	206	197	182	174	163	155	145	140	133	129
64	170	1	2	119	0	1953125	12	0.0	0	1.00	0	0	V0.2	0	0	67	43	68	45	70	50	72	53	72	57	76	62	80	66	83	71	88	74	92	78	98	81	103	78	102	78	110	72	109	60	112	71	137	90	159	121	201	195	274	272	332	341	424	466	529	557	617	678	779	830	898	898	974	969	1000	852	769	583	510	345	300	181	169	124	133	136	130	147	124	155	128	161	129	155	121	147	117	137	109	124	104	113	97	101	89
64	170	1	2	119	0	1953125	12	0.0	0	1.02	0	0	V0.2	0	0	53	86	58	90	65	93	72	96	83	100	94	105	107	111	120	118	135	128	153	139	168	152	189	170	206	184	228	207	253	225	272	252	309	289	341	318	380	378	439	430	485	485	559	578	638	642	707	737	835	855	927	914	987	971	1000	878	807	657	596	479	459	373	382	328	353	309	331	288	306	269	284	246	256	223	232	200	205	179	182	160	162	146	145	133	133
64	170	1	2	119	0	1953125	12	0.0	0	1.00	0	0	V0.2	0	0	50	59	53	60	55	62	58	65	60	68	63	73	67	77	70	83	73	89	75	94	77	101	77	103	74	106	73	110	63	105	59	121	81	141	109	169	154	236	232	302	297	370	390	489	498	575	590	696	750	844	868	919	941	1000	958	893	724	630	462	392	257	223	140	147	126	133	145	129	148	131	158	135	157	127	149	121	139	114	129	108	117	102	106	95	92
64	170	1	2	119	0	1953125	12	0.0	0	1.00	0	0	V0.2	0	0	71	42	74	45	74	49	75	53	77	57	78	63	81	66	82	72	88	77	90	78	96	83	100	79	98	78	103	69	99	54	102	60	125	78	148	109	187	180	262	261	320	330	412	453	518	549	607	670	770	822	890	891	967	965	1000	858	774	586	511	348	302	177	164	116	123	124	117	137	115	144	116	150	118	146	111	137	106	127	102	116	96	106	91	95	84
64	170	1	2	119	0	1953125	12	0.0	0	1.00	0	0	V0.2	0	0	71	42	74	45	74	49	75	53	77	57	78	63	81	66	82	72	88	77	90	78	96	83	100	79	98	78	103	69	99	54	102	60	125	78	148	109	187	180	262	261	320	330	412	453	518	549	607	670	770	822	890	891	967	965	1000	858	774	586	511	348	302	177	164	116	123	124	117	137	115	144	116	150	118	146	111	137	106	127	102	116	96	106	91	95	84
64	170	1	2	119	0	1953125	12	0.0	0	1.00	0	0	V0.2	0	0	53	56	56	59	59	61	61	64	63	68	65	72	68	77	69	83	73	90	73	95	76	103	76	104	71	107	71	111	62	105	59	120	82	139	113	165	157	233	237	300	304	367	394	486	505	575	597	696	758	847	878	922	949	1000	970	899	736	634	468	395	260	220	143	142	131	129	147	125	152	129	158	127	156	126	148	120	141	115	129	108	118	103	106	95	93
64	170	1	2	119	0	1953125	12	0.0	0	1.00	0	0	V0.2	0	0	66	51	65	54	67	57	69	60	72	62	74	65	80	68	83	71	91	73	94	73	102	76	105	70	106	69	111	61	106	48	105	60	124	90	139	125	182	198	252	279	310	349	404	476	512	570	602	692	767	846	889	917	967	991	1000	879	773	605	511	363	294	192	153	131	110	137	107	147	108	153	115	158	119	148	114	138	112	128	107	116	102	105	95	94	87
64	170	1	2	119	0	1953125	12	0.0	0	1.00	0	0	V0.2	0	0	60	53	61	56	63	58	66	61	68	61	72	66	78	67	83	70	92	72	96	73	104	76	109	70	109	69	117	65	114	55	114	70	135	101	152	135	194	207	263	288	322	359	415	483	522	578	610	698	777	852	895	919	968	990	1000	877	770	599	508	359	295	195	157	141	119	150	118	157	119	163	124	162	125	157	121	147	118	138	112	124	108	113	101	100	92
64	170	1	2	119	0	1953125	12	0.0	0	1.02	0	0	V0.2	0	0	60	89	64	94	67	97	74	102	84	106	94	111	107	117	121	123	137	133	155	142	172	154	194	169	212	181	233	204	259	221	277	248	315	286	347	315	383	373	442	429	487	484	561	578	640	645	707	740	835	857	926	913	983	970	1000	878	810	655	598	476	458	373	377	329	347	313	325	292	298	272	276	249	249	227	224	204	199	181	176	161	158	145	142	132	130
64	170	1	2	119	0	1953125	12	0.0	0	1.00	0	0	V0.2	0	0	54	62	54	63	57	66	61	68	65	68	71	70	78	70	85	72	93	72	98	71	107	73	113	68	114	66	121	66	116	59	116	79	134	114	146	148	185	222	254	303	312	370	405	497	511	589	599	712	765	862	882	925	953	1000	987	884	755	607	498	370	286	209	149	153	112	161	119	164	118	167	128	167	129	155	126	148	123	134	117	122	110	110	102	98	93
64	170	1	2	119	0	1953125	12	0.0	0	1.02	0	0	V0.2	0	0	66	83	69	88	71	94	76	100	83	105	92	112	104	119	117	126	133	137	152	146	168	158	192	173	210	186	232	209	258	226	278	253	315	292	346	322	382	382	441	439	483	492	556	591	637	658	702	753	832	874	924	927	979	983	1000	891	813	665	596	487	456	385	371	342	339	328	317	305	288	286	268	264	241	236	218	213	195	188	173	167	155	150	142	137	132
64	170	1	2	119	0	1953125	12	0.0	0	1.01	0	0	V0.2	0	0	57	87	63	91	70	93	79	97	89	100	99	104	111	108	122	113	135	120	147	124	159	132	174	139	183	144	198	156	211	160	220	179	249	205	271	230	306	292	368	355	415	414	497	526	589	605	666	713	812	852	918	908	974	968	1000	865	782	606	538	401	373	284	281	248	255	250	248	246	232	242	224	234	209	217	194	204	179	186	161	167	147	151	133	134	120
64	170	1	2	119	0	1953125	12	0.0	0	1.02	0	0	V0.2	0	0	69	76	70	81	72	88	77	95	82	102	89	109	100	117	113	125	128	137	147	147	163	159	185	176	205	188	228	212	254	229	272	257	310	298	342	327	376	386	437	448	483	501	555	597	635	668	702	762	830	884	924	939	977	992	1000	904	810	675	592	495	453	396	369	353	337	338	316	317	288	296	269	272	243	245	219	221	196	195	175	174	158	156	144	142	135
64	170	1	2	119	0	1953125	12	0.0	0	1.00	0	0	V0.2	0	0	54	60	56	63	58	64	61	67	64	67	71	70	77	69	84	71	93	72	98	71	108	74	114	69	115	66	121	65	118	58	115	77	134	113	148	147	187	218	258	303	315	368	406	494	517	592	605	709	767	865	890	928	956	1000	995	890	763	610	499	370	289	207	150	152	112	159	117	165	119	166	123	165	128	158	125	146	122	136	118	123	110	111	103	99	93
64	170	1	2	119	0	1953125	12	0.0	0	1.02	0	0	V0.2	0	0	70	82	72	87	74	94	78	100	85	107	94	113	104	121	118	128	133	139	152	149	168	160	191	176	209	188	232	212	258	229	276	256	313	296	344	325	379	382	439	442	483	495	554	593	636	662	703	756	830	878	923	933	978	988	1000	899	811	669	594	491	454	388	368	346	336	330	314	309	287	289	267	266	242	240	217	216	194	191	172	168	154	150	140	136	131
64	170	1	2	119	0	1953125	12	0.0	0	1.01	0	0	V0.2	0	0	60	81	66	82	72	85	81	90	90	94	100	99	110	104	120	110	133	118	144	125	156	134	170	140	178	147	193	161	209	163	216	183	248	208	272	231	308	291	370	349	419	409	501	517	594	597	672	704	817	839	921	901	979	958	999	858	783	603	538	396	377	277	289	241	268	242	260	239	243	235	238	228	221	214	202	200	186	182	167	166	152	149	138	134	125
64	170	1	2	119	0	1953125	12	0.0	0	1.02	0	0	V0.2	0	0	71	82	73	89	75	94	79	101	85	107	93	113	105	121	118	128	133	139	152	149	168	161	191	176	209	188	232	211	259	228	276	256	314	296	345	325	380	384	439	443	482	498	555	595	634	662	702	760	831	878	922	931	977	987	999	895	809	669	593	491	454	390	367	346	335	332	312	309	287	290	267	266	240	241	215	216	193	191	172	169	155	151	140	137	130
64	170	1	2	119	0	1953125	12	0.0	0	1.01	0	0	V0.2	0	0	61	87	66	88	73	92	82	96	91	99	101	102	112	107	123	112	136	119	147	124	160	133	173	140	183	145	198	157	212	159	220	178	249	203	271	227	308	289	369	348	414	408	498	522	589	599	667	708	814	846	918	900	977	963	1000	854	783	602	541	398	378	278	284	240	261	244	252	240	235	236	227	232	214	217	195	201	179	183	162	165	146	149	133	133	121
64	170	1	2	119	0	1953125	12	0.0	0	1.00	0	0	V0.2	0	0	73	32	75	36	74	41	76	47	76	52	78	60	80	67	81	75	86	80	86	86	91	92	93	91	93	92	99	88	101	74	106	83	137	93	164	116	206	187	283	260	340	325	430	453	539	542	624	657	785	812	903	876	970	945	1000	842	770	575	508	345	308	177	182	110	149	120	148	132	140	144	141	151	136	148	126	144	121	135	112	123	102	113	96	101	88
64	170	1	2	119	0	1953125	12	0.0	0	1.00	0	0	V0.2	0	0	73	32	75	36	74	41	76	47	76	52	78	60	80	67	81	75	86	80	86	86	91	92	93	91	93	92	99	88	101	74	106	83	137	93	164	116	206	187	283	260	340	325	430	453	539	542	624	657	785	812	903	876	970	945	1000	842	770	575	508	345	308	177	182	110	149	120	148	132	140	144	141	151	136	148	126	144	121	135	112	123	102	113	96	101	88
64	170	1	2	119	0	1953125	12	0.0	0	1.02	0	0	V0.2	0	0	55	88	59	92	65	95	71	100	81	103	92	107	106	114	120	120	135	130	154	139	170	151	192	167	210	180	232	203	258	220	277	247	314	284	346	313	384	371	442	425	486	480	559	575	636	638	704	734	833	852	923	907	982	965	1000	874	809	652	598	475	461	370	381	326	350	310	328	289	301	270	280	247	251	222	226	202	202	179	178	159	160	145	143	134	132
64	170	1	2	119	0	1953125	12	0.0	0	1.00	0	0	V0.2	0	0	68	45	69	48	71	51	74	55	74	59	79	64	82	66	85	73	91	76	95	80	101	83	105	79	105	79	115	75	116	63	119	72	144	92	166	122	207	193	278	272	335	337	424	460	529	556	619	673	779	824	895	893	970	963	1000	850	770	582	513	347	307	184	176	129	139	141	135	151	129	159	133	165	130	159	121	148	116	138	110	125	103	114	95	100	88
64	170	1	2	119	0	1953125	12	0.0	0	1.02	0	0	V0.2	0	0	55	88	59	93	64	97	72	100	82	104	92	109	106	115	121	121	137	131	154	139	171	151	193	168	212	181	234	204	260	220	280	248	318	287	351	315	387	374	447	430	489	480	561	578	642	643	707	736	836	857	927	910	979	963	1000	876	813	652	598	474	463	371	382	327	351	311	330	289	301	270	280	249	252	225	228	202	204	180	179	160	160	145	144	134	132
64	170	1	2	119	0	1953125	12	0.0	0	1.01	0	0	V0.2	0	0	63	81	69	83	75	86	82	90	92	94	101	99	111	104	121	110	133	118	144	125	155	135	169	142	179	148	193	161	207	164	217	183	248	209	274	231	310	291	373	351	420	407	499	517	593	597	670	702	816	841	921	898	973	953	1000	859	789	602	541	396	381	278	293	240	271	242	264	238	247	234	239	230	222	214	203	197	187	182	167	164	152	149	136	134	124
64	170	1	2	119	0	1953125	12	0.0	0	1.02	0	0	V0.2	0	0	58	78	59	83	62	88	67	93	74	98	83	104	96	111	112	118	128	128	147	137	164	150	188	166	208	178	230	203	261	222	279	247	317	290	354	320	387	376	449	440	494	490	562	586	645	657	710	745	835	869	929	920	976	969	999	884	814	658	598	482	465	386	383	342	350	326	329	305	301	286	279	262	251	235	226	213	204	189	180	169	163	152	147	141	138
64	170	1	2	119	0	1953125	12	0.0	0	1.01	0	0	V0.2	0	0	75	69	80	73	85	76	92	82	99	87	106	95	115	103	121	112	131	123	139	131	148	145	160	154	168	163	182	177	196	180	205	197	237	221	266	241	300	299	368	357	420	412	499	519	597	599	675	700	818	840	928	899	977	956	1000	862	785	609	533	400	380	278	297	233	277	230	274	226	258	220	247	213	231	201	213	190	196	173	176	159	158	145	141	132	126
64	170	1	2	119	0	1953125	12	0.0	0	1.02	0	0	V0.2	0	0	67	76	67	83	69	88	72	94	79	101	87	107	98	116	113	123	128	134	147	145	164	156	188	174	208	185	229	209	258	228	276	252	313	296	347	324	379	381	442	446	487	499	556	594	637	668	705	758	830	882	926	934	975	983	999	895	811	666	592	489	456	393	373	349	340	335	317	311	288	290	269	269	246	245	219	217	197	195	176	172	158	156	146	142	135
64	170	1	2	119	0	1953125	12	0.0	0	1.01	0	0	V0.2	0	0	74	68	79	71	85	76	91	80	98	87	105	94	113	103	120	112	130	123	138	132	147	146	160	156	167	164	180	179	196	183	205	202	237	227	267	247	301	303	369	363	422	417	499	524	599	606	679	706	820	843	927	902	979	959	1000	866	785	613	533	405	383	284	303	239	284	236	281	231	264	224	253	217	236	201	215	189	199	174	177	159	161	146	144	133	127
64	170	1	2	119	0	1953125	12	0.0	0	1.02	0	0	V0.2	0	0	51	86	55	90	60	93	67	97	77	101	88	105	101	111	117	116	133	126	153	136	169	148	193	165	211	176	233	201	261	218	280	243	317	284	352	312	385	368	447	430	494	479	560	574	645	647	712	735	836	856	930	907	977	956	1000	874	817	649	597	473	467	373	387	328	355	311	333	290	305	272	282	250	257	228	230	202	204	181	182	164	163	148	147	137	135
64	170	1	2	119	0	1953125	12	0.0	0	1.01	0	0	V0.2	0	0	61	82	67	86	74	87	82	91	91	94	100	99	111	103	121	109	133	117	145	123	156	132	173	142	181	146	195	159	211	161	219	178	250	206	277	228	308	285	373	352	424	405	498	515	596	602	673	700	814	843	923	898	971	948	1000	857	791	597	539	392	384	277	294	239	268	242	263	239	245	234	236	229	219	213	202	201	186	184	167	166	151	151	137	135	123
64	170	1	2	119	0	1953125	12	0.0	0	1.01	0	0	V0.2	0	0	49	91	54	93	62	96	71	98	82	102	93	105	105	109	117	112	132	119	146	123	159	130	175	138	185	142	200	156	215	162	222	179	250	213	275	238	302	294	366	369	419	427	490	531	587	627	668	724	807	867	922	932	971	976	1000	886	794	622	536	410	375	302	282	265	255	266	249	263	232	256	223	246	208	228	195	214	181	194	165	174	150	157	137	139	125
64	170	1	2	119	0	1953125	12	0.0	0	1.01	0	0	V0.2	0	0	49	91	54	93	62	96	71	98	82	102	93	105	105	109	117	112	132	119	146	123	159	130	175	138	185	142	200	156	215	162	222	179	250	213	275	238	302	294	366	369	419	427	490	531	587	627	668	724	807	867	922	932	971	976	1000	886	794	622	536	410	375	302	282	265	255	266	249	263	232	256	223	246	208	228	195	214	181	194	165	174	150	157	137	139	125
64	170	1	2	119	0	1953125	12	0.0	0	1.00	0	0	V0.2	0	0	72	30	73	34	73	40	75	45	75	51	76	59	79	67	78	74	82	83	82	87	84	95	87	94	84	96	90	94	95	82	95	84	124	97	161	118	193	177	272	261	346	326	419	439	536	547	629	654	779	805	907	879	965	943	1000	852	772	578	494	343	298	177	178	106	148	111	150	125	144	134	142	141	139	142	131	136	122	130	112	120	103	111	96	99	86
64	170	1	2	119	0	1953125	12	0.0	0	1.00	0	0	V0.2	0	0	58	59	60	62	63	65	66	67	69	68	74	71	81	73	87	74	95	77	101	77	107	79	114	75	113	73	120	72	119	64	117	75	134	107	153	141	187	207	258	294	323	363	407	479	518	584	611	697	769	854	899	929	968	994	1000	887	775	606	503	365	296	206	161	150	123	156	124	162	123	166	127	165	129	160	125	148	121	137	114	124	107	111	99	98	90
64	170	1	2	119	0	1953125	12	0.0	0	1.00	0	0	V0.2	0	0	54	61	54	63	58	66	60	67	64	68	70	69	75	70	80	71	89	72	94	71	102	72	106	67	106	65	110	62	102	55	96	70	108	106	122	142	160	210	230	296	295	365	383	482	493	583	588	700	747	852	874	931	947	1000	980	892	754	615	485	373	275	209	134	144	96	144	104	147	110	150	119	146	121	140	121	133	118	122	114	111	107	102	100	92	89
64	170	1	2	119	0	1953125	12	0.0	0	1.00	0	0	V0.2	0	0	55	59	55	62	58	64	61	66	65	67	71	69	77	70	84	72	94	73	99	73	106	76	113	71	113	69	119	67	116	60	113	77	131	112	148	148	185	217	257	305	320	373	407	494	518	594	609	709	771	866	898	936	964	1000	997	889	764	604	492	363	284	204	148	150	112	157	117	164	119	166	126	168	131	159	125	147	122	135	116	123	109	111	102	99	92
64	170	1	2	119	0	1953125	12	0.0	0	1.02	0	0	V0.2	0	0	75	69	76	77	79	83	80	91	86	100	93	108	101	118	113	128	126	140	143	151	158	164	180	183	198	196	220	220	246	239	264	266	300	308	333	339	367	397	426	459	473	514	544	609	625	681	694	774	821	893	915	948	969	1000	988	906	797	677	578	501	441	403	357	361	326	344	305	322	279	301	259	275	232	249	212	224	191	197	171	176	155	157	142	141	133
64	170	1	2	119	0	1953125	12	0.0	0	1.01	0	0	V0.2	0	0	51	92	57	95	64	98	74	102	85	105	95	110	108	113	121	117	135	124	148	127	161	135	177	142	186	147	201	162	214	166	221	186	248	216	267	243	303	307	361	375	410	434	491	547	586	632	665	741	811	879	920	940	977	994	1000	889	784	626	533	417	366	305	270	266	245	270	239	264	225	256	215	243	204	230	192	211	177	193	162	172	146	156	134	138	123
64	170	1	2	119	0	1953125	12	0.0	0	1.02	0	0	V0.2	0	0	68	82	70	88	73	94	77	100	84	105	93	112	105	120	118	127	133	138	152	147	168	159	191	175	210	187	232	211	259	228	277	254	314	295	346	323	382	381	440	443	485	495	557	590	638	663	705	756	832	878	925	934	981	985	1000	895	812	666	594	488	454	386	371	345	339	328	315	307	289	287	268	263	239	237	217	214	194	189	173	168	155	150	141	137	131
64	170	1	2	119	0	1953125	12	0.0	0	1.00	0	0	V0.2	0	0	68	48	69	49	71	54	73	57	75	60	78	65	82	69	86	73	93	78	96	79	103	84	108	80	109	80	117	77	118	64	119	74	144	97	166	126	205	194	277	276	337	343	426	464	534	562	620	676	779	831	899	898	966	964	1000	857	770	582	508	346	305	185	174	130	137	143	134	153	128	160	133	163	127	156	121	149	117	139	110	126	103	112	96	101	88
64	170	1	2	119	0	1953125	12	0.0	0	1.02	0	0	V0.2	0	0	59	86	62	91	67	95	73	100	82	104	92	109	105	116	119	123	136	133	154	142	171	154	193	170	211	182	232	205	260	223	278	248	315	288	348	316	384	374	444	431	489	484	561	580	642	648	709	741	834	863	929	921	983	970	1000	883	813	656	597	477	459	375	378	332	347	315	325	294	298	275	276	252	247	228	226	206	201	183	178	163	159	147	144	135	132
64	170	1	2	119	0	1953125	12	0.0	0	1.01	0	0	V0.2	0	0	50	89	56	93	63	96	71	100	80	104	90	110	103	115	113	120	125	128	137	135	148	143	161	153	168	161	180	178	188	186	192	209	215	243	232	271	265	334	324	397	370	456	454	562	546	640	625	746	771	882	875	940	932	1000	950	902	734	644	489	439	331	319	248	272	237	264	241	251	233	239	227	226	218	208	204	191	191	174	173	157	155	141	139	129	125
64	170	1	2	119	0	1953125	12	0.0	0	1.01	0	0	V0.2	0	0	87	55	90	62	93	70	96	80	99	90	103	102	108	114	110	124	117	139	123	150	128	164	138	178	142	188	152	204	161	212	166	233	194	261	218	285	254	343	320	404	375	459	457	565	557	642	635	745	782	885	889	943	936	1000	955	907	735	648	485	441	332	319	254	274	241	266	245	253	235	242	230	230	219	212	203	195	190	179	171	161	155	146	140	131	125
64	170	1	2	119	0	1953125	12	0.0	0	1.02	0	0	V0.2	0	0	54	87	58	92	63	95	70	99	79	104	90	107	104	114	119	120	135	128	154	138	170	151	193	167	212	179	233	202	260	219	279	244	316	284	351	312	384	367	445	429	494	483	562	575	645	646	712	736	838	859	932	912	979	959	999	875	811	649	593	470	462	370	382	326	350	310	329	289	301	271	279	249	253	224	227	203	203	181	179	162	161	146	144	134	134
64	170	1	2	119	0	1953125	12	0.0	0	1.00	0	0	V0.2	0	0	63	59	65	60	67	63	69	66	74	67	77	71	83	72	90	75	97	77	102	77	109	80	117	76	117	73	124	71	124	62	124	73	145	105	165	136	199	202	271	292	334	361	418	479	530	583	617	694	776	851	901	921	962	980	1000	878	775	595	506	355	304	200	169	146	128	156	127	165	124	167	127	169	129	162	122	150	119	140	111	125	104	111	97	98	89
64	170	1	2	119	0	1953125	12	0.0	0	1.00	0	0	V0.2	0	0	72	32	74	34	73	41	75	45	76	52	76	58	78	66	79	72	83	80	82	85	87	91	88	90	88	91	94	88	97	75	99	80	128	90	161	114	197	177	276	260	344	327	426	444	537	544	628	655	783	812	907	882	968	947	1000	846	771	575	499	339	302	172	177	105	145	113	145	129	140	137	140	146	138	145	127	139	120	133	111	121	103	112	95	99	87
64	170	1	2	119	0	1953125	12	0.0	0	1.00	0	0	V0.2	0	0	64	45	66	48	68	52	69	55	71	58	75	63	79	66	82	71	90	75	93	76	99	80	104	76	104	76	111	72	111	59	112	70	136	93	158	125	197	191	269	275	332	344	417	464	526	563	617	678	776	832	897	905	968	969	1000	860	772	586	506	346	301	183	168	129	131	140	130	151	125	158	128	162	128	156	120	146	117	137	110	124	104	113	98	99	89
64	170	1	2	119	0	1953125	12	0.0	0	1.00	0	0	V0.2	0	0	64	45	66	48	68	52	69	55	71	58	75	63	79	66	82	71	90	75	93	76	99	80	104	76	104	76	111	72	111	59	112	70	136	93	158	125	197	191	269	275	332	344	417	464	526	563	617	678	776	832	897	905	968	969	1000	860	772	586	506	346	301	183	168	129	131	140	130	151	125	158	128	162	128	156	120	146	117	137	110	124	104	113	98	99	89
64	170	1	2	119	0	1953125	12	0.0	0	1.00	0	0	V0.2	0	0	73	38	73	42	75	47	77	51	76	56	78	62	79	66	80	73	85	78	87	81	91	87	93	83	92	83	98	76	95	61	96	64	120	78	146	106	186	175	261	256	324	325	412	445	520	543	613	661	772	812	894	887	968	958	1000	853	772	583	506	343	299	174	166	108	126	116	124	129	119	138	121	144	120	139	111	134	107	127	102	116	95	106	90	94	83
64	170	1	2	119	0	1953125	12	0.0	0	1.01	0	0	V0.2	0	0	100	36	102	44	105	58	108	74	111	88	112	104	115	117	116	130	119	142	122	151	126	161	134	167	139	171	151	181	164	184	174	200	202	226	222	252	261	307	319	368	368	424	451	517	545	591	631	680	779	794	895	847	974	883	1000	774	800	534	560	339	396	232	309	202	283	206	273	206	256	204	246	201	227	190	206	183	187	173	165	163	145	155	125	147	107
64	170	1	2	119	0	1953125	12	0.0	0	1.02	0	0	V0.2	0	0	56	82	81	64	92	81	78	99	85	96	105	98	114	113	116	130	124	143	146	143	171	161	169	198	179	202	226	203	240	256	238	278	295	280	332	356	337	408	415	412	502	500	525	612	581	671	702	752	812	843	923	917	999	977	945	922	761	696	596	446	461	383	343	364	331	311	321	303	278	284	270	244	251	233	211	214	195	178	178	163	151	151	140	132	131
64	170	1	2	119	0	1953125	12	0.0	0	1.00	0	0	V0.2	0	0	50	58	54	60	56	62	59	66	62	69	64	73	67	77	70	83	73	90	74	95	78	101	78	103	73	106	73	111	64	107	60	121	80	143	111	170	154	236	233	306	302	375	391	492	501	581	594	699	755	850	873	926	938	1000	959	894	723	625	456	390	254	221	139	147	126	133	144	131	149	131	155	132	155	128	147	124	140	115	128	108	118	102	106	95	94
64	170	1	2	119	0	1953125	12	0.0	0	1.00	0	0	V0.2	0	0	71	36	73	40	74	45	76	50	75	55	77	61	78	66	80	72	85	78	85	83	90	88	93	85	91	84	96	78	95	63	98	67	124	81	151	110	193	179	268	258	331	327	422	448	527	543	619	663	780	816	899	890	973	960	1000	849	771	581	506	343	300	173	169	108	132	118	129	131	124	140	127	146	123	143	119	139	112	130	105	119	99	109	93	98	85
64	170	1	2	119	0	1953125	12	0.0	0	1.00	0	0	V0.2	0	0	71	33	72	38	74	43	75	48	75	53	77	61	79	66	80	74	84	80	86	86	90	92	92	89	91	90	97	85	99	74	103	79	131	92	160	118	202	186	278	262	341	331	430	451	536	545	626	664	787	813	905	886	975	957	1000	845	766	577	504	342	300	174	176	111	144	120	144	132	138	144	139	149	136	148	125	140	119	132	111	121	102	112	96	101	87
64	170	1	2	119	0	1953125	12	0.0	0	1.02	0	0	V0.2	0	0	63	87	65	90	69	96	75	100	83	106	93	111	106	118	120	124	136	134	154	143	170	155	192	170	210	183	232	206	258	223	277	250	313	288	346	318	382	375	441	433	487	488	559	581	638	649	706	743	832	863	927	925	984	976	1000	883	810	658	595	478	457	377	374	334	343	319	321	297	295	278	274	256	247	230	221	208	200	185	176	164	158	147	141	134	130
64	170	1	2	119	0	1953125	12	0.0	0	1.00	0	0	V0.2	0	0	70	37	72	40	73	45	75	50	76	56	78	62	80	67	82	74	86	80	88	85	93	91	97	89	96	90	103	86	104	75	107	80	134	94	161	122	204	189	277	264	339	335	429	453	533	545	625	665	785	815	903	888	977	958	1000	846	767	580	506	344	302	178	178	119	146	127	144	140	139	148	138	153	135	151	128	143	121	135	112	124	104	114	97	101	88
64	170	1	2	119	0	1953125	12	0.0	0	1.02	0	0	V0.2	0	0	77	74	81	78	85	82	92	88	99	94	107	102	117	112	127	121	140	134	155	146	169	162	189	179	206	193	227	214	254	231	274	257	313	293	346	322	386	379	445	434	490	490	565	584	641	652	711	751	838	872	928	934	989	990	1000	893	808	671	592	493	446	393	361	354	328	338	305	317	278	296	257	272	232	246	210	221	187	194	168	174	150	153	137	138	129
64	170	1	2	119	0	1953125	12	0.0	0	1.00	0	0	V0.2	0	0	69	38	71	42	71	46	73	50	73	55	76	61	79	65	81	72	87	77	90	80	95	86	99	82	99	82	106	78	107	66	110	73	136	90	160	119	204	190	276	267	336	337	428	459	533	551	624	671	785	821	902	894	976	962	1000	849	768	580	508	341	301	178	176	123	139	133	135	144	130	152	130	157	130	153	123	146	117	136	110	125	103	113	97	102	89
64	170	1	2	119	0	1953125	12	0.0	0	1.02	0	0	V0.2	0	0	56	87	59	92	66	95	73	100	81	103	92	108	105	115	119	122	135	132	153	142	169	154	192	170	210	183	232	207	259	226	278	253	315	293	347	325	383	384	443	444	487	499	560	596	640	666	708	761	836	886	929	943	985	997	1000	906	810	677	593	499	452	400	368	359	336	342	311	320	286	300	265	276	239	250	216	223	193	198	172	176	156	157	141	142	132
64	170	1	2	119	0	1953125	12	0.0	0	1.02	0	0	V0.2	0	0	77	70	80	76	84	80	87	87	93	94	101	101	111	110	123	120	137	130	152	142	167	156	187	173	204	186	226	209	252	225	272	249	310	285	345	313	384	366	443	424	489	476	561	571	636	642	702	741	821	868	906	935	956	1000	963	916	770	694	555	519	416	417	336	370	309	347	293	320	273	295	257	268	235	240	213	214	192	189	170	168	153	151	139	134	129
64	170	1	2	119	0	1953125	12	0.0	0	1.00	0	0	V0.2	0	0	33	71	37	72	41	73	47	73	53	73	58	75	68	75	76	75	84	76	88	76	97	79	101	78	100	80	105	85	95	84	87	102	98	138	111	169	148	236	222	316	284	380	375	500	485	591	575	705	734	857	852	927	922	1000	947	892	718	622	459	386	254	224	127	157	107	150	126	147	134	146	144	144	146	136	141	128	136	118	125	107	116	99	105	93	94
64	170	1	2	119	0	1953125	12	0.0	0	1.00	0	0	V0.2	0	0	70	40	72	44	73	48	74	55	75	60	74	69	77	76	77	86	78	93	76	101	78	110	77	112	72	114	75	118	74	108	76	119	108	130	143	151	185	216	267	284	336	352	427	472	537	563	632	682	793	837	913	910	982	990	1000	884	757	618	486	380	284	206	172	125	154	116	167	119	164	125	167	131	161	129	150	126	140	120	127	116	114	107	104	98	91
64	170	1	2	119	0	1953125	12	0.0	0	1.02	0	0	V0.2	0	0	73	74	78	77	84	79	91	84	98	90	106	99	115	111	122	122	132	139	143	154	154	173	170	194	183	212	201	237	224	258	240	285	275	323	309	351	345	407	407	461	455	512	529	602	611	667	683	760	809	879	902	940	961	1000	971	911	779	689	562	508	426	401	352	352	327	329	309	306	286	285	267	260	242	234	218	211	194	187	172	165	155	149	140	135	130
64	170	1	2	119	0	1953125	12	0.0	0	1.00	0	0	V0.2	0	0	54	55	56	57	59	60	61	62	63	65	64	71	67	76	68	83	72	89	72	95	75	103	74	105	69	108	69	112	60	107	57	121	81	140	112	164	157	232	238	300	305	365	396	484	505	573	599	691	759	842	876	919	949	1000	967	895	727	628	463	390	257	218	143	142	131	127	148	124	152	125	158	127	156	124	148	120	141	114	128	108	119	102	105	95	92
64	170	1	2	119	0	1953125	12	0.0	0	1.02	0	0	V0.2	0	0	67	75	74	77	80	79	87	84	95	89	102	97	113	107	121	119	131	135	144	151	154	169	170	190	184	207	202	234	225	254	243	282	279	319	313	349	350	406	412	460	460	512	534	603	615	667	687	761	815	880	908	939	968	1000	976	909	784	688	569	509	434	402	361	353	335	331	317	306	293	286	275	262	249	235	223	212	199	187	176	167	158	150	143	137	133
64	170	1	2	119	0	1953125	12	0.0	0	1.00	0	0	V0.2	0	0	73	32	74	35	74	41	76	47	77	54	76	62	77	69	76	77	79	86	78	92	80	100	81	100	78	103	83	101	85	90	90	97	121	105	154	126	197	192	275	264	341	330	429	450	538	543	629	660	788	814	906	885	975	957	1000	857	763	587	495	353	294	181	176	106	153	108	159	119	152	128	154	139	150	138	137	132	129	128	119	120	108	109	98	100	88
64	170	1	2	119	0	1953125	12	0.0	0	1.02	0	0	V0.2	0	0	63	85	70	87	77	89	86	92	96	96	105	103	116	111	127	122	139	136	153	149	164	167	182	188	197	204	215	230	240	249	257	277	294	314	330	344	366	399	428	455	478	507	552	599	635	666	708	759	835	880	929	941	988	999	999	912	805	685	585	502	448	391	373	342	347	320	327	296	303	275	283	252	256	228	229	204	204	182	180	163	161	147	144	135	133
64	170	1	2	119	0	1953125	12	0.0	0	1.00	0	0	V0.2	0	0	74	33	74	36	76	42	77	48	77	55	78	62	80	69	80	79	84	85	83	91	86	99	87	98	86	100	91	98	94	88	98	94	128	102	159	124	202	190	279	264	344	331	431	449	540	544	630	659	789	814	908	887	979	957	1000	853	766	585	500	349	300	180	181	109	154	114	157	127	151	135	151	143	148	141	136	136	128	131	117	121	106	111	98	101	88
64	170	1	2	119	0	1953125	12	0.0	0	1.02	0	0	V0.2	0	0	57	87	63	90	70	93	78	95	88	99	99	104	112	111	125	120	138	132	154	144	168	159	188	177	203	193	224	217	248	235	266	262	303	299	337	328	374	385	435	439	484	493	557	584	637	650	710	743	836	862	930	924	989	982	1000	892	806	667	589	485	453	378	378	331	351	310	331	287	305	269	286	247	258	220	230	200	205	178	181	159	161	144	144	133	133
64	170	1	2	119	0	1953125	12	0.0	0	1.00	0	0	V0.2	0	0	57	53	60	55	62	57	65	61	67	64	68	70	69	76	71	84	73	93	72	98	73	106	72	107	66	111	69	112	66	104	68	112	100	124	138	146	182	209	263	278	332	344	420	462	532	554	625	671	786	821	906	896	978	971	1000	868	762	598	492	361	290	186	174	110	151	108	158	119	155	129	156	139	151	139	137	133	129	129	117	119	108	111	98	100	89
64	170	1	2	119	0	1953125	12	0.0	0	1.00	0	0	V0.2	0	0	64	50	66	52	68	56	70	60	70	65	71	71	73	77	72	85	75	92	73	98	74	107	72	107	65	110	66	109	58	100	57	110	88	122	124	145	168	211	250	280	320	350	410	470	523	563	621	685	784	839	904	918	977	1000	997	895	756	629	485	387	275	207	156	123	138	106	149	106	151	112	155	121	153	119	142	115	134	113	122	107	111	101	99	94	88
64	170	1	2	119	0	1953125	12	0.0	0	1.00	0	0	V0.2	0	0	68	38	69	42	71	47	73	50	73	54	75	59	79	65	82	70	86	76	89	79	94	85	99	82	98	81	104	75	105	63	108	70	133	87	158	117	201	188	274	266	333	335	424	458	530	550	619	669	781	823	899	890	972	959	1000	850	768	577	506	341	300	176	171	118	136	130	134	142	127	150	131	156	130	154	121	146	116	136	110	123	103	113	96	100	89
64	170	1	2	119	0	1953125	12	0.0	0	1.02	0	0	V0.2	0	0	60	87	64	92	67	96	73	100	82	106	93	110	106	117	120	123	136	133	154	142	171	154	193	169	211	182	232	204	259	222	278	248	315	287	347	316	383	374	442	431	487	484	558	580	638	648	707	741	835	864	928	921	986	972	999	880	811	654	596	475	457	373	376	330	345	314	322	293	296	276	274	252	246	229	224	204	200	183	177	163	158	147	142	134	131
64	170	1	2	119	0	1953125	12	0.0	0	1.00	0	0	V0.2	0	0	72	38	73	41	74	46	76	50	77	56	79	61	82	67	83	74	88	80	90	84	95	90	99	88	98	88	105	85	108	73	110	79	138	93	165	121	207	188	281	267	343	334	431	455	537	551	628	667	786	820	906	887	975	952	1000	846	770	575	506	340	305	177	180	117	147	127	145	140	137	147	139	155	137	151	126	144	120	136	112	125	104	115	97	101	88
64	170	1	2	119	0	1953125	12	0.0	0	1.02	0	0	V0.2	0	0	55	90	60	93	67	97	75	99	85	103	96	107	109	114	123	120	139	130	156	141	172	155	193	171	210	185	230	209	255	226	274	253	310	290	344	319	381	375	439	430	487	485	561	578	639	644	711	740	840	857	930	913	988	969	999	877	808	655	594	475	457	369	380	324	351	305	330	284	304	267	283	243	253	219	228	198	204	177	180	158	160	143	144	132	131
64	170	1	2	119	0	1953125	12	0.0	0	1.00	0	0	V0.2	0	0	69	36	70	40	71	45	73	48	73	53	76	60	78	66	81	72	85	77	88	80	94	87	96	82	96	84	103	78	103	65	106	72	133	88	158	117	202	188	275	264	336	333	427	456	532	549	622	667	785	819	900	887	976	960	1000	847	766	576	506	342	300	174	173	115	138	127	137	141	131	150	135	157	133	153	121	144	117	136	110	124	103	112	96	101	89
64	170	1	2	119	0	1953125	12	0.0	0	1.02	0	0	V0.2	0	0	57	89	61	93	67	95	73	99	83	104	94	108	108	115	121	120	136	130	155	140	170	152	191	169	208	182	230	205	256	222	275	250	312	287	343	316	383	375	441	428	487	484	562	577	638	642	710	738	838	856	927	916	992	974	1000	878	808	655	598	477	458	372	380	329	350	310	328	289	302	270	282	251	255	226	229	203	204	179	179	160	160	144	142	132	131
64	170	1	2	119	0	1953125	12	0.0	0	1.00	0	0	V0.2	0	0	57	55	58	58	60	60	63	62	66	64	71	66	76	66	83	70	91	71	96	70	104	72	109	67	110	65	116	62	112	54	111	70	128	105	143	142	186	215	255	296	313	366	410	491	513	584	605	706	772	860	890	928	967	1000	992	881	758	602	501	363	287	200	148	146	110	153	112	158	115	162	122	162	125	154	122	147	121	136	115	122	109	111	102	99	92
64	170	1	2	119	0	1953125	12	0.0	0	1.02	0	0	V0.2	0	0	61	89	68	92	75	93	84	96	94	101	105	105	116	112	128	121	141	135	156	148	168	164	187	183	202	200	221	226	246	244	264	273	302	309	334	337	372	397	433	447	480	500	558	595	637	657	710	752	841	872	931	928	990	991	1000	897	803	675	587	495	452	384	375	336	349	315	329	290	302	269	283	248	258	224	231	201	205	178	180	159	160	144	144	132	132
64	170	1	2	119	0	1953125	12	0.0	0	1.00	0	0	V0.2	0	0	72	34	74	38	75	43	77	48	76	54	79	61	80	67	81	76	87	82	88	87	92	92	94	90	94	92	101	88	102	74	106	82	135	93	162	119	207	190	281	263	342	331	436	455	539	546	630	664	792	816	907	885	983	957	1000	843	765	577	508	344	303	176	179	113	149	125	148	138	141	147	142	152	133	147	127	142	120	135	112	124	104	114	97	101	88
64	170	1	2	119	0	1953125	12	0.0	0	1.02	0	0	V0.2	0	0	65	86	72	89	79	90	87	93	97	98	106	103	116	113	128	122	139	137	153	150	164	168	183	188	196	204	216	230	239	249	257	278	294	315	327	344	366	401	426	452	473	506	551	599	631	661	704	756	835	876	926	938	988	1000	994	905	797	685	585	503	446	393	371	342	345	321	325	294	300	274	279	249	253	227	229	204	203	181	179	161	159	146	142	133	131
64	170	1	2	119	0	1953125	12	0.0	0	1.00	0	0	V0.2	0	0	69	39	71	42	72	47	75	51	73	58	75	66	74	73	75	82	76	90	74	97	76	106	75	107	71	111	74	110	72	101	76	111	109	119	143	142	191	212	270	276	335	345	431	468	536	555	633	678	797	830	912	904	986	985	1000	874	757	611	492	374	284	195	170	117	152	108	161	115	160	123	161	132	157	130	145	126	136	123	124	116	112	108	101	100	91
64	170	1	2	119	0	1953125	12	0.0	0	1.02	0	0	V0.2	0	0	62	83	69	85	76	87	85	90	94	95	104	101	115	110	126	120	138	135	151	150	163	167	181	188	195	205	214	231	238	250	255	279	294	317	328	346	366	405	429	458	477	510	554	605	635	667	707	762	838	882	928	937	985	999	996	909	799	685	583	505	448	396	373	346	348	325	328	298	304	279	281	253	256	229	231	207	206	184	181	164	161	148	145	136	134
64	170	1	2	119	0	1953125	12	0.0	0	1.00	0	0	V0.2	0	0	70	38	72	42	74	47	74	51	74	58	75	67	76	74	75	83	76	92	74	98	74	108	74	108	69	112	73	113	72	104	76	114	110	124	146	146	190	213	272	281	338	345	429	469	541	559	634	677	797	832	913	901	981	981	1000	878	757	610	489	374	286	197	172	117	155	109	164	114	161	122	164	131	161	129	146	127	140	123	125	115	114	109	102	99	91
64	170	1	2	119	0	1953125	12	0.0	0	1.02	0	0	V0.2	0	0	59	90	65	93	72	95	81	97	91	101	103	106	114	112	128	121	140	133	157	146	170	162	189	181	204	196	224	221	249	240	266	267	303	304	339	332	375	389	437	443	485	494	558	588	640	654	712	747	839	867	932	924	988	983	1000	895	809	671	591	490	456	380	379	331	352	311	332	287	306	268	286	245	259	222	231	199	205	177	181	159	161	143	144	132	132
64	170	1	2	119	0	1953125	12	0.0	0	1.02	0	0	V0.2	0	0	55	91	60	94	66	98	75	101	85	105	96	108	110	114	123	120	139	131	157	141	172	154	193	171	210	184	232	209	258	226	275	252	312	289	346	318	383	374	443	429	489	482	560	577	641	644	711	738	839	858	929	911	986	968	1000	877	808	654	595	475	459	368	381	322	352	304	331	283	304	263	283	243	255	217	227	196	204	175	180	157	160	143	143	131	131
64	170	1	2	119	0	1953125	12	0.0	0	1.02	0	0	V0.2	0	0	55	91	60	94	66	98	75	101	85	105	96	108	110	114	123	120	139	131	157	141	172	154	193	171	210	184	232	209	258	226	275	252	312	289	346	318	383	374	443	429	489	482	560	577	641	644	711	738	839	858	929	911	986	968	1000	877	808	654	595	475	459	368	381	322	352	304	331	283	304	263	283	243	255	217	227	196	204	175	180	157	160	143	143	131	131
64	170	1	2	119	0	1953125	12	0.0	0	1.02	0	0	V0.2	0	0	83	55	86	63	88	70	91	80	94	91	97	101	103	115	111	127	120	143	134	158	145	174	163	194	179	210	198	234	223	255	240	282	275	323	307	354	343	410	401	469	446	521	519	616	599	681	668	773	796	893	886	948	940	1000	956	911	769	686	555	510	421	410	342	363	314	346	297	322	272	299	257	275	233	248	210	222	187	196	168	174	151	154	138	140	130
64	170	1	2	119	0	1953125	12	0.0	0	1.00	0	0	V0.2	0	0	60	56	59	58	63	61	65	63	68	65	73	66	79	68	86	70	93	71	98	71	107	73	113	68	114	65	121	63	120	53	117	68	137	105	154	139	192	208	264	297	324	364	413	490	521	592	611	707	776	865	895	929	964	992	1000	880	770	598	505	359	297	199	157	145	120	156	119	161	117	165	123	168	126	161	122	149	120	138	114	124	108	113	101	99	94
64	170	1	2	119	0	1953125	12	0.0	0	1.02	0	0	V0.2	0	0	65	83	68	89	71	94	75	100	83	106	91	112	103	120	117	126	133	136	152	145	169	157	192	173	212	185	233	208	261	225	279	250	317	293	349	322	384	380	443	441	488	495	558	593	637	664	706	757	834	879	927	932	981	982	1000	887	809	657	594	482	456	385	373	340	338	327	317	305	289	284	268	263	240	237	218	214	196	189	174	169	155	152	142	138	132
64	170	1	2	119	0	1953125	12	0.0	0	1.01	0	0	V0.2	0	0	58	84	64	86	71	89	80	92	89	96	99	101	111	106	122	111	134	118	145	123	158	132	173	141	181	145	196	158	211	160	220	179	249	206	274	230	308	288	372	353	421	410	499	520	592	605	671	706	813	845	920	906	981	962	1000	858	785	600	539	395	380	280	290	243	267	246	259	243	243	237	231	231	222	218	202	201	185	185	167	168	152	152	136	136	123
64	170	1	2	119	0	1953125	12	0.0	0	1.02	0	0	V0.2	0	0	67	83	69	89	72	94	77	101	83	107	92	112	104	120	118	127	133	137	152	147	169	158	191	174	210	186	233	209	260	226	277	251	314	292	347	322	381	377	439	440	485	493	556	588	636	661	705	753	831	875	925	935	983	985	1000	892	812	665	595	484	455	385	372	342	338	326	317	306	290	286	269	264	243	238	217	212	196	189	173	168	156	150	140	137	131
64	170	1	2	119	0	1953125	12	0.0	0	1.00	0	0	V0.2	0	0	63	50	65	53	66	56	68	58	71	61	75	64	80	67	85	70	93	74	98	73	105	76	111	71	111	69	118	66	118	53	118	66	140	98	161	129	199	199	272	289	333	354	419	477	530	582	618	693	779	852	902	920	969	977	1000	867	773	587	505	348	299	188	164	136	125	148	123	158	119	163	122	166	127	157	119	148	116	138	111	125	105	113	100	101	91
64	170	1	2	119	0	1953125	12	0.0	0	1.02	0	0	V0.2	0	0	52	85	56	90	61	94	67	98	77	102	89	106	102	112	116	116	133	126	152	135	169	148	191	164	210	175	232	200	261	218	279	243	315	284	351	313	386	369	447	429	494	481	563	575	644	648	715	738	837	857	928	910	982	961	1000	870	808	645	596	471	463	370	385	327	353	310	331	290	305	271	282	251	257	227	230	204	206	182	181	161	163	147	146	137	135
64	170	1	2	119	0	1953125	12	0.0	0	1.01	0	0	V0.2	0	0	90	55	94	61	98	69	102	78	107	88	110	98	116	112	119	123	126	139	131	150	137	165	146	177	149	187	159	203	171	208	177	226	207	252	236	273	272	328	340	388	398	442	480	549	580	630	664	733	808	872	916	936	973	1000	987	903	767	647	513	435	356	305	280	252	265	243	268	232	255	223	248	214	236	202	215	184	198	170	179	154	160	142	143	129	127
64	170	1	2	119	0	1953125	12	0.0	0	1.01	0	0	V0.2	0	0	88	53	91	59	94	68	97	78	102	87	104	99	109	111	113	123	119	138	123	150	130	164	139	177	142	187	153	204	163	210	169	230	197	257	222	280	259	338	326	395	380	450	462	557	560	636	642	739	786	876	891	939	947	1000	961	898	742	644	494	439	339	314	262	263	249	255	253	244	242	233	236	222	223	206	209	191	192	175	175	158	157	144	141	130	126
64	170	1	2	119	0	1953125	12	0.0	0	1.02	0	0	V0.2	0	0	54	92	60	95	65	98	73	101	83	105	95	108	109	114	123	121	139	130	157	140	173	153	195	170	212	182	233	205	260	222	278	248	315	286	349	313	384	370	444	427	490	480	561	575	641	642	709	735	837	855	926	907	980	961	1000	871	808	646	595	471	462	366	382	320	352	303	331	282	303	263	282	244	256	218	228	198	203	176	179	157	159	142	142	131	129
64	170	1	2	119	0	1953125	12	0.0	0	1.01	0	0	V0.2	0	0	53	94	59	97	66	100	76	104	87	106	98	110	111	113	123	117	137	123	150	127	164	134	179	139	188	144	204	156	216	160	223	179	251	211	271	236	306	299	364	366	410	427	492	540	582	626	661	732	809	871	913	932	973	985	1000	876	781	614	538	409	370	295	274	260	247	262	240	258	224	251	215	241	205	226	187	208	174	191	157	169	144	153	132	135	120
64	170	1	2	119	0	1953125	12	0.0	0	1.02	0	0	V0.2	0	0	83	59	84	67	86	76	88	84	91	94	95	105	101	116	110	128	122	144	137	158	150	172	170	192	187	206	207	231	233	251	249	277	286	321	318	351	351	407	410	471	455	521	525	617	606	689	673	781	802	899	894	952	945	999	967	910	779	684	564	510	427	410	346	367	317	348	297	326	272	304	252	278	231	252	208	224	187	199	166	177	151	158	139	142	131
64	170	1	2	119	0	1953125	12	0.0	0	1.01	0	0	V0.2	0	0	48	95	54	98	63	101	73	104	82	106	94	110	107	113	120	116	135	124	149	126	162	133	180	140	189	144	203	157	217	163	223	182	251	217	272	243	304	306	364	376	410	435	488	550	584	639	661	744	809	885	915	939	969	990	1000	886	783	621	532	416	368	304	271	268	244	270	238	265	223	257	214	247	203	231	186	212	175	195	161	174	146	156	135	138	122
64	170	1	2	119	0	1953125	12	0.0	0	1.02	0	0	V0.2	0	0	51	89	57	92	66	93	73	95	86	98	95	101	109	108	123	116	137	126	154	140	169	155	189	175	206	189	225	214	253	233	270	258	308	300	347	325	376	378	442	442	493	488	557	582	647	656	714	741	840	865	935	915	973	961	1000	887	813	662	589	480	461	374	384	324	356	305	338	283	309	263	288	243	258	215	233	199	210	178	184	160	165	147	147	136	136
64	170	1	2	119	0	1953125	12	0.0	0	1.02	0	0	V0.2	0	0	51	89	57	92	66	93	73	95	86	98	95	101	109	108	123	116	137	126	154	140	169	155	189	175	206	189	225	214	253	233	270	258	308	300	347	325	376	378	442	442	493	488	557	582	647	656	714	741	840	865	935	915	973	961	1000	887	813	662	589	480	461	374	384	324	356	305	338	283	309	263	288	243	258	215	233	199	210	178	184	160	165	147	147	136	136
64	170	1	2	119	0	1953125	12	0.0	0	1.01	0	0	V0.2	0	0	47	97	54	99	60	103	70	106	80	109	90	112	105	115	116	119	132	125	144	129	159	136	175	145	184	149	198	165	212	170	216	190	243	229	264	255	293	314	355	391	402	448	478	557	576	652	654	751	800	895	906	950	953	1000	987	905	776	638	519	428	358	317	261	280	235	279	231	271	219	261	214	251	202	235	188	215	177	196	162	175	148	157	135	138	124
64	170	1	2	119	0	1953125	12	0.0	0	1.02	0	0	V0.2	0	0	79	59	79	66	81	73	81	83	85	92	89	102	97	114	107	126	118	140	135	154	150	169	172	188	189	202	211	227	238	248	256	273	293	319	328	349	359	402	421	471	468	522	534	616	619	693	687	780	813	902	905	954	948	1000	973	915	790	688	571	512	438	415	355	369	321	353	303	329	276	306	258	282	234	255	210	229	190	202	170	181	156	161	143	145	135
64	170	1	2	119	0	1953125	12	0.0	0	1.01	0	0	V0.2	0	0	52	90	57	94	63	97	71	102	80	106	90	110	102	116	113	121	127	128	139	133	151	141	167	150	174	156	187	172	198	179	203	200	228	235	246	261	276	318	336	391	385	448	460	557	558	646	636	745	779	886	890	948	941	1000	967	902	760	643	508	435	347	321	253	279	231	277	230	266	220	258	213	247	206	230	192	208	178	190	163	170	149	152	135	135	123
64	170	1	2	119	0	1953125	12	0.0	0	1.02	0	0	V0.2	0	0	79	70	80	77	82	84	85	93	89	101	95	111	104	121	114	130	127	143	144	155	159	168	180	186	198	199	219	223	246	242	263	267	299	311	331	339	363	393	423	459	470	510	536	605	620	682	688	771	812	894	911	952	961	1000	985	916	804	687	581	506	441	406	357	360	324	344	303	320	277	300	258	275	233	249	211	223	189	197	169	175	153	155	139	141	131
64	170	1	2	119	0	1953125	12	0.0	0	1.00	0	0	V0.2	0	0	42	72	44	73	48	75	54	76	59	76	67	76	76	77	82	77	93	77	99	76	107	78	114	76	113	74	119	80	114	77	108	95	121	133	135	165	165	227	235	316	298	379	382	498	493	604	586	714	739	868	867	939	929	1000	965	901	748	623	480	385	275	224	141	162	110	161	122	160	129	158	137	160	144	150	136	138	131	127	124	115	114	104	104	95	92
64	170	1	2	119	0	1953125	12	0.0	0	1.00	0	0	V0.2	0	0	52	61	53	63	55	66	59	65	62	67	69	68	76	69	83	70	92	71	97	68	105	70	112	65	112	62	118	62	114	57	109	74	128	113	143	148	177	213	248	304	311	370	396	492	508	601	601	713	759	872	886	940	950	1000	988	899	767	610	494	370	287	208	145	148	105	153	113	159	118	161	125	164	133	154	126	142	124	133	120	119	111	109	104	97	93
64	170	1	2	119	0	1953125	12	0.0	0	1.00	0	0	V0.2	0	0	57	60	59	61	61	64	65	65	68	66	74	69	80	69	86	72	95	73	100	72	107	74	115	70	115	66	121	65	122	57	118	71	138	108	158	142	192	207	263	300	327	367	411	486	521	597	616	708	773	866	900	937	967	994	1000	889	776	606	506	362	296	202	158	146	116	156	118	164	120	168	126	169	131	160	123	150	122	138	114	124	108	111	100	99	92
64	170	1	2	119	0	1953125	12	0.0	0	1.02	0	0	V0.2	0	0	77	64	79	71	80	79	82	87	87	97	92	106	101	118	110	127	124	141	139	153	153	167	176	185	194	199	214	223	241	244	259	270	296	314	331	343	362	397	423	464	470	515	536	608	621	687	689	774	813	897	911	954	960	999	981	917	799	686	574	506	438	408	356	364	323	348	304	324	277	303	261	282	236	252	212	226	192	199	170	176	154	157	142	143	133
64	170	1	2	119	0	1953125	12	0.0	0	1.01	0	0	V0.2	0	0	57	85	63	89	67	93	74	98	82	104	90	110	101	116	110	122	122	131	133	137	144	147	157	158	165	165	178	181	188	191	192	211	216	247	236	272	264	329	325	399	376	455	451	559	549	648	629	747	769	886	882	949	933	1000	957	907	749	649	496	439	334	323	250	280	230	274	231	263	222	252	218	242	211	222	195	204	182	184	166	166	152	149	138	133	124
64	170	1	2	119	0	1953125	12	0.0	0	1.02	0	0	V0.2	0	0	68	74	69	81	71	87	74	94	80	102	87	108	99	118	112	125	127	136	147	147	164	159	188	176	207	189	229	212	259	232	277	256	314	302	351	332	381	385	443	455	490	507	557	601	643	681	709	767	833	894	932	946	976	987	999	906	816	671	590	491	454	394	369	352	337	338	317	317	288	295	269	276	244	247	218	221	197	197	175	175	159	157	145	143	136
64	170	1	2	119	0	1953125	12	0.0	0	1.01	0	0	V0.2	0	0	48	91	54	95	60	98	68	104	80	107	90	111	102	116	114	119	128	127	142	132	155	140	171	150	179	155	194	171	207	179	211	199	239	238	259	265	288	322	350	398	401	457	475	562	572	655	651	754	794	897	904	957	951	1000	975	905	766	640	512	433	351	323	260	284	236	283	234	275	221	264	215	253	206	233	190	215	179	195	164	175	151	156	137	139	126
64	170	1	2	119	0	1953125	12	0.0	0	1.02	0	0	V0.2	0	0	63	83	64	88	68	94	72	99	81	105	89	111	102	117	116	124	132	134	152	144	169	155	193	171	212	182	234	205	262	223	280	247	316	290	353	319	382	371	444	439	493	490	557	583	642	661	708	747	833	874	932	929	976	972	1000	890	819	658	593	479	460	384	376	339	342	323	320	302	292	282	270	259	243	233	219	212	199	188	176	168	159	152	143	137	132
64	170	1	2	119	0	1953125	12	0.0	0	1.00	0	0	V0.2	0	0	40	72	42	72	46	73	51	74	57	74	63	75	72	74	80	75	90	75	98	74	105	75	111	74	111	73	116	78	111	76	104	95	117	134	130	166	162	230	233	320	300	385	382	500	494	606	586	714	741	871	869	942	928	1000	962	903	742	621	472	384	271	225	136	161	107	158	120	158	129	157	136	156	141	149	136	137	132	126	125	114	115	105	106	95	93
64	170	1	2	119	0	1953125	12	0.0	0	1.00	0	0	V0.2	0	0	38	70	41	71	45	72	49	73	56	73	62	74	71	74	79	75	89	75	95	73	103	76	109	73	108	71	112	77	106	76	99	94	111	134	126	166	158	231	230	320	297	384	379	501	492	605	584	713	738	870	867	940	926	1000	960	901	737	618	465	380	264	222	131	157	102	156	120	155	128	154	136	152	143	143	136	133	133	123	125	112	115	103	105	94	94
64	170	1	2	119	0	1953125	12	0.0	0	1.00	0	0	V0.2	0	0	43	68	44	69	48	71	53	71	58	72	65	73	74	73	80	74	90	74	97	72	104	73	111	70	110	68	115	72	109	71	104	89	118	128	132	161	165	226	236	315	302	380	386	497	497	602	587	709	741	867	870	937	934	1000	966	898	744	615	474	377	271	220	137	158	105	159	116	159	123	158	132	158	139	147	133	138	130	127	122	115	113	105	104	95	94
64	170	1	2	119	0	1953125	12	0.0	0	1.00	0	0	V0.2	0	0	51	62	51	63	54	66	57	67	61	68	68	70	75	70	82	70	92	72	96	68	104	70	110	66	111	63	116	64	111	59	107	77	123	117	138	150	172	218	243	307	308	374	395	494	506	599	597	710	752	866	878	936	946	1000	979	894	755	610	484	368	279	210	141	150	102	153	113	159	118	159	128	163	132	151	126	140	124	129	119	116	112	107	103	96	93
64	170	1	2	119	0	1953125	12	0.0	0	1.01	0	0	V0.2	0	0	52	88	57	91	63	95	71	101	80	104	89	110	102	115	112	121	127	128	138	134	150	142	165	151	173	158	186	173	197	181	202	202	227	236	246	264	281	325	339	394	389	452	468	561	562	645	640	747	781	884	888	946	945	999	963	898	752	637	503	430	342	319	253	280	232	276	232	267	220	258	217	248	207	227	191	209	179	189	163	169	148	152	136	135	125
64	170	1	2	119	0	1953125	12	0.0	0	1.02	0	0	V0.2	0	0	81	69	83	77	84	83	87	92	91	101	97	110	105	121	113	131	127	144	143	156	156	169	178	187	195	200	216	225	242	244	259	270	295	311	327	342	360	397	419	458	464	511	535	604	614	676	682	769	807	888	899	944	955	999	974	908	788	680	571	503	433	403	351	360	318	342	299	320	273	298	254	275	230	243	206	221	187	195	166	172	149	152	137	138	128
64	170	1	2	119	0	1953125	12	0.0	0	1.00	0	0	V0.2	0	0	57	56	60	58	63	59	66	62	67	67	70	73	71	79	71	86	74	95	72	100	73	110	72	111	66	116	68	119	65	110	67	121	102	135	140	153	183	219	266	285	334	345	422	470	538	561	628	676	790	831	913	899	974	973	1000	872	764	603	491	366	295	190	179	110	159	108	165	116	162	127	161	134	154	133	144	132	133	127	120	118	109	111	99	101	89
64	170	1	2	119	0	1953125	12	0.0	0	1.02	0	0	V0.2	0	0	64	82	66	89	69	94	74	99	81	105	89	110	101	117	115	124	131	133	150	145	168	154	191	171	210	182	232	205	260	223	278	248	316	289	348	318	383	375	443	437	488	489	558	587	638	657	705	749	832	873	925	927	979	982	999	889	812	660	596	483	460	384	376	342	344	328	322	305	294	286	271	262	244	238	221	214	198	189	175	168	157	152	143	138	132
64	170	1	2	119	0	1953125	12	0.0	0	1.01	0	0	V0.2	0	0	49	93	55	97	62	101	70	104	81	107	92	111	106	115	117	119	131	125	144	129	158	137	174	144	182	148	197	163	208	169	214	190	241	223	260	250	293	312	352	382	398	440	480	552	571	636	647	740	794	884	901	940	956	999	984	896	767	629	519	422	354	311	260	274	235	274	232	267	218	258	211	247	200	230	186	211	175	192	159	171	146	153	134	136	122
64	170	1	2	119	0	1953125	12	0.0	0	1.02	0	0	V0.2	0	0	79	72	80	80	81	87	83	95	88	103	93	111	102	122	114	131	127	144	146	155	161	169	185	186	202	197	224	222	251	240	267	266	305	310	338	340	370	396	431	461	474	511	544	609	625	683	690	773	822	898	912	948	961	1000	984	907	794	675	576	498	440	402	353	358	321	343	299	319	272	298	253	274	228	247	207	222	187	196	167	174	151	155	138	140	130
64	170	1	2	119	0	1953125	12	0.0	0	1.01	0	0	V0.2	0	0	46	93	52	96	58	99	67	104	79	106	88	110	102	114	114	118	128	125	143	130	156	138	173	146	181	151	197	166	208	173	213	195	242	232	260	259	292	320	353	393	399	450	477	561	573	648	646	750	795	892	904	950	953	1000	978	899	763	633	513	429	354	320	260	283	236	282	232	275	220	265	215	256	205	232	188	215	177	195	162	175	149	156	137	139	125
64	170	1	2	119	0	1953125	12	0.0	0	1.02	0	0	V0.2	0	0	77	74	78	82	80	88	82	96	88	103	94	113	104	122	114	131	129	143	146	153	162	166	185	183	203	195	225	219	252	238	269	264	305	306	337	336	370	392	430	455	473	507	542	603	625	677	691	766	819	891	914	946	969	1000	989	906	800	678	583	501	445	402	359	357	326	342	304	319	279	298	258	273	232	249	210	221	188	196	168	173	152	155	139	139	130
64	170	1	2	119	0	1953125	12	0.0	0	1.01	0	0	V0.2	0	0	52	92	57	94	64	98	72	102	82	107	92	111	103	115	114	121	128	128	142	133	153	141	169	149	175	156	189	171	200	177	206	199	230	233	248	259	280	321	340	387	385	444	465	554	559	639	637	739	782	883	893	946	951	1000	968	898	759	638	509	430	344	316	252	278	230	274	228	264	215	255	211	245	204	226	187	208	176	189	160	169	147	151	133	134	122
64	170	1	2	119	0	1953125	12	0.0	0	1.02	0	0	V0.2	0	0	73	70	75	77	76	84	79	92	84	100	90	108	100	118	111	127	126	140	144	151	160	164	183	181	200	194	224	218	251	237	269	264	306	307	340	338	373	393	433	458	478	510	549	605	630	679	698	771	827	896	919	950	971	1000	992	910	803	678	584	499	445	402	361	359	330	344	308	321	283	301	262	276	237	252	215	223	192	198	173	176	156	157	143	143	135
64	170	1	2	119	0	1953125	12	0.0	0	1.01	0	0	V0.2	0	0	48	93	54	96	62	100	71	105	82	107	92	111	105	116	116	119	131	126	145	130	158	137	173	144	182	149	197	164	209	171	215	191	241	226	261	254	293	314	353	385	400	442	479	552	574	641	652	745	799	886	906	947	960	1000	983	895	771	634	519	425	354	313	260	276	236	278	232	269	220	261	212	248	199	230	188	212	175	192	160	173	147	154	134	136	123
64	170	1	2	119	0	1953125	12	0.0	0	1.01	0	0	V0.2	0	0	60	84	64	86	72	88	80	92	90	94	99	100	111	104	121	110	134	117	147	124	158	132	174	141	183	146	199	159	212	161	222	180	252	208	280	231	315	292	379	354	427	411	507	519	600	602	676	707	824	847	925	901	978	954	1000	854	781	594	537	391	381	278	294	244	270	246	264	242	242	234	234	231	220	215	201	199	185	184	168	166	152	151	136	135	125
64	170	1	2	119	0	1953125	12	0.0	0	1.01	0	0	V0.2	0	0	60	84	64	86	72	88	80	92	90	94	99	100	111	104	121	110	134	117	147	124	158	132	174	141	183	146	199	159	212	161	222	180	252	208	280	231	315	292	379	354	427	411	507	519	600	602	676	707	824	847	925	901	978	954	1000	854	781	594	537	391	381	278	294	244	270	246	264	242	242	234	234	231	220	215	201	199	185	184	168	166	152	151	136	135	125
64	170	1	2	119	0	1953125	12	0.0	0	1.02	0	0	V0.2	0	0	86	55	88	63	90	70	91	79	95	90	98	102	103	116	111	128	120	145	134	161	146	177	165	198	180	214	200	240	225	260	240	287	276	332	309	360	342	415	403	479	450	527	518	620	602	691	670	779	798	900	888	950	935	1000	956	914	766	688	550	515	420	415	340	367	311	348	294	323	268	300	253	277	229	247	206	222	186	196	165	175	152	156	139	140	131
64	170	1	2	119	0	1953125	12	0.0	0	1.01	0	0	V0.2	0	0	52	92	59	96	67	97	76	101	87	103	98	107	110	110	122	114	137	121	149	124	162	132	179	139	188	143	204	157	218	159	224	178	254	210	276	234	310	295	372	365	419	420	497	534	593	621	669	721	814	868	923	922	974	975	1000	873	786	610	536	406	375	294	280	256	254	262	247	257	230	250	223	240	206	223	190	208	177	191	162	172	146	153	134	136	122
64	170	1	2	119	0	1953125	12	0.0	0	1.02	0	0	V0.2	0	0	82	54	85	62	87	70	88	79	92	90	95	101	102	114	109	127	119	143	132	157	145	173	165	194	180	208	200	235	226	255	243	281	278	324	311	354	344	407	405	471	451	520	520	613	603	686	674	772	797	897	891	950	941	1000	956	912	772	686	555	510	422	412	342	366	314	347	296	323	272	302	253	277	230	250	209	224	188	199	167	175	152	157	140	142	132
64	170	1	2	119	0	1953125	12	0.0	0	1.01	0	0	V0.2	0	0	60	83	67	85	72	89	81	93	90	97	101	101	111	107	122	112	134	120	146	125	157	134	172	141	180	146	194	158	209	162	217	179	247	206	273	229	306	285	370	351	420	408	498	515	594	603	674	704	814	846	923	912	982	965	1000	863	788	606	540	396	378	280	290	244	265	245	260	243	243	236	234	229	218	216	200	199	183	183	165	166	150	149	136	134	122
64	170	1	2	119	0	1953125	12	0.0	0	1.02	0	0	V0.2	0	0	62	83	64	89	67	94	72	99	80	104	89	111	102	117	117	124	134	134	152	143	169	154	193	170	211	182	233	205	262	223	279	248	317	289	352	318	385	373	446	436	492	487	560	582	643	657	711	747	836	872	930	929	982	975	1000	887	815	658	596	479	460	381	378	338	345	322	322	300	295	282	275	261	250	235	222	209	200	187	177	167	159	150	143	137	133
64	170	1	2	119	0	1953125	12	0.0	0	1.01	0	0	V0.2	0	0	49	91	56	93	63	96	73	99	83	102	94	106	108	109	119	113	134	120	149	123	161	131	179	139	189	142	204	156	220	161	227	179	256	213	282	237	313	296	376	369	427	425	499	534	600	627	674	724	816	871	929	930	978	973	1000	877	793	615	540	406	380	299	287	261	258	263	253	261	236	254	227	245	212	228	196	213	182	193	165	175	150	157	137	140	126
64	170	1	2	119	0	1953125	12	0.0	0	1.02	0	0	V0.2	0	0	61	80	62	86	66	91	70	97	77	102	86	108	99	115	114	122	130	132	150	142	167	152	191	169	210	181	233	204	263	222	280	247	317	291	354	319	384	371	445	441	495	490	558	583	644	663	712	750	833	876	930	929	981	974	1000	890	821	662	598	483	463	386	380	341	347	327	325	306	297	285	274	264	251	241	226	214	201	191	178	170	161	153	146	140	136
64	170	1	2	119	0	1953125	12	0.0	0	1.00	0	0	V0.2	0	0	62	55	63	57	65	60	68	62	71	64	76	68	81	69	86	72	94	74	99	74	106	78	113	73	113	71	120	68	122	59	120	69	141	101	162	132	194	197	266	289	330	354	412	472	525	583	618	692	770	851	899	922	968	982	1000	881	782	599	509	358	303	198	168	143	126	152	124	162	122	165	126	168	130	161	123	150	119	139	113	125	106	112	99	100	90
64	170	1	2	119	0	1953125	12	0.0	0	1.00	0	0	V0.2	0	0	59	56	60	58	61	60	64	62	68	65	73	68	80	68	85	72	94	74	100	73	106	75	114	70	113	67	121	66	120	57	118	69	138	106	157	137	190	205	264	298	328	362	412	482	524	591	617	703	773	863	899	931	967	992	1000	890	779	603	504	361	299	201	159	145	119	155	121	163	120	166	125	168	130	162	125	149	121	137	115	124	108	112	100	99	92
64	170	1	2	119	0	1953125	12	0.0	0	1.00	0	0	V0.2	0	0	75	33	76	37	77	42	78	49	79	55	80	63	83	69	83	77	86	85	87	89	90	96	94	96	91	97	98	95	103	82	105	88	135	99	168	120	203	183	280	264	349	325	430	444	542	547	632	657	784	813	908	882	971	946	1000	850	776	579	505	343	306	177	185	108	153	117	155	130	149	141	148	146	142	143	132	139	123	131	113	122	104	112	96	99	87
64	170	1	2	119	0	1953125	12	0.0	0	1.02	0	0	V0.2	0	0	53	88	57	92	65	94	72	98	83	101	94	105	107	111	122	118	137	129	154	139	169	152	190	169	208	184	228	207	255	226	272	250	310	290	346	317	377	370	439	431	491	480	557	572	643	647	712	734	835	859	934	918	986	967	1000	886	817	658	596	476	461	372	383	324	353	307	334	285	306	266	286	245	256	219	231	199	206	177	182	160	162	146	146	134	132
64	170	1	2	119	0	1953125	12	0.0	0	1.00	0	0	V0.2	0	0	67	39	70	43	70	47	72	51	74	56	75	61	79	67	81	72	86	77	89	81	94	85	99	84	98	83	104	79	105	66	106	71	132	90	159	120	198	184	273	268	340	337	425	451	531	555	626	668	780	823	903	899	977	965	999	857	774	583	507	346	302	180	174	119	138	129	137	143	132	149	133	156	132	152	125	145	117	135	111	124	103	113	98	102	89
64	170	1	2	119	0	1953125	12	0.0	0	1.00	0	0	V0.2	0	0	67	39	70	43	70	47	72	51	74	56	75	61	79	67	81	72	86	77	89	81	94	85	99	84	98	83	104	79	105	66	106	71	132	90	159	120	198	184	273	268	340	337	425	451	531	555	626	668	780	823	903	899	977	965	999	857	774	583	507	346	302	180	174	119	138	129	137	143	132	149	133	156	132	152	125	145	117	135	111	124	103	113	98	102	89
64	170	1	2	119	0	1953125	12	0.0	0	1.00	0	0	V0.2	0	0	69	41	71	44	72	49	73	52	73	57	76	62	79	66	81	72	85	76	88	79	93	82	97	79	96	79	101	70	99	58	99	60	121	80	146	112	186	179	261	264	327	334	415	450	522	553	617	668	773	825	897	904	976	973	1000	862	776	588	509	347	298	180	165	116	125	124	121	136	117	144	120	148	119	143	114	137	111	129	105	119	100	108	93	95	86
64	170	1	2	119	0	1953125	12	0.0	0	1.00	0	0	V0.2	0	0	64	44	65	47	66	52	70	55	71	58	74	63	78	66	82	71	88	75	92	77	98	81	102	77	102	76	108	70	107	59	108	67	131	91	155	125	195	193	269	276	332	345	422	463	527	564	622	680	778	833	897	911	978	981	1000	865	774	591	506	348	297	184	165	125	127	138	127	148	123	154	127	159	127	154	120	146	117	135	111	124	105	112	98	101	90
64	170	1	2	119	0	1953125	12	0.0	0	1.02	0	0	V0.2	0	0	58	90	63	93	68	97	76	100	86	105	97	109	110	115	124	122	139	133	157	143	171	156	192	172	209	185	230	209	256	226	274	253	311	289	344	319	382	376	441	432	488	485	561	576	639	644	711	738	836	857	928	919	990	975	999	881	810	656	593	474	455	370	376	325	348	307	327	286	301	267	279	245	252	223	227	198	201	177	178	157	158	142	141	131	130
64	170	1	2	119	0	1953125	12	0.0	0	1.00	0	0	V0.2	0	0	70	40	70	43	72	48	73	51	74	57	77	62	80	67	83	72	89	78	91	81	97	86	102	82	101	83	109	78	111	66	114	73	140	91	165	121	206	191	281	270	341	339	431	459	534	557	626	672	786	824	902	895	978	964	1000	848	767	574	508	340	301	176	173	121	139	133	138	145	131	153	131	157	128	152	122	147	118	137	112	127	103	114	96	101	89
64	170	1	2	119	0	1953125	12	0.0	0	1.02	0	0	V0.2	0	0	63	87	67	92	70	97	76	101	84	107	93	112	106	119	120	125	136	135	154	144	171	156	193	171	211	184	233	206	260	223	278	248	316	287	348	317	383	374	443	432	488	486	559	580	637	650	707	744	834	864	925	926	988	979	1000	884	813	659	599	478	457	377	375	334	345	318	321	296	295	277	272	254	247	231	223	207	199	184	176	164	157	146	140	133	130
64	170	1	2	119	0	1953125	12	0.0	0	1.00	0	0	V0.2	0	0	72	31	74	35	76	41	76	47	77	52	77	60	79	67	78	76	82	83	81	90	85	96	86	96	84	98	90	95	93	84	97	90	127	98	160	122	201	188	279	260	343	330	433	450	540	546	631	661	792	816	909	890	984	960	1000	849	766	583	505	350	300	177	179	107	152	113	154	126	149	135	151	144	146	142	134	138	126	130	116	121	106	112	99	101	89
64	170	1	2	119	0	1953125	12	0.0	0	1.02	0	0	V0.2	0	0	63	81	66	86	68	91	74	97	81	103	90	109	102	117	116	123	131	134	150	143	167	156	190	171	208	184	231	206	257	224	276	250	314	290	346	320	382	378	442	438	488	493	559	586	638	658	707	751	833	873	925	932	987	984	1000	889	811	663	597	484	457	385	376	342	344	326	323	305	295	286	274	263	247	234	222	213	200	189	176	168	159	151	143	138	133
64	170	1	2	119	0	1953125	12	0.0	0	1.00	0	0	V0.2	0	0	65	43	66	47	68	50	71	54	71	56	74	62	78	65	82	70	89	75	93	78	99	81	103	77	103	76	110	72	111	60	111	67	135	91	159	123	197	189	269	273	333	342	419	458	525	561	618	676	775	828	895	904	971	972	1000	861	774	587	510	347	301	185	170	128	132	140	131	151	126	157	129	159	123	151	120	147	116	137	111	125	104	113	99	100	90
64	170	1	2	119	0	1953125	12	0.0	0	1.00	0	0	V0.2	0	0	73	41	74	45	75	48	75	53	77	57	79	63	81	68	84	74	88	78	90	80	94	84	97	80	96	79	101	72	100	58	101	61	124	77	148	108	188	176	261	258	324	328	413	448	521	549	614	667	773	820	894	896	973	967	1000	858	778	589	515	347	303	178	168	113	125	122	121	134	116	143	120	146	116	141	110	136	107	127	101	116	96	105	90	92	83
64	170	1	2	119	0	1953125	12	0.0	0	1.00	0	0	V0.2	0	0	69	43	69	45	72	49	73	53	74	57	78	62	80	67	85	74	89	78	93	82	98	86	103	83	102	83	110	79	111	66	113	74	140	92	163	122	204	192	277	270	339	339	428	461	534	558	625	674	784	827	903	898	978	966	1000	854	776	584	511	345	303	179	175	124	141	136	139	147	132	153	135	161	131	152	123	146	117	137	111	125	104	113	98	102	89
64	170	1	2	119	0	1953125	12	0.0	0	1.02	0	0	V0.2	0	0	64	85	67	91	71	96	76	102	83	107	93	113	106	120	120	126	135	135	154	145	171	157	194	172	212	185	236	208	261	226	280	252	317	291	351	321	386	378	444	436	488	491	562	587	639	656	709	750	837	872	926	927	987	983	1000	886	813	659	598	482	458	380	374	337	344	321	320	299	294	280	273	260	247	232	219	211	198	186	175	166	157	148	141	135	130
64	170	1	2	119	0	1953125	12	0.0	0	1.00	0	0	V0.2	0	0	73	34	74	38	75	42	75	48	77	53	79	61	80	66	82	74	87	80	89	85	92	91	96	89	95	89	102	86	106	73	108	78	138	93	168	118	207	185	284	264	347	330	432	450	541	548	628	661	790	817	907	886	973	949	1000	843	769	573	506	338	305	173	180	112	148	124	145	138	139	146	137	152	135	150	127	143	119	136	112	124	103	113	95	101	88
64	170	1	2	119	0	1953125	12	0.0	0	1.02	0	0	V0.2	0	0	56	88	59	92	65	95	72	99	82	104	92	107	106	114	121	120	136	129	153	139	170	152	192	167	209	181	230	204	257	221	275	247	313	285	346	314	382	368	441	426	488	480	559	572	638	640	707	734	833	853	926	912	984	968	1000	874	809	654	598	476	463	373	384	327	352	309	330	288	304	270	281	247	253	223	230	200	203	179	180	160	161	144	143	133	131
64	170	1	2	119	0	1953125	12	0.0	0	1.01	0	0	V0.2	0	0	93	47	86	64	79	83	75	97	71	111	67	123	65	132	62	139	61	143	62	143	64	144	72	137	76	132	90	128	98	118	107	129	133	154	149	182	189	243	251	316	301	372	395	475	495	555	590	643	752	765	874	803	965	845	1000	731	793	485	540	286	353	149	240	102	206	110	199	118	187	124	182	128	177	122	162	117	153	113	139	104	127	100	113	93	98
64	170	1	2	119	0	1953125	12	0.0	0	1.01	0	0	V0.2	0	0	93	47	86	64	79	83	75	97	71	111	67	123	65	132	62	139	61	143	62	143	64	144	72	137	76	132	90	128	98	118	107	129	133	154	149	182	189	243	251	316	301	372	395	475	495	555	590	643	752	765	874	803	965	845	1000	731	793	485	540	286	353	149	240	102	206	110	199	118	187	124	182	128	177	122	162	117	153	113	139	104	127	100	113	93	98
64	170	1	2	119	0	1953125	12	0.0	0	1.00	0	0	V0.2	0	0	66	48	66	50	68	53	71	57	73	59	77	64	81	67	84	71	92	75	96	77	101	81	108	77	109	75	115	71	116	60	118	70	141	94	162	125	203	195	273	275	333	344	424	466	527	565	620	683	778	840	897	908	975	978	1000	864	776	589	515	351	305	187	172	131	133	143	130	155	128	160	129	164	128	159	123	147	118	138	112	125	105	115	98	100	91
64	170	1	2	119	0	1953125	12	0.0	0	1.02	0	0	V0.2	0	0	69	81	75	84	82	85	89	89	98	95	107	102	117	112	126	123	137	139	150	154	161	172	177	192	191	210	209	236	233	255	249	282	287	321	321	349	357	404	418	458	467	509	540	601	622	667	695	760	823	882	916	941	973	1000	982	911	792	687	576	507	441	397	364	346	338	325	321	300	295	278	275	255	248	230	224	206	198	182	175	163	156	146	141	134	130
64	170	1	2	119	0	1953125	12	0.0	0	1.00	0	0	V0.2	0	0	66	46	67	48	69	53	71	56	73	58	77	64	81	66	84	70	92	74	96	75	102	79	108	74	108	71	117	69	117	55	119	65	143	92	165	123	204	193	277	279	336	344	425	468	533	569	619	682	780	844	901	905	966	969	1000	862	774	580	508	342	305	185	172	129	129	142	128	154	123	160	125	162	125	156	120	150	117	139	110	126	104	113	98	101	89
64	170	1	2	119	0	1953125	12	0.0	0	1.01	0	0	V0.2	0	0	62	85	67	88	74	92	83	96	92	99	103	103	113	108	123	114	136	120	147	126	159	134	174	142	183	147	198	159	211	161	220	180	251	206	275	228	309	287	371	350	420	409	499	517	591	602	669	706	814	847	919	906	976	962	1000	862	788	603	541	396	381	279	290	242	264	244	256	240	241	236	230	229	215	212	196	200	183	182	163	165	148	148	133	133	121
64	170	1	2	119	0	1953125	12	0.0	0	1.01	0	0	V0.2	0	0	62	85	67	88	74	92	83	96	92	99	103	103	113	108	123	114	136	120	147	126	159	134	174	142	183	147	198	159	211	161	220	180	251	206	275	228	309	287	371	350	420	409	499	517	591	602	669	706	814	847	919	906	976	962	1000	862	788	603	541	396	381	279	290	242	264	244	256	240	241	236	230	229	215	212	196	200	183	182	163	165	148	148	133	133	121
64	170	1	2	119	0	1953125	12	0.0	0	1.02	0	0	V0.2	0	0	58	89	62	93	66	98	71	101	81	107	91	110	105	117	120	123	136	132	155	142	172	152	195	169	214	179	236	204	264	219	281	245	320	285	353	312	386	369	448	430	493	481	563	577	644	650	710	740	836	864	928	915	979	965	1000	879	816	650	597	473	464	372	381	328	349	312	327	292	298	271	278	252	251	228	224	205	200	182	176	162	159	147	143	134	131
64	170	1	2	119	0	1953125	12	0.0	0	1.01	0	0	V0.2	0	0	54	87	59	90	67	91	76	95	87	98	96	103	109	107	121	112	134	118	147	123	159	131	175	139	185	144	200	157	216	160	224	178	254	208	279	232	312	290	375	359	425	417	502	525	595	614	675	717	815	858	922	915	979	967	1000	866	790	606	543	401	382	288	293	252	265	254	258	251	241	245	230	238	217	221	197	205	184	189	165	169	150	154	137	137	125
64	170	1	2	119	0	1953125	12	0.0	0	1.02	0	0	V0.2	0	0	58	87	61	92	65	95	71	101	81	104	91	110	105	116	119	121	135	131	154	141	171	152	194	168	212	180	234	203	262	221	280	246	318	286	353	313	385	368	446	430	493	482	561	576	643	650	711	741	836	863	930	920	983	967	1000	881	818	654	599	474	464	373	382	328	351	314	329	293	301	273	279	252	253	230	226	204	202	182	178	163	159	148	143	136	132
64	170	1	2	119	0	1953125	12	0.0	0	1.00	0	0	V0.2	0	0	62	54	63	56	65	58	67	61	70	63	76	66	81	68	86	71	93	73	98	73	105	76	111	71	112	69	120	66	120	55	118	68	141	101	161	132	196	199	268	289	331	357	416	478	525	583	616	697	774	854	898	922	965	983	1000	874	772	590	505	352	301	194	164	139	124	149	123	159	122	165	126	166	127	162	123	151	119	139	113	125	106	113	99	100	91
64	170	1	2	119	0	1953125	12	0.0	0	1.02	0	0	V0.2	0	0	61	85	64	90	67	94	72	100	80	106	91	109	103	117	117	122	133	132	152	141	169	152	192	168	210	180	232	203	259	220	278	246	315	286	348	314	383	370	442	431	489	484	559	580	638	653	709	746	834	866	927	924	984	974	1000	881	813	655	598	477	461	377	380	333	347	318	325	297	297	277	277	258	249	232	223	207	200	184	176	164	158	148	142	136	132
64	170	1	2	119	0	1953125	12	0.0	0	1.00	0	0	V0.2	0	0	37	70	38	71	42	72	48	72	53	73	61	74	69	74	78	75	87	75	93	74	101	77	106	75	106	76	110	81	102	79	95	98	107	136	120	166	156	233	229	317	293	381	379	503	489	602	579	712	735	868	859	936	922	1000	950	896	728	618	466	384	262	222	132	156	107	152	124	149	131	149	140	147	147	139	140	130	136	121	127	111	117	103	107	94	94
64	170	1	2	119	0	1953125	12	0.0	0	1.02	0	0	V0.2	0	0	84	66	85	73	87	81	89	90	94	100	98	109	105	121	114	132	126	147	141	158	154	173	174	191	191	205	212	229	237	248	255	274	290	317	322	345	355	400	413	463	459	515	529	610	608	685	679	774	803	896	895	950	950	1000	967	912	783	683	567	506	430	406	349	362	317	343	297	321	272	298	251	273	229	246	206	221	184	195	164	172	148	152	135	138	126
64	170	1	2	119	0	1953125	12	0.0	0	1.00	0	0	V0.2	0	0	52	66	52	67	55	69	59	70	63	69	70	72	79	72	84	74	94	73	101	72	110	73	116	69	118	66	124	69	121	63	117	81	134	119	148	151	185	219	253	308	314	375	402	497	510	603	601	718	762	872	879	937	948	1000	982	893	756	606	493	369	286	212	150	157	113	161	120	165	122	165	129	166	132	155	128	144	126	134	120	120	113	109	104	97	93
64	170	1	2	119	0	1953125	12	0.0	0	1.02	0	0	V0.2	0	0	76	77	79	84	80	91	84	98	88	106	96	113	105	123	117	132	131	143	149	154	164	166	186	183	205	196	227	219	253	236	271	262	307	303	338	332	373	389	431	450	477	505	548	601	627	675	697	770	823	890	916	948	975	1000	992	907	805	678	588	498	446	396	362	353	330	337	307	314	281	293	260	270	235	243	212	218	190	193	168	171	151	152	138	138	128
64	170	1	2	119	0	1953125	12	0.0	0	1.00	0	0	V0.2	0	0	61	51	64	53	64	57	68	59	70	62	74	64	79	67	84	71	92	73	95	73	103	76	108	71	109	71	116	66	115	56	115	68	137	96	156	130	195	199	266	284	328	353	417	477	524	578	616	697	776	851	896	919	970	985	1000	873	773	593	508	352	298	191	164	135	124	147	123	156	121	161	128	164	127	157	121	147	119	136	112	123	107	112	100	100	92
64	170	1	2	119	0	1953125	12	0.0	0	1.00	0	0	V0.2	0	0	53	61	54	63	58	65	60	67	64	68	70	70	76	70	84	72	94	74	98	72	106	73	112	68	112	67	119	66	115	60	114	78	130	112	146	147	185	218	254	302	316	371	406	493	510	592	602	711	764	865	880	934	955	1000	983	883	754	602	492	363	284	204	149	150	113	154	116	159	118	163	128	163	131	153	126	144	124	133	118	120	111	109	102	98	93
64	170	1	2	119	0	1953125	12	0.0	0	1.00	0	0	V0.2	0	0	53	61	54	63	58	65	60	67	64	68	70	70	76	70	84	72	94	74	98	72	106	73	112	68	112	67	119	66	115	60	114	78	130	112	146	147	185	218	254	302	316	371	406	493	510	592	602	711	764	865	880	934	955	1000	983	883	754	602	492	363	284	204	149	150	113	154	116	159	118	163	128	163	131	153	126	144	124	133	118	120	111	109	102	98	93
64	170	1	2	119	0	1953125	12	0.0	0	1.00	0	0	V0.2	0	0	66	56	67	58	68	61	71	63	73	66	77	68	82	71	87	73	94	74	98	74	106	76	109	68	109	67	114	60	108	48	107	60	123	91	139	126	180	198	250	283	311	354	407	480	510	579	605	704	769	858	886	928	967	1000	997	883	770	604	508	362	293	194	153	134	108	139	106	145	108	149	114	152	120	146	113	135	112	126	107	113	102	102	95	92	87
64	170	1	2	119	0	1953125	12	0.0	0	1.02	0	0	V0.2	0	0	79	75	82	81	83	89	86	96	91	104	97	113	106	123	116	132	129	144	146	156	161	169	183	186	200	199	223	223	248	240	266	267	302	306	332	336	370	395	426	453	469	507	544	605	620	674	689	772	817	891	904	946	965	1000	980	902	793	675	579	499	439	398	355	355	325	338	302	314	277	295	257	269	231	244	208	217	186	193	166	170	149	151	135	136	127
64	170	1	2	119	0	1953125	12	0.0	0	1.00	0	0	V0.2	0	0	65	49	65	52	67	54	69	57	71	60	75	64	80	66	84	71	92	74	96	75	103	78	109	74	110	73	118	69	117	58	119	69	142	94	161	125	202	197	273	280	333	350	426	474	528	572	617	693	780	846	893	912	970	980	1000	864	773	586	511	348	302	187	171	134	131	145	126	154	125	162	127	161	128	157	122	150	119	139	113	126	107	113	99	101	92
64	170	1	2	119	0	1953125	12	0.0	0	1.00	0	0	V0.2	0	0	52	60	54	61	56	64	59	65	63	65	68	67	74	68	81	70	89	70	96	70	104	72	110	66	110	64	115	63	110	56	110	74	124	108	138	142	178	214	246	296	305	365	400	490	501	585	593	710	756	862	870	927	949	1000	978	881	750	603	493	367	282	204	146	148	110	153	113	155	118	158	125	158	130	152	127	141	125	130	119	118	112	108	103	97	94
64	170	1	2	119	0	1953125	12	0.0	0	1.02	0	0	V0.2	0	0	78	78	79	85	82	91	84	98	89	106	96	114	106	123	118	132	132	144	149	154	164	167	186	183	204	196	228	219	252	236	271	262	307	302	337	330	374	390	430	448	474	504	548	600	623	671	693	769	820	890	911	946	973	999	988	902	801	675	589	498	446	395	362	352	329	335	305	311	279	292	258	268	234	243	211	217	188	191	166	169	149	150	136	136	127
64	170	1	2	119	0	1953125	12	0.0	0	1.00	0	0	V0.2	0	0	55	59	55	60	58	63	62	65	65	65	71	67	77	68	83	70	92	71	98	72	107	73	113	68	113	67	120	64	116	56	117	73	133	106	148	139	189	213	257	296	316	365	410	490	511	587	603	711	764	862	879	931	959	1000	985	877	759	600	501	362	290	201	155	148	117	154	120	159	120	162	127	163	130	157	126	146	123	134	118	122	111	111	103	98	93
64	170	1	2	119	0	1953125	12	0.0	0	1.02	0	0	V0.2	0	0	86	63	88	70	90	77	93	87	97	97	100	108	107	119	114	132	126	147	139	161	151	176	169	194	185	209	205	234	228	252	246	280	281	318	310	348	347	406	403	462	448	516	523	610	596	677	667	773	794	890	881	945	942	1000	957	905	770	680	561	507	422	403	343	359	314	340	295	316	271	294	252	270	228	242	206	218	184	191	162	170	147	150	134	136	125
64	170	1	2	119	0	1953125	12	0.0	0	1.00	0	0	V0.2	0	0	33	70	36	72	41	73	47	73	52	74	60	74	67	74	75	75	84	77	91	77	98	80	102	79	102	80	105	85	94	83	90	103	99	136	112	168	152	237	223	315	287	380	378	501	483	595	575	714	734	863	847	930	919	1000	946	891	720	617	462	383	256	220	131	154	112	147	130	143	138	142	146	142	150	133	140	124	138	117	127	107	118	102	108	93	94
64	170	1	2	119	0	1953125	12	0.0	0	1.00	0	0	V0.2	0	0	36	73	39	73	43	75	49	74	54	75	61	75	68	75	75	77	84	79	88	77	95	81	97	79	96	79	96	83	84	80	76	98	83	127	96	156	138	227	212	302	276	368	370	491	476	584	569	703	730	855	845	924	921	1000	947	894	722	623	464	389	255	218	127	145	107	130	124	125	133	126	141	125	141	116	137	112	132	105	123	99	112	93	100	87	88
64	170	1	2	119	0	1953125	12	0.0	0	1.00	0	0	V0.2	0	0	55	60	55	61	57	63	60	66	64	65	69	68	76	69	83	70	91	71	98	70	105	72	110	66	112	64	117	63	112	56	111	74	128	109	142	141	183	214	251	298	310	366	404	493	508	593	599	712	762	869	880	936	954	1000	982	886	761	606	501	367	286	203	149	145	112	153	116	157	120	160	125	158	130	153	127	144	124	132	119	119	111	109	104	98	93
64	170	1	2	119	0	1953125	12	0.0	0	1.02	0	0	V0.2	0	0	81	72	82	79	84	86	86	95	91	103	97	113	105	123	115	131	129	145	145	156	160	171	182	187	199	200	221	224	246	241	264	267	301	307	331	337	367	394	423	454	467	507	541	605	616	676	685	772	812	895	902	947	959	1000	979	908	793	679	581	500	439	399	355	356	322	340	301	316	275	296	256	273	230	244	206	218	185	194	165	172	149	152	136	138	127
64	170	1	2	119	0	1953125	12	0.0	0	1.02	0	0	V0.2	0	0	74	81	76	88	79	94	81	101	88	108	94	115	106	124	119	132	133	142	151	152	168	165	191	181	209	193	232	216	258	234	277	259	315	300	346	328	382	386	440	448	484	502	558	602	635	675	702	769	834	896	923	947	980	998	999	908	813	675	598	496	455	393	369	350	335	334	312	312	285	292	265	269	237	242	215	217	193	193	170	170	153	153	139	138	129
64	170	1	2	119	0	1953125	12	0.0	0	1.00	0	0	V0.2	0	0	58	57	60	59	62	62	65	63	67	64	73	67	78	68	85	71	94	71	98	70	106	72	112	67	112	65	119	62	118	52	116	69	137	103	153	136	192	207	262	295	323	362	414	488	520	590	609	710	774	870	893	935	965	998	1000	887	774	603	510	362	299	202	161	145	118	153	120	160	118	163	126	165	129	158	124	148	123	137	116	123	110	111	102	99	92
64	170	1	2	119	0	1953125	12	0.0	0	1.00	0	0	V0.2	0	0	56	62	57	64	58	66	62	67	65	68	71	69	76	70	83	71	91	73	97	70	104	71	108	65	108	63	114	60	105	52	102	71	115	104	127	138	165	208	235	293	296	361	387	484	492	584	583	702	745	861	866	932	941	1000	975	891	756	614	494	374	282	208	142	144	103	144	107	146	113	149	120	148	125	140	122	131	120	121	114	110	108	101	100	90	89
64	170	1	2	119	0	1953125	12	0.0	0	1.00	0	0	V0.2	0	0	51	62	52	63	56	65	59	66	63	67	68	68	74	69	83	71	90	71	97	70	106	72	111	67	112	65	118	65	113	58	111	77	127	111	141	145	180	216	249	300	310	369	400	491	504	591	594	709	756	866	874	931	947	1000	979	887	757	607	495	370	284	208	148	149	110	154	116	158	120	159	127	160	129	149	128	141	125	131	119	119	112	108	104	97	94
