34928	35048	35167	35286	35405	35524	35644	35763	35882	36001	36120	36240	36359	36478	36597	36716	36836	36955	37074	37193	37313	37432	37551	37670	37789	37909	38028	38147	38266	38385	38505	38624	38743	38862	38981	39101	39220	39339	39458	39577	39697	39816	39935	40054	40174	40293	40412	40531	40650	40770	40889	41008	41127	41246	41366	41485	41604	41723	41842	41962	42081	42200	42319	42439	42558	42677	42796	42915	43035	43154	43273	43392	43511	43631	43750	43869	43988	44107	44227	44346	44465	44584	44703	44823	44942
64	170	1	2	119	0	1953125	12	0.0	0	0.41	0	0	V0.2	0	0	16	17	16	15	13	12	14	17	21	24	27	26	25	24	22	22	26	33	37	42	47	48	46	46	51	50	55	65	78	89	92	128	133	127	156	189	183	172	276	269	261	346	406	367	359	543	487	407	630	694	659	668	1000	897	701	981	846	617	501	526	406	228	264	212	140	134	123	92	70	75	67	56	60	66	64	57	56	50	40	33	30	29	31	35	37
64	170	1	2	119	0	1953125	12	0.0	0	0.39	0	0	V0.2	0	0	5	7	10	11	11	11	9	7	4	1	1	5	9	11	13	15	13	12	12	9	8	7	4	5	7	6	13	25	38	47	53	90	91	83	121	148	139	133	247	232	222	326	374	330	332	523	458	366	621	677	632	646	1000	888	663	985	850	610	486	527	408	211	243	195	117	90	82	51	25	32	21	6	12	14	12	12	18	17	14	15	14	11	9	6	4
64	170	1	2	119	0	1953125	12	0.0	0	0.41	0	0	V0.2	0	0	12	14	16	17	17	16	15	15	17	20	23	25	27	27	27	25	25	29	32	37	42	47	47	49	56	53	55	63	73	82	85	123	131	127	158	191	181	166	271	258	247	341	400	364	359	547	486	392	628	682	638	656	1000	896	684	993	845	599	501	522	404	225	268	215	139	137	123	89	68	72	64	54	61	68	67	61	59	51	38	29	25	27	33	38	41
64	170	1	2	119	0	1953125	12	0.0	0	0.39	0	0	V0.2	0	0	3	5	8	9	10	9	9	7	5	2	0	3	6	8	10	13	12	11	12	9	8	7	4	5	9	7	12	24	36	45	51	88	90	82	122	148	138	134	244	229	216	327	372	327	339	523	458	369	627	676	622	661	1000	883	677	995	854	614	503	532	411	218	246	196	116	91	81	50	24	31	21	6	14	16	16	14	18	18	15	16	13	10	8	5	3
64	170	1	2	119	0	1953125	12	0.0	0	0.41	0	0	V0.2	0	0	17	16	15	13	11	11	14	19	22	25	27	26	24	22	21	22	26	34	38	42	47	47	45	45	50	49	55	65	79	89	92	127	131	124	154	186	179	170	277	267	257	350	402	362	360	542	485	403	638	694	650	674	1000	892	696	989	851	616	515	530	407	227	262	210	135	132	123	92	73	78	69	56	61	65	61	56	55	49	41	35	32	31	31	33	35
64	170	1	2	119	0	1953125	12	0.0	0	0.39	0	0	V0.2	0	0	2	4	6	8	9	10	10	8	7	4	2	1	4	6	9	12	11	11	12	10	9	9	5	6	11	8	11	23	33	43	50	87	92	84	124	151	138	135	245	228	217	328	372	329	340	525	459	370	630	677	624	665	999	883	678	992	852	615	502	535	416	221	248	197	113	89	79	46	21	27	20	9	13	19	18	17	22	19	17	17	13	9	7	3	1
64	170	1	2	119	0	1953125	12	0.0	0	0.40	0	0	V0.2	0	0	7	6	3	3	5	7	9	11	12	12	11	9	6	5	7	11	13	18	19	20	21	20	16	15	21	20	25	34	46	56	60	96	100	93	129	159	148	144	253	238	229	333	379	336	345	528	466	383	636	685	635	674	1000	885	689	991	854	621	507	536	414	221	250	197	114	99	88	55	36	42	34	22	29	34	32	30	32	29	22	18	13	7	6	11	13
64	170	1	2	119	0	1953125	12	0.0	0	0.39	0	0	V0.2	0	0	2	5	7	9	9	10	9	7	6	3	1	2	6	7	10	13	12	11	12	9	8	8	4	5	9	7	12	24	35	45	51	87	91	84	123	150	140	138	247	230	221	329	372	328	340	523	459	376	634	682	631	674	1000	881	687	990	855	625	506	541	419	223	249	197	114	89	79	47	21	28	21	10	15	19	18	17	21	19	16	15	12	8	6	3	1
64	170	1	2	119	0	1953125	12	0.0	0	0.40	0	0	V0.2	0	0	8	6	4	2	4	6	9	11	12	12	11	10	7	5	7	10	12	17	19	20	21	22	17	17	22	20	25	34	46	56	61	97	102	95	132	161	151	148	255	242	231	335	381	339	349	530	468	390	638	688	641	682	1000	886	698	988	853	624	509	538	414	225	251	197	115	98	88	55	34	41	33	23	30	36	34	32	33	29	22	17	12	7	8	12	15
64	170	1	2	119	0	1953125	12	0.0	0	0.39	0	0	V0.2	0	0	1	3	6	8	9	10	10	9	7	4	2	1	4	6	9	12	12	11	13	10	9	9	6	7	11	7	11	23	33	44	51	87	92	86	126	152	140	139	247	230	222	330	374	330	344	525	457	380	635	681	637	679	1000	885	691	987	853	624	506	541	421	226	251	198	114	89	78	44	19	26	20	11	16	22	20	19	22	20	17	16	12	9	6	2	2
64	170	1	2	119	0	1953125	12	0.0	0	0.40	0	0	V0.2	0	0	8	6	4	2	4	6	9	11	12	12	12	10	6	5	7	10	12	17	20	20	21	21	17	16	21	20	24	33	46	55	59	96	101	94	131	160	149	146	254	239	230	334	379	336	347	528	464	386	636	686	640	679	1000	887	691	988	852	620	508	537	415	223	252	198	115	99	88	54	34	41	34	23	30	35	34	32	34	29	22	18	12	7	8	12	15
64	170	1	2	119	0	1953125	12	0.0	0	0.40	0	0	V0.2	0	0	7	6	3	2	5	7	9	11	12	12	11	9	6	5	7	11	13	18	19	20	21	20	16	15	20	20	25	34	46	56	60	96	100	92	130	159	149	147	255	238	229	334	377	333	347	527	462	386	640	686	638	683	1000	881	690	989	851	615	511	537	412	224	252	197	114	99	88	54	35	41	33	22	30	34	33	31	33	29	22	18	13	7	7	11	14
64	170	1	2	119	0	1953125	12	0.0	0	0.40	0	0	V0.2	0	0	7	6	3	2	5	7	9	11	12	12	11	9	6	5	7	11	13	18	19	20	21	20	16	15	20	20	25	34	46	56	60	96	100	92	130	159	149	147	255	238	229	334	377	333	347	527	462	386	640	686	638	683	1000	881	690	989	851	615	511	537	412	224	252	197	114	99	88	54	35	41	33	22	30	34	33	31	33	29	22	18	13	7	7	11	14
64	170	1	2	119	0	1953125	12	0.0	0	0.39	0	0	V0.2	0	0	1	3	5	7	9	10	10	9	8	5	2	1	4	6	9	12	12	12	13	11	10	9	6	7	11	7	11	22	33	43	50	87	92	85	125	150	137	137	244	227	218	329	370	327	342	522	455	373	634	681	626	677	1000	877	680	991	849	613	510	542	418	225	252	197	111	88	78	44	20	27	21	11	17	21	20	20	23	20	17	16	12	7	6	1	1
64	170	1	2	119	0	1953125	12	0.0	0	0.40	0	0	V0.2	0	0	7	5	3	2	4	7	9	11	12	12	11	9	6	5	7	11	13	17	19	20	21	21	17	16	21	20	25	35	47	56	61	96	100	93	130	158	148	147	254	238	229	335	378	335	348	528	464	385	641	686	632	684	1000	878	692	996	852	618	517	539	412	223	252	197	114	100	90	56	37	43	35	23	30	35	33	31	32	29	22	18	13	8	8	11	14
64	170	1	2	119	0	1953125	12	0.0	0	0.39	0	0	V0.2	0	0	1	3	6	8	9	10	10	8	7	5	2	1	4	6	9	12	12	11	12	10	9	9	6	6	11	8	11	23	33	43	51	87	91	85	125	150	138	138	245	228	219	329	372	329	344	524	457	375	636	679	628	680	1000	880	689	993	852	620	510	541	418	226	252	198	113	90	79	44	21	27	20	10	16	21	20	18	22	20	17	16	12	9	6	2	1
64	170	1	2	119	0	1953125	12	0.0	0	0.40	0	0	V0.2	0	0	4	5	6	7	9	9	10	10	10	8	8	8	6	7	9	11	11	15	17	17	19	22	20	21	28	26	29	37	42	47	49	84	92	91	133	172	165	162	265	236	219	322	361	322	337	535	484	405	665	697	632	677	983	866	681	999	875	639	531	538	398	201	233	184	111	95	94	69	48	58	48	33	37	34	27	22	22	18	14	14	15	15	14	14	13
64	170	1	2	119	0	1953125	12	0.0	0	0.39	0	0	V0.2	0	0	1	3	6	8	9	10	10	9	8	5	2	1	3	7	9	12	12	12	13	11	10	10	6	8	11	7	11	22	32	43	50	87	92	85	125	150	137	136	244	226	217	329	372	329	344	525	456	371	633	675	627	676	1000	884	682	990	850	613	505	539	419	223	252	197	113	90	78	43	20	26	20	10	16	22	20	19	23	20	17	17	12	8	6	1	2
64	170	1	2	119	0	1953125	12	0.0	0	0.41	0	0	V0.2	0	0	16	16	16	14	13	12	14	17	21	24	26	26	25	24	22	23	26	33	36	41	46	47	46	46	51	50	55	65	78	88	91	125	131	124	155	188	180	171	278	265	254	351	401	360	363	545	485	402	648	695	645	687	1000	889	696	994	853	613	524	537	410	230	267	213	135	135	124	91	72	77	69	57	63	67	65	58	56	50	40	33	30	30	32	35	37
64	170	1	2	119	0	1953125	12	0.0	0	0.39	0	0	V0.2	0	0	1	3	6	7	9	9	9	8	7	4	2	1	4	6	9	11	11	11	12	10	9	9	6	7	11	8	11	23	33	43	49	87	91	83	125	149	138	137	245	226	214	330	370	324	344	526	455	368	638	674	616	678	998	876	679	999	852	610	515	540	415	221	251	197	112	91	80	46	22	28	21	9	15	20	18	18	21	19	17	16	13	9	7	2	1
64	170	1	2	119	0	1953125	12	0.0	0	0.40	0	0	V0.2	0	0	7	6	4	3	4	6	8	10	11	11	11	9	7	5	7	10	12	16	19	19	21	21	18	17	22	20	25	34	45	55	59	95	100	92	131	158	149	147	253	237	225	335	377	332	351	531	462	384	644	679	626	688	996	877	695	1000	852	617	521	538	411	222	252	197	114	101	90	56	37	43	34	23	30	35	33	31	33	29	22	18	13	7	7	11	14
64	170	2	2	119	0	1953125	12	0.0	0	0.39	0	0	V0.2	0	0	3	4	7	8	9	10	9	7	6	3	1	2	5	7	9	12	11	11	11	9	8	8	5	6	10	8	12	24	34	44	51	87	91	84	124	150	139	140	248	230	220	331	372	327	345	526	457	379	639	680	629	682	1000	883	691	998	856	623	516	542	417	224	251	198	114	91	80	47	22	28	21	9	15	19	18	17	21	19	16	16	12	9	7	3	1
64	170	2	2	119	0	1953125	12	0.0	0	0.40	0	0	V0.2	0	0	7	5	2	2	5	8	10	12	12	12	11	8	5	4	7	12	14	18	20	20	21	20	16	15	20	19	24	35	47	56	61	96	99	92	130	157	148	147	255	239	228	337	379	333	351	529	463	386	645	684	632	690	1000	882	694	999	855	619	523	538	412	223	251	197	114	100	89	57	37	43	35	22	30	33	32	29	31	28	21	18	14	9	8	10	12
64	170	2	2	119	0	1953125	12	0.0	0	0.39	0	0	V0.2	0	0	3	5	7	9	10	10	9	7	5	2	1	2	6	7	9	12	11	10	11	9	8	8	5	6	10	8	12	24	35	44	51	86	89	83	123	148	138	140	246	228	218	330	369	324	345	522	455	378	640	678	623	685	996	877	690	1000	857	621	524	543	417	226	251	197	113	91	80	48	23	29	21	8	15	19	16	16	20	18	16	16	13	10	7	3	0
64	170	2	2	119	0	1953125	12	0.0	0	0.40	0	0	V0.2	0	0	7	5	4	3	4	6	8	10	11	11	10	9	6	5	6	10	12	16	19	19	21	21	18	17	22	21	25	35	46	55	60	94	99	92	130	157	147	147	252	237	225	334	375	330	350	527	461	385	642	681	625	689	994	875	698	1000	853	621	528	541	414	227	252	198	114	100	89	55	36	41	33	22	29	33	31	30	31	28	21	18	13	7	7	10	13
64	170	2	2	119	0	1953125	12	0.0	0	0.39	0	0	V0.2	0	0	3	6	8	10	10	10	9	7	5	2	0	3	6	8	10	12	12	11	11	9	8	8	5	6	9	7	12	24	35	45	52	87	90	82	123	148	136	141	246	229	219	332	369	323	347	521	454	379	641	678	622	690	994	872	696	1000	854	624	527	543	417	226	250	196	113	90	80	48	23	29	22	9	15	18	16	16	19	17	15	15	12	9	7	4	1
64	170	2	2	119	0	1953125	12	0.0	0	0.40	0	0	V0.2	0	0	7	5	2	2	5	8	10	12	13	12	11	8	5	4	7	11	14	19	21	21	22	20	16	15	20	19	25	35	47	57	62	97	100	92	130	157	146	148	255	238	230	338	378	332	353	530	461	386	646	682	630	693	997	879	699	1000	854	621	524	538	413	222	251	196	113	101	89	57	38	44	35	23	31	34	32	29	32	28	22	18	13	9	8	11	13
64	170	1	2	119	0	1953125	12	0.0	0	0.39	0	0	V0.2	0	0	2	4	6	8	9	9	9	8	7	4	2	2	5	7	9	12	12	11	12	10	8	8	5	6	10	7	11	23	33	43	50	86	90	83	125	149	136	139	246	225	217	331	370	325	346	526	455	374	639	675	622	684	998	881	687	1000	856	619	517	541	419	223	251	198	113	91	80	46	22	28	21	9	15	20	18	19	22	20	17	16	12	9	6	2	2
64	170	1	2	119	0	1953125	12	0.0	0	0.40	0	0	V0.2	0	0	9	7	5	2	3	5	8	11	12	12	12	10	7	5	6	9	12	17	19	20	22	22	18	16	22	19	23	33	44	54	59	96	100	92	132	158	145	145	253	233	223	336	377	332	351	531	460	378	642	679	624	686	998	880	686	1000	851	610	518	539	413	221	253	197	112	100	88	54	35	41	34	22	30	35	34	31	33	29	22	17	11	7	7	11	15
64	170	1	2	119	0	1953125	12	0.0	0	0.39	0	0	V0.2	0	0	3	5	7	9	10	10	9	7	6	2	0	3	6	8	10	12	12	11	12	9	8	8	4	5	9	7	12	24	34	44	51	87	89	81	124	148	135	139	247	226	215	332	367	320	346	524	451	372	643	675	617	688	996	871	681	1000	852	612	522	544	415	221	251	196	111	91	80	46	23	29	21	9	15	19	17	17	20	18	15	15	12	9	7	3	1
64	170	1	2	119	0	1953125	12	0.0	0	0.40	0	0	V0.2	0	0	7	5	2	2	5	8	10	12	13	11	10	8	5	4	8	12	14	19	20	20	21	20	16	14	20	19	25	35	47	56	60	96	98	90	130	157	146	147	256	237	226	337	375	328	350	528	458	383	647	683	627	693	998	875	689	1000	854	616	526	542	412	222	252	196	112	100	89	55	37	43	35	22	30	34	31	30	31	28	21	18	13	9	8	10	13
64	170	1	2	119	0	1953125	12	0.0	0	0.39	0	0	V0.2	0	0	6	8	10	10	10	9	7	5	2	1	3	6	9	10	12	13	11	11	10	6	6	5	2	3	7	8	14	27	38	46	53	87	87	78	121	148	138	142	253	231	219	334	366	317	342	523	452	378	648	683	624	689	997	870	683	1000	858	622	523	546	415	220	249	196	112	91	82	49	25	32	22	9	15	18	14	14	18	16	14	15	12	9	8	6	3
64	170	1	2	119	0	1953125	12	0.0	0	0.40	0	0	V0.2	0	0	7	5	3	3	5	7	9	11	12	11	10	8	6	5	8	11	13	17	19	20	21	20	16	15	21	20	25	35	47	56	60	96	98	91	130	158	147	148	257	238	226	336	375	328	347	528	458	383	647	685	630	689	1000	873	686	997	852	616	519	544	412	222	254	197	112	99	88	54	35	43	34	23	30	34	33	31	32	28	21	17	12	8	8	10	14
64	170	1	2	119	0	1953125	12	0.0	0	0.39	0	0	V0.2	0	0	2	4	6	8	9	10	9	8	6	4	1	1	4	7	9	12	11	11	12	9	9	9	6	7	11	7	11	23	34	43	50	87	90	82	125	150	137	140	248	228	217	332	368	320	344	523	450	378	643	680	626	688	1000	871	687	996	851	619	519	549	419	227	254	197	111	89	77	44	19	27	22	11	17	21	19	19	22	19	16	16	12	8	5	1	1
64	170	1	2	119	0	1953125	12	0.0	0	0.40	0	0	V0.2	0	0	8	6	4	2	4	7	9	11	12	11	11	9	6	5	7	11	13	17	20	20	21	21	17	16	21	20	24	34	46	56	60	96	99	92	131	159	148	149	257	239	229	336	376	331	349	528	461	391	646	689	638	692	1000	877	697	993	852	625	520	547	416	228	255	197	113	98	87	53	33	41	34	23	31	36	33	31	32	27	21	16	11	7	8	12	14
64	170	1	2	119	0	1953125	12	0.0	0	0.39	0	0	V0.2	0	0	3	4	7	8	9	9	9	8	6	3	1	2	5	7	10	12	11	11	11	9	8	8	4	5	10	7	12	23	35	44	51	87	90	83	124	151	138	141	251	230	221	331	370	325	341	524	455	381	641	686	634	681	1000	876	687	990	853	627	511	549	422	227	252	197	111	88	78	44	19	27	22	11	16	22	19	18	22	19	16	15	12	8	5	1	1
64	170	1	2	119	0	1953125	12	0.0	0	0.40	0	0	V0.2	0	0	7	6	3	3	5	8	9	11	12	11	11	8	6	5	8	12	13	18	20	19	20	20	16	15	21	20	25	34	47	56	59	96	99	91	130	159	148	148	258	240	229	336	377	332	345	529	462	388	646	689	638	687	1000	876	692	992	852	627	514	547	417	224	254	197	112	98	87	54	34	41	34	23	32	36	33	31	33	28	21	16	12	7	7	11	14
64	170	1	2	119	0	1953125	12	0.0	0	0.39	0	0	V0.2	0	0	4	6	9	10	11	10	9	7	5	1	1	3	7	9	12	14	13	12	12	9	8	7	3	4	7	6	13	24	37	47	53	88	90	82	123	150	140	142	253	234	225	333	371	325	341	523	455	385	645	688	642	688	1000	878	692	988	853	635	512	551	423	226	252	196	112	87	78	45	20	29	23	11	16	20	19	17	20	18	15	14	11	7	6	2	0
64	170	1	2	119	0	1953125	12	0.0	0	0.39	0	0	V0.2	0	0	2	4	6	8	9	10	8	7	6	3	1	3	6	7	10	12	11	11	11	9	8	8	4	5	9	7	12	24	35	45	51	88	91	83	125	151	140	140	252	232	222	331	370	326	339	524	456	382	642	685	641	682	1000	882	687	989	853	632	507	550	425	226	254	198	113	88	78	44	18	27	22	11	16	22	20	19	23	20	16	16	12	8	6	2	1
64	170	1	2	119	0	1953125	12	0.0	0	0.39	0	0	V0.2	0	0	3	5	7	9	9	10	9	7	6	2	0	2	6	8	10	13	12	12	12	9	8	8	4	5	9	7	12	24	36	45	51	88	90	82	124	151	139	140	252	232	222	332	370	324	339	524	453	380	643	683	638	682	999	878	683	990	851	627	508	549	422	224	253	198	112	89	79	45	20	28	22	11	16	21	19	18	22	19	16	15	12	8	6	2	0
64	170	1	2	119	0	1953125	12	0.0	0	0.40	0	0	V0.2	0	0	8	6	4	3	4	7	9	11	12	12	11	9	6	5	7	11	13	18	20	20	21	21	16	15	20	19	24	33	46	56	59	96	100	92	130	159	149	147	258	240	229	335	375	331	344	528	461	387	645	688	641	684	1000	879	686	991	850	624	512	547	419	224	256	198	112	98	86	53	33	40	34	23	32	36	34	31	32	28	21	16	11	7	8	12	15
64	170	1	2	119	0	1953125	12	0.0	0	0.39	0	0	V0.2	0	0	2	5	7	9	9	9	9	7	6	3	0	3	6	8	10	13	11	11	11	9	8	7	4	5	9	7	12	24	35	45	51	87	90	82	123	150	141	142	252	233	222	331	369	323	339	522	455	384	645	688	641	685	1000	877	688	989	851	632	511	551	424	228	255	198	112	88	77	44	19	28	22	12	17	22	19	18	22	19	16	15	11	8	5	2	1
64	170	1	2	119	0	1953125	12	0.0	0	0.40	0	0	V0.2	0	0	8	6	4	3	4	7	9	12	12	12	11	9	6	5	7	11	14	18	20	21	21	21	17	15	20	19	24	34	46	57	60	96	100	92	130	159	149	148	259	241	231	336	377	333	345	527	461	391	645	690	648	686	999	880	692	986	846	627	509	546	419	227	256	198	114	97	85	52	32	40	34	25	32	37	34	32	34	28	21	16	10	7	8	13	15
64	170	1	2	119	0	1953125	12	0.0	0	0.39	0	0	V0.2	0	0	2	5	7	8	9	10	9	8	6	3	1	3	6	8	10	12	12	11	12	10	8	8	4	5	9	7	12	24	36	45	51	88	90	82	124	151	140	140	252	232	222	332	369	324	338	522	454	381	642	686	642	679	1000	880	681	987	847	627	504	549	425	227	255	198	112	87	77	44	18	27	22	11	17	23	20	19	23	20	17	16	12	8	5	1	1
64	170	1	2	119	0	1953125	12	0.0	0	0.39	0	0	V0.2	0	0	3	6	8	9	10	10	9	7	5	1	1	3	7	9	11	13	12	12	11	9	8	7	3	5	8	6	13	24	37	47	53	89	90	82	123	150	139	141	253	233	223	334	368	323	339	522	455	382	646	687	640	684	1000	876	683	991	850	629	512	551	424	225	254	197	111	88	78	45	20	29	23	11	17	21	18	18	21	19	15	15	11	8	6	2	0
64	170	1	2	119	0	1953125	12	0.0	0	0.39	0	0	V0.2	0	0	6	8	10	10	10	9	6	4	2	1	3	6	10	10	12	13	11	10	9	6	6	4	1	2	7	9	16	28	39	48	53	87	88	79	121	150	141	144	257	236	226	334	367	322	338	523	459	388	652	693	645	686	1000	878	686	995	858	639	516	552	424	224	252	197	113	89	81	48	23	31	22	10	15	19	15	15	19	16	15	15	12	9	8	5	3
64	170	1	2	119	0	1953125	12	0.0	0	0.39	0	0	V0.2	0	0	3	5	7	8	9	9	8	6	5	2	1	3	6	7	10	12	11	10	11	8	8	7	4	5	9	7	13	25	37	46	52	88	90	82	124	151	140	142	253	233	223	334	370	326	342	525	458	385	649	688	641	689	1000	879	691	996	855	637	516	553	426	227	254	197	111	88	78	45	19	28	23	11	18	21	19	18	22	19	16	16	12	9	6	2	0
64	170	1	2	119	0	1953125	12	0.0	0	0.39	0	0	V0.2	0	0	4	7	8	9	10	10	8	6	4	1	1	4	8	9	11	13	12	11	11	8	7	6	3	4	8	7	13	25	37	47	52	87	89	81	123	150	140	143	254	235	225	334	369	325	340	524	457	386	650	689	643	689	1000	879	691	995	856	639	515	553	426	226	254	198	112	89	79	46	21	30	22	11	17	21	19	17	21	18	15	15	12	8	6	2	0
64	170	1	2	119	0	1953125	12	0.0	0	0.39	0	0	V0.2	0	0	3	5	7	9	9	9	8	7	4	1	1	3	7	9	11	12	12	11	11	8	8	7	4	5	8	7	13	25	37	47	52	89	90	82	124	150	139	142	253	233	223	335	369	324	341	525	456	382	649	686	640	686	1000	878	682	994	852	630	512	552	423	223	254	197	111	88	78	45	20	29	22	11	17	22	19	18	21	19	15	15	11	8	6	2	0
64	170	1	2	119	0	1953125	12	0.0	0	0.39	0	0	V0.2	0	0	3	5	7	8	9	9	9	7	5	3	1	3	6	7	9	12	11	10	11	9	8	8	4	5	10	8	12	24	36	45	51	88	90	82	125	150	139	142	252	232	221	334	368	323	343	524	455	382	650	684	636	690	1000	877	687	997	852	629	518	553	425	227	256	198	111	89	78	44	19	27	22	12	18	22	19	19	22	20	17	16	12	8	6	1	0
64	170	1	2	119	0	1953125	12	0.0	0	0.39	0	0	V0.2	0	0	3	5	7	9	9	9	9	7	5	2	0	3	6	8	10	12	11	11	11	9	8	7	4	5	9	7	12	24	35	45	51	88	90	82	125	151	140	142	253	232	221	334	368	323	342	524	454	381	648	683	638	687	1000	878	682	996	851	628	514	552	424	225	256	197	111	89	78	44	19	28	22	11	18	21	19	18	22	19	16	15	12	8	6	1	0
64	170	1	2	119	0	1953125	12	0.0	0	0.39	0	0	V0.2	0	0	3	6	7	9	9	9	8	6	4	1	1	3	7	9	11	13	11	11	11	8	8	7	3	4	8	7	13	25	37	46	53	88	89	81	123	149	139	143	253	233	223	334	368	322	343	523	453	384	651	684	639	692	1000	875	688	998	851	633	519	554	425	226	256	197	112	89	79	46	20	29	23	12	17	22	19	18	21	19	15	15	11	8	6	2	0
64	170	1	2	119	0	1953125	12	0.0	0	0.39	0	0	V0.2	0	0	1	4	6	8	9	10	9	8	6	4	1	2	5	7	10	12	12	12	12	10	9	8	5	6	10	7	11	23	35	45	52	88	91	83	126	151	139	142	253	232	224	335	369	325	345	524	452	384	648	683	641	690	1000	877	688	992	844	627	512	549	424	227	256	197	111	88	76	43	18	26	22	12	18	23	21	20	23	19	16	15	11	7	5	1	1
64	170	1	2	119	0	1953125	12	0.0	0	0.39	0	0	V0.2	0	0	2	4	6	8	9	9	8	7	6	3	0	2	6	7	10	12	11	11	11	9	8	7	4	6	9	7	12	24	36	45	52	88	90	82	125	150	139	142	253	231	222	334	369	323	342	524	453	381	647	683	640	686	1000	878	681	993	847	625	510	548	423	224	255	197	111	88	76	44	19	27	21	12	18	22	20	19	22	19	16	16	12	8	6	1	0
64	170	1	2	119	0	1953125	12	0.0	0	0.39	0	0	V0.2	0	0	2	4	6	8	9	10	9	8	7	4	1	1	5	7	9	12	12	11	12	10	9	8	5	6	10	7	11	23	34	44	51	88	90	82	125	149	138	140	251	229	220	333	368	322	342	522	451	379	646	681	636	686	1000	874	679	993	843	622	512	549	423	226	256	197	110	88	76	43	18	27	22	12	18	22	20	20	23	20	16	15	11	7	5	0	2
64	170	1	2	119	0	1953125	12	0.0	0	0.40	0	0	V0.2	0	0	7	5	3	2	5	8	9	12	12	12	11	9	6	5	8	12	13	18	20	20	21	20	16	15	20	20	25	35	48	57	61	97	99	91	131	159	149	150	260	240	231	339	376	331	349	528	459	390	650	687	643	690	1000	875	686	993	842	620	515	543	415	224	256	197	113	99	86	53	34	42	34	24	32	36	35	31	33	29	21	17	11	7	8	12	15
64	170	1	2	119	0	1953125	12	0.0	0	0.39	0	0	V0.2	0	0	1	3	6	8	9	10	9	8	7	4	2	1	5	7	10	13	12	11	13	10	9	9	5	7	10	7	10	23	34	44	51	88	91	83	126	150	137	140	251	228	219	333	368	322	343	523	451	377	645	680	633	682	1000	872	675	992	840	616	510	547	421	225	256	196	110	88	76	42	18	26	22	12	18	23	20	20	23	20	17	15	11	7	5	0	1
64	170	1	2	119	0	1953125	12	0.0	0	0.39	0	0	V0.2	0	0	2	4	6	8	8	9	8	7	5	2	0	2	6	7	10	12	11	10	11	9	8	8	4	5	9	7	12	24	35	45	52	88	91	82	126	150	138	143	252	230	222	334	368	323	345	523	453	383	649	683	635	690	1000	872	687	996	845	625	516	549	422	227	255	196	111	88	77	43	19	27	22	12	17	22	20	19	22	20	17	16	12	9	5	2	0
64	170	1	2	119	0	1953125	12	0.0	0	0.39	0	0	V0.2	0	0	1	3	7	8	9	10	10	9	7	5	2	1	5	7	10	12	12	12	13	11	9	9	5	7	10	7	10	23	34	44	52	89	92	84	127	151	137	142	251	229	223	335	370	325	346	524	452	381	645	681	637	688	1000	875	688	992	842	624	512	548	424	228	255	197	110	88	76	42	18	26	23	13	18	24	21	20	23	20	16	16	10	7	4	0	2
64	170	1	2	119	0	1953125	12	0.0	0	0.39	0	0	V0.2	0	0	1	3	6	7	9	10	10	8	7	4	1	1	4	6	9	12	12	11	13	10	9	9	6	7	10	7	11	23	34	44	52	89	92	84	127	150	137	140	250	228	221	334	370	325	345	525	452	378	645	679	633	686	1000	874	682	994	843	622	511	547	423	225	255	196	109	88	76	43	18	26	21	12	19	22	20	20	23	20	16	15	12	8	5	1	2
64	170	1	2	119	0	1953125	12	0.0	0	0.39	0	0	V0.2	0	0	2	3	6	8	9	10	10	8	7	4	1	1	5	7	9	12	12	11	12	10	9	9	5	6	10	7	11	23	34	44	51	88	90	83	126	150	137	141	249	228	220	333	367	324	346	524	452	380	647	679	633	691	1000	874	688	997	845	625	517	551	423	227	256	196	110	88	76	43	18	27	23	13	18	23	21	20	23	20	16	15	10	7	4	0	2
64	170	1	2	119	0	1953125	12	0.0	0	0.39	0	0	V0.2	0	0	2	4	7	8	9	9	8	7	5	3	1	2	6	7	10	12	11	11	11	9	8	7	4	5	9	7	12	24	35	45	52	88	90	83	126	150	139	145	252	231	223	335	369	324	348	525	454	387	650	684	639	698	1000	876	698	997	847	631	520	552	424	230	256	196	111	89	77	44	19	27	22	12	19	22	19	19	22	20	16	16	12	8	5	2	1
64	170	1	2	119	0	1953125	12	0.0	0	0.39	0	0	V0.2	0	0	1	4	6	8	9	10	9	8	7	4	1	2	5	7	10	12	12	11	12	10	9	8	5	6	10	7	11	24	35	45	52	89	91	84	127	151	139	143	252	230	223	334	370	325	347	525	452	384	646	680	639	689	1000	878	691	991	843	626	511	548	423	228	256	197	112	89	77	43	19	26	21	12	18	22	20	20	23	20	16	16	11	8	5	1	2
64	170	1	2	119	0	1953125	12	0.0	0	0.40	0	0	V0.2	0	0	8	7	4	2	4	7	9	11	13	13	12	10	6	5	7	10	13	17	20	21	22	21	17	16	20	19	24	33	46	55	60	97	99	92	132	158	148	149	257	238	229	338	375	331	350	529	459	388	649	683	639	693	1000	877	692	996	843	622	519	547	418	227	257	196	112	98	86	52	33	41	34	25	32	37	35	32	34	28	21	16	10	7	8	12	15
64	170	1	2	119	0	1953125	12	0.0	0	0.39	0	0	V0.2	0	0	2	4	6	8	9	10	9	8	7	4	2	2	5	7	10	12	12	11	12	9	9	8	5	6	9	7	11	23	34	44	52	88	90	83	126	150	139	143	250	231	223	334	369	324	348	523	452	387	647	681	638	696	1000	875	699	996	844	630	519	550	423	231	256	197	112	89	77	44	19	27	22	12	19	22	21	20	23	20	17	16	12	8	5	0	1
64	170	1	2	119	0	1953125	12	0.0	0	0.39	0	0	V0.2	0	0	2	4	6	8	9	9	8	7	5	3	0	2	6	7	10	12	12	11	11	9	9	8	4	6	9	7	12	24	36	45	53	89	91	83	126	151	140	144	252	232	224	334	369	325	347	524	454	386	648	682	639	693	999	876	695	994	843	627	514	547	421	228	255	196	112	89	77	43	19	27	21	12	16	22	20	19	23	20	17	15	12	9	6	1	0
64	170	1	2	119	0	1953125	12	0.0	0	0.39	0	0	V0.2	0	0	4	6	8	10	10	10	9	7	5	2	0	3	7	9	12	13	12	12	12	9	8	7	4	5	8	7	12	24	36	46	53	88	89	81	124	148	139	143	253	232	224	334	369	322	343	522	452	383	648	683	639	690	1000	874	689	992	843	625	512	546	421	225	254	196	112	89	78	45	21	28	22	11	17	20	19	19	21	19	16	15	11	8	6	2	0
64	170	1	2	119	0	1953125	12	0.0	0	0.40	0	0	V0.2	0	0	7	5	3	2	5	8	9	11	12	11	11	9	6	5	8	12	14	18	20	20	21	20	16	15	20	20	25	35	47	56	61	96	99	91	131	158	148	149	257	239	229	336	374	329	347	527	458	387	648	685	638	687	999	875	685	995	841	616	513	542	414	222	257	197	113	100	87	54	34	42	34	23	31	36	34	31	33	29	21	17	11	7	8	12	14
64	170	1	2	119	0	1953125	12	0.0	0	0.39	0	0	V0.2	0	0	1	4	6	8	9	10	10	8	7	4	2	1	5	7	9	12	12	11	12	10	9	9	5	7	10	7	11	23	33	43	51	87	90	83	125	149	137	140	248	229	218	331	367	321	343	521	451	377	642	680	629	684	1000	871	681	995	841	617	514	547	420	227	256	196	111	88	76	43	18	27	22	13	18	22	20	19	22	20	17	15	11	7	4	0	2
64	170	1	2	119	0	1953125	12	0.0	0	0.40	0	0	V0.2	0	0	9	7	4	2	4	6	9	11	12	13	12	10	6	5	7	10	13	17	20	20	21	21	17	16	21	19	23	33	46	55	60	96	99	92	131	157	147	148	254	239	228	336	375	329	349	525	457	387	646	685	636	692	999	871	694	996	840	620	518	544	415	228	257	196	113	98	85	53	32	40	34	24	32	36	34	32	33	28	20	16	10	7	9	12	15
64	170	1	2	119	0	1953125	12	0.0	0	0.39	0	0	V0.2	0	0	1	4	6	8	9	10	9	9	7	4	2	1	5	7	10	12	12	11	12	10	9	9	5	7	10	7	11	23	34	44	51	87	91	84	125	149	138	141	248	231	221	332	370	324	345	522	454	382	642	682	634	686	999	874	691	995	842	625	513	546	421	229	256	196	112	88	77	44	19	27	22	13	18	22	20	19	23	20	16	16	11	8	5	1	1
64	170	1	2	119	0	1953125	12	0.0	0	0.40	0	0	V0.2	0	0	9	7	4	2	3	6	9	12	13	13	12	10	6	5	6	10	12	17	20	21	22	22	17	16	20	19	23	33	46	55	60	96	100	92	132	158	147	148	255	239	230	336	378	332	350	528	459	387	645	684	638	687	1000	876	693	994	839	620	512	540	416	226	256	197	113	98	86	52	33	40	34	23	31	37	34	32	34	29	21	17	11	7	8	12	15
64	170	1	2	119	0	1953125	12	0.0	0	0.39	0	0	V0.2	0	0	1	4	6	8	9	10	9	8	7	4	2	1	5	7	9	12	12	12	12	10	9	9	5	6	10	7	11	23	34	44	50	88	91	83	126	150	137	139	248	229	221	331	371	325	343	523	454	377	639	679	633	678	1000	878	682	993	841	618	504	541	420	224	254	197	112	89	77	44	19	27	21	10	17	22	20	19	22	20	17	17	12	8	5	2	2
64	170	1	2	119	0	1953125	12	0.0	0	0.40	0	0	V0.2	0	0	8	7	4	2	3	6	8	11	13	12	12	10	7	5	6	10	12	17	20	20	22	22	18	16	21	19	23	33	45	55	59	97	101	92	131	158	146	144	254	236	225	336	377	332	347	529	460	376	643	679	629	678	1000	878	678	998	841	611	507	536	414	219	255	198	113	100	88	54	34	41	33	22	31	37	34	32	34	30	22	17	12	7	7	12	15
64	170	1	2	119	0	1953125	12	0.0	0	0.39	0	0	V0.2	0	0	1	3	6	8	9	10	10	9	7	5	2	1	4	6	9	12	12	12	13	10	9	9	6	7	11	7	10	22	32	42	49	87	90	82	125	147	133	135	243	222	212	330	366	320	343	522	448	363	638	666	611	674	993	867	671	1000	837	604	508	535	414	217	253	196	110	91	78	45	21	27	21	9	17	20	19	19	22	20	17	16	12	8	6	2	2
64	170	1	2	119	0	1953125	12	0.0	0	0.40	0	0	V0.2	0	0	9	8	5	2	3	6	8	11	12	12	12	11	7	5	6	9	12	17	19	20	22	22	18	17	21	19	22	33	44	54	58	95	99	90	131	156	142	143	250	230	220	335	373	327	350	527	452	372	642	668	614	683	991	868	679	1000	836	601	515	532	409	216	254	195	110	101	87	53	35	41	32	22	31	36	33	31	33	28	21	17	11	6	8	12	15
64	170	1	2	119	0	1953125	12	0.0	0	0.39	0	0	V0.2	0	0	3	6	8	9	10	10	9	7	5	2	0	3	6	8	11	13	12	12	12	9	8	8	4	6	9	6	11	24	35	44	51	87	89	79	123	146	132	138	246	224	213	333	365	317	344	521	446	366	644	667	610	683	989	863	671	1000	841	605	516	537	412	215	250	194	108	90	79	46	23	30	22	9	16	19	17	17	19	17	15	15	11	8	6	3	0
64	170	1	2	119	0	1953125	12	0.0	0	0.40	0	0	V0.2	0	0	8	6	4	3	4	6	8	11	12	12	11	10	7	5	7	10	12	17	19	20	21	21	17	16	22	20	23	34	45	53	58	95	98	89	132	156	143	146	252	232	220	336	372	324	351	527	452	375	647	670	613	689	990	863	680	1000	837	603	520	536	408	217	254	194	109	99	86	53	35	41	33	21	31	35	33	30	32	28	21	17	11	6	7	11	14
64	170	1	2	119	0	1953125	12	0.0	0	0.39	0	0	V0.2	0	0	2	4	6	8	9	10	9	8	6	4	1	1	5	6	9	12	11	10	11	9	8	9	5	7	11	8	11	24	34	42	50	86	89	81	126	149	135	141	247	225	214	332	365	318	348	523	447	374	646	670	615	690	991	863	684	1000	842	612	520	544	415	222	254	195	109	90	78	44	20	27	21	11	16	20	18	18	22	19	16	16	12	8	6	2	1
64	170	1	2	119	0	1953125	12	0.0	0	0.40	0	0	V0.2	0	0	8	7	4	2	3	6	8	10	12	12	11	10	7	5	6	9	12	17	19	20	22	22	18	17	21	20	24	34	46	55	61	96	100	92	133	158	146	150	255	236	227	339	375	329	356	529	456	388	652	678	627	701	995	869	697	999	843	616	526	543	413	224	255	195	110	99	86	52	34	41	34	24	32	36	33	31	33	27	21	16	11	7	8	13	15
64	170	1	2	119	0	1953125	12	0.0	0	0.39	0	0	V0.2	0	0	3	4	6	8	9	9	9	7	6	3	1	2	5	7	10	12	11	10	11	9	8	8	5	6	10	8	12	24	34	44	52	87	90	83	126	150	138	144	251	229	220	334	369	322	350	526	453	384	651	680	630	697	999	873	694	1000	850	623	521	550	420	226	255	196	110	89	78	44	20	27	22	12	17	20	19	18	22	19	16	16	11	8	6	2	0
64	170	1	2	119	0	1953125	12	0.0	0	0.40	0	0	V0.2	0	0	7	6	4	3	4	7	9	11	12	11	11	9	6	5	8	11	13	18	19	19	20	20	16	15	21	19	24	34	46	55	60	95	99	91	132	159	147	150	257	238	228	338	375	329	352	530	459	389	653	684	634	698	1000	873	695	999	848	620	523	548	416	225	256	197	112	99	87	53	34	41	34	24	32	35	33	31	33	28	21	17	11	7	7	12	14
64	170	1	2	119	0	1953125	12	0.0	0	0.39	0	0	V0.2	0	0	2	4	6	8	9	10	9	8	6	3	1	2	5	7	10	12	12	11	12	9	9	8	5	6	10	7	11	23	34	44	51	87	90	83	126	150	138	143	249	229	219	334	369	322	349	524	451	382	650	680	629	697	999	872	693	1000	849	624	523	552	421	227	256	197	110	89	78	43	19	28	22	12	18	22	20	20	23	20	16	16	12	8	5	1	2
64	170	2	2	119	0	1953125	12	0.0	0	0.40	0	0	V0.2	0	0	8	7	4	2	4	7	9	11	12	13	12	10	6	5	7	10	13	17	20	20	21	21	17	16	21	19	24	34	46	56	60	96	100	92	132	158	147	149	256	237	228	337	377	331	353	530	458	389	651	683	637	697	1000	877	697	996	848	621	518	546	417	224	256	198	112	99	86	53	34	41	34	24	32	37	34	31	33	28	21	16	11	7	8	12	15
64	170	1	2	119	0	1953125	12	0.0	0	0.39	0	0	V0.2	0	0	1	3	6	8	9	10	10	8	7	4	2	1	4	6	9	12	12	11	12	10	9	9	5	6	10	7	11	23	33	43	51	87	90	82	127	150	136	139	248	226	217	333	369	321	347	526	450	374	645	675	625	687	1000	873	680	996	845	614	513	546	420	222	255	197	110	90	77	43	19	27	22	11	17	22	20	19	23	20	16	16	12	8	6	1	1
64	170	2	2	119	0	1953125	12	0.0	0	0.40	0	0	V0.2	0	0	7	5	3	3	5	8	10	12	12	12	10	8	5	5	8	12	14	18	20	20	21	20	15	15	20	20	25	36	48	57	62	97	99	90	131	158	147	150	258	238	228	340	375	329	354	530	458	388	654	683	633	699	999	875	693	1000	848	617	523	546	414	222	255	196	112	100	89	55	36	43	35	24	32	36	33	31	33	28	22	18	13	8	8	11	14
64	170	2	2	119	0	1953125	12	0.0	0	0.39	0	0	V0.2	0	0	3	5	7	9	9	10	9	7	5	3	1	2	6	8	10	13	12	11	12	9	8	7	4	5	9	7	12	25	35	45	52	88	89	81	125	149	137	142	251	229	220	334	368	321	347	525	450	379	650	679	630	693	1000	873	686	998	848	619	517	549	420	223	254	197	110	90	79	44	21	28	22	10	16	20	18	18	22	19	16	15	12	8	6	2	0
64	170	2	2	119	0	1953125	12	0.0	0	0.40	0	0	V0.2	0	0	9	7	4	2	3	6	9	11	12	13	12	10	7	5	6	10	12	17	20	21	22	22	17	16	21	19	23	33	45	55	60	97	100	92	133	158	146	148	256	236	227	339	376	331	354	530	457	385	650	681	633	697	1000	875	692	996	843	614	517	545	416	224	257	196	111	98	86	51	33	40	33	23	33	37	34	33	33	29	20	16	10	6	8	13	15
64	170	2	2	119	0	1953125	12	0.0	0	0.39	0	0	V0.2	0	0	2	4	6	8	9	10	9	7	6	3	1	2	5	7	10	12	11	11	12	9	8	8	5	6	10	7	12	24	35	44	51	88	90	82	126	150	137	141	250	228	218	333	369	321	346	526	451	377	648	677	628	687	1000	872	680	996	845	615	512	548	419	222	256	196	110	89	78	43	20	27	21	10	17	22	18	19	22	20	16	16	12	8	6	1	1
64	170	2	2	119	0	1953125	12	0.0	0	0.40	0	0	V0.2	0	0	7	5	3	3	5	8	10	11	12	11	10	8	5	5	8	12	14	18	20	19	20	20	16	15	20	20	25	35	47	56	60	96	98	90	131	157	147	149	257	238	227	338	374	328	351	530	458	386	654	684	633	696	999	873	688	1000	847	618	522	547	415	222	257	196	111	99	87	53	35	42	35	23	32	36	33	30	32	28	21	17	12	7	8	11	13
64	170	2	2	119	0	1953125	12	0.0	0	0.39	0	0	V0.2	0	0	3	5	7	9	10	10	9	7	5	2	0	3	7	8	11	13	12	11	11	9	8	7	4	5	8	7	12	25	36	45	52	88	90	81	124	149	138	142	251	230	221	334	368	322	347	525	453	382	651	682	633	694	1000	875	687	997	849	623	517	550	421	224	255	196	110	89	78	45	20	28	21	11	17	19	18	18	21	19	15	15	12	8	6	2	0
64	170	2	2	119	0	1953125	12	0.0	0	0.40	0	0	V0.2	0	0	7	5	2	2	6	9	11	13	13	12	10	8	4	4	8	13	15	19	21	21	21	20	15	14	19	19	25	36	48	58	62	97	99	90	130	157	147	149	258	240	230	339	376	330	350	529	460	386	652	686	638	695	1000	879	688	997	848	620	518	545	416	221	255	196	111	100	88	55	36	43	35	24	32	34	33	30	32	28	21	18	14	8	8	11	13
64	170	2	2	119	0	1953125	12	0.0	0	0.39	0	0	V0.2	0	0	3	6	8	10	10	11	9	8	5	2	0	3	7	9	12	14	13	12	12	9	8	7	4	5	7	6	12	24	36	45	52	88	89	80	124	147	136	140	250	230	219	335	368	321	345	523	452	375	648	679	627	690	999	875	679	1000	848	617	517	548	420	220	254	196	110	90	79	46	22	30	22	10	16	21	19	17	20	18	15	15	11	8	6	2	0
64	170	2	2	119	0	1953125	12	0.0	0	0.40	0	0	V0.2	0	0	7	5	2	3	6	9	11	12	13	12	10	7	4	4	9	13	15	19	21	20	21	19	15	13	19	19	25	35	48	57	61	96	98	89	130	156	146	148	257	239	227	339	374	329	349	528	459	383	652	684	631	693	998	874	683	1000	846	616	520	545	414	219	254	196	110	99	87	54	36	43	35	23	32	34	32	29	32	27	20	17	13	8	8	11	13
64	170	2	2	119	0	1953125	12	0.0	0	0.39	0	0	V0.2	0	0	3	4	6	8	9	9	9	7	6	3	1	2	5	7	10	12	12	11	12	9	8	7	4	5	9	7	12	24	34	44	51	87	89	81	125	148	136	141	248	227	216	333	366	320	345	522	451	375	648	676	622	691	995	869	682	1000	844	617	519	547	419	223	255	196	109	90	78	44	21	28	22	11	16	21	20	19	22	19	16	16	11	8	6	2	1
64	170	2	2	119	0	1953125	12	0.0	0	0.40	0	0	V0.2	0	0	7	5	2	3	5	8	10	12	12	12	11	8	5	5	8	11	14	18	20	20	21	20	15	15	20	19	25	35	47	56	60	96	99	90	130	157	146	147	256	237	226	338	373	328	349	528	458	380	651	681	628	691	997	870	681	1000	841	611	518	542	413	219	256	196	110	100	88	54	35	43	35	23	32	34	33	31	32	28	21	18	13	8	8	12	14
64	170	1	2	119	0	1953125	12	0.0	0	0.39	0	0	V0.2	0	0	3	5	7	9	10	10	9	7	5	2	0	3	6	8	11	13	12	11	12	9	8	7	3	5	9	6	12	24	35	45	52	88	89	80	124	148	136	140	250	228	218	334	367	320	344	524	452	372	649	678	624	688	998	869	675	999	843	613	516	546	418	220	254	196	109	90	79	45	21	29	22	9	16	21	19	18	21	18	15	15	12	8	6	2	0
64	170	1	2	119	0	1953125	12	0.0	0	0.39	0	0	V0.2	0	0	3	6	8	9	10	10	9	7	5	2	0	3	7	9	11	13	12	12	12	9	8	7	4	5	7	6	12	25	36	45	52	87	89	80	123	146	135	139	248	228	216	333	365	318	344	520	450	371	647	676	620	690	994	867	676	1000	844	612	520	544	417	220	253	195	109	90	79	46	22	30	22	10	16	20	17	17	20	17	15	15	11	8	6	3	0
64	170	1	2	119	0	1953125	12	0.0	0	0.40	0	0	V0.2	0	0	7	4	2	3	6	9	11	12	13	12	10	8	4	4	8	13	15	19	20	20	21	19	15	13	19	19	24	35	48	57	61	96	98	89	130	156	145	148	256	238	227	339	374	328	352	527	458	384	652	681	628	698	994	871	689	1000	842	612	524	540	412	221	253	196	110	100	88	55	36	43	35	23	30	35	31	30	31	28	21	18	14	8	8	11	13
64	170	1	2	119	0	1953125	12	0.0	0	0.39	0	0	V0.2	0	0	3	6	8	10	10	10	9	8	5	2	0	3	7	9	12	14	13	12	12	9	9	7	4	5	8	6	12	25	36	46	53	89	90	81	125	148	136	141	250	229	220	336	369	322	347	524	452	375	649	679	626	692	998	873	680	1000	845	612	517	543	418	220	254	196	109	91	78	45	22	29	21	9	17	20	17	17	20	18	15	15	12	8	6	2	0
64	170	1	2	119	0	1953125	12	0.0	0	0.40	0	0	V0.2	0	0	7	5	2	2	5	8	11	12	13	12	11	8	4	3	7	12	14	19	21	21	21	20	15	14	19	19	25	36	48	58	63	98	99	91	131	157	146	148	257	238	228	340	376	330	353	529	460	382	651	682	629	694	997	874	684	1000	843	607	519	537	411	218	253	196	109	101	88	55	37	43	34	23	30	35	32	30	32	28	21	18	13	8	8	11	14
64	170	1	2	119	0	1953125	12	0.0	0	0.39	0	0	V0.2	0	0	6	8	9	10	10	9	7	5	3	1	3	6	9	10	12	13	11	10	10	7	6	4	2	3	7	8	14	27	38	46	53	86	87	78	121	146	136	142	251	229	218	334	364	316	344	521	451	373	650	676	617	690	992	864	673	1000	845	607	521	540	412	217	250	194	109	91	81	48	25	31	22	7	15	17	14	15	18	17	14	15	12	9	8	5	3
64	170	1	2	119	0	1953125	12	0.0	0	0.40	0	0	V0.2	0	0	5	3	3	4	7	9	10	11	11	10	8	6	5	6	9	13	14	18	19	19	19	18	14	13	20	21	27	38	48	56	61	94	96	88	129	156	148	151	257	238	227	337	372	326	350	526	460	386	653	683	626	698	992	866	688	1000	846	613	528	541	411	221	253	195	111	100	88	55	37	43	34	22	30	32	30	28	31	28	22	18	14	9	7	9	11
64	170	1	2	119	0	1953125	12	0.0	0	0.39	0	0	V0.2	0	0	5	6	8	9	9	9	8	5	3	1	2	4	8	9	11	13	11	10	10	7	7	5	2	3	8	8	14	26	37	45	53	86	88	80	123	148	138	144	251	231	220	333	366	319	346	523	454	381	652	681	626	695	994	867	686	1000	848	619	524	546	418	223	253	196	111	91	80	47	23	30	22	9	16	19	16	16	20	18	14	15	12	9	7	4	1
64	170	1	2	119	0	1953125	12	0.0	0	0.39	0	0	V0.2	0	0	3	5	7	8	9	9	8	7	5	2	0	3	6	8	10	12	11	10	11	9	8	7	4	5	9	7	12	25	35	45	53	88	89	82	125	148	137	142	249	228	219	334	367	320	348	523	452	378	650	677	622	695	995	867	685	1000	845	614	522	544	417	223	253	195	109	90	78	44	21	28	22	9	16	21	18	17	21	18	16	15	12	9	7	3	0
64	170	1	2	119	0	1953125	12	0.0	0	0.39	0	0	V0.2	0	0	4	6	8	9	9	9	8	6	4	1	1	4	8	9	11	13	11	10	10	8	7	5	2	4	8	7	13	26	36	45	52	86	88	80	123	148	137	142	250	229	219	333	366	319	345	523	453	377	650	678	622	692	993	868	681	1000	847	614	522	545	417	221	252	196	110	91	80	47	23	30	22	9	15	19	16	16	20	18	15	15	12	9	7	4	1
64	170	1	2	119	0	1953125	12	0.0	0	0.40	0	0	V0.2	0	0	5	3	3	4	7	9	10	11	12	10	8	7	5	6	10	13	15	19	19	19	19	18	14	14	20	21	26	37	48	56	61	94	97	88	129	156	147	149	256	238	225	337	371	326	349	527	459	382	651	680	622	692	991	866	682	1000	844	610	525	540	409	219	252	195	111	101	89	56	38	44	35	22	31	33	30	28	31	28	21	19	15	9	8	9	12
64	170	1	2	119	0	1953125	12	0.0	0	0.39	0	0	V0.2	0	0	5	6	8	9	9	9	8	6	4	1	1	4	7	9	11	12	11	10	10	8	7	6	2	4	8	7	13	26	36	45	52	86	88	80	123	147	137	142	249	229	217	333	365	318	346	522	452	375	648	675	617	691	991	864	681	1000	845	611	522	542	414	220	251	196	110	91	80	47	24	30	21	9	15	19	17	16	19	18	15	15	12	9	7	4	1
64	170	1	2	119	0	1953125	12	0.0	0	0.40	0	0	V0.2	0	0	7	5	4	3	5	7	9	11	12	11	10	9	6	5	8	11	13	17	19	20	20	20	16	15	20	20	24	35	46	55	60	95	98	90	131	156	146	148	255	236	224	337	373	328	352	528	458	381	649	677	621	694	993	868	685	1000	841	606	523	539	411	221	254	195	110	100	87	53	35	42	34	21	31	35	32	31	33	28	21	18	12	7	8	11	14
64	170	1	2	119	0	1953125	12	0.0	0	0.39	0	0	V0.2	0	0	4	6	8	9	10	10	9	7	5	2	0	3	7	8	11	13	12	11	11	8	8	7	3	5	8	7	12	25	36	45	52	87	89	80	124	147	136	141	250	228	217	335	367	318	347	523	450	374	650	675	618	692	994	865	679	1000	843	609	521	544	416	220	253	195	108	90	79	45	22	29	21	9	17	19	17	16	20	18	15	15	11	8	6	3	1
64	170	1	2	119	0	1953125	12	0.0	0	0.40	0	0	V0.2	0	0	7	4	2	3	6	9	11	12	13	12	10	8	4	5	9	13	15	19	21	20	20	19	14	13	19	19	24	36	47	56	61	95	97	88	129	155	144	148	256	236	224	339	371	323	351	526	455	379	654	678	619	697	992	862	679	999	839	603	525	542	409	219	254	194	108	99	87	53	36	43	34	23	31	34	31	29	31	27	20	17	13	9	7	10	13
64	170	1	2	119	0	1953125	12	0.0	0	0.39	0	0	V0.2	0	0	6	8	9	9	9	8	6	4	2	1	3	6	9	10	12	13	11	10	9	6	6	4	1	2	7	9	15	28	38	46	53	85	86	77	122	147	137	144	252	230	218	334	361	314	345	520	450	379	655	677	619	698	988	858	682	1000	843	615	527	546	414	221	252	194	109	91	80	47	24	31	22	9	16	19	15	15	18	17	14	15	12	9	8	4	2
64	170	1	2	119	0	1953125	12	0.0	0	0.40	0	0	V0.2	0	0	6	4	2	3	6	9	11	12	12	11	9	7	4	5	9	13	15	19	20	20	20	19	14	13	20	20	26	36	48	57	62	96	98	89	130	156	147	151	258	239	228	341	372	327	353	527	458	387	656	681	629	703	991	866	692	1000	840	614	527	541	412	222	255	195	110	101	88	55	37	43	35	24	30	35	31	30	32	28	21	18	13	9	8	11	13
64	170	1	2	119	0	1953125	12	0.0	0	0.39	0	0	V0.2	0	0	6	8	9	10	10	10	7	5	2	1	3	6	9	10	12	13	11	11	10	7	7	4	2	3	6	8	14	28	38	47	54	87	87	77	122	146	135	144	253	230	219	337	363	315	346	520	448	375	655	674	619	696	988	859	677	1000	838	608	523	541	412	217	252	194	109	91	80	47	25	31	22	8	15	17	15	15	18	16	15	14	12	9	8	5	3
64	170	1	2	119	0	1953125	12	0.0	0	0.40	0	0	V0.2	0	0	9	7	5	2	3	6	9	11	13	13	12	10	7	5	6	10	12	17	20	21	22	21	17	16	20	18	23	33	45	55	60	97	100	91	134	157	144	147	255	234	224	341	373	327	355	528	454	378	653	676	620	700	993	863	680	1000	831	597	522	539	410	221	256	194	107	100	84	50	34	40	33	23	33	36	34	32	33	28	21	16	11	7	8	12	15
64	170	1	2	119	0	1953125	12	0.0	0	0.39	0	0	V0.2	0	0	5	6	8	9	9	9	7	5	3	1	1	4	8	9	11	13	11	10	10	7	7	5	2	3	8	7	13	27	37	45	52	86	86	78	123	146	135	143	250	227	216	335	361	313	346	519	447	373	653	673	613	696	987	856	673	1000	835	603	525	542	412	219	252	194	107	91	79	46	24	30	21	9	15	19	16	17	20	18	15	15	12	9	7	4	2
64	170	1	2	119	0	1953125	12	0.0	0	0.40	0	0	V0.2	0	0	4	2	3	6	8	10	11	12	11	9	7	5	5	7	11	14	16	19	19	18	18	16	12	12	20	22	28	38	49	57	61	93	94	85	128	154	145	152	258	237	224	338	366	320	350	522	455	383	656	677	617	700	984	855	682	999	836	606	530	537	405	217	252	193	109	101	89	56	39	46	35	22	29	31	28	27	30	27	22	19	16	11	8	8	9
64	170	1	2	119	0	1953125	12	0.0	0	0.39	0	0	V0.2	0	0	6	7	9	9	9	8	6	4	2	2	4	6	9	9	11	12	10	9	9	6	6	4	0	2	8	9	15	29	38	45	53	85	85	76	121	146	136	146	251	227	217	334	358	311	346	517	447	377	654	671	611	697	982	851	679	1000	837	608	528	540	409	218	250	193	109	92	81	48	26	32	21	7	15	16	14	14	18	17	14	15	13	10	9	6	3
64	170	1	2	119	0	1953125	12	0.0	0	0.40	0	0	V0.2	0	0	6	4	2	4	6	8	11	12	12	11	9	7	4	5	9	13	14	18	20	19	20	18	14	14	20	20	26	37	48	56	62	95	97	88	131	156	145	152	258	237	228	340	370	323	355	524	455	387	657	678	623	705	987	859	690	1000	836	608	530	539	408	221	254	194	109	101	88	55	38	44	35	23	30	34	31	30	31	28	22	18	14	9	8	10	12
64	170	1	2	119	0	1953125	12	0.0	0	0.40	0	0	V0.2	0	0	7	6	4	3	4	7	9	11	12	11	11	9	6	5	7	11	13	17	19	20	21	20	16	15	21	19	24	35	45	54	60	94	98	89	132	155	143	150	253	233	224	339	368	324	357	523	452	383	654	672	616	705	986	857	689	1000	831	601	531	539	408	223	255	194	108	100	86	52	36	42	33	23	32	35	33	31	33	28	21	17	12	7	7	11	15
64	170	1	2	119	0	1953125	12	0.0	0	0.39	0	0	V0.2	0	0	3	5	7	8	9	9	9	7	5	3	1	3	6	8	10	12	11	11	11	9	8	7	4	5	8	7	12	25	34	44	52	86	88	80	125	146	134	144	248	225	217	335	361	315	351	519	446	377	652	671	615	702	987	856	683	999	833	604	528	544	413	224	255	194	107	91	77	44	22	28	22	10	19	20	18	18	21	19	16	15	11	8	6	2	0
64	170	1	2	119	0	1953125	12	0.0	0	0.39	0	0	V0.2	0	0	4	6	8	9	9	9	8	6	4	1	1	4	7	9	11	13	11	11	11	8	8	6	3	5	7	6	12	26	36	45	53	86	87	79	124	145	134	144	248	226	217	335	359	313	349	516	445	378	654	671	615	705	985	853	682	1000	833	606	534	546	413	224	254	192	106	89	77	44	22	30	23	10	19	21	17	17	20	17	15	15	11	8	6	3	1
64	170	1	2	119	0	1953125	12	0.0	0	0.39	0	0	V0.2	0	0	4	6	8	10	10	10	8	6	4	1	1	4	7	9	11	13	12	11	11	8	8	6	3	4	7	7	13	26	36	46	53	86	87	79	124	146	136	146	250	229	220	336	361	316	351	517	448	384	656	677	625	709	989	859	691	999	836	615	534	549	416	229	255	194	108	90	78	44	22	29	23	11	17	21	18	18	20	18	15	14	11	8	6	2	0
64	170	1	2	119	0	1953125	12	0.0	0	0.40	0	0	V0.2	0	0	7	4	2	3	6	9	11	13	13	12	10	7	4	5	9	13	15	19	21	20	21	19	15	13	19	19	26	37	49	58	63	96	97	89	130	155	146	153	258	240	231	342	370	326	355	523	456	393	659	684	635	711	992	865	696	999	836	615	534	546	413	228	257	194	110	100	87	54	36	43	36	24	33	35	32	31	31	27	21	17	13	9	9	11	14
64	170	1	2	119	0	1953125	12	0.0	0	0.39	0	0	V0.2	0	0	5	6	8	9	9	9	7	5	4	1	2	5	8	9	11	13	11	11	10	7	7	5	2	3	7	7	14	27	37	46	53	86	87	78	123	146	137	146	251	230	220	336	362	316	349	519	449	383	656	676	625	703	989	861	685	1000	834	612	527	544	413	224	254	194	110	91	79	46	24	30	21	8	15	19	16	17	20	18	15	15	12	9	7	3	1
64	170	1	2	119	0	1953125	12	0.0	0	0.40	0	0	V0.2	0	0	5	2	3	5	8	10	11	12	12	10	8	6	4	7	11	14	16	19	20	19	19	17	12	12	19	21	27	38	49	57	61	94	95	86	129	155	146	154	260	239	228	341	368	322	353	525	454	389	660	678	629	704	989	862	685	1000	833	607	527	539	407	220	255	194	111	100	88	55	39	44	34	22	30	32	29	29	31	27	22	19	14	9	8	8	10
64	170	1	2	119	0	1953125	12	0.0	0	0.40	0	0	V0.2	0	0	4	2	3	6	8	10	11	12	12	9	7	5	4	7	11	15	16	19	19	18	18	16	12	12	19	21	27	38	49	57	61	93	94	85	127	154	146	152	259	238	225	340	365	319	351	522	455	384	660	679	624	704	986	861	679	1000	836	604	530	539	408	219	254	194	110	102	88	56	38	45	35	21	30	32	30	28	31	28	22	19	15	10	8	8	10
64	170	1	2	119	0	1953125	12	0.0	0	0.39	0	0	V0.2	0	0	4	6	8	10	10	10	9	7	5	2	0	3	7	9	12	13	12	12	12	9	9	7	3	5	7	6	12	25	35	46	53	87	88	79	124	145	134	143	249	228	218	337	363	316	352	518	447	378	655	672	621	706	987	862	685	1000	834	608	528	543	415	223	255	194	108	91	78	45	22	29	22	10	18	21	18	18	21	18	15	15	11	7	6	2	0
64	170	1	2	119	0	1953125	12	0.0	0	0.40	0	0	V0.2	0	0	9	7	4	2	3	6	9	11	13	13	12	10	7	5	6	9	12	17	20	21	23	22	18	17	21	19	23	34	45	56	61	97	100	92	135	157	145	150	255	236	228	343	374	330	360	528	455	387	655	675	629	707	991	872	693	1000	832	604	525	538	413	225	257	196	110	101	85	51	34	40	34	24	33	37	35	33	34	29	21	16	10	6	9	13	16
64	170	1	2	119	0	1953125	12	0.0	0	0.39	0	0	V0.2	0	0	5	7	9	9	9	9	7	6	3	1	1	5	8	10	11	13	11	11	10	8	7	5	2	4	8	7	13	27	37	46	53	87	88	78	124	147	136	143	252	229	218	337	363	316	348	522	449	375	654	673	622	697	990	868	673	1000	838	604	520	540	414	218	253	195	109	92	79	46	23	30	21	9	14	17	16	16	20	18	15	15	12	9	8	4	2
64	170	1	2	119	0	1953125	12	0.0	0	0.40	0	0	V0.2	0	0	4	2	2	5	8	11	12	13	12	10	8	5	4	6	11	15	16	20	20	19	19	17	12	12	19	20	27	38	49	57	61	95	95	85	128	154	145	150	259	237	224	341	367	320	351	524	454	378	658	674	619	700	985	862	671	999	835	596	526	535	404	214	251	193	109	101	89	55	39	45	34	21	28	31	28	27	30	27	22	20	15	10	8	9	10
64	170	1	2	119	0	1953125	12	0.0	0	0.39	0	0	V0.2	0	0	4	6	8	9	9	9	8	6	4	1	2	4	8	9	11	13	11	11	10	7	7	5	2	4	8	7	13	27	36	45	52	86	87	78	123	145	133	143	249	225	213	336	360	312	350	520	446	370	655	667	609	699	984	859	670	1000	835	595	526	539	409	216	252	193	107	92	79	46	25	30	20	7	14	18	16	16	19	17	15	15	12	9	8	4	2
64	170	1	2	119	0	1953125	12	0.0	0	0.40	0	0	V0.2	0	0	6	4	2	4	6	8	10	12	12	11	10	7	5	5	9	13	14	19	19	19	20	18	14	13	19	19	25	36	47	55	60	94	95	86	130	153	142	149	254	232	220	339	364	319	354	521	451	377	655	668	611	703	980	857	676	1000	832	593	531	536	404	217	253	192	107	101	87	54	37	43	34	22	30	33	30	29	31	27	21	18	14	9	8	10	12
64	170	1	2	119	0	1953125	12	0.0	0	0.39	0	0	V0.2	0	0	3	6	8	9	10	10	9	7	5	2	0	3	6	9	11	13	12	12	12	9	9	7	4	5	8	6	12	25	35	44	52	86	88	79	124	144	132	142	246	224	216	335	360	315	351	517	445	370	651	665	610	701	983	859	675	999	832	595	526	537	411	219	253	193	106	92	77	44	23	29	21	8	17	19	16	17	20	18	15	15	11	8	6	3	1
64	170	1	2	119	0	1953125	12	0.0	0	0.40	0	0	V0.2	0	0	6	5	3	3	6	8	10	12	12	11	10	8	5	5	8	12	14	19	20	19	20	18	15	14	19	19	25	36	47	55	60	94	96	86	130	153	142	147	252	232	220	339	365	320	353	521	451	373	653	668	607	700	979	853	671	999	827	588	529	531	403	216	252	193	107	101	87	54	38	43	34	21	30	33	30	29	31	27	21	18	13	8	7	10	12
64	170	1	2	119	0	1953125	12	0.0	0	0.39	0	0	V0.2	0	0	4	6	8	9	9	9	8	6	4	1	1	4	7	8	11	12	11	11	11	8	7	6	3	4	7	7	12	25	35	44	52	85	86	78	123	144	132	143	246	223	213	335	357	310	351	514	443	369	651	663	603	701	977	849	673	1000	827	593	530	535	407	218	251	192	106	92	79	45	24	30	20	8	16	19	16	16	19	18	14	15	12	8	7	3	1
64	170	1	2	119	0	1953125	12	0.0	0	0.40	0	0	V0.2	0	0	8	7	4	2	3	6	9	11	12	12	12	10	7	5	6	10	12	17	19	20	21	21	17	16	21	19	23	33	44	54	59	95	98	90	132	155	142	148	252	232	221	340	368	323	357	523	451	375	653	669	614	702	986	860	675	1000	827	588	527	534	407	219	256	194	107	100	85	51	34	41	32	22	32	35	34	32	33	28	21	16	10	6	8	12	15
64	170	1	2	119	0	1953125	12	0.0	0	0.39	0	0	V0.2	0	0	4	6	8	9	9	9	8	5	3	1	2	4	7	9	11	13	11	10	10	7	7	6	2	4	7	7	13	26	35	44	52	85	85	76	123	143	133	142	246	224	211	334	355	308	348	513	441	367	652	663	601	700	978	848	665	1000	827	588	530	534	405	216	252	192	106	92	79	45	24	30	20	8	15	18	15	16	20	18	15	15	12	9	7	4	2
64	170	1	2	119	0	1953125	12	0.0	0	0.40	0	0	V0.2	0	0	5	3	2	4	7	9	10	12	11	10	9	6	4	6	10	13	15	19	19	19	19	18	14	13	20	20	26	38	48	56	62	94	95	86	130	153	144	153	255	235	223	341	365	319	358	521	450	383	659	670	613	713	977	854	687	1000	829	595	535	531	401	218	252	193	108	102	88	55	39	44	35	21	31	32	29	28	31	28	22	19	15	10	8	9	12
64	170	1	2	119	0	1953125	12	0.0	0	0.39	0	0	V0.2	0	0	5	7	9	9	9	9	8	6	4	1	1	4	8	9	11	13	11	11	11	8	7	5	3	4	8	7	13	27	36	45	53	87	88	78	125	146	135	145	250	227	216	338	362	313	353	520	445	372	657	667	612	705	982	860	675	999	833	594	526	534	410	217	252	195	107	93	79	45	25	29	20	8	15	18	15	16	19	18	15	16	12	9	8	4	2
64	170	1	2	119	0	1953125	12	0.0	0	0.40	0	0	V0.2	0	0	9	7	5	2	3	6	8	11	12	12	12	10	6	5	6	10	12	17	19	20	22	21	17	16	21	18	22	33	44	53	59	95	98	89	133	154	141	147	251	229	218	341	367	320	359	524	447	370	654	662	605	704	981	858	670	999	825	578	528	530	404	216	255	194	105	101	85	50	36	40	32	21	32	35	33	32	33	28	21	17	10	6	7	12	15
64	170	1	2	119	0	1953125	12	0.0	0	0.39	0	0	V0.2	0	0	6	7	9	9	10	9	7	5	3	1	3	6	9	10	12	13	11	10	9	6	6	4	2	3	7	8	14	28	36	45	53	84	85	75	122	143	132	144	248	223	211	336	355	306	350	515	440	367	657	661	598	706	974	846	667	1000	830	587	534	535	404	214	249	191	104	92	80	46	26	31	22	8	16	17	14	14	18	16	14	15	12	9	8	5	3
64	170	1	2	119	0	1953125	12	0.0	0	0.39	0	0	V0.2	0	0	6	8	9	10	9	9	7	4	2	1	3	6	9	10	12	13	11	10	9	7	6	4	2	3	7	8	14	28	37	45	53	84	85	75	122	143	133	145	249	225	213	337	355	307	350	513	441	370	658	663	600	709	972	842	672	1000	828	592	536	536	405	216	249	191	103	91	79	45	25	31	22	7	15	17	14	15	17	16	14	14	12	9	8	5	3
64	170	1	2	119	0	1953125	12	0.0	0	0.40	0	0	V0.2	0	0	5	4	3	4	7	9	10	11	12	10	9	6	4	6	9	13	15	19	19	18	19	18	13	13	20	20	26	37	48	56	61	94	95	86	130	153	143	153	256	233	223	342	364	317	357	520	449	382	662	669	612	713	977	848	682	999	826	593	537	535	403	219	253	192	106	101	87	53	38	43	34	23	32	33	30	29	31	28	21	18	14	9	8	10	12
64	170	1	2	119	0	1953125	12	0.0	0	0.39	0	0	V0.2	0	0	6	8	9	10	10	9	6	4	2	1	3	6	9	10	12	13	11	10	9	6	6	3	1	3	6	9	15	29	38	46	54	85	85	76	122	144	135	147	252	227	217	339	356	308	350	515	443	376	663	670	614	711	980	850	673	1000	831	597	535	540	408	219	252	192	106	92	79	46	25	31	22	7	16	17	14	15	18	16	14	15	12	9	8	5	3
64	170	1	2	119	0	1953125	12	0.0	0	0.39	0	0	V0.2	0	0	1	3	5	7	9	10	9	7	6	3	1	1	5	6	9	12	11	11	12	9	9	8	5	7	9	7	11	24	33	43	52	87	89	81	127	146	134	144	248	224	215	338	359	314	354	518	443	373	657	668	615	710	985	858	674	1000	827	596	529	543	414	223	257	194	104	90	74	40	20	26	21	11	19	23	21	20	23	19	17	16	11	8	5	1	1
64	170	1	2	119	0	1953125	12	0.0	0	0.39	0	0	V0.2	0	0	6	8	9	10	9	9	7	4	2	1	3	6	9	10	12	13	11	10	9	6	6	4	1	2	7	8	15	28	37	46	53	85	84	76	122	144	136	146	251	228	216	337	355	309	348	515	444	375	661	669	613	709	978	850	672	1000	830	600	534	541	409	218	252	192	106	92	80	46	25	31	21	8	16	17	15	15	18	16	14	15	12	9	8	5	2
64	170	1	2	119	0	1953125	12	0.0	0	0.39	0	0	V0.2	0	0	1	3	6	8	9	10	9	8	7	4	2	1	5	7	9	12	11	11	12	9	9	8	5	7	10	7	10	24	33	44	52	87	90	82	128	146	135	144	247	225	216	338	362	316	355	520	444	373	658	666	617	710	986	859	677	1000	827	598	529	545	416	223	257	193	104	90	74	41	19	26	21	11	19	23	20	21	23	20	17	15	11	8	5	1	2
64	170	1	2	119	0	1953125	12	0.0	0	0.39	0	0	V0.2	0	0	5	6	8	9	9	9	8	6	4	1	2	4	8	9	11	13	11	11	10	7	7	5	2	4	7	7	13	26	36	45	53	86	86	78	124	145	135	145	250	226	215	337	357	312	349	517	444	372	659	668	614	708	981	854	671	999	829	599	531	542	413	220	254	193	105	91	78	44	23	29	21	9	16	20	17	17	20	18	15	15	11	8	7	3	1
64	170	1	2	119	0	1953125	12	0.0	0	0.39	0	0	V0.2	0	0	4	6	8	9	9	9	7	6	3	1	2	4	8	9	11	13	11	11	10	8	7	5	2	3	7	7	14	27	36	45	53	86	87	79	124	146	137	146	251	229	219	337	359	314	349	517	447	379	659	674	624	707	985	859	677	1000	833	606	531	543	414	223	255	194	108	91	78	45	23	30	21	9	17	19	17	17	20	18	15	15	12	9	7	3	1
64	170	1	2	119	0	1953125	12	0.0	0	0.40	0	0	V0.2	0	0	6	4	2	3	6	9	11	13	12	11	10	7	4	5	9	13	15	19	21	20	20	19	14	13	19	19	25	36	48	57	61	95	97	88	131	154	146	151	257	237	226	341	368	323	353	523	452	382	660	676	625	708	988	861	677	1000	831	601	529	539	408	219	256	194	107	101	86	52	36	42	34	23	32	34	31	29	31	27	20	17	13	8	8	10	13
64	170	1	2	119	0	1953125	12	0.0	0	0.39	0	0	V0.2	0	0	5	8	9	9	9	9	7	5	3	1	3	5	9	9	11	13	11	10	9	6	6	4	1	2	7	8	14	28	37	45	52	85	85	76	123	144	136	145	250	226	214	335	356	309	346	517	443	371	658	667	610	701	980	848	665	1000	830	597	530	541	408	216	252	192	106	92	79	45	24	31	21	8	17	19	16	15	19	17	15	15	12	9	7	4	2
64	170	1	2	119	0	1953125	12	0.0	0	0.39	0	0	V0.2	0	0	5	6	8	8	8	8	7	4	2	1	3	5	7	9	10	12	10	9	9	6	7	5	2	3	8	8	14	28	37	45	53	85	86	78	123	145	136	146	250	226	216	334	356	310	348	516	444	375	658	668	611	705	979	848	675	1000	831	604	533	543	410	220	253	191	105	91	78	45	23	29	22	9	16	18	16	16	19	17	15	15	12	9	8	5	2
64	170	1	2	119	0	1953125	12	0.0	0	0.39	0	0	V0.2	0	0	4	6	8	9	9	9	8	6	4	1	1	4	7	9	11	12	11	10	10	8	7	6	2	3	8	8	13	27	36	45	53	86	86	78	124	146	136	146	250	227	217	337	358	313	348	517	445	377	658	672	615	706	983	848	676	1000	829	604	533	545	411	222	254	193	105	91	77	44	23	29	22	10	18	19	17	17	20	18	15	15	11	8	6	3	1
64	170	1	2	119	0	1953125	12	0.0	0	0.39	0	0	V0.2	0	0	4	6	8	9	9	10	8	6	4	1	1	4	7	9	11	13	11	11	11	8	8	6	3	5	7	7	13	26	36	45	54	87	87	80	125	146	136	146	251	228	219	338	360	313	352	517	444	379	660	674	619	710	986	851	678	1000	830	602	533	545	411	224	255	192	105	90	76	43	22	29	22	10	17	21	17	18	21	18	15	15	11	8	6	2	0
64	170	1	2	119	0	1953125	12	0.0	0	0.39	0	0	V0.2	0	0	4	6	8	9	9	9	8	6	4	1	1	4	8	9	11	13	12	11	11	8	7	5	2	4	7	7	13	27	36	45	53	86	87	79	124	146	137	146	251	228	218	336	359	312	349	518	444	377	659	674	619	707	987	851	674	1000	830	602	530	546	412	222	255	193	106	91	78	43	22	29	21	10	18	20	18	18	20	18	15	15	11	8	6	3	0
64	170	1	2	119	0	1953125	12	0.0	0	0.39	0	0	V0.2	0	0	5	7	8	9	9	8	6	4	2	1	3	5	8	9	11	12	10	10	9	6	7	4	2	3	7	8	15	28	38	46	53	86	85	77	123	145	137	147	250	228	216	335	357	311	348	517	445	377	658	673	613	706	983	846	676	1000	831	602	533	545	408	221	253	192	107	91	79	45	24	30	22	9	16	18	16	15	19	17	15	15	12	9	8	4	2
64	170	1	2	119	0	1953125	12	0.0	0	0.39	0	0	V0.2	0	0	7	8	9	10	10	9	7	4	2	1	4	6	10	10	13	13	11	11	9	6	6	3	1	2	6	8	15	29	38	46	54	85	85	77	122	145	137	148	252	229	221	336	359	312	348	516	445	383	659	675	620	708	984	848	684	1000	833	611	534	544	411	222	253	193	107	91	80	46	24	31	22	9	16	18	15	15	17	17	14	14	12	9	8	5	3
64	170	1	2	119	0	1953125	12	0.0	0	0.39	0	0	V0.2	0	0	4	6	8	9	8	9	7	5	3	1	2	4	8	9	11	12	11	11	10	7	7	5	3	4	7	7	14	27	37	46	54	87	87	79	124	146	137	147	252	229	220	336	361	314	350	518	446	380	657	677	623	705	990	854	678	1000	832	603	529	544	412	224	255	194	108	90	78	43	22	28	21	9	16	19	16	17	20	18	15	15	12	9	7	3	1
64	170	1	2	119	0	1953125	12	0.0	0	0.39	0	0	V0.2	0	0	4	6	8	10	10	10	8	6	4	1	1	4	7	9	12	13	12	11	11	8	8	6	3	4	7	6	13	26	36	46	54	88	88	80	125	147	137	146	252	229	221	338	364	315	352	521	445	380	659	676	624	708	993	857	681	1000	831	603	527	544	413	223	255	195	107	91	77	43	22	28	21	9	17	20	17	18	20	18	15	15	11	8	6	3	0
64	170	1	2	119	0	1953125	12	0.0	0	0.39	0	0	V0.2	0	0	4	6	8	9	9	9	8	6	4	1	1	4	7	9	11	13	12	11	11	8	8	6	3	4	7	7	13	26	37	46	54	88	88	80	125	147	137	145	252	229	219	337	363	316	350	522	448	378	657	678	623	704	995	860	676	1000	836	603	527	548	413	223	256	194	108	91	78	44	22	29	22	10	18	21	17	18	20	18	15	16	12	8	6	3	1
64	170	1	2	119	0	1953125	12	0.0	0	0.39	0	0	V0.2	0	0	3	6	8	9	10	10	8	7	4	1	1	4	7	9	12	13	12	12	11	9	9	7	4	5	8	7	13	26	38	47	55	89	90	83	126	149	139	149	253	233	228	339	369	323	355	522	451	391	655	685	639	711	999	867	700	994	838	616	526	547	417	232	256	196	111	90	77	44	21	27	20	10	17	20	18	17	21	18	16	15	11	9	6	2	0
64	170	1	2	119	0	1953125	12	0.0	0	0.39	0	0	V0.2	0	0	4	6	9	10	11	11	10	8	6	2	0	4	8	10	12	14	13	13	13	10	9	8	5	6	7	5	12	25	37	47	55	90	90	83	126	148	139	145	252	233	228	337	370	324	350	521	450	383	647	682	640	698	1000	875	686	988	834	606	511	540	416	227	255	196	111	90	77	43	21	27	20	10	16	20	17	18	21	18	16	15	11	8	5	2	0
64	170	1	2	119	0	1953125	12	0.0	0	0.40	0	0	V0.2	0	0	8	6	4	2	4	7	9	12	12	13	12	9	6	4	6	10	13	18	21	22	22	21	17	16	20	18	24	34	46	56	61	98	101	93	134	159	148	149	256	237	230	339	379	333	355	530	459	381	645	678	635	692	999	880	681	990	833	592	509	532	410	222	256	198	112	101	86	51	34	39	30	20	29	34	33	32	34	29	23	18	12	6	7	12	15
64	170	1	2	119	0	1953125	12	0.0	0	0.39	0	0	V0.2	0	0	3	6	9	10	11	11	10	8	6	2	0	3	7	9	12	14	13	13	13	10	10	8	5	6	9	6	11	24	36	46	54	90	91	83	126	148	137	140	250	229	222	337	371	324	350	526	453	370	645	674	624	689	1000	877	672	996	836	592	509	534	413	220	253	196	111	92	78	44	23	27	19	7	15	19	17	17	21	19	16	16	12	9	7	3	1
64	170	1	2	119	0	1953125	12	0.0	0	0.40	0	0	V0.2	0	0	7	5	2	1	5	8	11	13	13	13	11	8	4	3	7	12	14	19	21	22	23	21	16	14	19	18	24	36	48	58	63	99	100	91	132	156	145	146	257	237	228	342	377	330	353	529	459	373	648	679	622	690	999	873	666	1000	834	584	518	531	405	218	253	195	110	101	88	54	37	43	34	21	30	32	32	29	32	28	22	18	13	8	8	11	14
64	170	1	2	119	0	1953125	12	0.0	0	0.39	0	0	V0.2	0	0	4	6	8	10	10	10	9	7	5	2	0	3	7	9	11	13	12	12	12	9	9	7	4	5	8	6	12	25	36	45	53	88	89	81	124	147	137	140	250	229	218	336	367	318	346	524	452	369	648	678	618	690	1000	867	666	999	838	592	518	539	412	221	254	196	110	92	79	44	22	28	20	9	15	18	17	17	20	18	15	15	12	9	6	3	1
64	170	1	2	119	0	1953125	12	0.0	0	0.40	0	0	V0.2	0	0	7	4	1	2	6	9	11	13	13	12	10	8	4	4	8	12	15	20	21	21	22	20	15	13	19	19	25	35	48	57	63	98	99	91	131	157	148	149	258	241	230	342	377	331	353	530	461	384	651	685	631	698	1000	872	683	995	838	601	521	538	409	223	253	195	111	99	87	53	36	41	34	22	30	34	32	29	32	28	21	17	13	8	8	11	13
64	170	1	2	119	0	1953125	12	0.0	0	0.39	0	0	V0.2	0	0	4	6	9	10	10	10	9	7	5	2	0	3	7	9	11	14	12	12	12	9	8	7	4	5	8	6	12	25	37	46	54	89	90	82	125	148	138	140	252	231	220	337	369	323	346	525	455	371	648	680	624	689	1000	871	669	996	838	599	514	540	414	222	253	196	110	91	78	44	22	27	20	8	15	19	18	17	20	18	16	15	12	8	6	3	0
64	170	1	2	119	0	1953125	12	0.0	0	0.40	0	0	V0.2	0	0	7	5	2	2	6	9	11	13	13	13	11	8	4	3	8	13	15	19	21	21	22	20	15	13	19	18	24	35	48	57	62	98	99	91	131	156	147	147	257	239	229	342	376	329	351	528	460	379	652	684	627	696	1000	868	677	996	837	598	522	538	410	223	253	195	110	99	87	53	35	42	34	22	31	34	31	29	31	27	21	17	12	8	8	11	13
64	170	1	2	119	0	1953125	12	0.0	0	0.39	0	0	V0.2	0	0	4	6	8	9	10	10	9	8	5	2	0	3	7	9	11	14	12	12	12	9	9	7	4	5	7	6	12	25	37	46	53	89	90	82	124	148	138	142	252	232	221	337	368	320	346	523	452	376	649	682	628	694	1000	868	675	993	838	604	517	542	415	225	254	196	110	89	78	44	21	28	22	10	16	20	18	17	21	18	15	15	12	8	6	2	0
64	170	1	2	119	0	1953125	12	0.0	0	0.39	0	0	V0.2	0	0	3	6	8	9	10	10	9	7	5	1	0	4	7	9	11	13	13	12	12	9	9	7	4	5	7	6	12	25	37	46	54	89	90	83	125	148	139	143	252	233	222	337	369	323	347	524	455	379	650	684	631	696	1000	871	679	993	841	609	520	544	417	226	253	196	110	89	77	44	21	28	22	10	17	21	17	18	21	18	15	15	11	8	6	2	0
64	170	1	2	119	0	1953125	12	0.0	0	0.39	0	0	V0.2	0	0	4	6	9	9	10	10	8	7	5	2	0	3	7	9	12	13	12	12	12	9	8	7	4	5	7	6	13	25	37	46	54	88	90	82	124	148	140	143	252	233	223	337	369	323	348	523	456	379	651	685	631	699	1000	870	683	994	841	610	521	545	418	227	254	196	111	90	78	45	21	28	21	10	16	20	18	17	21	19	15	15	11	8	6	3	0
64	170	1	2	119	0	1953125	12	0.0	0	0.40	0	0	V0.2	0	0	9	7	4	2	3	6	9	11	13	13	12	11	7	5	6	10	13	18	20	21	22	22	18	16	20	18	23	33	46	56	61	97	101	94	133	158	149	149	256	239	231	339	379	335	353	528	462	386	646	686	638	694	999	874	687	988	834	605	514	540	414	228	256	197	112	99	84	50	32	38	33	23	32	36	35	32	34	29	21	16	9	5	8	13	16
64	170	1	2	119	0	1953125	12	0.0	0	0.39	0	0	V0.2	0	0	4	6	8	10	10	10	9	7	5	2	0	3	8	9	12	13	12	12	12	10	9	7	4	5	7	6	12	25	37	46	53	88	90	81	123	147	138	140	250	232	221	333	369	321	341	521	452	372	642	682	630	681	1000	870	664	988	838	601	507	540	413	221	253	196	111	90	78	45	21	27	21	9	15	20	18	17	20	18	16	15	12	9	6	2	0
64	170	1	2	119	0	1953125	12	0.0	0	0.40	0	0	V0.2	0	0	5	3	3	5	7	9	11	13	12	10	9	6	4	6	10	14	15	19	20	19	19	18	13	12	19	20	26	37	49	57	60	95	97	89	128	157	149	150	259	242	227	338	375	328	348	528	463	382	650	688	629	690	1000	871	676	999	845	603	523	540	406	219	252	196	113	101	90	56	38	44	35	21	29	32	29	28	31	28	22	20	15	10	7	9	11
64	170	1	2	119	0	1953125	12	0.0	0	0.39	0	0	V0.2	0	0	3	6	8	10	10	10	9	7	6	2	0	3	7	8	11	13	12	12	12	9	8	7	4	5	8	6	12	25	36	45	53	88	90	82	125	148	138	142	249	232	221	334	371	324	348	524	456	378	644	683	625	691	1000	870	684	995	845	608	519	541	412	224	251	195	110	90	79	46	22	28	21	9	16	19	17	17	20	18	15	15	11	8	6	2	0
64	170	1	2	119	0	1953125	12	0.0	0	0.40	0	0	V0.2	0	0	7	5	2	2	5	8	11	12	13	12	11	8	4	3	8	12	14	19	21	21	22	20	16	14	19	19	25	35	48	58	63	98	100	92	130	157	148	149	257	241	232	338	378	332	350	526	464	385	643	688	634	687	1000	874	682	991	843	604	517	537	408	223	252	196	112	99	88	55	37	43	36	24	31	34	32	30	32	28	21	18	13	9	8	11	13
64	170	1	2	119	0	1953125	12	0.0	0	0.39	0	0	V0.2	0	0	3	6	8	10	10	11	10	8	6	3	0	3	7	9	11	13	13	12	12	10	9	8	4	6	8	6	11	24	36	45	53	88	90	83	123	148	138	140	248	232	220	331	371	324	344	521	456	374	636	683	627	681	1000	874	675	990	843	604	512	538	412	223	250	196	112	90	79	46	22	29	21	10	16	19	18	17	21	18	15	15	12	8	6	2	0
64	170	1	2	119	0	1953125	12	0.0	0	0.40	0	0	V0.2	0	0	6	4	2	3	7	9	11	12	12	11	10	7	4	5	9	13	15	19	20	20	20	19	14	13	19	20	25	36	48	57	62	96	98	91	129	156	149	149	256	241	229	335	377	331	349	527	463	385	643	687	632	688	1000	874	687	992	846	607	519	537	408	223	251	196	115	100	89	56	37	43	34	23	29	33	30	29	31	28	22	19	14	9	7	10	12
64	170	1	2	119	0	1953125	12	0.0	0	0.39	0	0	V0.2	0	0	4	6	8	9	9	9	8	6	4	1	1	4	8	9	11	13	11	11	11	8	7	6	3	3	8	7	13	25	37	46	52	87	89	82	122	148	141	142	249	234	223	329	371	325	343	523	460	381	639	687	632	683	999	876	686	989	850	616	513	541	414	226	250	197	115	91	81	48	23	29	22	9	14	18	16	16	19	18	15	16	12	10	7	4	2
64	170	1	2	119	0	1953125	12	0.0	0	0.40	0	0	V0.2	0	0	7	4	2	3	6	9	11	12	13	12	10	8	4	5	9	13	15	19	20	20	21	19	15	14	19	19	25	35	48	57	62	96	99	92	129	157	151	149	255	243	232	335	379	336	349	525	469	390	638	692	639	685	1000	881	692	989	849	615	517	537	410	227	251	197	116	99	89	57	37	43	35	24	30	34	31	29	32	28	22	19	14	9	8	10	12
64	170	1	2	119	0	1953125	12	0.0	0	0.39	0	0	V0.2	0	0	3	6	8	9	10	10	9	7	5	2	1	3	7	8	11	13	12	11	12	9	8	7	4	5	8	7	12	24	35	44	52	86	89	83	122	147	141	141	246	234	222	327	372	327	344	520	461	381	634	686	632	681	999	879	690	989	852	617	514	538	414	227	250	197	116	90	80	48	23	29	22	9	15	18	17	16	20	18	15	15	12	9	7	4	1
64	170	1	2	119	0	1953125	12	0.0	0	0.40	0	0	V0.2	0	0	7	5	2	2	5	8	10	12	13	12	11	8	5	4	7	12	14	19	21	21	22	20	16	15	20	20	25	35	48	57	62	96	100	94	129	157	151	150	253	244	233	333	381	338	351	527	470	393	636	692	641	686	1000	886	702	990	855	624	519	539	411	227	250	197	117	99	89	58	37	43	36	24	30	33	32	30	31	28	21	18	14	9	8	11	13
64	170	1	2	119	0	1953125	12	0.0	0	0.39	0	0	V0.2	0	0	3	5	7	9	10	10	9	7	5	2	0	3	6	8	11	13	11	11	11	9	8	7	4	5	9	7	12	24	36	45	52	87	90	84	123	149	142	142	246	235	224	328	374	331	345	521	466	383	632	688	634	679	1000	884	696	990	855	624	512	539	415	227	248	197	116	90	80	49	23	30	22	9	14	19	17	16	20	18	15	15	12	8	7	3	1
64	170	1	2	119	0	1953125	12	0.0	0	0.40	0	0	V0.2	0	0	7	5	2	2	5	8	10	12	13	12	10	8	5	4	8	12	14	19	20	20	21	20	16	14	20	19	25	35	47	57	62	96	100	93	129	157	151	148	253	244	233	333	382	338	349	526	471	390	635	692	639	681	999	884	696	988	851	619	514	534	409	225	249	196	116	99	89	58	37	43	36	23	30	33	32	29	31	28	22	18	14	9	8	10	13
64	170	1	2	119	0	1953125	12	0.0	0	0.39	0	0	V0.2	0	0	3	5	8	10	10	11	10	8	6	3	0	2	6	9	11	14	13	12	13	10	9	8	5	6	8	6	11	23	35	45	53	88	91	85	123	149	141	139	246	235	224	327	376	330	340	522	461	378	627	686	637	668	1000	884	680	980	848	614	498	534	413	222	248	196	116	89	79	48	22	28	21	10	15	19	18	16	20	18	15	15	12	8	7	3	1
64	170	1	2	119	0	1953125	12	0.0	0	0.40	0	0	V0.2	0	0	4	5	7	8	9	9	9	9	8	6	6	7	8	11	13	15	15	17	16	15	14	15	13	14	23	25	31	41	50	55	58	91	93	87	125	160	158	150	262	245	227	329	375	329	336	531	476	383	643	695	633	661	1000	881	663	996	859	609	506	530	402	207	245	197	119	104	97	65	46	50	37	20	25	25	23	22	28	29	26	25	23	16	12	6	4
64	170	1	2	119	0	1953125	12	0.0	0	0.39	0	0	V0.2	0	0	7	7	7	6	5	4	3	3	4	5	6	8	9	8	9	9	7	6	6	3	2	3	3	2	11	13	18	30	38	44	49	81	82	75	118	148	144	140	250	232	209	324	364	315	332	523	464	365	641	683	610	663	994	869	655	1000	856	604	511	532	404	207	244	197	118	95	88	57	31	37	23	6	13	11	9	8	14	16	14	17	16	14	14	12	9
64	170	1	2	119	0	1953125	12	0.0	0	0.40	0	0	V0.2	0	0	5	3	3	5	7	9	11	11	11	9	8	6	4	6	10	14	15	18	19	18	18	18	14	13	20	21	27	37	49	56	60	94	96	88	127	155	148	146	254	239	221	333	375	326	345	526	465	372	640	683	612	676	994	867	669	1000	849	599	520	531	401	212	247	194	112	101	91	60	41	47	37	22	28	31	28	26	30	27	23	20	17	12	9	8	9
64	170	1	2	119	0	1953125	12	0.0	0	0.39	0	0	V0.2	0	0	7	7	7	7	6	5	3	2	3	5	6	8	9	9	9	10	7	7	6	3	2	3	2	2	10	12	17	30	38	44	51	82	83	76	119	149	142	145	251	232	215	328	364	315	339	521	461	375	642	682	611	673	990	862	669	1000	852	602	519	531	401	213	244	195	116	95	86	54	31	35	22	5	12	11	9	8	14	15	14	17	15	13	14	11	8
64	170	1	2	119	0	1953125	12	0.0	0	0.40	0	0	V0.2	0	0	7	5	2	2	5	8	10	12	13	12	11	8	5	4	7	12	14	18	21	21	21	20	15	14	19	18	24	34	47	56	60	96	99	91	129	156	147	145	253	239	225	334	378	328	347	527	462	377	638	685	624	677	1000	872	673	994	842	597	513	531	404	219	250	195	113	99	88	56	37	43	34	22	29	33	31	29	31	28	21	18	14	9	7	10	13
64	170	1	2	119	0	1953125	12	0.0	0	0.39	0	0	V0.2	0	0	5	8	9	10	10	9	8	6	3	0	2	5	9	10	12	14	12	11	11	8	7	5	2	3	7	7	13	26	37	46	53	87	88	80	121	147	138	139	250	233	218	332	369	319	341	522	456	372	640	684	621	677	1000	871	670	998	847	604	514	535	407	218	247	195	113	91	81	49	25	31	23	7	14	17	14	13	17	16	14	14	12	10	8	5	3
64	170	1	2	119	0	1953125	12	0.0	0	0.40	0	0	V0.2	0	0	3	4	6	8	9	10	9	9	8	6	6	6	7	10	13	15	15	17	16	15	15	15	13	13	22	25	30	40	50	56	59	91	93	87	126	159	153	153	261	243	225	334	373	325	345	529	467	386	649	688	622	681	994	865	679	1000	847	606	520	527	398	214	244	194	116	102	94	62	44	49	36	20	26	26	23	23	28	28	25	24	21	15	11	7	6
64	170	1	2	119	0	1953125	12	0.0	0	0.39	0	0	V0.2	0	0	6	8	9	10	10	9	8	5	3	0	3	5	9	10	12	13	11	11	10	7	7	5	2	3	7	8	14	27	38	46	53	87	88	80	122	147	139	142	251	233	220	334	370	319	346	524	456	375	646	682	620	686	999	867	678	1000	846	605	521	536	408	220	248	193	112	91	81	49	26	31	22	7	14	16	13	13	17	16	14	15	13	10	8	6	4
64	170	1	2	119	0	1953125	12	0.0	0	0.40	0	0	V0.2	0	0	6	4	3	3	6	9	10	12	12	11	10	7	5	5	9	12	14	19	19	19	20	19	15	14	20	20	26	36	49	57	62	96	98	91	130	157	149	151	256	242	229	338	378	332	353	529	467	387	646	688	627	691	997	872	692	1000	845	607	524	532	404	223	250	194	114	101	89	58	39	44	35	22	29	33	31	29	31	29	22	19	15	9	7	9	12
64	170	1	2	119	0	1953125	12	0.0	0	0.39	0	0	V0.2	0	0	8	8	8	8	7	6	3	2	2	5	6	8	10	10	11	11	8	7	6	3	3	3	2	0	9	12	18	30	39	45	52	83	84	78	120	149	143	148	254	234	222	331	367	319	345	522	462	386	648	686	623	687	991	863	690	1000	849	613	524	532	404	221	245	195	117	94	85	53	30	34	22	6	13	12	10	9	15	16	15	16	15	13	12	10	8
64	170	2	2	119	0	1953125	12	0.0	0	0.40	0	0	V0.2	0	0	6	3	2	4	6	9	11	12	12	11	9	7	4	5	9	12	15	19	20	20	20	19	14	14	20	20	26	36	49	57	62	95	98	92	129	158	150	151	257	243	233	338	380	332	354	528	466	394	646	691	637	692	999	877	698	995	847	611	521	533	405	226	251	196	117	100	89	58	39	44	34	22	28	32	30	28	31	29	23	20	15	10	7	9	12
64	170	1	2	119	0	1953125	12	0.0	0	0.39	0	0	V0.2	0	0	3	5	8	9	10	10	9	7	5	2	0	3	7	8	11	13	12	12	11	9	8	7	4	5	8	7	12	25	36	45	54	87	90	85	124	150	140	144	249	235	226	333	374	328	350	523	461	388	639	688	636	689	1000	881	699	992	851	619	517	538	413	230	250	197	116	91	80	47	23	29	21	9	15	19	17	16	20	18	15	15	12	9	7	3	1
64	170	1	2	119	0	1953125	12	0.0	0	0.40	0	0	V0.2	0	0	5	3	3	4	8	10	11	13	13	11	9	6	4	6	10	14	16	20	20	20	20	18	14	13	19	20	27	38	50	58	63	96	99	93	129	159	152	153	259	246	237	337	382	338	354	529	472	400	643	695	646	691	1000	885	705	990	854	621	517	534	408	226	248	196	118	100	90	59	39	44	35	22	29	31	29	28	30	28	23	20	16	10	8	8	10
