34928	35048	35167	35286	35405	35524	35644	35763	35882	36001	36120	36240	36359	36478	36597	36716	36836	36955	37074	37193	37313	37432	37551	37670	37789	37909	38028	38147	38266	38385	38505	38624	38743	38862	38981	39101	39220	39339	39458	39577	39697	39816	39935	40054	40174	40293	40412	40531	40650	40770	40889	41008	41127	41246	41366	41485	41604	41723	41842	41962	42081	42200	42319	42439	42558	42677	42796	42915	43035	43154	43273	43392	43511	43631	43750	43869	43988	44107	44227	44346	44465	44584	44703	44823	44942
64	170	1	2	119	0	1953125	12	0.0	0	1.02	0	0	V0.2	0	0	72	87	78	88	86	90	94	93	103	99	112	104	121	114	132	125	140	140	155	158	165	174	181	197	196	214	210	240	237	261	250	282	282	327	327	354	349	400	418	470	487	522	541	606	647	701	728	785	852	915	971	974	983	1000	986	928	812	694	568	507	442	408	373	353	341	329	326	305	299	281	280	257	254	232	227	210	204	185	178	164	159	147	143	134	131
64	170	1	2	119	0	1953125	12	0.0	0	1.00	0	0	V0.2	0	0	55	96	59	98	65	100	73	103	82	104	91	107	102	109	111	110	123	115	133	116	142	119	153	125	155	123	162	132	165	132	157	143	173	180	187	206	205	259	276	351	347	417	414	523	540	645	636	748	785	905	929	975	946	1000	960	907	757	627	469	397	296	276	195	228	171	224	179	221	178	218	180	208	179	195	168	179	160	164	150	148	137	133	123	118	111
64	170	1	2	119	0	1953125	12	0.0	0	1.00	0	0	V0.2	0	0	71	71	73	74	74	78	80	81	86	85	93	89	101	91	107	95	117	99	126	99	132	102	143	102	145	98	152	100	156	91	148	96	165	127	185	156	205	212	283	315	360	387	430	498	562	630	662	739	816	902	964	971	980	993	1000	898	789	604	490	361	303	230	186	186	152	195	156	202	154	202	155	200	155	195	154	180	147	165	138	151	130	137	122	121	111
64	170	1	2	119	0	1953125	12	0.0	0	1.00	0	0	V0.2	0	0	71	74	74	77	78	80	84	83	90	87	97	92	106	96	113	99	123	107	132	109	141	115	153	120	159	119	166	125	179	119	175	126	199	154	227	176	246	227	323	321	398	388	460	491	584	618	682	723	827	878	971	945	984	967	1000	875	793	593	505	362	336	245	237	208	204	215	202	220	194	220	188	219	183	208	170	193	159	179	147	162	136	146	124	128	114
64	170	1	2	119	0	1953125	12	0.0	0	1.02	0	0	V0.2	0	0	80	82	81	89	84	95	86	102	92	110	99	116	108	126	120	134	134	145	152	157	169	168	191	185	210	196	229	220	258	239	272	260	306	307	347	338	368	383	435	462	497	515	549	603	652	702	727	790	850	921	971	978	984	1000	995	920	824	684	583	500	451	409	372	364	334	345	312	322	286	300	263	276	241	251	214	221	191	196	170	172	154	154	139	138	130
64	170	1	2	119	0	1953125	12	0.0	0	0.71	0	0	V0.2	0	0	21	63	76	24	57	84	36	50	94	58	37	100	83	17	95	106	29	74	117	64	42	111	91	15	91	101	44	63	97	75	65	104	103	99	147	169	140	228	265	228	320	414	342	432	532	556	527	707	735	727	833	1000	774	988	943	743	710	688	397	353	324	211	114	166	158	89	89	145	109	70	120	119	62	99	112	63	74	107	66	44	94	74	17	76	77
64	170	1	2	119	0	1953125	12	0.0	0	0.71	0	0	V0.2	0	0	43	39	78	50	28	81	64	19	83	82	18	77	101	40	60	110	70	29	106	97	8	86	109	46	56	102	73	40	87	91	60	91	115	98	130	182	149	193	274	259	269	399	389	394	491	600	519	634	765	755	747	1000	817	895	933	792	625	675	455	295	294	261	123	113	162	134	62	117	132	84	88	124	88	73	112	89	49	94	91	33	74	91	38	48	85
64	170	1	2	119	0	1953125	12	0.0	0	0.71	0	0	V0.2	0	0	31	50	80	38	42	85	53	32	91	73	17	90	95	22	78	110	53	50	113	84	15	100	103	28	73	103	61	49	93	84	58	97	109	94	136	176	139	205	270	240	286	405	365	399	507	582	510	662	754	730	778	1000	789	927	940	765	658	684	429	314	311	243	110	137	163	114	66	129	123	71	100	122	73	81	110	77	55	100	80	29	82	84	23	59	81
64	170	1	2	119	0	1953125	12	0.0	0	0.70	0	0	V0.2	0	0	69	110	105	54	82	102	55	48	88	63	14	68	64	10	52	60	22	49	62	23	51	74	34	40	85	60	13	71	85	48	32	98	113	49	100	194	143	136	266	279	237	370	403	407	459	601	551	636	752	792	784	1000	841	971	937	803	704	681	428	353	309	201	99	146	132	59	49	123	111	24	84	134	82	29	116	115	29	72	114	70	20	89	84	19	50
64	170	1	2	119	0	1953125	12	0.0	0	0.71	0	0	V0.2	0	0	44	37	80	52	28	82	66	17	84	85	17	78	103	42	59	111	73	27	106	100	10	85	110	49	56	102	75	39	86	91	59	90	115	96	127	183	147	188	272	261	264	395	392	392	481	604	519	625	766	758	739	1000	821	892	930	800	624	672	463	296	290	265	129	108	159	137	61	112	132	86	83	121	88	67	104	90	47	91	90	33	68	90	41	42	83
64	170	1	2	119	0	1953125	12	0.0	0	0.70	0	0	V0.2	0	0	70	108	106	56	80	101	59	46	87	64	13	66	64	11	50	59	21	47	61	23	48	73	36	36	82	62	11	67	85	54	27	96	117	56	95	196	150	134	264	286	237	367	408	412	454	606	557	635	754	798	778	1000	844	969	936	808	698	682	431	348	307	207	93	141	133	65	41	120	115	32	78	132	89	21	110	119	38	67	115	76	14	87	88	26	45
64	170	1	2	119	0	1953125	12	0.0	0	0.71	0	0	V0.2	0	0	37	44	34	33	44	43	36	44	47	44	46	51	51	53	54	55	62	65	60	69	77	71	70	87	88	73	88	107	92	91	119	131	121	140	176	196	186	245	285	293	334	411	415	478	510	611	608	685	762	845	823	998	907	1000	924	871	719	657	497	390	277	261	208	156	144	163	144	124	126	142	124	107	115	118	95	90	98	91	69	73	78	63	54	63	60
64	170	1	2	119	0	1953125	12	0.0	0	0.71	0	0	V0.2	0	0	25	72	62	15	70	72	14	70	85	29	62	99	55	44	104	81	16	96	102	25	73	111	58	41	102	81	31	82	88	57	76	102	86	108	145	143	150	236	227	219	339	377	304	463	505	487	550	701	649	720	838	903	748	1000	851	708	730	618	362	391	296	157	147	181	123	65	121	141	75	90	132	94	64	113	96	50	93	97	39	70	92	43	45	82	51
64	170	1	2	119	0	1953125	12	0.0	0	0.71	0	0	V0.2	0	0	44	30	32	45	40	32	44	47	39	44	51	47	47	53	54	57	59	59	64	71	65	69	82	79	71	86	96	85	85	114	112	100	131	160	147	172	211	244	242	291	355	375	383	498	495	557	610	690	707	809	831	951	852	1000	896	814	721	646	454	385	293	239	181	164	155	143	125	134	131	122	114	118	113	102	94	99	88	75	76	76	63	58	63	55	49
64	170	1	2	119	0	1953125	12	0.0	0	0.71	0	0	V0.2	0	0	61	19	76	68	11	74	81	18	70	96	41	56	106	69	31	105	97	8	90	113	44	59	113	76	33	94	92	45	75	99	69	82	122	108	115	190	170	175	268	296	261	375	429	422	450	634	573	602	779	833	725	1000	896	903	921	875	631	655	514	318	258	286	173	82	146	162	86	88	135	112	71	114	110	69	93	104	57	74	97	55	48	89	65	19	75
64	170	1	2	119	0	1953125	12	0.0	0	0.71	0	0	V0.2	0	0	61	19	76	68	11	74	81	18	70	96	41	56	106	69	31	105	97	8	90	113	44	59	113	76	33	94	92	45	75	99	69	82	122	108	115	190	170	175	268	296	261	375	429	422	450	634	573	602	779	833	725	1000	896	903	921	875	631	655	514	318	258	286	173	82	146	162	86	88	135	112	71	114	110	69	93	104	57	74	97	55	48	89	65	19	75
64	170	1	2	119	0	1953125	12	0.0	0	0.71	0	0	V0.2	0	0	21	64	76	22	58	83	35	52	94	56	40	100	81	19	96	104	27	76	116	61	44	112	88	16	92	100	42	66	97	74	67	107	102	101	151	169	141	236	265	230	325	418	341	439	535	557	528	718	732	728	842	999	773	1000	935	745	712	685	394	357	324	208	115	170	157	87	94	147	108	73	125	119	67	106	117	60	78	109	64	49	97	72	21	79	76
64	170	1	2	119	0	1953125	12	0.0	0	0.71	0	0	V0.2	0	0	31	54	80	36	47	86	50	38	93	71	24	94	94	23	83	111	49	56	116	82	20	104	101	23	78	104	56	51	94	81	59	100	106	93	141	175	135	212	270	234	290	411	356	402	512	575	502	671	749	719	785	1000	772	932	934	747	654	685	412	315	313	235	103	141	162	108	68	133	121	68	107	123	70	85	113	72	59	104	77	32	87	84	18	65	83
64	170	1	2	119	0	1953125	12	0.0	0	0.71	0	0	V0.2	0	0	35	47	79	42	38	83	56	30	89	76	18	87	97	29	73	110	58	45	112	88	8	96	104	32	69	103	63	46	91	85	59	98	110	93	137	179	139	205	272	243	280	407	370	396	503	589	506	657	758	728	768	1000	787	917	935	764	643	678	429	304	304	246	110	129	163	119	64	128	126	74	100	122	77	79	113	80	55	102	84	31	83	88	25	59	85
64	170	1	2	119	0	1953125	12	0.0	0	0.71	0	0	V0.2	0	0	82	51	30	81	61	20	83	79	15	81	98	35	66	111	66	39	111	95	4	93	112	41	61	110	75	32	95	91	45	81	97	73	102	136	107	148	204	201	196	306	334	300	399	523	410	535	664	629	642	874	801	856	909	999	788	857	737	540	476	429	206	202	229	153	57	133	153	92	72	137	114	62	110	116	59	85	105	58	59	95	62	33	82	67	11
64	170	2	2	119	0	1953125	12	0.0	0	0.71	0	0	V0.2	0	0	64	20	72	70	15	70	81	25	65	96	46	51	105	74	27	102	99	16	86	115	50	54	113	81	26	92	96	46	72	102	74	83	125	114	118	192	177	179	272	302	267	378	438	428	453	641	579	602	784	838	726	1000	902	898	917	876	625	649	517	317	251	286	178	78	147	168	92	88	140	120	74	118	119	72	98	109	61	77	103	59	51	96	69	22	81
64	170	1	2	119	0	1953125	12	0.0	0	0.71	0	0	V0.2	0	0	22	65	79	25	58	87	39	52	96	60	38	103	86	17	96	108	31	75	119	66	42	114	93	13	92	103	45	63	97	75	62	103	101	96	145	168	137	226	264	226	314	414	339	426	530	556	519	705	735	721	826	1000	769	983	944	742	704	692	396	351	327	215	111	166	159	88	86	146	110	67	119	119	61	97	113	62	71	107	66	41	94	75	14	76	78
64	170	2	2	119	0	1953125	12	0.0	0	0.71	0	0	V0.2	0	0	84	33	54	86	45	46	94	64	33	100	89	20	95	110	37	74	122	71	40	118	100	7	94	113	48	60	109	80	49	100	97	75	122	139	108	181	215	190	242	342	318	337	462	522	422	632	689	623	750	946	790	961	995	999	874	951	719	596	548	411	199	269	240	117	92	174	147	68	113	153	96	84	132	107	66	112	99	51	91	96	39	70	95	45	45
64	170	2	2	119	0	1953125	12	0.0	0	0.71	0	0	V0.2	0	0	82	24	64	86	33	56	95	52	45	104	77	25	104	103	21	88	121	56	59	123	88	19	107	108	34	74	110	71	56	105	91	75	127	134	110	190	208	184	256	340	303	352	470	503	433	656	676	620	784	942	777	996	999	986	907	965	705	628	563	392	214	289	232	98	113	179	135	65	125	148	85	95	131	94	74	115	89	54	97	89	33	79	89	30	57
64	170	2	2	119	0	1953125	12	0.0	0	0.71	0	0	V0.2	0	0	56	33	83	66	21	83	82	20	79	101	41	64	113	73	35	112	103	15	93	122	53	55	117	87	26	93	101	51	72	105	78	83	130	121	115	200	196	179	272	333	285	367	472	477	440	664	651	613	793	920	764	1000	982	966	904	950	687	619	556	383	210	283	228	100	107	177	137	67	122	150	89	91	132	101	70	115	98	51	93	97	38	69	95	47	41
64	170	2	2	119	0	1953125	12	0.0	0	0.71	0	0	V0.2	0	0	84	23	71	88	30	66	99	48	55	109	75	36	111	103	21	99	124	49	70	129	83	28	115	106	24	81	110	63	59	107	87	73	129	130	105	193	203	174	261	336	290	353	469	487	427	658	661	597	793	927	752	1000	984	950	909	944	674	625	556	370	210	293	226	81	120	182	124	60	130	143	77	99	130	86	77	115	81	53	101	83	27	85	88	21	62
64	170	1	2	119	0	1953125	12	0.0	0	0.71	0	0	V0.2	0	0	82	28	62	86	37	56	95	55	45	104	79	28	103	104	25	88	122	56	59	124	89	18	108	109	33	75	111	70	58	109	93	77	131	136	111	196	213	183	265	343	301	357	476	499	437	661	677	613	795	939	769	1000	997	967	914	957	691	626	563	383	212	289	232	96	118	185	136	69	134	151	86	102	136	95	82	119	87	60	106	89	34	88	92	25	67
64	170	1	2	119	0	1953125	12	0.0	0	0.71	0	0	V0.2	0	0	81	21	72	86	27	66	97	45	57	107	71	38	111	99	19	99	120	44	72	127	79	32	114	102	23	83	107	60	61	106	84	73	127	126	106	192	201	173	263	332	285	357	467	477	432	656	651	598	791	917	748	1000	977	944	915	938	667	628	555	362	217	292	219	79	124	179	119	62	131	139	75	101	128	82	79	115	78	56	101	80	29	85	86	18	65
64	170	1	2	119	0	1953125	12	0.0	0	0.71	0	0	V0.2	0	0	48	37	79	55	27	81	68	19	83	86	24	77	103	47	58	111	77	26	106	102	14	83	111	51	52	102	77	37	86	93	60	91	117	96	128	186	149	189	276	263	265	397	396	391	483	607	518	620	772	755	736	1000	816	883	929	791	613	665	456	289	284	264	128	104	161	139	60	114	135	87	85	124	93	72	109	92	48	95	93	33	72	94	42	45	87
64	170	1	2	119	0	1953125	12	0.0	0	0.71	0	0	V0.2	0	0	77	21	73	81	23	69	93	39	62	105	64	43	111	92	21	102	116	35	79	126	70	39	115	95	19	86	105	54	65	106	80	76	128	121	107	194	192	171	266	324	276	360	460	460	433	655	629	589	794	891	732	1000	949	922	913	917	650	632	544	343	223	293	206	73	131	177	110	68	134	134	71	105	126	79	84	115	71	62	103	74	33	90	82	12	71
64	170	1	2	119	0	1953125	12	0.0	0	0.71	0	0	V0.2	0	0	44	46	82	50	36	85	64	28	89	84	23	86	103	40	69	115	70	39	113	97	4	93	110	40	62	105	69	38	90	90	56	95	115	93	133	184	140	195	278	248	271	406	379	387	497	596	502	633	766	728	744	1000	786	886	934	759	617	671	432	287	295	252	111	117	164	127	56	122	131	75	93	125	83	76	113	86	49	101	89	27	81	93	32	55	89
64	170	1	2	119	0	1953125	12	0.0	0	0.71	0	0	V0.2	0	0	57	82	36	49	85	47	42	92	66	30	96	88	21	89	107	39	70	117	68	36	111	94	6	88	106	42	62	100	66	54	96	88	82	128	127	125	184	225	185	258	356	318	334	517	449	468	634	661	598	806	825	821	828	1000	771	771	742	532	416	431	226	158	216	172	58	107	154	109	54	129	125	58	96	118	63	74	105	64	50	93	67	27	79	70	7
64	170	1	2	119	0	1953125	12	0.0	0	0.71	0	0	V0.2	0	0	57	28	76	63	19	76	76	19	76	93	34	65	105	61	44	109	88	13	98	109	30	71	114	65	39	100	86	39	81	98	66	89	122	104	124	191	161	181	279	279	261	391	415	398	475	621	542	608	781	786	722	1000	851	874	931	823	609	661	483	293	272	275	148	91	158	154	72	106	141	101	81	126	103	71	107	101	51	91	100	42	67	98	52	38	87
64	170	1	2	119	0	1953125	12	0.0	0	0.71	0	0	V0.2	0	0	49	33	79	56	23	82	71	14	81	88	22	74	104	49	54	111	79	20	103	103	18	80	112	55	49	101	78	39	83	92	61	88	116	97	124	184	152	181	274	269	261	391	403	394	478	611	530	617	772	774	731	1000	842	884	933	816	618	669	473	295	282	268	137	99	157	142	63	107	133	90	79	121	94	67	103	92	46	88	93	36	64	92	46	37	82
64	170	1	2	119	0	1953125	12	0.0	0	0.71	0	0	V0.2	0	0	36	44	78	43	36	82	57	27	86	77	17	84	96	31	70	109	60	42	110	89	5	93	105	34	66	102	64	44	90	86	59	96	111	94	136	180	142	202	274	247	279	406	376	395	504	590	508	652	760	734	767	1000	794	912	935	770	639	678	434	304	302	248	113	127	163	122	63	126	128	76	100	124	81	82	112	81	55	102	84	31	82	89	28	59	86
64	170	1	2	119	0	1953125	12	0.0	0	0.71	0	0	V0.2	0	0	34	48	79	41	40	84	54	30	89	74	18	89	95	26	76	110	55	48	113	86	12	98	104	30	71	104	62	47	92	85	59	96	109	95	135	177	141	204	272	242	284	406	368	397	509	582	510	661	755	732	773	999	789	923	942	766	652	686	430	311	311	245	111	135	164	117	65	130	126	73	101	125	77	82	114	79	55	102	83	30	83	87	25	60	84
64	170	1	2	119	0	1953125	12	0.0	0	0.71	0	0	V0.2	0	0	48	34	77	55	24	79	68	16	80	86	23	73	102	48	54	110	77	22	103	101	16	80	111	53	49	101	79	37	85	94	61	90	117	100	127	185	154	189	276	268	266	397	402	394	484	611	524	625	770	762	738	999	827	888	929	806	618	666	466	292	284	266	133	104	161	142	65	112	135	90	84	126	96	71	109	95	50	94	95	37	71	94	44	43	87
64	170	1	2	119	0	1953125	12	0.0	0	0.71	0	0	V0.2	0	0	50	35	81	57	25	82	70	16	83	89	23	76	106	49	56	113	79	23	106	104	17	82	113	54	49	103	79	36	84	93	59	87	117	97	123	184	151	182	274	265	261	391	397	393	476	608	526	610	773	766	726	1000	828	877	931	801	614	667	465	291	281	267	134	97	158	142	60	107	133	88	79	120	93	68	104	93	45	89	94	36	65	94	46	38	84
64	170	1	2	119	0	1953125	12	0.0	0	0.71	0	0	V0.2	0	0	35	47	77	41	39	81	53	30	87	73	19	87	94	26	74	109	54	48	111	84	12	98	102	29	72	103	61	49	93	85	62	100	111	97	141	178	144	210	275	242	293	411	366	404	518	579	516	671	754	733	783	1000	790	929	942	760	658	685	422	314	313	239	109	140	166	116	71	136	126	74	110	127	78	90	117	78	63	107	81	35	89	86	22	67	85
64	170	1	2	119	0	1953125	12	0.0	0	0.71	0	0	V0.2	0	0	45	38	80	53	28	82	67	18	85	86	18	78	103	44	59	112	75	27	107	100	11	85	111	49	54	102	75	38	86	92	59	89	114	96	126	182	148	186	273	261	265	394	393	392	483	604	520	621	768	760	736	1000	823	889	934	797	621	671	460	295	288	264	128	106	160	136	59	112	132	85	84	122	90	68	105	90	46	91	92	33	69	91	42	42	84
64	170	1	2	119	0	1953125	12	0.0	0	0.70	0	0	V0.2	0	0	114	99	55	89	100	52	56	90	60	22	72	64	5	52	61	19	46	59	25	44	69	35	35	77	59	8	72	81	39	33	86	96	31	73	150	138	91	218	248	194	300	393	316	426	501	524	542	683	686	757	821	937	806	1000	873	770	737	622	400	405	271	146	163	160	73	33	108	126	57	55	129	114	13	94	128	71	34	110	101	20	67	98	57	20	71
64	170	1	2	119	0	1953125	12	0.0	0	0.71	0	0	V0.2	0	0	81	21	66	85	29	60	95	49	49	105	74	29	105	99	17	92	120	50	63	124	84	24	109	105	31	78	109	66	59	104	88	75	126	131	109	190	206	179	261	336	296	355	469	493	438	654	668	616	788	937	770	1000	997	973	917	957	697	635	561	382	220	289	225	93	117	180	128	65	128	145	82	97	129	89	75	114	85	56	99	85	31	81	88	27	60
64	170	1	2	119	0	1953125	12	0.0	0	0.71	0	0	V0.2	0	0	84	32	54	87	43	46	94	63	34	99	86	19	94	109	36	75	122	70	41	118	98	7	96	113	46	62	109	79	50	100	96	74	122	139	108	181	216	186	243	341	316	336	463	518	426	629	690	620	751	945	790	960	1000	995	880	950	721	599	551	409	202	266	240	117	93	174	147	70	114	151	96	86	132	105	68	113	98	51	91	95	38	70	93	44	45
64	170	1	2	119	0	1953125	12	0.0	0	0.71	0	0	V0.2	0	0	88	33	57	90	43	49	98	64	35	103	89	19	97	112	37	78	126	71	43	121	101	7	98	115	46	62	111	79	49	101	96	72	123	138	106	180	215	184	241	340	315	331	461	520	421	627	694	618	752	944	791	956	1000	994	875	948	722	596	553	413	199	268	243	115	90	173	146	66	111	150	94	80	130	104	63	109	96	47	88	95	36	67	93	44	42
64	170	1	2	119	0	1953125	12	0.0	0	0.71	0	0	V0.2	0	0	23	70	74	21	63	84	36	53	96	62	35	99	91	21	88	112	48	57	117	85	13	100	106	34	68	105	69	46	92	92	63	99	121	101	135	196	159	189	290	285	266	400	428	411	475	639	571	605	791	834	722	999	907	889	916	878	626	634	521	328	229	279	197	80	127	172	114	71	130	136	77	101	127	87	77	115	84	50	97	90	31	74	92	39	46
64	170	1	2	119	0	1953125	12	0.0	0	0.71	0	0	V0.2	0	0	67	72	18	60	78	27	55	89	48	43	98	74	23	96	98	23	78	113	56	45	110	86	10	89	101	40	61	97	66	54	92	88	81	124	127	124	178	223	191	247	349	329	318	499	465	456	604	677	595	768	829	840	788	1000	800	731	740	575	374	415	269	140	178	183	96	73	136	131	59	101	130	81	71	119	87	50	98	89	33	75	89	35	50	83	45
64	170	1	2	119	0	1953125	12	0.0	0	0.71	0	0	V0.2	0	0	39	78	52	26	78	63	17	80	81	19	74	99	43	56	108	74	25	104	100	17	82	113	55	46	106	84	31	84	93	59	78	106	92	109	148	150	152	236	246	225	340	404	322	459	535	520	547	723	700	732	852	972	774	1000	924	734	717	681	382	363	325	201	116	171	156	86	90	146	110	72	121	120	66	100	114	65	73	108	70	42	94	79	17	74	82
64	170	1	2	119	0	1953125	12	0.0	0	0.71	0	0	V0.2	0	0	56	74	29	46	78	41	38	85	61	25	89	84	16	80	103	42	57	111	74	21	100	98	22	72	105	57	46	93	77	51	86	94	81	117	136	130	164	229	208	230	345	355	305	478	492	468	573	697	626	737	836	882	762	1000	842	716	735	616	365	395	297	157	151	182	123	65	119	139	78	85	128	97	63	112	98	50	88	99	45	63	93	53	34	80	62
64	170	1	2	119	0	1953125	12	0.0	0	0.70	0	0	V0.2	0	0	117	76	66	104	83	39	81	85	30	52	78	39	27	65	45	20	60	47	20	61	58	11	61	74	27	41	84	64	17	66	95	66	28	120	136	82	142	235	192	205	339	352	302	474	476	485	586	675	640	788	819	887	835	1000	823	805	732	570	442	412	214	178	199	131	17	94	129	94	7	108	133	64	51	127	106	9	87	115	58	35	96	81	10	58	75
64	170	1	2	119	0	1953125	12	0.0	0	0.71	0	0	V0.2	0	0	45	80	47	32	81	60	21	84	79	14	80	99	35	65	111	68	34	108	96	8	87	112	48	53	108	79	33	88	89	55	79	101	88	109	145	145	151	236	238	220	342	395	312	463	527	506	551	715	687	728	847	958	762	1000	912	722	722	671	372	372	321	189	122	173	148	77	94	144	102	69	122	114	60	99	111	58	72	105	64	43	93	74	15	73	78
64	170	1	2	119	0	1953125	12	0.0	0	0.71	0	0	V0.2	0	0	55	30	78	60	22	79	72	16	79	87	23	74	102	45	58	110	71	30	107	96	3	90	108	40	65	104	67	46	93	89	61	100	114	99	140	181	146	212	277	244	298	417	361	416	527	572	522	693	743	733	810	1000	778	966	940	743	691	688	393	347	323	210	112	169	159	87	94	151	109	72	128	120	65	110	115	61	82	108	58	57	97	63	33	84	66
64	170	1	2	119	0	1953125	12	0.0	0	0.71	0	0	V0.2	0	0	36	52	85	47	40	90	64	26	92	86	18	86	107	42	64	117	77	28	110	105	15	85	115	56	50	103	82	39	85	98	62	88	122	102	120	192	164	175	277	292	258	385	427	414	457	634	569	596	781	836	714	1000	903	888	917	874	620	645	515	317	241	284	184	72	137	169	97	72	133	124	66	104	120	72	79	109	70	57	97	73	30	82	80	17	61
64	170	1	2	119	0	1953125	12	0.0	0	0.71	0	0	V0.2	0	0	45	36	30	43	44	34	41	49	42	43	50	49	49	54	54	56	61	61	63	72	70	67	80	85	75	81	98	93	81	108	118	107	122	158	160	172	203	250	253	283	352	392	386	488	511	569	603	698	727	813	837	972	867	1000	910	835	716	662	470	382	296	253	187	160	156	154	127	128	134	130	112	115	119	107	92	97	94	77	72	78	69	56	61	60	50
64	170	1	2	119	0	1953125	12	0.0	0	0.71	0	0	V0.2	0	0	45	36	30	43	44	34	41	49	42	43	50	49	49	54	54	56	61	61	63	72	70	67	80	85	75	81	98	93	81	108	118	107	122	158	160	172	203	250	253	283	352	392	386	488	511	569	603	698	727	813	837	972	867	1000	910	835	716	662	470	382	296	253	187	160	156	154	127	128	134	130	112	115	119	107	92	97	94	77	72	78	69	56	61	60	50
64	170	1	2	119	0	1953125	12	0.0	0	0.71	0	0	V0.2	0	0	36	75	50	26	75	60	18	77	76	16	74	93	34	61	104	62	37	104	87	1	89	103	34	62	104	65	41	92	79	52	86	98	82	118	139	132	167	232	206	235	347	348	311	486	480	466	585	688	610	753	832	850	778	1000	802	732	736	575	377	411	268	146	181	183	97	81	141	131	60	112	133	78	81	122	84	61	103	85	39	85	84	28	65	80	30
64	170	1	2	119	0	1953125	12	0.0	0	0.71	0	0	V0.2	0	0	32	50	80	39	42	86	53	32	92	75	17	91	96	23	78	112	54	50	114	85	14	99	103	29	73	104	60	49	92	84	58	97	107	93	135	174	138	202	270	241	282	406	366	395	509	579	505	663	752	733	777	1000	796	925	940	769	651	688	430	312	314	246	110	137	164	116	64	129	125	71	100	123	75	81	113	77	55	100	82	29	83	85	23	59	82
64	170	1	2	119	0	1953125	12	0.0	0	0.71	0	0	V0.2	0	0	30	52	78	37	43	83	51	34	90	71	21	90	93	22	79	109	50	54	113	81	17	101	101	25	75	103	58	51	94	83	59	101	109	96	141	176	141	212	271	240	290	409	365	403	517	580	507	679	752	727	795	1000	787	939	935	764	660	686	424	316	316	240	107	143	164	112	71	136	124	73	108	126	76	88	116	76	61	105	80	34	88	85	21	66	84
64	170	1	2	119	0	1953125	12	0.0	0	0.71	0	0	V0.2	0	0	34	50	80	41	42	86	55	32	91	76	19	90	98	27	77	112	57	48	114	87	11	99	105	30	71	104	61	47	93	85	58	97	110	93	137	178	139	205	273	242	281	407	368	394	507	586	504	661	757	728	771	1000	785	918	937	763	645	683	427	306	309	245	107	133	164	117	63	129	126	72	100	123	76	80	115	80	54	102	83	30	83	88	23	60	84
64	170	1	2	119	0	1953125	12	0.0	0	0.71	0	0	V0.2	0	0	47	37	80	54	29	82	67	20	84	86	23	77	103	47	59	112	76	28	107	101	12	85	111	50	53	102	75	38	87	92	59	91	116	96	129	185	148	189	276	263	264	398	395	388	485	606	512	627	769	755	738	1000	817	886	927	795	612	670	457	287	287	264	126	106	162	138	60	114	135	85	86	126	92	73	109	93	48	96	94	33	73	94	41	47	88
64	170	1	2	119	0	1953125	12	0.0	0	0.71	0	0	V0.2	0	0	21	63	78	25	57	85	39	50	95	60	34	101	85	15	94	107	31	72	118	67	39	111	92	16	90	102	46	63	97	75	64	104	101	97	146	168	139	224	265	228	311	414	344	423	532	560	520	707	738	729	827	1000	778	981	941	754	698	694	404	348	327	220	112	164	160	92	86	143	111	69	118	118	64	96	112	63	70	107	68	41	93	76	15	73	78
64	170	1	2	119	0	1953125	12	0.0	0	0.71	0	0	V0.2	0	0	39	41	77	46	32	80	60	22	84	79	16	80	97	34	65	109	64	36	107	92	2	89	105	40	62	102	69	44	90	89	60	97	114	97	136	182	146	202	274	254	276	404	382	395	498	598	511	652	761	743	762	1000	805	913	931	784	637	677	444	301	301	256	118	124	165	129	65	125	132	82	96	126	86	80	113	85	55	101	88	33	81	91	32	58	86
64	170	1	2	119	0	1953125	12	0.0	0	0.71	0	0	V0.2	0	0	45	35	30	45	44	33	42	48	42	44	51	50	48	53	55	57	61	60	63	73	69	68	81	85	74	82	98	92	82	109	118	106	123	160	159	171	203	251	251	284	354	390	384	490	506	567	598	698	723	810	835	970	863	1000	907	827	715	657	465	378	293	251	185	159	156	152	125	128	133	128	111	114	118	104	90	97	92	76	72	77	67	55	60	60	49
64	170	1	2	119	0	1953125	12	0.0	0	0.71	0	0	V0.2	0	0	54	31	80	61	20	80	74	15	79	93	29	70	107	56	47	111	86	14	102	108	26	75	114	62	43	101	85	37	82	97	62	85	119	101	120	186	158	179	272	277	257	386	410	397	467	620	535	611	775	786	725	1000	854	886	928	831	615	665	486	295	275	278	147	91	158	151	68	102	137	99	75	121	102	66	104	101	48	85	97	44	60	94	53	33	83
64	170	1	2	119	0	1953125	12	0.0	0	0.71	0	0	V0.2	0	0	54	31	80	61	20	80	74	15	79	93	29	70	107	56	47	111	86	14	102	108	26	75	114	62	43	101	85	37	82	97	62	85	119	101	120	186	158	179	272	277	257	386	410	397	467	620	535	611	775	786	725	1000	854	886	928	831	615	665	486	295	275	278	147	91	158	151	68	102	137	99	75	121	102	66	104	101	48	85	97	44	60	94	53	33	83
64	170	1	2	119	0	1953125	12	0.0	0	0.70	0	0	V0.2	0	0	70	107	112	63	75	105	68	40	86	73	11	62	70	18	45	63	27	42	64	31	42	75	45	26	82	70	9	61	89	63	20	89	122	72	79	193	166	124	255	301	237	354	418	420	441	610	564	627	752	813	772	1000	863	960	933	826	680	682	445	332	304	224	88	131	140	82	24	113	124	52	62	132	104	5	101	125	54	51	113	88	1	80	93	38	36
64	170	1	2	119	0	1953125	12	0.0	0	0.71	0	0	V0.2	0	0	34	45	38	32	43	46	38	41	48	47	45	50	52	54	54	56	62	67	61	67	78	75	68	84	92	78	82	106	100	89	111	135	127	132	172	207	188	233	287	302	324	402	425	479	496	617	618	674	760	857	815	988	911	1000	913	878	722	647	498	399	271	253	214	160	135	157	149	127	119	138	130	106	110	119	100	86	91	93	73	67	76	67	52	58	60
64	170	1	2	119	0	1953125	12	0.0	0	0.70	0	0	V0.2	0	0	88	117	82	56	100	89	34	71	88	39	39	76	49	18	63	52	20	57	55	19	61	67	18	53	83	46	29	78	78	33	46	104	100	33	115	192	128	151	270	271	238	379	399	404	464	604	546	644	751	794	782	1000	845	971	932	817	693	682	437	345	305	216	93	135	135	77	30	112	119	46	62	129	100	8	98	122	56	46	109	89	7	72	92	43	28
64	170	1	2	119	0	1953125	12	0.0	0	0.71	0	0	V0.2	0	0	81	20	66	86	28	59	95	48	48	104	73	27	105	100	16	91	119	50	62	124	84	24	109	105	32	78	109	68	60	105	88	75	126	132	109	189	205	182	258	338	295	355	465	494	433	653	662	620	780	935	774	999	993	978	908	959	694	633	559	384	220	290	226	95	117	179	128	66	127	143	82	97	129	90	75	113	84	55	97	85	31	79	87	27	58
64	170	1	2	119	0	1953125	12	0.0	0	0.70	0	0	V0.2	0	0	76	113	92	51	91	94	41	60	87	47	29	72	52	12	59	52	19	57	55	17	60	68	18	53	83	46	29	78	76	31	49	105	95	28	123	189	115	165	272	255	248	392	380	405	484	591	538	671	740	780	805	996	826	1000	924	796	724	675	410	379	303	176	120	160	113	29	77	130	92	13	106	130	53	60	126	97	1	94	112	47	47	97	72	3	63
64	170	1	2	119	0	1953125	12	0.0	0	0.71	0	0	V0.2	0	0	33	44	38	31	43	45	38	41	48	46	45	49	52	54	54	55	62	65	60	67	77	73	69	84	91	77	83	106	98	89	112	133	126	134	171	203	186	235	286	300	324	403	420	477	493	612	610	674	752	853	813	989	909	1000	909	877	719	649	495	400	274	256	211	163	139	159	148	128	122	140	129	108	110	119	101	88	93	93	73	69	77	66	53	60	61
64	170	1	2	119	0	1953125	12	0.0	0	0.70	0	0	V0.2	0	0	89	76	115	96	49	91	98	42	58	89	50	27	73	55	13	60	55	19	60	60	16	61	76	24	51	84	56	17	79	94	52	33	122	138	41	148	218	171	186	327	311	304	421	511	419	598	651	644	732	901	796	986	943	1000	910	920	694	662	524	349	253	276	153	53	126	141	71	36	120	126	40	79	136	95	17	112	118	39	64	113	74	14	82	83	24
64	170	1	2	119	0	1953125	12	0.0	0	0.71	0	0	V0.2	0	0	55	27	75	61	18	75	75	17	73	91	34	64	104	60	43	107	88	12	96	108	31	69	112	66	39	98	87	40	80	99	67	88	122	107	124	191	162	183	276	284	258	392	411	402	467	620	536	611	768	795	716	999	850	879	917	831	602	662	479	295	269	276	150	92	156	154	73	105	140	102	81	125	104	70	105	101	52	89	100	44	65	97	54	36	86
64	170	1	2	119	0	1953125	12	0.0	0	0.71	0	0	V0.2	0	0	29	43	42	31	39	47	41	39	47	49	45	49	53	54	54	55	61	67	62	64	76	78	68	79	93	83	77	102	105	92	103	133	134	129	160	208	193	220	281	311	316	389	422	482	478	606	621	667	732	864	803	968	906	1000	889	876	719	640	486	407	271	244	211	170	134	149	148	133	115	132	130	111	104	114	103	86	86	92	76	65	71	68	53	54	60
64	170	1	2	119	0	1953125	12	0.0	0	0.71	0	0	V0.2	0	0	50	32	77	57	21	78	72	14	79	89	26	70	104	52	49	109	82	16	101	105	22	76	111	58	45	99	80	38	82	94	62	87	117	100	123	187	154	182	272	275	257	390	401	398	468	616	527	615	764	781	717	1000	833	884	916	824	604	667	471	296	274	271	139	95	155	145	67	104	134	95	78	120	96	68	102	96	48	87	95	40	63	93	50	35	82
64	170	1	2	119	0	1953125	12	0.0	0	0.71	0	0	V0.2	0	0	50	32	77	57	21	78	72	14	79	89	26	70	104	52	49	109	82	16	101	105	22	76	111	58	45	99	80	38	82	94	62	87	117	100	123	187	154	182	272	275	257	390	401	398	468	616	527	615	764	781	717	1000	833	884	916	824	604	667	471	296	274	271	139	95	155	145	67	104	134	95	78	120	96	68	102	96	48	87	95	40	63	93	50	35	82
64	170	1	2	119	0	1953125	12	0.0	0	0.70	0	0	V0.2	0	0	82	114	83	53	95	88	33	68	84	35	40	73	43	22	62	45	22	61	50	17	65	64	8	61	81	35	42	82	68	18	61	104	78	28	132	177	96	181	267	232	259	397	351	405	489	563	526	675	710	765	801	973	800	1000	897	779	721	655	394	394	289	156	140	162	94	18	93	129	73	35	120	119	29	82	127	79	24	104	102	25	63	96	56	19	69
64	170	1	2	119	0	1953125	12	0.0	0	0.71	0	0	V0.2	0	0	44	33	30	45	42	32	42	48	40	42	50	48	47	52	54	56	60	59	62	71	67	66	80	82	72	82	96	88	81	110	116	102	125	160	154	169	205	247	246	286	351	387	378	494	499	563	599	696	710	814	825	967	849	1000	897	825	709	659	455	383	292	246	181	160	154	149	123	130	132	126	111	114	115	105	92	98	92	76	74	78	66	57	62	59	49
64	170	1	2	119	0	1953125	12	0.0	0	0.70	0	0	V0.2	0	0	67	109	104	52	80	101	55	47	87	62	14	67	64	11	52	59	22	49	62	24	50	73	34	39	83	60	12	69	84	48	31	96	110	51	98	192	142	138	263	282	234	371	399	409	456	603	546	645	742	798	776	1000	836	975	925	813	694	686	425	355	307	204	97	145	130	58	48	122	111	24	82	132	81	28	112	114	29	71	113	70	20	88	84	20	49
64	170	2	2	119	0	1953125	12	0.0	0	0.71	0	0	V0.2	0	0	44	36	29	42	43	33	41	48	42	42	50	50	48	53	55	56	62	60	62	72	70	67	79	85	74	80	98	94	81	107	121	108	121	159	161	173	200	252	256	284	352	397	382	492	507	572	597	698	724	817	826	980	859	1000	909	832	708	661	462	379	288	252	185	156	154	154	126	126	132	130	112	112	117	105	89	97	94	78	71	78	69	55	60	61	50
64	170	2	2	119	0	1953125	12	0.0	0	0.71	0	0	V0.2	0	0	35	47	79	41	39	84	56	29	89	76	17	87	96	28	73	110	58	44	111	88	8	96	104	33	68	103	63	46	91	85	58	95	110	94	133	178	140	201	270	247	277	406	368	396	499	586	502	655	747	736	758	1000	788	917	928	770	637	681	428	306	304	245	109	130	161	119	62	126	127	74	97	123	80	78	110	79	53	99	84	29	80	87	27	56	84
64	170	2	2	119	0	1953125	12	0.0	0	0.71	0	0	V0.2	0	0	35	47	79	41	39	84	56	29	89	76	17	87	96	28	73	110	58	44	111	88	8	96	104	33	68	103	63	46	91	85	58	95	110	94	133	178	140	201	270	247	277	406	368	396	499	586	502	655	747	736	758	1000	788	917	928	770	637	681	428	306	304	245	109	130	161	119	62	126	127	74	97	123	80	78	110	79	53	99	84	29	80	87	27	56	84
64	170	2	2	119	0	1953125	12	0.0	0	0.70	0	0	V0.2	0	0	69	104	113	65	72	104	70	37	84	74	13	59	70	22	42	62	30	40	64	32	40	74	47	23	80	71	12	58	89	67	18	85	125	80	73	194	172	122	250	306	239	349	418	430	435	612	573	624	751	825	765	1000	864	961	929	831	677	687	448	333	304	229	88	125	140	89	16	108	125	58	53	130	108	7	94	126	60	44	112	92	7	75	94	42	32
64	170	1	2	119	0	1953125	12	0.0	0	0.71	0	0	V0.2	0	0	55	27	79	62	16	79	76	12	77	93	31	67	107	59	43	110	87	9	98	109	31	72	114	66	41	100	86	40	81	97	63	86	119	103	121	187	162	180	271	284	258	385	416	403	463	626	543	613	774	800	728	1000	868	894	922	847	620	664	494	301	271	281	150	89	155	153	72	97	136	102	72	118	102	65	99	99	50	81	96	46	56	92	55	28	80
64	170	1	2	119	0	1953125	12	0.0	0	0.71	0	0	V0.2	0	0	45	36	77	52	27	79	65	18	81	84	20	75	100	43	58	109	73	27	104	98	11	84	109	48	54	102	75	40	87	93	60	93	117	99	131	186	150	194	276	262	269	399	390	394	486	602	516	631	763	755	743	1000	818	893	929	790	623	671	453	294	290	261	127	111	163	138	64	118	135	87	91	126	92	74	110	93	52	97	92	35	76	93	38	51	87
64	170	1	2	119	0	1953125	12	0.0	0	0.71	0	0	V0.2	0	0	35	46	80	42	37	84	57	26	88	77	13	86	97	28	72	111	60	42	111	90	6	95	106	36	67	104	66	45	92	87	58	95	111	95	133	179	142	200	271	249	275	402	375	393	500	591	509	654	757	741	764	1000	803	915	936	781	643	683	441	304	305	251	113	127	163	123	62	124	128	76	95	122	80	76	110	81	53	97	84	29	78	88	29	54	83
64	170	1	2	119	0	1953125	12	0.0	0	0.70	0	0	V0.2	0	0	72	113	104	55	85	102	54	51	90	61	18	69	62	7	54	58	19	51	61	20	54	73	31	41	85	60	17	73	85	47	35	100	112	46	105	197	139	141	270	279	237	378	402	406	465	604	545	647	749	792	786	1000	840	976	933	801	703	683	420	355	309	195	98	149	129	53	52	125	110	19	89	134	78	33	116	114	26	75	116	68	25	92	84	17	52
64	170	1	2	119	0	1953125	12	0.0	0	0.71	0	0	V0.2	0	0	43	32	28	43	42	31	41	48	40	41	50	47	47	52	53	55	60	59	61	71	67	66	79	82	72	81	97	90	82	110	117	105	124	160	158	172	206	252	250	286	355	389	384	494	507	568	603	699	720	811	835	969	857	1000	905	823	714	655	461	378	291	247	183	158	156	151	125	130	134	128	112	116	117	104	91	98	94	77	74	79	68	57	64	60	50
64	170	1	2	119	0	1953125	12	0.0	0	0.71	0	0	V0.2	0	0	73	19	68	78	23	63	89	38	56	100	62	39	105	89	17	97	110	34	73	120	69	38	111	94	23	86	104	57	66	106	81	80	128	124	113	195	195	177	270	325	276	369	457	457	444	652	624	606	788	890	744	1000	959	926	918	921	655	641	544	344	235	289	204	83	135	177	113	77	139	135	76	112	128	82	91	116	73	69	106	73	40	93	80	17	74
64	170	1	2	119	0	1953125	12	0.0	0	0.71	0	0	V0.2	0	0	73	19	68	78	23	63	89	38	56	100	62	39	105	89	17	97	110	34	73	120	69	38	111	94	23	86	104	57	66	106	81	80	128	124	113	195	195	177	270	325	276	369	457	457	444	652	624	606	788	890	744	1000	959	926	918	921	655	641	544	344	235	289	204	83	135	177	113	77	139	135	76	112	128	82	91	116	73	69	106	73	40	93	80	17	74
64	170	1	2	119	0	1953125	12	0.0	0	0.71	0	0	V0.2	0	0	87	29	63	90	39	56	99	59	44	107	85	24	105	109	29	87	126	63	55	125	94	11	106	112	38	70	111	73	53	104	92	72	124	135	104	187	211	180	248	343	302	340	466	508	417	644	680	611	762	945	773	973	1000	979	886	954	703	607	556	395	201	277	235	100	101	177	139	59	119	149	87	86	129	96	66	113	91	48	94	91	30	74	92	34	50
64	170	1	2	119	0	1953125	12	0.0	0	0.71	0	0	V0.2	0	0	67	21	74	73	17	72	86	28	67	100	50	52	109	78	27	105	105	19	86	119	54	53	115	83	25	93	97	47	73	104	73	82	125	115	115	194	181	173	274	310	262	377	442	430	448	644	587	599	785	853	723	1000	918	893	917	885	621	650	521	316	246	287	182	74	144	170	94	81	139	122	70	116	119	72	96	109	61	74	104	62	46	96	71	17	80
64	170	1	2	119	0	1953125	12	0.0	0	0.71	0	0	V0.2	0	0	81	23	67	86	30	61	95	49	51	106	74	31	107	100	19	94	121	49	66	125	83	25	111	106	28	79	110	65	59	107	89	75	127	132	110	192	206	180	262	338	293	357	468	490	436	657	665	614	789	933	765	1000	993	962	916	954	686	632	561	376	217	290	225	88	118	181	128	64	131	146	80	99	130	88	78	116	84	56	101	85	30	84	89	25	62
64	170	1	2	119	0	1953125	12	0.0	0	0.71	0	0	V0.2	0	0	83	28	62	87	36	54	95	55	44	103	80	27	102	104	27	86	122	59	56	123	90	15	106	110	34	72	110	72	54	105	93	73	126	135	107	189	211	180	257	340	300	348	467	497	430	644	673	611	774	937	769	981	1000	964	902	949	693	616	558	385	210	282	233	97	110	180	137	64	127	150	87	95	132	96	73	118	89	54	100	90	32	81	92	32	58
64	170	1	2	119	0	1953125	12	0.0	0	0.71	0	0	V0.2	0	0	61	26	79	68	15	78	80	17	75	97	38	63	109	66	39	111	95	9	97	115	39	67	117	72	34	99	91	39	78	100	67	84	121	107	117	189	168	174	274	291	259	382	426	409	463	630	564	603	785	818	723	1000	889	883	935	857	619	662	508	300	267	283	162	81	153	159	77	92	139	108	69	118	107	66	97	104	52	79	100	51	52	94	61	23	80
64	170	1	2	119	0	1953125	12	0.0	0	0.71	0	0	V0.2	0	0	71	21	72	77	21	68	88	34	62	101	57	47	108	85	24	102	109	27	81	121	61	46	114	90	20	91	101	50	69	106	79	80	126	119	112	194	187	172	274	315	269	374	448	438	447	642	604	594	788	868	728	999	939	898	928	895	634	645	532	324	242	287	193	76	143	175	102	81	142	128	72	115	123	76	93	115	66	73	106	67	44	97	76	16	79
64	170	1	2	119	0	1953125	12	0.0	0	0.71	0	0	V0.2	0	0	22	63	79	26	57	86	39	50	96	61	35	101	86	16	94	108	32	72	118	68	39	112	93	15	90	104	45	64	97	75	63	104	102	98	145	168	140	222	267	228	311	415	345	424	536	558	526	707	741	731	831	1000	786	977	952	749	704	695	406	346	331	216	112	164	160	90	86	144	112	68	118	120	65	98	117	63	70	107	68	41	93	77	15	74	78
64	170	1	2	119	0	1953125	12	0.0	0	0.71	0	0	V0.2	0	0	66	20	74	72	16	71	84	26	66	98	49	52	107	76	28	104	101	18	86	118	52	54	115	82	24	93	97	45	72	102	73	81	123	114	113	191	179	172	273	307	263	377	439	427	453	638	588	600	785	848	725	999	920	894	930	881	630	652	523	316	252	284	180	77	145	169	93	84	140	120	72	116	117	69	95	109	59	75	103	61	47	95	71	18	80
64	170	1	2	119	0	1953125	12	0.0	0	0.71	0	0	V0.2	0	0	43	37	28	42	44	33	39	48	42	41	49	48	48	52	53	55	61	60	61	72	70	66	78	85	75	78	97	96	80	105	121	111	120	160	166	175	202	253	262	284	354	401	388	491	519	578	608	703	741	824	841	987	879	1000	930	837	723	667	477	381	297	254	191	157	155	158	130	128	136	135	115	114	121	110	92	97	98	80	73	80	73	58	62	64	52
64	170	1	2	119	0	1953125	12	0.0	0	0.70	0	0	V0.2	0	0	70	107	108	59	77	103	62	42	87	68	12	64	66	14	48	60	23	45	62	26	45	74	39	32	82	65	10	65	86	57	23	93	118	63	87	194	158	127	261	292	235	361	411	414	450	606	565	632	754	809	774	999	858	962	944	814	698	688	438	345	312	212	93	138	135	71	35	117	118	39	72	133	93	14	106	121	44	60	114	81	9	83	89	31	41
64	170	1	2	119	0	1953125	12	0.0	0	0.71	0	0	V0.2	0	0	64	19	72	70	15	69	82	25	64	96	47	51	105	75	25	101	100	17	85	115	51	53	112	81	26	92	95	46	72	102	73	82	124	114	116	192	178	175	272	304	262	377	436	428	450	637	582	601	781	844	721	1000	907	896	920	877	630	652	516	318	252	284	179	80	145	168	92	87	139	120	74	115	116	70	96	110	62	77	103	60	49	94	68	21	79
64	170	2	2	119	0	1953125	12	0.0	0	0.71	0	0	V0.2	0	0	45	34	30	45	43	33	42	48	41	42	51	49	49	53	54	56	62	61	62	72	69	67	81	83	73	82	98	91	81	110	119	105	124	162	157	171	206	249	252	285	354	392	382	494	509	565	606	700	721	819	833	973	867	1000	918	827	721	663	463	381	297	248	184	160	155	152	126	129	133	128	112	115	117	105	91	98	92	76	72	78	67	56	62	59	48
64	170	2	2	119	0	1953125	12	0.0	0	0.70	0	0	V0.2	0	0	72	110	98	51	85	97	48	52	86	54	21	69	57	8	55	54	19	53	58	18	55	71	25	45	84	53	20	74	81	41	39	101	104	40	110	193	132	147	271	270	239	385	392	407	475	595	548	656	745	794	792	999	839	979	933	798	711	684	415	367	310	186	109	152	121	43	61	126	103	11	95	131	69	41	118	107	17	81	113	60	32	93	79	11	55
64	170	2	2	119	0	1953125	12	0.0	0	0.70	0	0	V0.2	0	0	84	79	117	91	50	93	94	37	63	87	45	32	75	51	17	62	53	21	63	57	15	65	73	18	56	84	51	22	81	93	47	41	125	134	36	157	218	160	199	331	303	311	429	505	425	603	654	644	743	910	797	1000	960	994	935	919	699	678	521	345	268	274	145	63	132	139	61	47	124	121	28	86	134	87	27	116	114	28	72	113	67	23	86	80	17
64	170	2	2	119	0	1953125	12	0.0	0	0.70	0	0	V0.2	0	0	6	32	47	28	13	44	45	13	32	52	36	15	49	52	21	33	57	42	19	48	56	30	32	53	46	18	39	47	33	22	39	59	64	74	97	140	143	179	222	256	289	351	366	457	461	559	592	664	705	826	807	959	869	1000	894	834	726	643	451	378	266	199	140	111	82	67	58	73	67	58	64	77	68	58	68	74	59	51	65	66	46	45	60	52	29
64	170	2	2	119	0	1953125	12	0.0	0	0.70	0	0	V0.2	0	0	2	37	46	22	20	48	41	9	38	52	29	21	52	48	17	40	57	37	24	52	52	25	38	54	41	18	42	47	28	24	42	58	60	76	100	138	141	181	221	254	289	353	363	458	460	556	590	663	702	825	809	956	870	1000	890	833	726	640	450	381	263	196	143	113	78	65	61	76	64	57	69	79	63	57	71	72	54	54	69	62	43	50	62	47	28
64	170	2	2	119	0	1953125	12	0.0	0	0.70	0	0	V0.2	0	0	2	37	46	22	20	48	41	9	38	52	29	21	52	48	17	40	57	37	24	52	52	25	38	54	41	18	42	47	28	24	42	58	60	76	100	138	141	181	221	254	289	353	363	458	460	556	590	663	702	825	809	956	870	1000	890	833	726	640	450	381	263	196	143	113	78	65	61	76	64	57	69	79	63	57	71	72	54	54	69	62	43	50	62	47	28
64	170	2	2	119	0	1953125	12	0.0	0	0.71	0	0	V0.2	0	0	45	35	77	53	24	79	66	15	80	85	20	74	101	44	55	109	74	23	103	99	14	81	110	52	51	101	76	39	84	93	61	89	115	99	126	184	152	188	273	266	263	396	392	395	480	605	524	628	763	768	732	1000	831	890	932	805	623	674	462	297	290	263	130	105	160	141	64	112	134	89	84	123	92	73	108	93	51	91	92	36	69	92	43	44	84
64	170	2	2	119	0	1953125	12	0.0	0	0.70	0	0	V0.2	0	0	2	36	48	24	19	49	44	9	38	55	32	20	53	50	18	40	59	39	23	53	55	27	39	56	44	20	44	48	30	25	45	61	60	78	99	139	142	181	222	256	289	355	363	458	461	554	591	663	703	829	808	960	872	999	895	832	723	643	447	382	264	197	144	115	79	66	63	78	65	58	70	81	65	59	70	71	53	54	69	62	42	50	62	46	28
64	170	2	2	119	0	1953125	12	0.0	0	0.70	0	0	V0.2	0	0	76	115	97	53	91	99	46	59	90	52	26	73	56	9	59	54	17	55	58	17	58	71	22	50	85	50	27	78	80	36	46	103	100	32	117	192	122	155	272	262	238	391	383	404	477	594	539	663	738	787	790	1000	825	988	929	794	717	682	408	376	310	177	114	158	117	33	72	131	99	5	103	132	60	54	123	101	6	91	114	52	41	97	75	1	61
64	170	2	2	119	0	1953125	12	0.0	0	0.70	0	0	V0.2	0	0	76	115	97	53	91	99	46	59	90	52	26	73	56	9	59	54	17	55	58	17	58	71	22	50	85	50	27	78	80	36	46	103	100	32	117	192	122	155	272	262	238	391	383	404	477	594	539	663	738	787	790	1000	825	988	929	794	717	682	408	376	310	177	114	158	117	33	72	131	99	5	103	132	60	54	123	101	6	91	114	52	41	97	75	1	61
64	170	2	2	119	0	1953125	12	0.0	0	0.70	0	0	V0.2	0	0	43	35	5	34	45	26	17	46	44	14	35	52	33	19	50	51	23	35	57	42	22	48	54	28	32	47	42	21	30	47	44	38	62	95	92	126	151	188	209	258	296	351	361	465	457	559	591	665	699	835	798	961	878	1000	887	852	718	635	464	383	248	208	156	102	65	79	76	65	47	72	82	64	54	76	76	54	53	73	65	42	53	67	51	31	49
64	170	2	2	119	0	1953125	12	0.0	0	0.70	0	0	V0.2	0	0	66	102	105	57	74	99	60	40	83	66	10	61	65	15	44	59	25	42	61	27	43	72	40	29	79	64	7	61	83	57	21	87	116	67	82	191	158	127	253	294	232	358	405	420	440	606	560	631	742	814	763	1000	852	962	926	820	687	688	436	345	307	215	91	134	132	74	29	111	117	44	64	128	95	12	102	119	48	54	110	82	5	79	89	33	38
64	170	2	2	119	0	1953125	12	0.0	0	0.70	0	0	V0.2	0	0	84	114	82	55	96	87	34	69	82	35	40	72	41	22	61	43	23	59	47	18	64	61	7	60	80	34	43	82	67	20	60	105	80	29	133	178	96	183	267	232	257	400	348	408	485	564	524	675	708	769	800	973	800	1000	893	773	725	652	388	395	287	154	140	161	90	17	92	127	73	36	120	117	30	81	126	78	24	105	103	25	63	98	58	19	71
64	170	2	2	119	0	1953125	12	0.0	0	0.70	0	0	V0.2	0	0	84	114	82	55	96	87	34	69	82	35	40	72	41	22	61	43	23	59	47	18	64	61	7	60	80	34	43	82	67	20	60	105	80	29	133	178	96	183	267	232	257	400	348	408	485	564	524	675	708	769	800	973	800	1000	893	773	725	652	388	395	287	154	140	161	90	17	92	127	73	36	120	117	30	81	126	78	24	105	103	25	63	98	58	19	71
64	170	2	2	119	0	1953125	12	0.0	0	0.70	0	0	V0.2	0	0	42	17	21	44	36	8	35	48	27	21	48	45	16	37	54	35	23	50	51	24	38	57	41	22	47	48	27	23	41	47	31	40	73	94	83	135	157	183	209	267	292	350	363	470	452	567	593	667	703	842	793	971	873	1000	888	852	709	645	462	374	248	217	148	91	73	87	70	53	56	80	74	54	65	81	66	50	66	72	52	46	64	60	37	43	56
64	170	1	2	119	0	1953125	12	0.0	0	0.70	0	0	V0.2	0	0	34	4	36	45	22	19	46	41	12	36	51	30	21	50	48	19	38	56	39	22	51	54	27	34	55	40	19	35	45	39	24	49	76	86	82	141	155	176	213	268	287	351	366	467	454	568	591	668	705	838	796	973	871	1000	897	847	710	652	461	369	259	216	139	95	83	84	59	54	67	77	63	57	75	76	55	61	72	62	47	59	65	49	39	54	52
64	170	1	2	119	0	1953125	12	0.0	0	0.70	0	0	V0.2	0	0	34	4	36	45	22	19	46	41	12	36	51	30	21	50	48	19	38	56	39	22	51	54	27	34	55	40	19	35	45	39	24	49	76	86	82	141	155	176	213	268	287	351	366	467	454	568	591	668	705	838	796	973	871	1000	897	847	710	652	461	369	259	216	139	95	83	84	59	54	67	77	63	57	75	76	55	61	72	62	47	59	65	49	39	54	52
64	170	1	2	119	0	1953125	12	0.0	0	0.70	0	0	V0.2	0	0	71	92	115	75	57	99	83	29	72	84	30	43	74	41	26	64	46	23	65	54	16	67	71	15	57	83	49	21	79	91	49	35	120	135	40	147	213	169	183	320	310	306	407	513	415	585	649	645	710	904	788	972	940	1000	894	915	704	639	520	368	227	266	179	49	101	145	100	4	94	138	82	34	123	123	32	76	124	80	16	95	98	31	50	85	56
64	170	1	2	119	0	1953125	12	0.0	0	0.70	0	0	V0.2	0	0	16	44	39	8	33	48	29	16	48	46	16	36	54	36	21	51	51	24	39	57	41	25	51	51	29	31	50	40	20	36	50	52	55	86	101	131	143	190	215	255	293	355	356	464	458	555	587	667	694	832	799	957	866	1000	878	839	718	635	449	385	253	198	151	111	69	70	73	73	54	63	79	73	54	68	78	64	50	65	69	50	45	61	56	34	39
64	170	1	2	119	0	1953125	12	0.0	0	0.70	0	0	V0.2	0	0	71	104	116	69	70	105	77	35	83	81	21	55	75	32	35	66	40	30	67	48	23	72	65	4	67	82	37	33	84	87	35	53	127	124	34	169	211	152	207	332	293	317	427	504	418	611	649	643	739	911	786	999	951	1000	923	923	703	667	524	355	249	276	161	48	120	146	83	22	111	134	60	58	132	112	10	96	125	63	39	107	92	13	69	89	45
64	170	1	2	119	0	1953125	12	0.0	0	0.70	0	0	V0.2	0	0	16	20	44	40	10	28	48	37	10	37	52	34	16	47	53	28	26	52	51	25	34	55	46	22	38	47	40	20	29	45	46	41	55	90	98	126	141	191	216	249	290	358	357	454	457	558	579	662	700	826	801	962	869	1000	891	836	719	647	450	375	266	208	136	104	87	78	54	59	69	72	60	61	72	74	57	57	69	67	51	50	62	60	41	40	53
64	170	1	2	119	0	1953125	12	0.0	0	0.70	0	0	V0.2	0	0	45	36	4	36	48	26	16	46	45	15	33	53	37	15	48	53	27	30	56	47	20	45	56	35	26	44	46	27	23	44	49	44	57	92	98	127	146	192	214	252	296	356	358	464	461	558	592	665	703	832	803	960	874	999	889	838	724	637	453	384	255	195	149	110	69	66	68	75	57	57	75	76	56	60	75	70	51	57	70	58	42	54	61	45	29
64	170	1	2	119	0	1953125	12	0.0	0	0.70	0	0	V0.2	0	0	81	111	80	54	93	84	34	68	81	34	40	71	41	21	60	44	22	58	48	19	62	60	8	60	78	33	42	79	65	18	58	103	77	30	131	176	98	181	265	231	256	396	352	406	489	564	531	677	714	771	807	973	815	1000	903	781	734	657	401	395	294	156	141	160	91	20	92	125	72	36	117	117	28	78	124	79	23	104	102	26	63	97	57	18	71
64	170	1	2	119	0	1953125	12	0.0	0	0.70	0	0	V0.2	0	0	19	21	46	37	5	37	49	26	21	50	46	13	40	56	34	22	53	51	22	39	58	41	23	50	54	26	31	47	40	26	32	59	70	75	92	144	146	176	221	262	286	353	366	458	457	561	588	664	703	829	801	965	871	1000	897	836	721	648	449	374	267	204	135	107	86	74	54	67	72	65	58	72	75	62	58	72	67	51	57	68	55	40	54	58	36
64	170	1	2	119	0	1953125	12	0.0	0	0.70	0	0	V0.2	0	0	5	33	48	27	15	46	45	12	33	52	35	15	49	52	20	35	57	42	20	49	54	29	32	54	45	18	39	47	31	22	39	59	63	74	96	142	142	180	221	257	286	354	362	457	456	558	586	663	698	825	799	957	865	1000	890	831	725	641	446	379	265	197	138	111	82	66	57	72	67	57	64	76	67	56	66	74	59	51	66	65	45	46	61	51	29
64	170	1	2	119	0	1953125	12	0.0	0	0.70	0	0	V0.2	0	0	5	33	48	27	15	46	45	12	33	52	35	15	49	52	20	35	57	42	20	49	54	29	32	54	45	18	39	47	31	22	39	59	63	74	96	142	142	180	221	257	286	354	362	457	456	558	586	663	698	825	799	957	865	1000	890	831	725	641	446	379	265	197	138	111	82	66	57	72	67	57	64	76	67	56	66	74	59	51	66	65	45	46	61	51	29
64	170	1	2	119	0	1953125	12	0.0	0	0.70	0	0	V0.2	0	0	112	66	77	105	71	45	88	77	21	63	75	26	41	68	36	29	63	40	28	65	50	17	68	67	11	54	83	51	26	77	90	47	53	133	119	73	166	231	169	233	341	332	313	495	454	493	604	669	635	824	808	891	866	1000	820	836	728	574	465	406	204	206	201	107	34	115	125	68	36	125	121	33	78	132	85	21	105	109	34	60	102	66	13	72	72
64	170	1	2	119	0	1953125	12	0.0	0	0.70	0	0	V0.2	0	0	39	41	15	24	46	34	10	40	47	21	27	51	40	17	44	53	28	31	55	45	22	47	54	30	31	48	42	20	29	49	44	36	64	97	90	126	155	188	207	259	298	349	359	468	457	558	599	665	703	840	800	962	882	1000	894	847	725	638	465	377	250	212	153	95	71	85	74	56	52	79	78	56	62	82	67	50	65	73	54	47	64	61	39	41	57
64	170	1	2	119	0	1953125	12	0.0	0	0.70	0	0	V0.2	0	0	12	29	50	34	9	44	51	19	29	54	41	12	47	56	27	30	59	48	21	47	59	35	30	55	52	21	37	51	37	25	38	62	67	76	96	144	145	178	223	261	286	356	365	460	462	560	593	667	704	834	805	964	873	999	900	834	726	651	449	378	270	200	139	113	85	70	56	74	71	60	64	78	71	60	65	76	62	51	63	67	48	42	60	54	30
64	170	1	2	119	0	1953125	12	0.0	0	0.70	0	0	V0.2	0	0	12	29	50	34	9	44	51	19	29	54	41	12	47	56	27	30	59	48	21	47	59	35	30	55	52	21	37	51	37	25	38	62	67	76	96	144	145	178	223	261	286	356	365	460	462	560	593	667	704	834	805	964	873	999	900	834	726	651	449	378	270	200	139	113	85	70	56	74	71	60	64	78	71	60	65	76	62	51	63	67	48	42	60	54	30
64	170	1	2	119	0	1953125	12	0.0	0	0.71	0	0	V0.2	0	0	28	53	79	35	46	86	50	37	92	71	22	94	94	19	81	111	49	55	113	80	21	102	100	24	78	104	57	53	93	81	59	99	105	95	137	174	135	208	267	237	282	410	354	402	507	575	503	672	741	732	776	1000	784	932	934	756	662	688	417	320	318	236	106	142	162	108	66	131	121	69	103	120	71	82	110	71	58	100	76	30	85	81	18	63	81
64	170	1	2	119	0	1953125	12	0.0	0	0.71	0	0	V0.2	0	0	36	82	63	22	78	74	17	77	90	31	68	106	58	49	111	88	18	101	113	33	72	119	71	32	106	95	27	80	99	65	70	109	97	103	147	163	143	235	258	224	326	418	325	444	535	546	529	720	721	731	825	1000	767	985	947	734	704	699	391	343	333	220	102	160	168	100	75	144	124	67	113	127	72	91	118	74	62	108	81	33	91	90	19	68	89
64	170	2	2	119	0	1953125	12	0.0	0	0.71	0	0	V0.2	0	0	43	83	53	29	83	66	17	83	83	17	78	102	42	60	113	75	28	107	102	15	86	116	54	49	110	85	30	88	93	57	75	106	89	106	145	150	145	234	240	222	330	401	313	454	524	519	534	719	691	730	838	969	765	1000	920	726	720	681	379	364	330	201	113	171	156	82	86	143	109	66	117	118	63	96	113	63	66	103	68	37	90	77	12	70	80
64	170	2	2	119	0	1953125	12	0.0	0	0.71	0	0	V0.2	0	0	20	70	71	15	64	80	27	57	92	50	42	99	76	19	94	100	25	73	113	62	39	108	90	16	86	101	47	59	95	77	60	102	105	94	138	174	137	210	266	239	283	407	358	402	504	581	507	666	746	739	761	1000	797	918	935	776	643	683	441	302	305	256	116	119	164	132	59	117	134	85	85	124	92	70	106	93	49	90	93	38	66	91	46	38	82
64	170	1	2	119	0	1953125	12	0.0	0	0.71	0	0	V0.2	0	0	35	81	60	21	78	72	13	78	88	26	69	103	54	48	110	85	15	100	109	30	74	117	67	37	106	92	30	81	97	64	71	108	95	103	147	160	143	233	255	226	324	415	329	444	533	545	529	719	720	737	830	1000	779	991	945	746	707	697	398	347	331	219	105	160	164	98	76	141	120	67	111	125	72	89	113	73	60	104	78	32	87	85	20	64	85
64	170	2	2	119	0	1953125	12	0.0	0	0.71	0	0	V0.2	0	0	54	77	34	43	80	46	34	86	65	22	88	88	20	79	106	49	54	111	80	15	98	102	26	70	107	63	42	95	81	51	83	98	80	115	137	134	159	231	210	227	340	364	299	478	495	473	563	702	627	737	833	891	752	1000	849	707	734	624	357	392	304	156	142	181	128	63	114	142	82	81	128	100	60	111	101	50	86	101	48	60	95	59	29	82	66
64	170	2	2	119	0	1953125	12	0.0	0	0.71	0	0	V0.2	0	0	51	34	82	58	23	83	72	14	83	91	24	74	106	51	54	113	82	20	105	107	19	81	114	57	48	103	80	37	84	95	60	88	116	98	121	185	152	181	271	270	254	391	398	393	469	613	524	617	765	777	718	1000	839	881	928	811	617	669	472	293	285	271	136	97	159	145	61	104	135	92	76	121	97	65	102	93	46	86	93	37	63	91	47	35	82
64	170	2	2	119	0	1953125	12	0.0	0	0.71	0	0	V0.2	0	0	85	41	46	87	52	37	92	70	25	94	93	23	86	112	48	63	121	82	27	112	106	17	86	116	57	50	106	87	45	97	100	75	117	143	107	174	216	193	228	337	321	326	443	528	415	607	690	627	713	941	791	930	981	1000	846	927	734	577	530	420	200	248	243	130	77	165	155	74	104	154	105	76	129	111	62	107	105	50	83	100	46	59	94	53	34
64	170	2	2	119	0	1953125	12	0.0	0	0.71	0	0	V0.2	0	0	54	80	37	43	82	49	32	88	70	19	88	93	23	77	110	55	50	114	85	10	98	107	32	68	109	67	40	95	84	51	83	101	81	114	139	135	157	233	217	226	340	373	300	473	505	480	558	712	638	733	836	905	754	1000	868	707	733	637	360	385	313	165	135	182	135	64	109	144	88	76	125	104	59	107	106	49	81	102	51	53	94	63	22	78	69
64	170	1	2	119	0	1953125	12	0.0	0	0.71	0	0	V0.2	0	0	85	33	55	87	44	46	95	63	34	101	87	19	97	110	36	75	123	71	41	119	100	7	97	114	47	62	110	80	49	101	96	74	121	139	106	181	213	187	239	342	312	337	455	519	420	628	686	624	740	950	785	959	1000	994	874	948	727	598	548	410	205	264	241	117	92	174	147	67	113	152	97	82	130	105	63	112	99	50	89	95	40	67	92	45	43
64	170	2	2	119	0	1953125	12	0.0	0	0.71	0	0	V0.2	0	0	59	74	25	49	79	37	42	86	57	28	91	81	14	84	102	37	62	111	70	26	102	96	16	77	104	54	50	95	75	51	87	95	80	119	133	130	166	228	202	237	340	351	305	484	483	468	576	695	613	750	830	870	768	1000	830	721	738	607	367	401	295	152	157	182	117	67	122	137	74	89	127	93	66	114	96	49	90	96	41	65	92	49	37	81	58
64	170	2	2	119	0	1953125	12	0.0	0	0.70	0	0	V0.2	0	0	68	107	102	54	79	99	55	46	85	61	14	65	62	10	49	57	21	47	59	23	48	71	34	35	81	60	12	66	83	51	26	94	112	54	94	194	148	135	262	286	232	372	403	411	454	605	552	642	742	805	774	1000	849	970	932	810	701	683	428	352	311	203	95	142	130	61	42	118	113	30	77	132	86	21	109	115	36	66	113	74	15	85	86	24	45
64	170	2	2	119	0	1953125	12	0.0	0	0.70	0	0	V0.2	0	0	3	38	46	20	21	48	40	6	40	52	28	22	53	47	14	41	57	34	25	53	51	23	39	55	40	18	44	46	26	23	43	60	59	77	99	138	141	184	220	256	288	356	362	460	458	558	586	664	698	828	803	957	865	1000	884	830	724	637	445	381	262	195	142	113	76	64	62	74	62	55	69	76	61	58	70	72	53	54	69	62	42	52	62	46	29
64	170	2	2	119	0	1953125	12	0.0	0	0.70	0	0	V0.2	0	0	68	105	111	62	74	104	68	39	85	72	11	62	69	20	45	63	27	42	64	30	42	75	45	27	81	70	9	61	89	64	20	90	122	72	78	195	167	124	254	303	234	356	416	423	438	613	566	629	748	819	763	1000	859	960	931	824	687	684	444	335	307	224	88	130	139	82	22	111	123	52	59	129	102	4	99	124	54	50	112	87	1	78	92	38	35
64	170	2	2	119	0	1953125	12	0.0	0	0.71	0	0	V0.2	0	0	62	21	77	68	13	76	82	18	73	97	40	59	108	68	34	107	96	8	92	114	42	63	114	75	33	96	92	42	76	100	68	82	121	108	114	188	168	172	268	295	255	378	424	416	447	631	563	599	771	830	713	1000	891	890	915	860	624	654	504	309	259	284	168	80	148	160	80	86	135	111	69	113	108	66	92	102	55	74	97	53	47	90	63	20	76
64	170	2	2	119	0	1953125	12	0.0	0	0.71	0	0	V0.2	0	0	19	71	70	14	67	79	23	63	92	43	52	102	68	31	102	94	12	88	111	43	61	113	74	28	99	91	32	76	93	63	71	105	91	103	146	154	143	232	246	220	327	402	314	450	525	518	535	718	683	729	833	953	757	999	896	722	726	662	368	377	318	180	128	179	141	71	107	144	91	78	128	106	61	110	105	52	85	104	49	59	96	58	31	83	65
64	170	2	2	119	0	1953125	12	0.0	0	0.71	0	0	V0.2	0	0	21	73	66	11	70	76	15	68	89	34	60	102	59	39	105	86	10	94	106	32	70	114	64	37	103	87	31	81	92	60	73	103	88	105	143	147	146	232	234	220	330	388	308	457	512	500	541	713	656	729	833	925	756	1000	870	717	727	641	362	385	308	166	138	181	131	65	113	141	80	82	129	99	61	112	100	48	87	99	43	62	93	50	36	81	57
64	170	2	2	119	0	1953125	12	0.0	0	0.70	0	0	V0.2	0	0	71	106	112	63	76	105	68	42	86	72	12	62	69	19	44	61	27	41	63	29	41	74	44	26	80	68	9	60	87	62	20	88	122	72	79	195	165	123	255	301	233	357	415	422	439	610	565	626	747	819	761	1000	857	955	928	818	683	684	437	335	305	219	85	129	136	81	23	111	123	50	60	131	102	4	98	125	54	52	112	87	0	79	94	37	36
64	170	2	2	119	0	1953125	12	0.0	0	0.70	0	0	V0.2	0	0	10	28	47	31	9	42	47	18	28	52	40	12	45	53	26	29	56	46	19	45	57	34	29	52	50	21	36	47	36	23	36	61	66	74	94	142	144	177	221	261	286	354	366	459	458	561	586	667	700	828	801	961	867	1000	892	834	722	646	448	376	267	202	136	111	85	70	55	72	70	61	62	77	72	60	63	74	63	50	62	67	49	43	59	55	31
64	170	2	2	119	0	1953125	12	0.0	0	0.70	0	0	V0.2	0	0	69	100	114	68	69	103	74	35	83	78	16	57	73	27	39	64	33	37	65	37	36	74	52	18	77	74	16	54	88	69	16	81	124	86	64	189	178	120	243	311	241	343	419	436	427	611	579	620	745	836	756	1000	877	955	929	837	680	684	455	331	300	234	91	118	141	96	7	102	127	66	45	126	112	20	87	126	69	35	107	95	14	69	94	47	25
64	170	2	2	119	0	1953125	12	0.0	0	0.70	0	0	V0.2	0	0	72	110	98	52	85	97	49	53	87	55	20	69	58	7	54	56	19	51	58	18	53	70	26	43	82	53	19	73	80	41	36	100	106	41	108	193	133	148	269	274	237	384	394	408	468	603	544	658	743	796	786	1000	838	983	927	801	712	680	415	364	310	190	104	151	123	46	58	124	104	14	91	131	73	39	115	108	19	80	114	63	30	92	81	13	55
64	170	2	2	119	0	1953125	12	0.0	0	0.70	0	0	V0.2	0	0	3	35	48	25	16	48	45	11	36	55	34	18	52	52	19	38	58	41	22	52	55	28	36	56	45	19	43	49	31	23	43	61	61	75	98	140	140	181	221	257	288	355	364	458	457	559	584	662	699	826	802	958	866	1000	886	828	722	637	443	378	263	197	140	114	82	67	61	76	67	58	68	79	66	58	70	74	56	53	68	64	44	48	61	48	28
64	170	2	2	119	0	1953125	12	0.0	0	0.70	0	0	V0.2	0	0	72	92	115	75	60	100	82	31	75	81	25	48	73	35	30	63	40	29	63	44	25	71	59	6	69	78	29	40	85	78	23	66	126	105	44	179	196	128	224	320	260	325	426	461	418	611	608	621	745	864	763	999	908	962	932	867	684	682	483	329	292	253	106	97	140	115	21	82	129	91	17	113	126	47	63	125	90	11	96	106	38	52	94	63	9
64	170	2	2	119	0	1953125	12	0.0	0	0.70	0	0	V0.2	0	0	15	23	46	35	6	38	48	23	23	50	43	12	41	54	31	24	53	49	21	40	57	38	24	50	51	23	31	45	38	24	30	58	69	74	91	142	146	177	220	262	287	352	368	459	457	563	588	664	705	827	803	965	870	1000	896	833	724	645	451	373	268	204	135	107	86	74	53	67	71	64	60	73	74	63	58	73	67	50	57	67	54	40	54	57	36
64	170	2	2	119	0	1953125	12	0.0	0	0.70	0	0	V0.2	0	0	70	110	107	56	81	103	58	46	88	65	14	67	65	10	50	60	22	47	61	23	49	74	36	36	83	62	12	69	85	51	29	96	114	54	95	196	147	132	264	286	231	370	402	410	451	603	550	633	745	802	768	1000	841	962	928	796	696	679	419	349	307	202	93	143	132	62	43	120	114	29	79	133	87	22	110	116	34	67	115	74	17	87	86	23	47
64	170	2	2	119	0	1953125	12	0.0	0	0.70	0	0	V0.2	0	0	18	45	38	5	35	47	27	16	47	45	14	36	54	34	20	51	51	21	39	56	39	25	50	50	28	30	49	39	17	33	49	52	54	85	101	131	143	190	218	254	296	357	361	465	462	558	592	667	699	833	802	956	871	1000	883	833	726	631	449	383	253	196	150	109	67	68	71	72	51	61	78	72	54	69	77	65	50	66	69	51	44	61	58	33	39
64	170	2	2	119	0	1953125	12	0.0	0	0.70	0	0	V0.2	0	0	34	4	36	46	23	19	47	42	12	38	52	31	22	52	49	20	40	58	40	24	53	55	28	36	57	41	21	38	46	38	26	52	79	85	86	144	157	178	219	271	293	355	375	470	462	572	600	668	717	842	806	977	881	1000	904	842	719	650	459	368	263	215	141	96	86	88	59	56	69	79	63	61	76	76	54	62	74	63	47	61	66	47	40	56	52
64	170	2	2	119	0	1953125	12	0.0	0	0.70	0	0	V0.2	0	0	34	4	36	46	23	19	47	42	12	38	52	31	22	52	49	20	40	58	40	24	53	55	28	36	57	41	21	38	46	38	26	52	79	85	86	144	157	178	219	271	293	355	375	470	462	572	600	668	717	842	806	977	881	1000	904	842	719	650	459	368	263	215	141	96	86	88	59	56	69	79	63	61	76	76	54	62	74	63	47	61	66	47	40	56	52
64	170	2	2	119	0	1953125	12	0.0	0	0.70	0	0	V0.2	0	0	80	115	93	54	92	95	42	62	87	46	30	72	51	12	59	50	19	56	54	15	61	68	16	54	84	46	32	80	77	31	49	105	97	28	123	192	118	165	278	257	248	399	382	409	488	592	545	673	742	791	805	1000	834	999	932	789	735	678	405	383	310	171	122	160	113	27	77	130	92	11	107	131	53	61	126	98	1	95	113	47	47	99	73	4	65
64	170	2	2	119	0	1953125	12	0.0	0	0.70	0	0	V0.2	0	0	21	44	37	5	36	47	25	19	48	44	13	38	54	31	22	53	49	20	42	56	37	27	51	48	26	31	48	38	17	35	49	50	54	86	101	130	146	190	218	255	299	357	363	466	462	557	594	666	701	834	808	957	878	999	887	836	728	631	452	384	253	197	152	109	68	70	71	71	51	64	79	71	53	70	76	60	50	67	68	49	47	62	56	33	42
64	170	2	2	119	0	1953125	12	0.0	0	0.70	0	0	V0.2	0	0	73	93	118	77	61	103	85	31	78	84	27	50	76	37	30	65	43	29	65	47	26	71	62	7	71	79	29	41	87	80	23	67	129	106	45	182	199	129	229	323	263	327	430	463	420	614	614	621	750	867	765	1000	911	962	935	867	687	683	484	329	291	255	108	96	142	118	21	85	131	91	18	115	125	45	69	129	89	11	98	106	36	53	95	63	10
64	170	2	2	119	0	1953125	12	0.0	0	0.70	0	0	V0.2	0	0	25	13	42	42	11	30	49	33	13	46	49	19	33	54	41	17	48	54	28	31	57	47	22	43	55	32	23	42	42	29	26	54	74	77	87	143	151	174	220	265	289	352	371	461	458	563	591	662	710	833	806	970	880	1000	905	839	725	651	458	372	268	212	136	102	88	81	53	61	72	72	57	67	76	70	53	67	71	55	50	66	61	42	46	59	45
64	170	2	2	119	0	1953125	12	0.0	0	0.71	0	0	V0.2	0	0	85	31	58	89	42	50	97	61	37	103	86	21	99	111	34	79	124	68	46	122	99	6	100	114	43	64	110	78	50	101	96	73	122	138	107	183	215	185	245	342	310	339	461	517	422	637	687	621	753	951	779	968	1000	988	880	948	720	605	550	405	205	270	237	110	97	177	144	65	117	153	92	84	132	103	63	112	97	48	91	95	38	69	93	43	45
64	170	2	2	119	0	1953125	12	0.0	0	0.71	0	0	V0.2	0	0	76	18	72	82	22	67	93	39	59	105	64	39	109	92	16	100	115	36	75	124	71	38	113	98	23	86	106	57	63	105	83	74	125	124	109	190	197	173	266	327	277	364	456	466	436	650	632	603	781	906	736	1000	967	930	917	924	664	640	542	351	231	290	206	79	129	178	113	68	134	135	72	104	127	80	80	113	75	58	100	76	33	85	81	16	66
64	170	2	2	119	0	1953125	12	0.0	0	0.70	0	0	V0.2	0	0	70	108	102	56	82	100	55	48	87	62	16	66	62	8	50	58	20	46	60	22	48	71	33	37	81	59	13	68	82	49	28	94	113	53	97	194	148	133	266	285	233	373	405	410	458	603	553	639	747	805	777	1000	851	968	932	805	702	684	422	352	312	201	95	145	129	60	45	121	111	28	79	133	85	23	110	115	34	69	114	73	18	89	87	23	48
64	170	2	2	119	0	1953125	12	0.0	0	0.70	0	0	V0.2	0	0	36	43	18	23	45	36	9	38	47	24	24	50	42	16	43	53	30	27	55	48	22	45	55	33	30	46	44	21	29	48	47	37	65	96	94	125	156	189	211	260	303	350	366	471	462	560	601	666	707	840	805	961	885	1000	893	845	726	634	463	377	249	209	153	97	69	83	73	59	51	78	78	58	61	81	69	51	64	73	55	45	62	62	41	40	56
64	170	2	2	119	0	1953125	12	0.0	0	0.70	0	0	V0.2	0	0	86	114	83	57	96	87	38	68	83	38	38	71	44	17	58	45	17	55	48	13	59	60	9	54	76	38	36	74	68	33	45	98	94	26	119	185	115	161	273	253	247	395	379	404	489	586	539	670	738	785	809	996	836	1000	928	793	739	677	409	386	309	168	127	159	102	18	76	124	86	10	102	125	52	56	121	97	2	90	111	49	43	96	74	3	60
64	170	2	2	119	0	1953125	12	0.0	0	0.70	0	0	V0.2	0	0	86	114	83	57	96	87	38	68	83	38	38	71	44	17	58	45	17	55	48	13	59	60	9	54	76	38	36	74	68	33	45	98	94	26	119	185	115	161	273	253	247	395	379	404	489	586	539	670	738	785	809	996	836	1000	928	793	739	677	409	386	309	168	127	159	102	18	76	124	86	10	102	125	52	56	121	97	2	90	111	49	43	96	74	3	60
64	170	2	2	119	0	1953125	12	0.0	0	0.70	0	0	V0.2	0	0	7	41	44	15	26	49	38	8	43	52	24	27	55	44	15	46	57	31	30	55	49	22	44	55	36	22	47	45	24	28	47	57	57	77	103	134	143	184	223	255	295	356	367	459	464	558	590	664	703	828	812	955	879	1000	888	829	730	632	449	380	261	196	146	114	75	66	66	77	60	59	74	78	58	63	75	70	51	59	70	58	42	55	61	42	32
64	170	2	2	119	0	1953125	12	0.0	0	0.71	0	0	V0.2	0	0	30	50	78	38	41	83	52	31	90	72	17	89	93	21	76	109	51	50	112	83	14	98	102	28	72	103	60	49	92	82	60	96	109	93	137	175	142	205	272	242	286	408	366	403	511	581	513	666	750	738	776	1000	796	927	939	763	664	686	425	316	316	242	108	138	163	116	67	132	124	74	101	122	76	84	111	77	58	101	80	33	84	84	23	61	82
64	170	2	2	119	0	1953125	12	0.0	0	0.70	0	0	V0.2	0	0	28	44	28	11	41	43	15	28	48	35	15	44	49	22	32	54	41	19	48	52	28	34	53	42	24	38	47	30	20	40	47	43	56	88	99	125	150	189	213	255	301	351	365	464	462	556	594	665	702	830	809	954	883	1000	888	843	730	630	461	382	252	203	153	104	67	76	73	66	48	69	78	64	55	75	74	56	56	71	64	46	54	63	49	34	48
64	170	2	2	119	0	1953125	12	0.0	0	0.70	0	0	V0.2	0	0	73	112	92	49	88	93	40	58	86	48	28	72	53	12	59	52	20	56	55	18	59	69	19	53	83	45	29	78	76	31	47	102	97	28	123	188	119	162	274	259	250	393	386	408	485	594	542	667	745	788	810	1000	841	998	930	795	736	675	412	380	309	177	121	159	114	32	74	129	92	12	104	128	54	58	122	95	3	92	110	48	44	96	71	4	62
64	170	2	2	119	0	1953125	12	0.0	0	0.70	0	0	V0.2	0	0	11	41	42	12	28	48	32	11	43	48	19	29	53	39	15	46	54	27	31	55	46	21	44	52	33	22	46	42	21	26	45	55	56	77	101	133	142	184	220	253	293	352	365	458	462	558	590	663	703	825	806	952	873	1000	885	833	733	631	453	382	261	196	146	113	73	66	66	74	57	57	72	75	58	61	73	68	51	59	69	57	43	55	61	41	33
64	170	2	2	119	0	1953125	12	0.0	0	0.70	0	0	V0.2	0	0	74	107	82	47	88	86	34	61	80	38	32	69	46	17	58	47	20	55	50	17	60	62	13	54	78	37	33	76	70	24	50	99	88	27	126	181	111	171	270	247	256	392	374	407	487	581	537	672	731	778	810	984	832	1000	915	792	740	662	410	387	302	169	129	158	102	25	81	125	81	22	108	121	43	65	121	87	11	96	105	38	52	95	65	10	64
64	170	1	2	119	0	1953125	12	0.0	0	0.70	0	0	V0.2	0	0	37	39	14	26	44	32	13	40	45	22	28	50	39	19	45	51	29	32	54	44	24	47	53	31	33	47	42	22	32	47	42	37	66	93	93	126	156	188	210	260	302	348	369	467	459	560	594	666	708	836	811	961	889	1000	889	851	726	634	467	376	255	214	152	99	75	87	72	59	56	80	75	58	64	82	66	52	67	72	54	49	63	60	40	43	55
64	170	1	2	119	0	1953125	12	0.0	0	0.70	0	0	V0.2	0	0	78	108	82	51	90	86	35	61	81	40	33	69	46	13	56	46	16	51	49	14	55	60	13	48	73	39	28	68	67	34	38	91	94	34	110	184	123	154	268	261	245	387	385	408	478	593	542	665	740	793	802	1000	843	996	929	804	734	678	418	381	309	179	118	154	107	28	66	118	88	4	92	121	59	45	113	98	11	81	108	55	34	90	76	10	54
64	170	1	2	119	0	1953125	12	0.0	0	0.70	0	0	V0.2	0	0	78	108	82	51	90	86	35	61	81	40	33	69	46	13	56	46	16	51	49	14	55	60	13	48	73	39	28	68	67	34	38	91	94	34	110	184	123	154	268	261	245	387	385	408	478	593	542	665	740	793	802	1000	843	996	929	804	734	678	418	381	309	179	118	154	107	28	66	118	88	4	92	121	59	45	113	98	11	81	108	55	34	90	76	10	54
64	170	1	2	119	0	1953125	12	0.0	0	0.70	0	0	V0.2	0	0	5	39	45	18	24	48	38	7	41	52	26	24	54	45	14	43	55	32	26	53	50	22	40	53	37	18	44	45	24	23	43	59	59	74	102	137	140	184	221	255	291	354	364	458	456	561	584	664	700	823	803	953	863	1000	878	826	726	629	444	379	258	195	140	111	74	63	60	74	60	56	70	76	60	59	70	71	52	54	68	60	41	52	61	45	29
64	170	1	2	119	0	1953125	12	0.0	0	0.71	0	0	V0.2	0	0	29	51	78	36	43	83	50	33	90	70	19	90	93	20	78	110	49	52	113	81	17	100	100	25	74	104	58	49	92	83	59	96	108	93	137	174	140	206	269	242	286	410	361	404	507	580	504	671	742	736	776	1000	788	934	930	758	662	685	416	317	314	239	105	141	162	112	65	130	122	72	101	121	74	83	110	75	58	101	77	34	84	83	21	62	82
64	170	2	2	119	0	1953125	12	0.0	0	0.70	0	0	V0.2	0	0	43	31	8	39	44	18	26	46	37	13	43	50	24	30	53	43	19	47	55	30	32	57	47	22	45	50	30	19	41	47	35	37	75	95	84	132	160	184	209	267	299	349	370	471	457	568	596	670	709	839	803	969	878	1000	892	847	719	641	463	368	257	218	141	93	82	88	62	51	65	81	65	55	75	79	54	58	75	65	46	58	68	49	37	56	54
64	170	2	2	119	0	1953125	12	0.0	0	0.70	0	0	V0.2	0	0	4	39	45	18	24	49	39	6	40	51	26	23	53	46	14	42	57	33	26	54	50	23	40	54	38	19	44	45	25	23	43	58	59	75	102	139	141	184	220	255	289	355	363	459	457	562	585	663	701	825	803	956	864	1000	879	826	727	631	446	380	261	196	141	111	76	64	61	74	61	55	70	76	61	58	71	70	52	55	68	60	42	52	62	45	29
64	170	2	2	119	0	1953125	12	0.0	0	0.70	0	0	V0.2	0	0	4	39	45	18	24	49	39	6	40	51	26	23	53	46	14	42	57	33	26	54	50	23	40	54	38	19	44	45	25	23	43	58	59	75	102	139	141	184	220	255	289	355	363	459	457	562	585	663	701	825	803	956	864	1000	879	826	727	631	446	380	261	196	141	111	76	64	61	74	61	55	70	76	61	58	71	70	52	55	68	60	42	52	62	45	29
64	170	2	2	119	0	1953125	12	0.0	0	0.70	0	0	V0.2	0	0	69	108	107	57	79	102	60	45	88	66	12	66	65	12	50	60	23	46	62	25	47	73	38	35	82	63	10	67	85	53	26	95	116	59	92	196	152	131	263	290	233	368	408	414	449	610	554	636	749	805	770	999	847	964	929	804	700	680	427	346	310	207	91	140	133	67	37	118	115	34	74	131	90	17	108	119	38	64	114	77	13	85	88	26	45
64	170	2	2	119	0	1953125	12	0.0	0	0.71	0	0	V0.2	0	0	19	65	74	18	61	81	28	56	91	45	47	99	68	28	100	91	8	89	107	35	66	112	64	37	101	84	30	82	89	55	75	101	84	105	140	138	148	229	218	220	334	367	299	469	488	471	559	693	614	742	830	866	767	1000	809	720	741	581	369	412	272	143	180	180	91	81	138	122	55	111	125	68	83	117	72	61	101	73	39	87	73	19	69	73	15
64	170	2	2	119	0	1953125	12	0.0	0	0.71	0	0	V0.2	0	0	75	22	77	81	22	73	93	36	66	107	60	50	114	89	26	108	114	30	85	126	64	46	117	92	18	91	103	50	67	106	76	77	127	118	109	194	187	167	268	319	262	369	452	446	433	655	608	589	786	877	713	1000	934	900	908	894	635	635	531	324	233	291	194	67	139	177	102	70	137	130	66	109	123	73	85	114	68	64	102	69	36	92	78	10	74
64	170	2	2	119	0	1953125	12	0.0	0	0.71	0	0	V0.2	0	0	73	20	75	79	20	71	92	34	65	106	59	48	111	88	24	105	112	29	83	124	64	45	116	91	20	90	102	50	67	105	77	77	126	119	109	193	188	168	267	320	263	369	451	447	436	652	609	593	784	881	721	1000	941	905	913	899	640	638	534	329	238	290	195	71	138	176	102	72	137	130	68	110	122	73	87	114	68	66	102	70	37	90	77	11	73
64	170	2	2	119	0	1953125	12	0.0	0	0.71	0	0	V0.2	0	0	73	20	75	79	20	71	92	34	65	106	59	48	111	88	24	105	112	29	83	124	64	45	116	91	20	90	102	50	67	105	77	77	126	119	109	193	188	168	267	320	263	369	451	447	436	652	609	593	784	881	721	1000	941	905	913	899	640	638	534	329	238	290	195	71	138	176	102	72	137	130	68	110	122	73	87	114	68	66	102	70	37	90	77	11	73
64	170	2	2	119	0	1953125	12	0.0	0	0.71	0	0	V0.2	0	0	87	25	68	91	35	61	101	56	49	110	81	29	109	108	25	93	127	58	61	129	91	19	110	111	31	76	111	70	55	106	91	72	126	133	103	187	209	175	251	342	294	346	466	502	422	651	676	608	771	946	759	984	999	966	899	948	702	616	558	385	210	284	233	95	110	180	133	59	125	147	82	91	131	93	68	113	88	48	96	88	29	76	90	30	54
64	170	2	2	119	0	1953125	12	0.0	0	0.71	0	0	V0.2	0	0	78	23	68	83	28	62	93	46	53	104	70	35	106	96	19	95	117	44	68	124	78	29	111	102	24	82	107	62	60	106	87	76	127	130	109	192	201	176	265	333	283	365	461	476	435	653	644	605	780	917	745	1000	979	937	914	928	671	631	548	356	226	288	215	85	127	181	121	67	135	142	76	105	131	86	80	118	80	59	103	81	34	88	86	21	68
64	170	2	2	119	0	1953125	12	0.0	0	0.71	0	0	V0.2	0	0	78	17	71	83	23	66	94	40	57	105	66	37	109	94	14	99	116	39	73	125	74	35	114	99	24	85	105	59	63	105	83	75	124	125	107	188	196	173	260	326	279	361	455	471	434	649	638	606	780	911	743	999	972	939	915	930	674	638	551	357	232	289	211	80	127	178	115	67	132	137	72	102	126	82	77	113	77	56	98	77	31	83	81	18	63
64	170	1	2	119	0	1953125	12	0.0	0	0.71	0	0	V0.2	0	0	85	27	64	89	37	57	97	56	45	106	81	27	105	106	27	88	124	59	57	125	92	15	107	111	34	72	110	71	52	105	92	72	125	135	105	186	210	180	251	340	298	346	463	503	425	647	676	615	767	946	763	982	1000	971	898	950	703	616	555	388	211	282	232	97	108	181	135	61	124	150	84	92	133	97	70	115	92	50	96	91	31	76	91	33	53
64	170	1	2	119	0	1953125	12	0.0	0	0.71	0	0	V0.2	0	0	69	21	77	75	15	74	88	28	68	102	51	54	111	80	27	107	106	20	88	121	55	53	117	85	24	93	98	45	71	103	73	77	123	114	109	189	179	169	266	308	260	373	439	433	441	641	589	595	777	860	716	1000	923	896	917	883	632	645	521	316	248	288	183	71	144	170	92	77	138	122	66	112	118	70	88	108	62	67	99	63	40	90	71	13	75
64	170	1	2	119	0	1953125	12	0.0	0	0.71	0	0	V0.2	0	0	22	66	78	24	60	85	36	53	96	58	40	102	83	20	98	106	28	77	118	62	44	114	90	14	94	103	41	67	98	73	65	106	102	100	147	168	141	229	265	228	318	420	338	439	538	555	531	718	730	737	833	1000	779	992	946	739	719	694	392	358	333	207	114	170	158	86	90	147	109	70	123	119	62	102	115	60	76	110	65	47	97	74	18	79	78
64	170	1	2	119	0	1953125	12	0.0	0	0.71	0	0	V0.2	0	0	22	64	80	26	57	88	40	50	97	62	35	101	88	16	96	109	34	73	119	68	38	112	94	14	91	103	46	62	97	76	62	103	102	96	144	169	138	220	266	228	306	416	342	425	529	561	519	702	733	730	813	999	775	971	947	738	702	693	397	346	330	216	108	162	159	91	81	142	112	66	116	118	62	96	112	63	68	106	67	39	92	76	12	73	78
64	170	1	2	119	0	1953125	12	0.0	0	0.71	0	0	V0.2	0	0	81	26	61	84	34	54	93	52	43	102	77	25	100	103	24	85	120	56	56	122	88	16	104	108	34	72	108	71	54	104	93	74	126	135	108	188	209	182	255	340	299	353	462	501	430	647	670	616	769	941	767	989	1000	972	903	947	705	621	551	386	216	281	228	99	112	180	132	65	127	149	85	95	132	95	72	117	91	54	98	89	35	79	91	31	56
64	170	1	2	119	0	1953125	12	0.0	0	0.71	0	0	V0.2	0	0	17	68	75	19	60	84	35	50	94	59	33	98	84	12	89	105	36	64	114	72	28	105	96	21	80	102	54	54	94	80	58	99	108	92	134	177	141	198	270	249	272	404	374	396	493	594	514	643	755	756	743	1000	821	898	934	794	635	678	459	299	296	265	128	106	160	142	60	107	135	91	75	119	96	63	99	96	48	80	93	44	55	88	53	27	77
64	170	1	2	119	0	1953125	12	0.0	0	0.70	0	0	V0.2	0	0	28	11	43	44	14	29	51	35	12	45	51	22	31	55	42	17	48	56	30	30	57	49	22	44	57	33	23	42	44	32	27	56	76	79	87	145	153	174	221	266	290	354	372	465	459	566	596	662	713	835	805	974	880	999	911	836	728	651	456	371	267	212	137	102	89	84	55	62	73	73	59	67	78	70	53	68	73	56	51	65	62	42	46	60	45
64	170	1	2	119	0	1953125	12	0.0	0	0.70	0	0	V0.2	0	0	28	11	43	44	14	29	51	35	12	45	51	22	31	55	42	17	48	56	30	30	57	49	22	44	57	33	23	42	44	32	27	56	76	79	87	145	153	174	221	266	290	354	372	465	459	566	596	662	713	835	805	974	880	999	911	836	728	651	456	371	267	212	137	102	89	84	55	62	73	73	59	67	78	70	53	68	73	56	51	65	62	42	46	60	45
64	170	1	2	119	0	1953125	12	0.0	0	0.71	0	0	V0.2	0	0	20	68	71	17	62	78	27	56	90	48	43	98	74	19	94	98	22	76	111	58	43	110	87	19	91	101	47	68	100	79	69	111	110	104	151	177	147	225	271	239	305	416	355	421	521	573	518	684	743	735	787	1000	787	936	938	756	666	686	423	315	316	248	113	139	172	129	69	135	137	84	103	131	90	83	117	88	59	101	88	37	81	91	34	56	88
64	170	1	2	119	0	1953125	12	0.0	0	0.71	0	0	V0.2	0	0	82	71	16	77	78	13	77	91	27	71	107	52	55	116	82	26	112	107	13	92	120	51	60	117	82	31	99	99	45	85	104	75	106	142	112	156	213	203	211	323	334	315	425	535	417	585	690	633	694	929	793	913	972	1000	838	919	738	574	528	419	201	251	236	121	84	167	144	66	108	147	92	78	125	97	61	106	92	45	88	91	31	69	88	35	48
64	170	1	2	119	0	1953125	12	0.0	0	0.71	0	0	V0.2	0	0	27	59	80	31	54	86	44	47	96	64	33	100	88	17	95	109	34	74	120	69	41	115	95	18	96	108	48	73	104	81	76	116	111	111	158	174	151	241	272	234	334	427	338	452	543	552	540	723	728	740	842	997	781	1000	944	733	729	691	386	367	335	209	123	182	166	92	104	157	111	82	135	120	70	116	117	61	89	112	58	60	102	67	31	89	73
64	170	1	2	119	0	1953125	12	0.0	0	0.71	0	0	V0.2	0	0	43	44	84	51	34	87	65	23	90	85	19	85	105	39	67	116	71	36	113	98	3	92	111	43	60	106	70	41	88	91	57	92	113	93	128	182	142	189	273	253	261	402	380	389	486	598	510	629	759	749	729	1000	805	882	932	771	627	678	444	291	301	258	115	113	163	132	53	117	131	79	85	121	85	68	107	85	46	93	87	27	73	89	33	48	84
64	170	1	2	119	0	1953125	12	0.0	0	0.71	0	0	V0.2	0	0	41	44	81	49	35	85	64	25	88	83	20	85	102	37	68	114	68	37	112	96	1	92	109	41	61	104	69	40	89	89	58	93	113	94	129	182	143	192	274	252	265	406	377	390	491	596	509	638	757	747	736	1000	805	889	937	769	633	678	439	294	303	255	112	117	164	131	55	121	131	78	90	123	84	74	110	85	50	97	88	29	77	91	32	51	86
64	170	1	2	119	0	1953125	12	0.0	0	0.71	0	0	V0.2	0	0	65	23	79	71	15	77	84	21	73	101	44	60	111	73	35	111	100	12	94	118	45	62	118	77	29	97	94	41	74	101	70	78	122	110	111	188	172	168	269	296	253	380	425	419	447	630	569	593	771	836	705	1000	899	877	923	856	622	653	505	304	260	284	167	75	149	165	80	84	139	113	64	114	112	66	92	105	55	72	98	56	46	92	65	18	77
64	170	1	2	119	0	1953125	12	0.0	0	0.70	0	0	V0.2	0	0	4	33	47	26	15	46	44	11	34	52	34	15	49	50	20	34	57	41	20	49	54	29	33	53	45	17	38	47	31	21	38	59	63	74	97	141	143	179	223	260	287	359	364	462	460	562	592	667	701	834	801	964	874	1000	900	829	733	643	445	380	266	198	138	112	80	67	55	73	66	57	63	76	67	56	66	74	58	50	65	65	47	46	60	52	29
