34928	35048	35167	35286	35405	35524	35644	35763	35882	36001	36120	36240	36359	36478	36597	36716	36836	36955	37074	37193	37313	37432	37551	37670	37789	37909	38028	38147	38266	38385	38505	38624	38743	38862	38981	39101	39220	39339	39458	39577	39697	39816	39935	40054	40174	40293	40412	40531	40650	40770	40889	41008	41127	41246	41366	41485	41604	41723	41842	41962	42081	42200	42319	42439	42558	42677	42796	42915	43035	43154	43273	43392	43511	43631	43750	43869	43988	44107	44227	44346	44465	44584	44703	44823	44942
64	170	1	2	119	0	1953125	12	0.0	0	1.00	0	0	V0.2	0	0	37	75	42	78	47	78	52	80	58	79	63	81	72	83	79	85	87	87	94	90	100	92	103	93	104	95	102	97	96	103	95	119	101	143	118	178	157	234	216	302	286	380	380	473	467	557	560	657	670	769	793	901	916	1000	953	953	817	725	536	435	279	237	142	160	117	144	129	143	140	143	147	137	147	134	143	123	133	114	125	106	113	98	103	90	91
64	170	1	2	119	0	1953125	12	0.0	0	1.00	0	0	V0.2	0	0	31	69	35	70	40	71	45	72	51	73	57	74	63	75	71	77	77	78	84	79	90	82	93	81	95	82	92	81	86	86	83	102	91	129	109	165	149	224	212	295	282	373	375	467	464	554	557	654	669	770	792	900	916	1000	955	947	822	715	543	421	284	220	134	145	95	138	104	145	117	146	125	145	128	140	129	131	123	121	116	112	110	103	102	94	92
64	170	1	2	119	0	1953125	12	0.0	0	1.01	0	0	V0.2	0	0	32	109	41	108	52	108	62	104	74	99	85	93	98	88	110	81	123	75	135	70	148	67	158	65	167	65	175	66	182	69	195	82	214	101	239	134	277	187	332	254	392	334	472	430	547	523	624	630	716	752	819	892	926	1000	950	954	814	719	551	431	314	254	189	212	148	219	138	228	135	229	132	224	125	214	124	198	118	180	114	158	112	136	110	112	110
64	170	1	2	119	0	1953125	12	0.0	0	1.01	0	0	V0.2	0	0	5	123	13	125	23	127	34	126	46	125	59	122	73	117	88	113	103	108	118	102	133	96	145	90	156	85	164	83	169	84	177	99	192	121	212	151	247	204	304	268	371	341	460	432	546	518	633	620	735	743	847	884	955	1000	969	969	818	754	529	468	274	284	134	226	97	225	95	228	98	231	98	225	93	217	85	205	76	190	68	175	60	157	55	140	52
64	170	1	2	119	0	1953125	12	0.0	0	1.01	0	0	V0.2	0	0	29	114	22	121	15	124	13	128	21	128	33	129	49	128	65	127	82	124	99	122	116	119	132	116	145	114	156	114	163	118	175	135	192	156	213	188	251	238	306	299	374	369	465	456	552	538	641	634	745	751	858	888	967	1000	984	968	825	754	529	476	275	297	147	242	123	237	125	240	129	240	125	234	118	227	109	213	95	198	83	182	72	165	62	148	59
64	170	1	2	119	0	1953125	12	0.0	0	1.01	0	0	V0.2	0	0	28	118	37	119	47	119	59	116	70	111	81	106	93	101	106	94	120	89	132	81	145	76	155	69	164	64	171	61	175	62	184	75	201	95	221	126	259	180	314	245	377	322	462	416	543	509	624	613	720	739	828	883	934	999	955	961	808	737	534	451	289	265	152	216	106	217	94	225	92	228	89	225	84	215	82	203	75	186	70	167	68	149	69	129	70
64	170	1	2	119	0	1953125	12	0.0	0	1.01	0	0	V0.2	0	0	45	110	38	118	31	122	25	127	24	130	30	132	42	133	55	134	72	134	89	134	106	132	120	131	134	129	145	131	153	137	164	153	180	175	201	206	239	256	295	316	364	385	456	469	545	549	638	642	744	755	863	889	977	999	999	966	835	753	537	478	280	299	156	241	136	231	142	233	146	232	142	226	134	219	124	204	109	191	94	177	79	162	65	147	55
64	170	1	2	119	0	1953125	12	0.0	0	1.00	0	0	V0.2	0	0	36	69	40	69	45	71	49	71	54	73	59	75	64	78	68	82	74	87	77	90	79	95	79	99	78	101	72	102	64	106	63	118	76	139	103	169	152	223	221	291	295	368	391	461	483	548	579	646	694	764	821	897	945	1000	977	953	835	729	543	435	280	224	144	130	125	109	138	110	150	116	155	118	153	119	144	117	137	112	125	108	113	103	104	95	91
64	170	1	2	119	0	1953125	12	0.0	0	1.00	0	0	V0.2	0	0	35	75	40	76	45	77	50	79	56	79	63	80	71	81	78	82	86	84	94	85	101	86	106	86	108	86	109	86	104	92	105	109	113	134	130	171	168	230	226	299	295	377	386	471	474	559	567	658	676	773	800	903	924	999	962	943	831	710	553	419	298	222	150	154	109	152	114	159	122	161	127	159	127	148	122	139	121	129	114	117	107	106	100	96	91
64	170	1	2	119	0	1953125	12	0.0	0	1.00	0	0	V0.2	0	0	36	67	39	69	44	70	48	72	52	73	58	75	63	77	69	80	75	83	80	86	85	89	88	91	89	92	86	94	80	98	78	115	86	139	106	174	148	231	212	300	283	378	377	471	465	557	559	656	668	769	793	901	916	1000	948	948	813	719	532	427	274	226	130	151	100	140	113	142	128	144	135	142	137	134	136	126	129	119	123	110	114	103	105	94	94
64	170	1	2	119	0	1953125	12	0.0	0	1.01	0	0	V0.2	0	0	77	88	74	96	68	104	62	111	57	118	51	123	47	130	46	136	50	142	59	147	70	152	80	156	90	159	98	164	102	172	110	190	125	212	146	243	183	292	241	352	314	419	410	499	503	570	602	656	717	756	844	875	968	967	999	926	846	716	548	451	295	269	189	201	184	182	196	178	203	176	202	171	194	163	183	156	164	149	146	142	125	135	103	130	80
64	170	1	2	119	0	1953125	12	0.0	0	1.01	0	0	V0.2	0	0	37	116	31	121	26	127	24	129	26	131	33	132	45	133	58	133	73	132	88	131	103	130	117	127	127	126	135	125	138	129	144	144	154	166	171	199	207	248	262	310	332	379	428	464	520	543	619	637	730	749	855	881	973	989	999	959	841	750	540	475	277	286	146	216	129	201	141	198	148	199	149	194	143	184	135	176	121	166	108	155	90	143	73	132	54
64	170	1	2	119	0	1953125	12	0.0	0	1.01	0	0	V0.2	0	0	107	32	114	25	119	19	123	19	126	28	127	41	126	57	125	74	123	91	120	109	117	126	112	140	108	153	106	163	106	171	114	188	132	207	155	237	195	286	249	348	310	422	396	511	480	593	572	682	684	784	814	898	948	977	999	910	873	677	599	396	359	208	251	132	235	117	242	115	244	114	241	108	233	100	221	93	203	87	185	84	164	82	143	85	121
64	170	1	2	119	0	1953125	12	0.0	0	1.01	0	0	V0.2	0	0	113	55	111	68	108	82	103	96	95	110	87	124	80	137	76	150	76	161	83	172	94	181	110	190	128	199	148	209	166	221	190	240	218	263	250	291	291	334	346	388	411	448	496	523	578	592	663	673	761	773	871	892	979	991	1000	958	847	760	569	514	342	361	240	308	213	295	203	286	189	276	172	264	153	247	131	228	109	207	91	186	79	165	75	143	80
64	170	1	2	119	0	1953125	12	0.0	0	1.00	0	0	V0.2	0	0	75	37	77	43	78	47	78	52	79	59	80	66	82	73	82	81	85	89	87	96	89	101	90	104	91	105	93	101	96	96	107	100	130	112	158	137	204	188	267	254	337	334	430	428	517	515	609	615	719	730	842	860	967	960	1000	911	860	686	572	398	316	194	184	114	151	110	151	125	153	134	151	138	143	134	137	135	127	126	116	118	107	108	97	97	87
64	170	1	2	119	0	1953125	12	0.0	0	1.00	0	0	V0.2	0	0	65	50	67	52	68	56	70	61	70	66	72	73	73	79	74	88	75	95	76	103	77	109	76	113	74	116	72	117	69	116	76	126	97	142	128	169	177	221	245	286	316	364	414	459	505	546	600	645	712	762	840	896	962	999	995	955	845	728	552	436	292	227	159	137	141	118	153	121	162	126	164	128	158	125	151	121	143	116	130	110	118	103	105	96	94
64	170	1	2	119	0	1953125	12	0.0	0	1.00	0	0	V0.2	0	0	50	67	53	67	57	69	61	70	67	71	72	72	78	73	85	76	92	77	99	78	106	78	111	78	115	75	118	71	118	70	125	80	141	101	162	138	202	196	261	266	328	348	420	444	508	532	599	631	708	748	832	876	960	975	999	918	865	685	581	392	322	193	181	125	139	130	135	144	136	152	134	153	133	151	127	144	119	133	112	123	103	111	97	100	88
64	170	1	2	119	0	1953125	12	0.0	0	1.00	0	0	V0.2	0	0	54	56	57	58	59	61	61	64	63	67	65	72	67	77	68	84	71	90	72	96	73	101	73	105	70	107	66	107	60	108	63	119	81	137	111	166	160	219	229	286	302	365	399	459	489	546	585	646	699	764	824	896	947	999	978	957	835	730	542	438	280	227	143	136	122	114	136	117	149	121	152	121	153	120	146	116	138	113	129	107	116	101	106	94	93
64	170	1	2	119	0	1953125	12	0.0	0	1.00	0	0	V0.2	0	0	39	77	43	79	48	80	54	80	60	81	66	82	74	84	81	84	90	86	98	87	105	88	110	88	113	87	113	87	110	90	110	106	119	131	136	168	173	226	231	295	298	375	391	470	479	557	571	657	682	773	805	902	931	1000	972	948	843	714	564	420	306	223	160	156	116	152	115	159	124	162	126	157	125	150	124	142	117	130	112	118	105	106	97	95	87
64	170	1	2	119	0	1953125	12	0.0	0	1.01	0	0	V0.2	0	0	117	27	124	19	128	15	130	19	132	30	132	44	131	59	129	77	126	93	122	109	118	125	112	137	107	148	104	155	102	160	110	172	128	188	151	213	189	261	247	326	307	403	392	497	475	583	565	676	676	783	807	900	943	982	1000	915	878	673	605	386	360	188	243	107	220	93	223	95	227	96	227	93	221	85	211	78	196	69	181	62	162	56	144	56	126
64	170	1	2	119	0	1953125	12	0.0	0	1.00	0	0	V0.2	0	0	72	44	74	49	76	53	77	58	77	64	77	71	78	79	79	88	79	94	81	103	82	109	81	114	80	117	80	115	78	114	88	120	110	134	141	160	189	209	256	275	327	353	423	447	513	534	606	633	718	748	843	881	968	984	999	941	854	715	563	425	303	217	172	127	148	112	157	119	163	125	162	128	155	125	147	123	138	119	125	111	114	104	102	95	90
64	170	1	2	119	0	1953125	12	0.0	0	1.01	0	0	V0.2	0	0	84	81	93	76	101	71	109	64	116	57	122	52	128	49	134	50	139	56	144	63	148	74	151	83	153	91	155	95	158	98	168	105	187	118	212	145	251	194	306	262	365	344	445	446	518	540	597	647	693	768	806	901	923	1000	966	940	845	695	587	397	351	202	224	150	185	160	177	170	176	174	173	170	166	161	162	150	154	134	145	115	138	97	130	75	123
64	170	1	2	119	0	1953125	12	0.0	0	1.01	0	0	V0.2	0	0	21	114	14	120	10	123	15	125	26	125	40	124	55	123	71	121	86	118	104	115	121	113	135	109	148	105	159	104	166	109	178	125	197	146	218	177	256	229	312	291	378	361	467	450	553	534	641	632	742	750	854	888	963	1000	979	966	820	749	532	473	280	294	151	241	120	237	120	241	122	241	119	237	114	228	102	213	91	198	81	182	72	163	66	146	64
64	170	1	2	119	0	1953125	12	0.0	0	1.01	0	0	V0.2	0	0	105	55	113	48	120	41	126	35	130	31	133	34	135	43	137	57	138	71	138	86	137	101	135	114	132	125	132	132	132	135	141	144	160	159	185	183	223	231	279	298	337	378	419	476	496	567	580	669	684	784	807	909	937	1000	988	932	871	684	607	387	366	187	244	118	213	119	210	127	212	130	211	125	203	117	194	105	184	93	171	79	158	65	145	52	131
64	170	1	2	119	0	1953125	12	0.0	0	1.01	0	0	V0.2	0	0	6	116	16	120	26	120	38	119	50	117	64	114	79	110	94	104	109	99	125	94	140	89	153	84	165	81	175	79	183	82	196	96	216	117	239	149	277	201	331	265	394	340	479	434	558	524	639	628	733	750	839	890	942	999	957	959	811	737	538	455	296	280	168	234	128	237	119	243	115	245	112	237	104	227	99	213	93	195	88	174	85	152	86	131	88
64	170	1	2	119	0	1953125	12	0.0	0	1.00	0	0	V0.2	0	0	69	34	70	38	72	44	72	48	73	56	74	62	74	69	74	77	75	84	76	91	77	95	77	98	77	99	78	95	79	89	90	91	114	102	144	128	192	181	257	249	329	329	423	425	512	513	605	613	715	729	840	860	965	963	1000	913	855	688	569	400	309	192	172	104	139	97	138	112	144	123	144	133	142	132	132	127	124	123	115	116	105	107	97	98	89
64	170	1	2	119	0	1953125	12	0.0	0	1.00	0	0	V0.2	0	0	42	65	45	66	48	68	52	70	55	71	59	74	63	77	68	82	71	86	76	90	80	94	80	96	79	98	75	99	66	102	66	117	76	137	99	170	145	224	210	292	282	371	377	463	467	550	561	649	674	765	800	898	922	1000	954	954	817	727	533	438	274	232	132	147	105	128	121	130	134	130	143	131	145	126	140	120	133	113	126	108	117	101	105	93	93
64	170	1	2	119	0	1953125	12	0.0	0	1.00	0	0	V0.2	0	0	76	41	78	44	79	50	79	55	81	62	81	69	82	76	82	85	86	93	86	99	89	105	89	109	90	110	91	108	93	104	103	108	127	119	155	143	201	193	265	259	336	337	429	432	517	521	609	619	720	733	842	863	968	965	1000	917	858	694	573	408	318	203	185	118	155	112	154	122	157	131	157	138	150	134	140	130	130	124	119	115	107	106	97	95	87
64	170	1	2	119	0	1953125	12	0.0	0	1.00	0	0	V0.2	0	0	38	72	42	74	47	76	51	77	57	77	61	79	69	82	75	85	83	87	90	90	95	91	99	93	100	94	101	96	94	100	95	118	102	141	120	176	159	233	219	301	288	379	380	472	467	558	560	658	670	771	791	899	916	999	954	948	818	715	542	426	286	229	143	157	108	150	116	154	125	155	132	152	135	145	132	134	125	125	119	114	109	104	101	94	91
64	170	1	2	119	0	1953125	12	0.0	0	1.01	0	0	V0.2	0	0	102	66	110	59	118	52	124	44	129	38	134	36	138	39	140	48	142	62	143	77	144	92	144	104	143	114	143	121	145	124	154	133	173	146	197	171	236	219	291	286	350	368	428	467	504	561	586	666	686	782	806	911	930	1000	976	930	861	681	602	382	364	185	240	125	209	131	203	141	203	143	202	142	197	133	187	121	178	105	165	89	155	72	143	54	130
64	170	1	2	119	0	1953125	12	0.0	0	1.00	0	0	V0.2	0	0	76	40	77	45	80	50	80	56	81	62	81	69	81	77	83	86	84	93	85	102	87	107	87	111	87	113	88	110	90	106	101	111	123	122	153	147	200	196	265	262	336	339	428	434	518	522	610	621	722	736	845	867	969	966	1000	919	857	696	570	410	313	204	182	120	155	110	156	121	159	128	156	131	148	131	142	129	131	122	120	115	109	105	97	95	87
64	170	1	2	119	0	1953125	12	0.0	0	1.00	0	0	V0.2	0	0	34	70	38	71	42	72	48	73	53	73	61	73	68	73	75	74	84	74	91	73	98	73	103	72	105	70	106	69	101	71	102	90	111	117	129	156	167	216	226	287	296	369	390	465	478	554	573	655	684	771	809	902	937	999	976	941	843	705	564	409	303	208	153	140	105	141	106	149	113	154	120	153	118	147	119	141	116	130	112	120	106	109	100	98	91
64	170	1	2	119	0	1953125	12	0.0	0	1.01	0	0	V0.2	0	0	102	46	110	39	117	30	121	24	125	24	127	32	130	46	131	61	130	78	129	96	128	113	125	128	123	141	122	150	122	158	133	174	151	193	174	222	213	271	269	336	328	413	410	505	492	592	581	687	690	794	816	911	949	991	1000	919	877	677	607	389	368	195	256	126	236	116	238	119	244	117	240	112	234	104	221	94	207	84	191	76	172	71	153	71	133
64	170	1	2	119	0	1953125	12	0.0	0	1.01	0	0	V0.2	0	0	81	93	78	100	73	108	68	114	62	120	56	126	52	132	50	138	52	144	57	149	64	155	72	158	79	161	84	164	84	170	87	185	96	208	114	238	152	288	212	347	284	415	382	497	478	572	580	657	701	756	833	872	965	961	1000	913	856	706	563	438	307	249	194	168	188	143	202	135	210	130	210	125	203	119	192	115	178	108	160	105	141	101	120	100	97
64	170	1	2	119	0	1953125	12	0.0	0	1.01	0	0	V0.2	0	0	7	115	4	119	14	122	25	121	37	121	51	119	66	115	82	112	97	107	114	103	130	98	143	94	156	89	166	89	174	92	185	107	203	129	227	160	265	212	320	274	385	347	471	437	553	525	639	627	736	747	844	888	950	999	966	962	809	742	529	464	282	288	153	238	116	237	113	243	112	245	109	237	101	227	93	215	85	198	80	181	74	161	72	141	74
64	170	1	2	119	0	1953125	12	0.0	0	1.01	0	0	V0.2	0	0	12	121	21	124	31	125	42	123	55	121	67	116	80	112	94	107	109	102	123	96	136	90	149	85	159	80	166	76	170	77	179	90	194	112	215	143	251	195	304	259	371	333	459	426	543	514	629	619	730	741	841	884	949	999	967	968	814	748	532	465	281	281	143	225	100	222	96	227	96	228	93	226	91	217	82	204	75	188	67	171	61	153	58	136	58
64	170	1	2	119	0	1953125	12	0.0	0	1.01	0	0	V0.2	0	0	32	110	43	110	54	109	64	105	76	101	87	95	100	89	113	83	125	77	138	73	150	71	162	69	170	70	179	71	186	74	198	87	219	107	243	138	281	190	334	257	395	335	473	431	548	527	627	634	719	755	822	894	928	999	949	948	816	718	555	430	321	255	198	213	158	218	148	227	144	227	141	221	134	208	129	194	124	174	119	153	115	129	114	108	112
64	170	1	2	119	0	1953125	12	0.0	0	1.00	0	0	V0.2	0	0	67	39	69	43	71	46	71	51	72	58	72	65	73	72	72	80	73	88	73	95	74	101	72	103	71	104	71	102	70	98	80	102	105	114	137	140	187	191	253	258	325	336	420	433	513	524	608	624	721	741	845	873	971	976	1000	926	854	702	563	414	304	203	167	109	139	96	144	107	150	118	152	122	144	123	139	124	130	119	120	114	110	106	100	98	91
64	170	1	2	119	0	1953125	12	0.0	0	1.00	0	0	V0.2	0	0	73	43	75	47	77	51	76	56	78	64	78	71	79	78	79	88	80	96	81	104	81	110	80	113	80	116	80	116	79	114	91	121	112	132	143	157	192	207	258	271	329	349	423	444	515	531	610	632	723	747	845	878	969	981	1000	935	852	709	562	421	304	215	177	127	154	111	159	118	163	125	164	128	157	126	148	125	138	119	125	112	112	103	101	95	89
64	170	1	2	119	0	1953125	12	0.0	0	1.00	0	0	V0.2	0	0	63	51	65	54	68	57	68	61	70	67	70	73	72	80	74	89	75	96	75	103	77	109	75	113	73	117	71	119	67	119	74	130	95	146	126	174	175	224	243	290	315	368	412	463	503	550	600	651	713	766	836	897	957	1000	985	953	837	725	545	435	287	228	156	139	140	120	152	122	163	126	165	125	161	126	155	122	143	116	131	109	119	103	106	96	94
64	170	1	2	119	0	1953125	12	0.0	0	1.00	0	0	V0.2	0	0	73	45	73	48	75	52	75	56	78	62	80	66	83	71	87	77	91	82	96	86	100	90	105	90	107	88	110	83	113	77	124	82	144	96	168	128	210	185	272	256	338	337	431	435	518	524	608	624	717	740	841	868	962	963	1000	910	863	676	581	389	327	190	187	123	144	129	140	144	139	152	137	154	132	151	128	146	118	134	111	123	103	111	96	100	87
64	170	1	2	119	0	1953125	12	0.0	0	1.00	0	0	V0.2	0	0	72	33	73	37	74	42	75	47	76	55	76	62	77	69	79	78	81	85	83	91	84	96	86	98	88	100	90	96	92	91	106	93	128	105	158	131	203	183	269	251	338	331	431	428	520	516	612	617	723	732	844	860	969	958	1000	907	859	681	573	394	317	189	183	109	151	109	150	125	151	134	149	141	145	140	135	136	126	129	116	120	107	111	99	100	89
64	170	1	2	119	0	1953125	12	0.0	0	1.00	0	0	V0.2	0	0	63	60	66	63	69	66	70	70	72	74	73	79	76	86	78	93	79	100	82	107	84	113	84	118	83	121	79	122	75	125	77	135	94	154	121	181	167	231	232	297	305	374	401	468	491	554	586	654	697	767	821	898	942	1000	971	955	828	730	540	440	285	238	156	152	136	131	146	130	158	133	160	129	156	124	149	120	139	113	127	105	115	98	103	91	90
64	170	1	2	119	0	1953125	12	0.0	0	1.00	0	0	V0.2	0	0	68	34	71	38	72	43	72	49	74	55	74	62	74	70	74	78	77	85	77	92	77	98	78	100	78	101	79	97	78	92	90	95	114	107	146	132	194	185	261	253	330	331	425	428	516	518	609	618	721	737	847	867	971	966	999	917	860	694	571	405	311	195	174	107	144	101	147	115	148	124	148	133	146	131	136	130	127	124	117	117	108	109	99	99	90
64	170	1	2	119	0	1953125	12	0.0	0	1.00	0	0	V0.2	0	0	75	39	78	43	79	49	80	55	81	61	80	68	81	76	82	84	84	93	86	100	87	106	88	109	88	112	90	108	90	104	101	108	125	120	153	144	200	193	265	259	334	336	427	432	517	520	610	620	721	735	846	867	967	966	1000	919	858	694	571	407	315	204	185	119	154	111	157	123	160	132	157	132	147	133	141	128	130	123	121	115	109	106	98	96	88
64	170	1	2	119	0	1953125	12	0.0	0	1.00	0	0	V0.2	0	0	53	66	56	69	58	69	61	73	64	76	67	80	71	85	74	90	78	96	83	102	85	107	87	110	86	113	84	115	77	119	78	134	90	154	113	185	157	237	220	302	291	379	387	475	478	560	570	658	680	771	805	901	923	1000	951	949	810	726	531	438	276	239	143	160	122	142	134	140	145	140	152	138	150	132	145	123	137	115	127	107	116	99	104	91	92
64	170	1	2	119	0	1953125	12	0.0	0	1.01	0	0	V0.2	0	0	96	86	91	98	83	110	74	121	65	131	57	140	54	148	61	153	74	160	93	164	114	167	137	169	159	173	182	179	203	187	227	203	258	225	288	251	328	297	382	351	442	415	523	496	599	572	677	663	768	771	867	896	965	1000	975	968	827	766	558	517	337	368	229	321	195	311	180	304	166	291	149	277	135	255	119	232	110	206	104	178	101	150	105	123	111
64	170	1	2	119	0	1953125	12	0.0	0	1.00	0	0	V0.2	0	0	75	46	76	49	78	55	80	60	80	68	80	74	81	82	82	91	82	99	83	107	84	114	83	118	82	121	81	120	81	119	90	126	112	138	141	162	190	210	256	275	329	353	424	447	513	534	608	636	723	753	846	882	968	985	1000	940	852	715	562	427	307	222	177	134	156	116	160	120	165	126	165	129	160	126	148	121	138	117	125	109	113	103	101	93	88
64	170	1	2	119	0	1953125	12	0.0	0	1.00	0	0	V0.2	0	0	71	32	72	36	73	43	74	47	74	54	75	59	75	66	77	74	79	81	81	87	83	91	84	94	84	93	86	88	88	80	100	82	122	94	151	121	197	175	262	244	331	325	425	423	514	513	608	615	719	732	842	861	966	960	1000	909	860	681	575	393	318	186	178	104	141	105	138	122	139	132	137	137	135	139	127	134	120	128	112	119	105	110	96	99	89
64	170	1	2	119	0	1953125	12	0.0	0	1.00	0	0	V0.2	0	0	68	48	69	52	72	56	74	60	75	63	79	68	82	72	86	77	91	81	96	85	102	87	106	87	109	86	113	81	114	75	123	81	141	98	165	132	207	188	265	259	333	341	424	438	511	528	603	630	712	745	835	875	962	974	1000	917	863	685	582	396	326	196	184	129	140	134	133	147	134	154	133	157	131	152	125	144	118	134	110	123	104	111	96	98	88
64	170	1	2	119	0	1953125	12	0.0	0	1.00	0	0	V0.2	0	0	69	33	70	37	73	43	74	48	74	54	74	61	75	68	76	75	79	82	80	88	83	93	84	96	85	96	87	92	88	86	99	88	122	100	151	127	197	180	261	248	331	329	425	426	514	515	607	615	718	732	842	863	965	959	1000	912	859	684	572	395	316	192	180	108	143	106	142	120	145	132	144	137	139	138	133	136	125	129	116	119	106	110	99	101	90
64	170	1	2	119	0	1953125	12	0.0	0	1.00	0	0	V0.2	0	0	71	45	74	48	75	53	76	58	76	64	77	71	78	79	79	87	80	96	81	104	82	110	81	114	80	118	79	116	78	114	87	120	110	134	140	160	189	209	254	273	326	350	421	445	512	534	607	635	720	752	845	884	969	986	1000	940	853	715	563	427	305	219	174	130	153	114	157	118	163	125	162	128	159	129	150	125	138	118	127	111	114	103	102	96	91
64	170	1	2	119	0	1953125	12	0.0	0	1.00	0	0	V0.2	0	0	69	33	71	37	73	42	73	48	73	54	74	62	75	69	75	76	77	84	78	89	80	95	81	97	81	98	83	93	83	87	95	89	118	100	148	127	196	180	261	248	331	328	425	425	515	515	609	615	720	734	846	865	969	962	999	911	859	688	574	399	315	191	177	106	142	102	142	118	145	129	145	138	140	135	133	133	124	127	116	119	107	110	99	100	91
64	170	1	2	119	0	1953125	12	0.0	0	1.00	0	0	V0.2	0	0	75	45	76	48	78	53	79	57	80	62	82	68	86	75	88	81	92	87	96	92	99	96	102	97	105	96	108	92	110	86	121	90	142	103	167	130	208	183	269	252	337	332	430	431	518	519	608	621	719	736	841	866	965	961	1000	910	866	683	582	393	328	194	191	123	152	125	144	137	143	146	141	148	134	146	129	140	118	130	110	120	101	108	93	96	85
64	170	1	2	119	0	1953125	12	0.0	0	1.01	0	0	V0.2	0	0	11	125	19	128	31	129	44	128	61	125	78	121	96	116	114	110	134	106	152	102	170	101	188	103	206	109	223	118	240	129	261	151	288	177	316	209	352	258	401	320	454	392	526	482	593	568	661	665	745	777	839	903	932	1000	949	956	819	742	569	486	358	338	252	299	217	291	198	284	185	272	171	256	161	234	149	210	141	183	132	155	129	126	126	100	127
64	170	1	2	119	0	1953125	12	0.0	0	1.00	0	0	V0.2	0	0	41	74	44	75	48	76	51	77	56	80	63	82	69	85	76	87	82	90	87	93	93	95	96	98	97	101	97	104	91	108	89	126	97	149	114	183	155	238	214	306	284	384	378	479	467	565	559	663	668	776	790	903	911	1000	940	943	804	715	530	428	278	234	138	162	107	152	117	152	130	153	137	148	137	139	134	132	127	121	121	112	111	100	101	91	89
64	170	1	2	119	0	1953125	12	0.0	0	1.01	0	0	V0.2	0	0	10	123	17	126	30	127	47	125	65	119	84	114	102	106	121	97	140	93	158	89	174	91	190	98	204	109	219	124	233	142	252	169	277	198	300	233	334	284	382	348	431	422	501	513	565	598	635	692	722	798	822	914	927	999	965	936	850	705	614	440	412	282	317	234	290	222	281	210	272	193	262	175	250	150	233	126	217	103	197	83	178	73	158	72	138
64	170	1	2	119	0	1953125	12	0.0	0	1.01	0	0	V0.2	0	0	16	119	9	123	6	126	16	128	28	127	42	126	58	124	75	122	92	117	109	113	126	110	141	105	154	102	166	101	174	104	186	120	204	140	226	171	264	221	319	283	385	355	472	445	557	531	644	632	744	749	854	887	958	999	972	965	814	749	528	473	280	297	150	246	117	244	116	246	115	247	112	241	103	232	96	220	86	202	77	184	69	165	66	146	66
64	170	1	2	119	0	1953125	12	0.0	0	1.00	0	0	V0.2	0	0	49	61	51	62	54	64	58	64	62	66	67	65	73	68	79	69	87	71	94	72	100	72	104	70	108	68	110	61	109	58	114	69	130	93	152	129	190	190	252	263	320	344	414	443	502	533	597	636	708	753	834	882	959	978	1000	921	866	687	584	393	322	189	174	119	129	124	123	140	126	149	127	152	125	148	121	142	116	134	110	123	104	112	98	101	90
64	170	1	2	119	0	1953125	12	0.0	0	1.00	0	0	V0.2	0	0	75	45	77	49	79	54	79	59	79	65	80	73	82	81	82	90	82	98	83	106	84	113	84	117	83	120	82	118	81	117	92	123	113	135	142	159	189	206	255	271	327	348	423	443	513	532	608	631	719	747	843	878	968	983	1000	937	853	713	564	425	308	220	179	130	154	113	159	119	164	124	161	126	157	128	148	123	136	117	125	110	111	102	100	93	88
64	170	1	2	119	0	1953125	12	0.0	0	1.00	0	0	V0.2	0	0	66	39	69	43	70	47	72	52	71	59	72	66	73	72	72	81	73	89	73	96	73	101	72	105	71	107	70	104	69	100	81	105	105	118	136	142	185	194	253	261	326	340	423	437	512	525	607	627	722	745	847	874	966	976	1000	933	854	705	561	415	302	205	168	113	143	99	148	110	155	118	154	125	151	126	143	123	133	119	123	113	112	107	101	98	92
64	170	1	2	119	0	1953125	12	0.0	0	1.00	0	0	V0.2	0	0	41	76	45	77	50	78	56	79	62	78	69	78	77	79	85	80	95	81	103	81	110	80	116	78	120	78	122	75	121	77	124	92	136	116	154	152	192	213	250	284	317	367	412	467	501	555	594	657	707	777	833	905	957	1000	999	946	866	703	584	407	322	208	178	146	131	148	125	159	129	163	128	164	129	158	123	148	118	137	111	125	104	111	97	100	89
64	170	1	2	119	0	1953125	12	0.0	0	1.00	0	0	V0.2	0	0	70	34	72	38	74	43	73	48	74	56	74	64	75	72	75	80	77	89	77	95	78	102	77	105	77	106	78	104	80	100	92	104	117	116	148	139	196	189	262	257	333	336	430	433	519	521	613	622	725	738	849	866	969	965	1000	919	855	692	565	406	309	199	177	110	150	102	153	116	157	125	156	130	151	132	143	130	131	124	121	117	111	109	101	100	91
64	170	1	2	119	0	1953125	12	0.0	0	1.00	0	0	V0.2	0	0	69	52	72	56	74	60	74	64	76	70	77	77	78	85	79	94	80	101	79	108	80	115	80	120	77	124	76	125	72	126	79	136	100	151	128	177	177	225	245	291	318	369	416	465	507	552	601	651	714	766	839	898	960	1000	988	956	843	730	548	438	290	232	163	143	145	122	157	124	164	125	165	124	160	124	156	119	142	114	131	107	117	100	104	92	90
64	170	1	2	119	0	1953125	12	0.0	0	1.01	0	0	V0.2	0	0	111	69	108	83	103	97	95	110	85	124	75	136	67	147	63	157	67	166	80	174	97	182	118	188	140	196	163	204	185	214	211	232	240	253	271	280	312	324	368	377	432	439	517	517	598	588	680	675	777	778	881	897	980	1000	993	967	838	770	561	523	335	372	231	323	201	313	188	304	172	294	157	280	137	263	116	240	100	217	87	192	82	167	86	142	96
64	170	1	2	119	0	1953125	12	0.0	0	1.00	0	0	V0.2	0	0	37	80	42	82	46	83	53	83	58	83	66	84	74	85	83	87	91	88	99	89	107	90	111	90	114	90	115	92	111	96	111	114	121	139	135	174	171	232	228	302	295	382	389	478	479	567	571	665	679	781	805	908	924	1000	960	945	830	712	555	419	299	225	154	160	112	157	115	163	121	163	127	161	129	152	123	142	120	130	112	117	105	105	96	93	87
64	170	1	2	119	0	1953125	12	0.0	0	1.01	0	0	V0.2	0	0	53	112	68	107	83	101	97	92	112	82	126	72	138	66	149	66	159	76	166	91	173	111	178	133	182	156	189	179	197	202	209	231	228	262	249	297	283	348	331	408	383	477	460	561	533	637	614	720	715	815	830	916	951	989	1000	921	883	693	634	432	427	269	335	207	314	186	307	170	298	157	283	142	262	131	240	120	214	114	186	113	157	114	128	120	99
64	170	1	2	119	0	1953125	12	0.0	0	1.00	0	0	V0.2	0	0	76	38	78	42	78	48	80	53	80	60	81	66	82	75	85	83	87	90	89	97	90	102	92	104	94	106	96	102	98	97	111	101	133	112	161	137	206	186	269	255	339	334	432	428	518	516	612	618	722	732	844	859	965	958	1000	911	861	685	576	399	322	197	189	117	155	114	152	127	155	136	150	138	144	139	136	133	126	126	115	117	105	107	96	98	87
64	170	1	2	119	0	1953125	12	0.0	0	1.00	0	0	V0.2	0	0	67	40	69	43	70	47	71	53	72	59	72	66	73	74	73	82	74	90	74	97	74	103	74	108	73	109	72	108	72	105	82	111	107	124	139	150	188	200	255	267	327	346	424	442	514	529	609	631	722	747	847	878	968	980	999	936	855	709	561	418	302	208	169	118	146	104	152	111	156	120	157	127	155	126	147	125	136	120	125	116	115	108	104	99	93
64	170	1	2	119	0	1953125	12	0.0	0	1.00	0	0	V0.2	0	0	75	39	76	43	78	48	79	54	80	61	81	68	81	76	82	83	85	92	85	99	87	105	88	108	88	109	90	106	92	102	104	106	126	118	155	143	202	193	266	258	334	335	428	430	517	519	611	619	720	734	845	865	967	964	999	915	857	692	572	406	316	201	186	119	155	110	154	121	157	130	155	136	151	134	139	130	130	125	119	116	108	108	98	97	89
64	170	1	2	119	0	1953125	12	0.0	0	1.00	0	0	V0.2	0	0	66	39	69	43	69	47	70	53	72	58	71	65	72	73	72	82	73	88	74	96	73	101	73	105	71	107	70	106	69	101	81	106	105	119	137	145	186	195	253	262	326	343	423	438	512	526	607	629	722	744	843	872	967	978	1000	931	852	706	561	415	301	206	168	113	143	101	149	110	155	119	155	123	149	125	141	123	134	119	122	113	113	107	102	98	92
64	170	1	2	119	0	1953125	12	0.0	0	1.00	0	0	V0.2	0	0	53	68	57	69	60	74	63	75	66	79	69	82	72	86	76	92	81	97	85	103	89	107	90	111	89	115	87	116	80	120	81	135	92	154	114	184	157	237	221	303	291	380	386	473	475	559	568	657	680	770	802	900	923	1000	950	952	815	726	533	440	279	242	147	163	121	143	133	142	145	141	149	138	147	131	143	123	135	115	126	106	114	98	103	89	89
64	170	1	2	119	0	1953125	12	0.0	0	1.01	0	0	V0.2	0	0	85	96	79	108	70	118	60	127	52	135	46	142	50	148	62	151	81	154	103	155	126	156	149	156	171	158	195	163	216	171	240	187	271	208	300	235	340	281	392	337	450	404	528	486	601	566	676	660	764	770	861	896	952	1000	966	967	823	763	561	511	343	361	234	318	199	307	182	299	169	288	154	270	143	249	131	224	123	196	117	168	117	138	118	110	122
64	170	1	2	119	0	1953125	12	0.0	0	1.00	0	0	V0.2	0	0	71	48	73	53	76	57	77	62	77	68	79	76	79	83	80	91	80	100	81	108	82	114	81	118	79	122	79	122	77	122	85	131	107	144	136	169	186	219	252	286	325	363	422	459	516	547	610	648	723	762	848	896	970	999	1000	951	852	728	561	436	300	227	171	136	150	120	160	122	165	126	164	126	160	125	152	122	142	117	130	111	116	103	103	94	92
64	170	1	2	119	0	1953125	12	0.0	0	1.01	0	0	V0.2	0	0	114	39	115	51	115	62	111	73	107	84	100	98	94	109	86	123	79	134	73	145	68	156	64	164	62	170	61	174	61	179	65	194	79	214	102	242	142	291	204	351	274	420	371	502	467	577	572	661	691	759	826	873	960	959	999	909	857	700	565	435	310	250	194	169	185	146	197	140	203	140	203	136	194	131	182	127	165	124	147	120	126	116	104	113	81
64	170	1	2	119	0	1953125	12	0.0	0	1.01	0	0	V0.2	0	0	54	109	48	116	43	121	38	125	33	129	33	132	37	134	47	136	59	139	74	139	86	140	99	141	110	141	117	142	119	147	124	163	134	184	151	216	186	265	243	326	314	394	410	477	506	553	606	643	720	748	847	873	969	975	1000	941	843	733	544	464	284	278	162	204	151	185	166	181	175	178	175	175	171	168	160	160	146	150	129	141	110	133	91	126	70
64	170	1	2	119	0	1953125	12	0.0	0	1.01	0	0	V0.2	0	0	107	42	108	53	107	63	104	74	98	85	93	97	86	108	79	120	73	131	67	142	65	152	64	159	64	165	65	169	65	175	70	189	85	210	107	239	148	289	209	349	282	418	378	500	474	573	578	659	697	758	830	872	962	962	1000	917	854	705	559	440	304	255	188	177	180	156	191	153	197	155	198	151	189	147	177	141	160	136	142	130	121	126	100	121	77
64	170	1	2	119	0	1953125	12	0.0	0	1.01	0	0	V0.2	0	0	111	13	116	7	120	12	122	24	122	38	122	54	119	70	115	87	111	104	105	121	101	137	95	151	90	163	87	172	86	180	94	197	111	218	135	247	177	296	232	358	298	430	386	517	476	595	572	681	687	779	819	890	952	966	1000	903	869	678	589	404	346	218	241	144	228	124	237	120	241	119	240	114	229	109	215	105	198	102	178	99	156	100	134	99	109
64	170	1	2	119	0	1953125	12	0.0	0	1.00	0	0	V0.2	0	0	63	46	66	48	67	52	69	57	69	62	70	68	70	75	71	83	73	91	73	97	73	104	73	108	70	111	68	109	65	108	74	115	97	131	129	157	180	208	247	276	320	354	417	450	510	540	606	640	718	757	846	891	969	996	1000	948	850	722	557	429	294	219	161	124	138	106	148	112	157	119	158	123	155	123	148	122	139	117	127	112	117	106	105	98	94
64	170	1	2	119	0	1953125	12	0.0	0	1.00	0	0	V0.2	0	0	75	40	77	44	78	49	79	55	80	62	80	69	80	78	81	87	83	94	84	102	84	108	85	112	84	114	85	113	87	110	97	115	121	127	150	151	198	199	264	265	334	343	429	438	519	526	613	626	722	738	844	869	968	971	1000	922	853	698	566	412	310	207	181	121	155	109	158	118	162	129	162	131	153	131	145	127	134	120	122	114	110	105	99	96	89
64	170	1	2	119	0	1953125	12	0.0	0	1.00	0	0	V0.2	0	0	70	39	71	41	73	47	73	52	74	59	75	66	75	74	75	82	76	92	76	99	76	105	75	109	74	111	74	110	76	107	88	113	113	126	145	152	193	202	262	268	332	346	429	442	519	531	613	629	725	745	850	876	970	977	1000	929	852	703	560	414	302	207	172	117	149	104	156	114	161	123	162	130	158	129	146	127	137	121	126	116	114	108	104	100	92
64	170	1	2	119	0	1953125	12	0.0	0	1.00	0	0	V0.2	0	0	65	57	67	61	69	63	71	68	73	72	73	79	76	85	78	93	79	100	81	109	82	113	80	118	79	121	76	123	72	126	76	137	94	153	121	181	169	232	235	296	306	374	404	469	496	555	589	653	701	768	825	897	945	1000	973	954	830	728	541	441	287	238	155	149	137	129	149	127	160	129	161	125	156	123	150	118	142	112	130	106	117	98	103	91	92
64	170	1	2	119	0	1953125	12	0.0	0	1.01	0	0	V0.2	0	0	5	114	15	117	26	118	37	118	49	116	63	112	77	109	92	103	107	99	123	93	137	88	151	83	162	79	172	79	180	82	192	96	211	117	235	148	273	200	328	263	391	339	475	432	554	522	636	627	732	748	840	891	944	999	958	960	812	737	538	456	295	280	166	233	126	235	119	242	116	243	112	239	107	228	100	212	93	195	88	174	84	154	85	132	86
64	170	1	2	119	0	1953125	12	0.0	0	1.01	0	0	V0.2	0	0	9	119	13	123	21	125	31	124	44	124	56	121	69	118	84	115	99	111	114	106	128	101	141	96	151	92	159	88	163	91	171	104	185	126	205	158	241	208	296	272	364	345	453	435	541	523	632	625	736	746	851	887	961	1000	978	969	826	755	537	473	281	285	142	225	106	219	105	223	107	224	105	219	100	211	92	200	84	185	73	170	65	155	58	138	53
64	170	1	2	119	0	1953125	12	0.0	0	1.01	0	0	V0.2	0	0	70	91	67	100	62	107	56	114	50	119	45	125	43	130	45	135	52	141	64	145	75	149	87	151	98	154	107	158	111	165	121	183	134	206	155	237	192	286	249	344	320	412	416	493	511	568	610	654	723	757	849	877	973	974	1000	932	843	725	548	459	295	279	184	210	177	192	188	189	194	187	194	183	187	176	173	166	156	157	137	148	117	140	96	133	75
64	170	1	2	119	0	1953125	12	0.0	0	1.00	0	0	V0.2	0	0	55	53	59	55	61	57	63	60	65	64	66	69	69	75	69	82	70	89	71	97	70	102	69	106	67	108	66	106	63	103	73	108	99	119	131	144	181	192	249	259	322	337	419	432	510	520	605	620	717	735	842	868	967	969	1000	923	858	697	570	408	310	198	173	105	141	99	143	113	147	125	146	132	139	133	132	130	123	125	116	119	105	109	98	100	90
64	170	1	2	119	0	1953125	12	0.0	0	1.00	0	0	V0.2	0	0	54	71	58	72	62	74	66	76	69	80	72	84	75	88	79	95	81	101	84	108	86	113	85	119	84	123	81	125	75	127	78	138	96	154	123	181	172	231	238	294	312	371	411	465	503	551	599	650	714	765	838	896	962	1000	996	954	847	728	558	438	300	229	173	139	153	119	160	121	166	126	165	126	158	125	151	121	138	117	126	109	113	102	100	93	89
64	170	1	2	119	0	1953125	12	0.0	0	1.01	0	0	V0.2	0	0	117	54	116	67	112	81	106	97	99	111	89	125	81	139	73	152	72	164	77	176	89	185	106	195	124	204	145	215	164	227	190	247	220	268	250	296	292	340	348	392	412	452	499	527	583	596	668	677	769	777	877	893	984	990	1000	959	847	759	567	516	343	366	242	315	216	301	204	293	190	284	173	270	151	252	130	235	107	213	89	193	77	171	74	149	79
64	170	1	2	119	0	1953125	12	0.0	0	1.00	0	0	V0.2	0	0	70	35	72	39	72	43	72	49	73	55	74	64	74	72	74	81	75	87	75	95	75	100	74	103	73	104	74	101	74	95	87	99	112	109	142	134	192	185	259	252	331	334	427	430	517	518	610	618	722	734	846	865	970	966	1000	918	855	692	565	406	306	196	171	104	143	95	146	108	150	120	149	127	146	129	138	126	128	122	118	115	108	107	98	98	89
64	170	1	2	119	0	1953125	12	0.0	0	1.01	0	0	V0.2	0	0	55	109	69	105	84	98	98	89	112	78	126	68	138	61	148	62	157	73	164	90	170	111	176	134	180	157	185	180	192	204	205	233	223	264	244	298	278	350	326	410	379	480	457	563	530	636	611	720	714	813	831	914	953	985	1000	918	883	689	633	429	426	267	336	206	317	186	308	171	299	159	285	144	264	132	242	125	215	120	186	118	156	120	126	124	97
64	170	1	2	119	0	1953125	12	0.0	0	1.01	0	0	V0.2	0	0	68	108	59	119	49	126	38	132	34	138	38	141	52	143	71	142	95	142	117	139	141	137	164	136	185	136	208	140	228	147	252	164	281	186	310	216	348	262	398	322	454	392	528	479	597	561	667	657	751	769	844	896	936	1000	952	961	815	749	564	495	352	347	246	304	212	296	195	286	184	275	173	255	162	232	154	207	148	179	141	148	138	119	137	90	135
64	170	1	2	119	0	1953125	12	0.0	0	1.01	0	0	V0.2	0	0	68	108	59	119	49	126	38	132	34	138	38	141	52	143	71	142	95	142	117	139	141	137	164	136	185	136	208	140	228	147	252	164	281	186	310	216	348	262	398	322	454	392	528	479	597	561	667	657	751	769	844	896	936	1000	952	961	815	749	564	495	352	347	246	304	212	296	195	286	184	275	173	255	162	232	154	207	148	179	141	148	138	119	137	90	135
64	170	1	2	119	0	1953125	12	0.0	0	1.00	0	0	V0.2	0	0	76	48	78	51	79	56	79	61	81	68	81	75	82	84	83	93	83	101	84	110	85	116	83	120	81	123	81	124	79	122	88	130	111	141	140	167	189	215	256	281	329	358	425	454	518	541	611	640	723	756	850	892	973	993	1000	946	854	723	563	432	305	225	176	134	153	116	162	120	167	125	167	128	159	123	150	121	140	116	127	109	114	100	101	92	89
64	170	1	2	119	0	1953125	12	0.0	0	1.01	0	0	V0.2	0	0	88	82	100	73	112	63	123	53	132	45	139	45	144	55	147	76	149	97	148	121	147	144	145	168	144	191	146	213	150	236	161	264	180	293	202	325	239	373	291	427	351	491	436	567	518	633	607	708	714	795	835	891	957	964	1000	908	873	699	611	454	398	297	308	236	288	217	280	206	269	198	253	189	230	178	204	172	174	164	143	157	113	151	86	145	65
64	170	1	2	119	0	1953125	12	0.0	0	1.00	0	0	V0.2	0	0	76	41	78	46	79	51	79	56	80	63	81	71	82	80	81	88	82	97	83	105	84	111	82	114	83	117	83	116	84	115	96	120	119	131	148	155	196	203	262	268	333	346	428	441	519	529	611	627	722	743	847	874	970	976	1000	928	853	705	567	418	311	212	182	125	156	111	161	119	165	127	164	130	156	126	146	126	136	120	123	112	111	103	100	96	89
64	170	1	2	119	0	1953125	12	0.0	0	1.01	0	0	V0.2	0	0	119	28	122	43	121	58	118	74	112	90	105	106	98	122	89	139	83	155	82	170	84	184	94	198	106	210	122	225	139	240	162	262	191	286	221	314	263	358	320	410	385	470	474	542	558	605	646	683	751	777	865	884	975	973	999	936	852	738	576	499	357	349	262	295	241	279	232	269	220	260	202	251	182	234	157	219	132	204	106	187	84	171	70	155	67
64	170	1	2	119	0	1953125	12	0.0	0	1.00	0	0	V0.2	0	0	42	77	46	78	51	80	57	80	63	80	71	80	78	80	87	81	96	81	105	82	113	80	118	79	122	78	125	75	124	76	128	92	141	116	159	152	195	213	253	285	321	368	415	466	503	555	596	656	708	774	832	902	961	1000	999	941	865	699	583	405	325	206	179	142	130	146	125	159	128	163	127	165	129	159	124	147	117	138	111	125	104	111	96	99	88
64	170	1	2	119	0	1953125	12	0.0	0	1.00	0	0	V0.2	0	0	67	44	69	46	70	50	70	54	72	61	71	69	73	76	72	85	73	93	72	100	72	107	71	111	69	114	67	113	65	111	77	119	101	132	134	159	184	209	255	276	327	355	427	452	517	540	612	640	726	756	849	887	972	991	1000	943	848	714	553	424	294	214	164	120	144	103	155	111	161	118	163	122	158	123	150	121	139	118	129	112	116	106	105	98	93
64	170	1	2	119	0	1953125	12	0.0	0	1.00	0	0	V0.2	0	0	67	44	69	46	70	50	70	54	72	61	71	69	73	76	72	85	73	93	72	100	72	107	71	111	69	114	67	113	65	111	77	119	101	132	134	159	184	209	255	276	327	355	427	452	517	540	612	640	726	756	849	887	972	991	1000	943	848	714	553	424	294	214	164	120	144	103	155	111	161	118	163	122	158	123	150	121	139	118	129	112	116	106	105	98	93
64	170	1	2	119	0	1953125	12	0.0	0	1.01	0	0	V0.2	0	0	13	126	26	127	43	126	60	122	78	116	96	107	114	97	131	90	149	84	165	84	179	89	192	101	205	117	219	135	232	155	249	182	271	212	294	247	328	299	375	362	425	438	495	529	563	612	632	704	722	809	828	923	936	1000	973	936	863	702	624	434	422	275	327	223	303	208	292	194	284	177	273	157	258	134	242	115	222	96	201	81	179	76	156	81	133
64	170	1	2	119	0	1953125	12	0.0	0	1.02	0	0	V0.2	0	0	66	93	72	96	81	98	90	103	100	107	111	113	123	120	135	130	148	140	160	153	174	168	190	185	206	203	224	223	245	246	271	273	301	302	331	334	372	380	423	432	478	493	550	566	620	633	692	709	778	798	877	903	975	984	1000	938	875	748	641	520	455	382	372	328	344	304	324	284	304	265	281	242	255	219	229	199	205	180	183	162	165	149	149	138	138
64	170	1	2	119	0	1953125	12	0.0	0	1.00	0	0	V0.2	0	0	75	48	77	51	79	56	80	63	80	67	81	76	82	83	82	92	83	99	83	108	85	115	84	120	83	122	81	122	80	119	89	127	111	139	139	163	186	211	252	277	325	354	421	449	512	536	605	635	719	752	843	882	967	989	1000	943	853	718	562	431	307	225	176	135	155	116	159	120	163	124	163	126	160	128	150	121	138	116	125	108	113	101	101	93	89
64	170	1	2	119	0	1953125	12	0.0	0	1.00	0	0	V0.2	0	0	40	77	44	78	49	79	55	80	62	81	69	81	77	81	85	82	94	82	102	83	110	82	116	81	119	80	122	79	120	81	123	97	134	122	150	157	187	216	245	289	312	371	407	468	495	557	588	659	698	775	824	905	951	1000	990	943	858	705	578	410	320	214	174	150	127	150	121	159	125	164	127	163	127	159	123	147	117	135	110	123	103	110	96	96	88
64	170	1	2	119	0	1953125	12	0.0	0	1.01	0	0	V0.2	0	0	76	104	67	116	58	124	46	132	39	139	38	144	48	146	66	148	88	148	110	147	135	144	159	144	180	144	204	147	226	155	250	171	279	191	307	220	347	267	399	324	455	394	531	480	602	561	672	657	758	771	854	899	944	1000	954	962	816	755	560	503	347	354	240	312	205	303	187	295	175	283	165	266	152	240	143	215	137	187	134	157	132	127	131	98	131
64	170	1	2	119	0	1953125	12	0.0	0	1.02	0	0	V0.2	0	0	63	93	67	98	74	103	82	108	91	113	102	119	115	124	129	131	143	139	160	149	177	160	195	174	215	189	236	207	258	228	284	254	315	284	345	317	384	364	433	419	487	482	558	556	624	624	695	703	778	791	873	893	972	971	1000	924	880	727	647	501	462	370	374	324	342	304	319	286	298	267	274	246	252	225	226	202	202	183	182	164	163	150	149	140	138
64	170	1	2	119	0	1953125	12	0.0	0	1.00	0	0	V0.2	0	0	45	74	48	75	52	76	57	76	64	77	70	76	78	79	87	79	96	80	104	80	111	79	116	78	120	76	123	73	123	74	127	88	140	111	159	148	198	207	254	279	323	361	417	459	504	548	598	650	707	767	833	895	961	992	1000	932	865	694	584	401	326	203	180	138	135	143	127	154	130	160	128	158	126	155	123	147	117	136	110	124	104	112	96	99	88
64	170	1	2	119	0	1953125	12	0.0	0	1.00	0	0	V0.2	0	0	73	45	76	49	77	53	78	59	78	65	79	74	80	82	80	90	80	98	81	107	81	113	81	118	79	121	80	120	78	119	88	126	111	139	140	164	190	213	257	277	329	356	426	453	519	540	611	640	727	757	851	887	971	987	1000	943	855	719	563	429	304	223	177	132	154	115	161	119	166	124	166	128	160	127	153	125	141	118	127	111	115	103	104	96	92
64	170	1	2	119	0	1953125	12	0.0	0	1.01	0	0	V0.2	0	0	121	30	122	43	122	57	119	74	114	90	107	106	100	122	93	140	88	155	85	170	88	184	97	198	108	212	123	225	139	241	161	262	189	286	218	314	260	358	316	410	382	470	470	542	556	608	645	684	748	778	864	887	976	974	1000	933	852	737	579	497	360	346	266	290	243	273	234	263	221	253	205	241	181	228	158	214	133	198	108	183	85	167	69	152	64
64	170	1	2	119	0	1953125	12	0.0	0	1.00	0	0	V0.2	0	0	40	79	44	80	48	81	53	82	59	84	67	84	73	86	81	89	88	89	96	91	103	93	108	93	110	94	111	95	106	99	107	115	113	139	128	173	164	229	222	298	290	379	384	473	471	559	564	660	676	775	798	903	922	1000	957	946	825	713	551	426	298	233	154	163	113	156	116	160	124	161	129	156	128	150	128	139	121	128	115	114	105	103	97	92	86
64	170	1	2	119	0	1953125	12	0.0	0	1.01	0	0	V0.2	0	0	119	40	120	54	118	68	114	83	107	100	101	115	92	131	85	145	81	161	82	173	89	186	101	197	116	209	133	220	151	234	174	255	202	279	232	306	273	350	330	402	395	462	481	535	567	602	654	681	756	776	870	890	981	981	1000	943	851	750	578	509	354	356	254	302	231	286	221	275	207	266	190	253	169	237	144	221	121	204	97	187	80	168	68	150	69
64	170	1	2	119	0	1953125	12	0.0	0	1.00	0	0	V0.2	0	0	36	76	41	79	45	79	50	80	56	81	63	82	71	83	79	85	86	87	94	88	101	89	105	88	108	91	109	91	105	96	105	114	113	139	128	174	164	231	222	299	290	380	384	476	472	562	564	661	675	777	798	903	919	1000	957	945	823	708	546	421	295	227	150	161	110	156	113	159	123	162	129	156	128	148	123	139	122	128	115	117	107	104	99	93	89
64	170	1	2	119	0	1953125	12	0.0	0	1.01	0	0	V0.2	0	0	121	30	123	44	122	58	118	74	114	90	106	108	99	124	90	141	85	156	82	171	86	185	94	199	107	212	123	225	140	241	163	263	191	286	221	315	263	359	320	410	385	470	475	541	558	607	648	684	753	777	868	886	978	975	1000	935	851	739	577	500	358	350	264	296	243	279	233	268	222	260	203	248	182	234	157	220	131	204	106	187	84	171	69	155	65
64	170	1	2	119	0	1953125	12	0.0	0	1.00	0	0	V0.2	0	0	38	78	42	81	46	81	51	82	57	84	65	84	73	86	82	87	91	87	100	88	107	88	113	86	117	85	119	85	116	88	118	105	130	129	146	164	183	224	242	294	310	376	407	473	496	562	589	661	702	778	828	905	955	1000	992	938	861	698	582	403	324	205	181	142	134	148	129	157	130	162	130	161	126	153	123	147	118	136	111	126	103	111	94	97	87
64	170	1	2	119	0	1953125	12	0.0	0	1.01	0	0	V0.2	0	0	62	116	52	126	41	133	30	138	27	143	37	143	55	143	77	140	99	138	123	134	148	130	172	127	194	127	216	130	237	138	261	155	290	177	317	205	354	253	405	314	459	387	533	475	599	559	665	657	749	771	842	899	932	1000	947	959	815	744	567	488	359	342	254	299	220	291	203	282	194	270	183	250	172	226	166	199	159	171	154	140	149	109	145	82	142
64	170	1	2	119	0	1953125	12	0.0	0	1.00	0	0	V0.2	0	0	50	73	54	75	58	75	62	76	69	77	75	78	83	79	90	80	98	81	105	81	113	81	119	80	123	78	126	75	126	73	133	83	147	103	166	139	204	197	262	269	329	352	423	449	509	538	601	638	711	755	834	882	961	978	1000	920	866	686	587	395	328	197	189	133	144	136	136	149	136	155	133	156	130	154	126	145	118	134	110	122	101	109	93	97	86
64	170	1	2	119	0	1953125	12	0.0	0	1.01	0	0	V0.2	0	0	32	124	22	130	16	134	24	135	40	134	59	132	80	127	102	120	124	114	145	108	166	105	186	104	205	108	223	115	241	128	262	150	289	176	314	208	350	259	398	322	448	396	518	487	584	575	649	671	732	784	827	908	924	1000	946	945	829	724	591	461	388	309	288	265	257	255	244	245	235	231	226	211	217	188	206	160	194	132	182	103	169	79	157	62	143
64	170	1	2	119	0	1953125	12	0.0	0	1.02	0	0	V0.2	0	0	78	81	85	83	93	88	100	93	108	100	117	109	125	119	134	132	143	146	152	163	163	181	176	199	190	219	207	240	226	264	250	293	279	322	309	354	350	400	402	453	457	514	531	586	601	651	674	727	760	816	858	920	956	1000	977	957	855	764	618	536	433	400	351	347	324	322	307	300	287	279	266	256	244	233	220	209	196	188	176	168	158	153	145	141	136
64	170	1	2	119	0	1953125	12	0.0	0	1.00	0	0	V0.2	0	0	67	60	66	64	67	67	69	71	72	74	76	76	82	78	89	81	97	81	103	82	112	83	116	82	119	82	120	83	116	89	114	109	120	136	130	173	163	233	219	303	286	382	379	479	468	564	560	664	672	776	794	903	917	1000	949	952	812	726	533	441	280	241	148	157	132	134	145	129	155	128	160	125	156	119	148	115	139	112	127	106	113	98	99	90	87
64	170	1	2	119	0	1953125	12	0.0	0	1.00	0	0	V0.2	0	0	64	48	63	53	63	58	62	62	64	67	68	69	72	71	79	72	87	72	94	74	100	75	103	75	104	78	101	82	91	90	84	112	87	140	102	175	145	234	212	302	287	381	388	475	484	560	581	655	701	771	832	899	956	1000	989	951	844	720	555	425	298	212	167	112	143	96	149	110	153	123	150	132	143	136	134	134	123	129	113	121	104	112	98	102	91
64	170	1	2	119	0	1953125	12	0.0	0	1.01	0	0	V0.2	0	0	36	117	48	117	61	115	74	109	89	103	103	96	119	90	133	84	147	82	163	83	176	90	189	100	203	113	216	127	231	144	250	168	274	194	299	227	335	277	384	338	435	413	506	502	571	584	639	680	727	790	824	911	924	1000	954	948	835	723	596	462	391	310	288	268	255	260	240	252	229	239	218	222	205	200	193	175	179	147	169	121	159	96	149	73	142
64	170	1	2	119	0	1953125	12	0.0	0	1.00	0	0	V0.2	0	0	68	55	69	60	70	65	72	68	74	71	78	74	83	77	90	80	97	81	104	82	111	81	116	81	120	80	121	79	118	84	119	102	125	128	136	167	169	226	223	298	288	379	379	474	467	561	559	661	671	776	794	902	915	1000	948	950	812	725	534	440	279	241	146	161	125	140	140	134	150	132	156	129	154	122	147	116	139	109	125	103	114	98	98	88	87
64	170	1	2	119	0	1953125	12	0.0	0	1.01	0	0	V0.2	0	0	73	96	87	90	100	80	112	70	125	59	134	53	143	54	150	65	155	83	157	105	160	129	161	152	162	176	164	199	169	222	181	251	199	282	221	315	255	363	306	423	362	489	443	568	522	639	608	717	714	808	835	907	959	976	1000	912	880	695	625	441	414	280	325	221	305	199	299	187	288	175	272	165	250	156	224	149	197	143	166	139	135	137	105	136	78
64	170	1	2	119	0	1953125	12	0.0	0	1.00	0	0	V0.2	0	0	45	75	49	76	54	77	59	77	65	78	71	78	80	79	88	80	96	80	105	80	112	79	117	78	122	77	127	74	125	74	130	86	143	109	161	146	200	206	258	279	325	362	420	461	508	548	600	651	713	770	838	897	961	988	1000	930	864	691	583	397	326	201	184	139	137	142	130	156	130	161	130	162	127	157	124	147	117	136	110	125	103	111	95	98	87
64	170	1	2	119	0	1953125	12	0.0	0	1.01	0	0	V0.2	0	0	73	105	66	116	55	126	44	133	34	139	34	143	46	145	64	146	87	146	111	143	135	142	160	141	183	139	206	143	229	151	254	167	284	188	312	216	352	264	403	322	459	392	536	480	607	563	675	658	761	773	855	899	941	1000	954	962	816	753	561	501	350	353	244	313	210	305	193	296	182	284	170	265	159	243	152	217	146	188	141	157	139	126	138	97	139
64	170	1	2	119	0	1953125	12	0.0	0	1.00	0	0	V0.2	0	0	47	74	50	76	55	76	60	77	66	78	74	78	81	79	90	80	97	80	106	81	113	80	119	78	123	77	127	72	127	72	133	86	148	108	165	142	203	203	261	275	329	360	423	457	510	544	600	646	713	764	835	887	959	983	1000	924	864	685	584	395	329	199	186	135	140	141	134	153	134	159	132	160	126	153	122	146	117	136	108	124	101	110	93	97	86
64	170	1	2	119	0	1953125	12	0.0	0	1.01	0	0	V0.2	0	0	85	50	86	54	87	61	89	69	90	78	92	88	94	98	96	108	98	120	102	131	106	142	111	154	116	164	122	174	128	185	142	205	163	227	187	255	227	302	285	361	349	431	438	518	521	596	606	686	711	793	827	910	935	1000	955	952	820	735	549	465	321	294	219	231	201	215	202	205	202	197	197	185	184	172	172	156	158	141	142	126	126	113	112	101	98
64	170	1	2	119	0	1953125	12	0.0	0	1.00	0	0	V0.2	0	0	73	53	76	58	77	61	78	66	79	72	79	80	81	87	82	96	83	104	82	111	82	118	82	123	79	127	78	128	74	129	81	138	102	151	129	176	178	225	246	289	318	368	417	464	508	549	602	651	719	769	844	897	960	1000	990	955	842	728	551	441	298	236	169	145	149	124	160	122	166	125	168	126	161	121	151	119	142	112	129	106	115	97	101	91	90
64	170	1	2	119	0	1953125	12	0.0	0	1.00	0	0	V0.2	0	0	41	77	46	79	50	79	55	80	61	80	70	81	78	81	86	82	96	82	104	83	111	82	116	80	121	78	123	77	122	78	125	94	138	118	155	155	191	215	250	287	317	370	410	468	500	557	592	660	706	780	832	905	956	1000	994	945	863	703	582	409	323	210	176	148	131	151	125	161	126	165	129	163	127	156	122	149	118	136	111	124	103	110	96	97	88
64	170	1	2	119	0	1953125	12	0.0	0	1.01	0	0	V0.2	0	0	38	117	27	125	18	130	18	132	32	133	50	131	71	128	93	122	116	117	138	111	159	108	180	106	199	108	219	115	238	127	260	148	288	174	315	206	350	257	400	320	452	395	523	486	587	572	653	670	736	783	830	905	924	1000	948	951	826	726	588	467	383	317	285	275	254	266	241	255	233	242	224	222	214	197	204	170	192	140	181	111	170	86	158	67	147
64	170	1	2	119	0	1953125	12	0.0	5	1.02	0	0	V0.2	0	0	59	91	67	94	76	98	85	100	95	104	106	109	118	115	130	124	143	137	157	152	171	171	189	192	207	215	229	242	252	270	281	304	315	338	349	375	393	425	447	479	501	540	573	610	638	672	707	743	789	827	880	923	971	1000	994	962	877	780	656	567	480	434	397	377	362	346	334	316	308	291	278	261	250	234	222	208	196	186	176	167	158	154	147	144	140
64	170	1	2	119	0	1953125	12	0.0	0	1.01	0	0	V0.2	0	0	76	53	79	56	82	60	86	65	89	71	93	79	98	89	102	98	106	109	112	119	118	131	125	140	131	150	141	159	152	168	169	185	195	204	222	230	265	275	325	334	389	406	479	493	561	572	647	664	750	769	866	888	976	981	1000	931	858	712	581	440	356	268	256	206	238	192	236	188	230	184	219	175	206	166	189	153	170	141	152	128	135	117	119	106	103
64	170	1	2	119	0	1953125	12	0.0	0	1.01	0	0	V0.2	0	0	64	64	66	69	67	73	69	79	72	86	76	91	80	97	87	105	96	112	104	120	114	128	124	137	133	145	144	156	152	170	166	192	185	216	206	249	242	301	295	364	355	437	442	523	521	602	603	693	705	799	818	914	927	1000	955	942	824	715	560	447	332	289	223	243	195	238	191	233	186	224	179	213	170	198	158	181	147	163	133	145	122	127	110	112	100
64	170	1	2	119	0	1953125	12	0.0	0	1.01	0	0	V0.2	0	0	85	47	87	53	89	59	89	67	91	76	92	86	94	98	96	108	98	120	102	131	106	144	111	154	114	166	121	176	127	188	141	207	163	228	187	256	228	304	286	363	351	432	439	518	523	596	607	684	712	791	826	909	935	1000	956	950	816	732	546	465	318	291	217	232	203	214	204	205	203	195	198	182	187	167	173	156	160	140	143	126	127	113	112	100	98
64	170	1	2	119	0	1953125	12	0.0	0	1.01	0	0	V0.2	0	0	43	83	47	86	53	88	59	91	67	93	76	95	86	96	97	99	109	103	121	106	133	110	146	115	157	121	169	128	179	138	195	158	216	182	239	213	275	267	328	332	389	408	476	498	555	579	638	673	741	781	855	899	970	984	1000	926	869	695	599	423	368	259	255	213	224	213	214	213	205	208	194	200	181	187	167	172	153	157	138	140	123	123	111	110	101
64	170	1	2	119	0	1953125	12	0.0	0	1.01	0	0	V0.2	0	0	42	119	31	126	20	132	17	135	28	136	48	135	69	132	91	127	113	122	137	116	159	111	181	109	201	111	222	116	241	127	264	147	291	172	319	204	354	255	405	318	457	394	530	484	594	572	660	668	741	781	835	906	927	1000	948	951	823	728	584	470	380	319	280	279	250	271	236	261	228	247	219	226	208	200	197	175	189	144	177	115	168	88	157	68	148
64	170	1	2	119	0	1953125	12	0.0	0	1.00	0	0	V0.2	0	0	58	65	61	68	63	69	65	73	67	77	70	81	72	87	77	93	79	98	81	104	84	110	84	114	83	118	81	121	75	124	77	137	89	155	112	183	157	235	222	301	293	379	391	474	481	558	572	656	686	772	809	899	926	1000	957	955	814	726	529	440	277	242	147	159	127	140	141	137	150	136	156	132	152	128	147	122	139	114	127	106	116	97	103	90	91
64	170	1	2	119	0	1953125	12	0.0	0	1.01	0	0	V0.2	0	0	29	124	18	130	15	134	25	135	42	134	62	130	83	125	105	119	126	112	147	106	168	102	187	103	206	106	224	116	241	128	263	152	288	176	314	210	350	261	397	324	448	400	519	491	584	579	650	676	733	787	828	908	925	1000	951	947	834	722	596	460	394	306	293	261	263	252	251	241	242	226	234	207	223	180	211	155	198	127	186	101	172	77	158	62	144
64	170	1	2	119	0	1953125	12	0.0	0	1.00	0	0	V0.2	0	0	39	81	44	83	49	84	55	84	61	84	70	84	77	84	87	86	96	85	104	85	112	85	118	84	122	83	125	82	122	84	125	102	134	125	149	161	183	220	240	293	308	376	402	472	490	561	582	661	692	777	817	904	942	1000	980	943	848	702	573	412	316	217	170	154	122	155	117	163	121	165	124	163	123	154	118	146	115	134	109	120	102	108	94	94	86
64	170	1	2	119	0	1953125	12	0.0	0	1.01	0	0	V0.2	0	0	79	56	81	62	82	67	83	75	85	84	87	93	90	101	92	110	97	121	102	129	108	139	114	149	121	159	127	169	133	182	144	203	163	225	184	254	221	302	277	364	339	435	428	521	509	599	593	688	695	795	811	912	916	1000	944	951	809	730	543	462	315	293	207	237	187	225	188	217	185	207	181	195	172	177	160	163	147	147	134	130	120	115	107	102	95
64	170	1	2	119	0	1953125	12	0.0	0	1.01	0	0	V0.2	0	0	78	58	82	62	86	65	88	70	92	75	96	83	101	90	106	100	111	109	116	120	123	130	130	139	136	148	146	156	156	163	174	178	198	195	225	221	267	265	327	325	390	396	479	482	559	562	645	654	748	760	863	876	972	969	1000	921	856	700	584	433	358	257	257	196	235	184	229	181	223	177	212	169	199	159	181	149	164	136	146	123	128	111	113	101	98
64	170	1	2	119	0	1953125	12	0.0	0	1.01	0	0	V0.2	0	0	77	49	80	53	83	57	86	62	90	69	93	78	96	87	101	98	105	110	109	121	115	134	122	145	129	157	139	166	150	177	168	195	194	214	221	241	265	287	327	347	391	418	482	506	565	584	649	674	754	780	869	898	975	986	1000	941	855	720	579	450	353	275	257	215	241	200	240	195	234	189	225	180	211	168	195	156	176	143	157	130	138	118	121	107	107
64	170	1	2	119	0	1953125	12	0.0	0	1.01	0	0	V0.2	0	0	79	56	80	62	82	68	83	75	84	83	86	93	89	101	92	110	97	120	102	129	109	140	115	149	120	159	127	169	132	181	144	201	163	225	184	255	221	303	276	364	340	436	427	520	508	599	593	688	694	793	806	909	915	1000	942	947	806	725	539	459	314	295	207	237	187	225	186	216	185	208	181	194	172	181	160	163	147	146	133	130	120	115	107	102	95
64	170	1	2	119	0	1953125	12	0.0	0	1.01	0	0	V0.2	0	0	82	46	85	51	87	56	89	63	92	71	93	81	97	92	99	103	103	115	107	126	109	138	115	150	121	161	130	172	138	182	155	201	181	223	208	249	251	295	312	354	376	425	467	512	550	591	637	680	742	789	859	908	967	1000	989	953	849	733	570	461	342	284	244	221	230	205	229	198	226	192	217	181	206	170	190	156	172	141	153	128	137	116	119	104	104
64	170	1	2	119	0	1953125	12	0.0	0	1.01	0	0	V0.2	0	0	78	45	79	51	80	58	81	66	83	75	84	83	87	95	90	105	94	116	98	127	104	138	109	149	114	160	123	173	129	185	143	206	164	229	189	260	228	309	286	368	348	439	436	524	517	601	600	689	703	795	815	910	922	1000	946	948	808	727	541	463	319	298	216	241	199	229	201	220	200	211	193	199	185	184	173	168	159	152	143	135	127	120	116	108	102
64	170	1	2	119	0	1953125	12	0.0	0	1.01	0	0	V0.2	0	0	92	96	85	109	76	120	65	131	53	139	45	147	45	152	56	156	75	159	97	160	121	161	146	162	170	163	194	167	216	175	243	190	273	209	301	235	342	282	395	337	455	405	535	487	607	566	682	659	772	772	868	898	956	999	964	969	820	765	554	515	334	367	227	325	194	314	175	307	160	296	149	279	135	256	122	232	116	205	114	175	114	145	118	116	123
64	170	1	2	119	0	1953125	12	0.0	0	1.01	0	0	V0.2	0	0	76	53	78	56	82	60	85	65	89	71	93	80	98	88	102	98	107	108	112	119	120	130	125	140	132	150	142	158	152	168	171	184	195	203	223	230	266	276	327	334	390	405	479	492	560	570	646	662	750	768	866	888	976	980	1000	930	857	710	581	439	354	265	256	204	238	191	233	187	228	182	218	174	205	164	188	153	171	140	151	127	134	116	118	105	103
64	170	1	2	119	0	1953125	12	0.0	0	1.01	0	0	V0.2	0	0	49	87	54	89	61	90	69	90	77	93	87	95	96	96	106	99	118	101	129	105	141	110	152	115	163	120	174	125	184	133	200	152	222	173	244	205	281	258	334	324	394	400	480	493	558	574	640	669	742	777	855	895	969	984	1000	925	869	696	598	424	364	259	249	213	215	213	203	213	194	209	182	199	170	188	158	173	141	155	129	138	117	121	105	107	94
64	170	1	2	119	0	1953125	12	0.0	0	1.01	0	0	V0.2	0	0	54	76	57	79	60	83	63	87	68	92	75	95	83	100	92	104	103	109	113	113	125	121	136	126	147	134	158	144	167	155	181	177	201	202	223	235	258	289	311	353	370	427	455	515	535	596	619	690	720	798	834	914	947	1000	979	942	851	712	583	440	352	279	237	234	205	231	198	229	191	222	184	211	172	197	159	181	147	163	134	145	121	127	109	111	99
64	170	1	2	119	0	1953125	12	0.0	0	1.01	0	0	V0.2	0	0	80	41	82	46	84	52	87	61	88	70	90	80	92	90	95	102	98	114	101	127	106	140	111	151	117	164	124	175	133	187	149	207	173	230	199	257	242	305	303	364	366	434	455	517	537	595	623	685	726	789	840	909	948	1000	970	951	827	731	556	465	331	293	236	233	222	217	222	208	220	199	213	187	200	174	186	160	170	146	153	131	135	118	120	106	106
64	170	1	2	119	0	1953125	12	0.0	0	1.01	0	0	V0.2	0	0	87	49	89	54	91	60	93	68	94	77	95	87	97	98	100	109	102	120	105	132	109	144	113	155	118	165	123	174	131	186	145	203	167	224	192	251	233	297	293	355	356	424	445	509	528	588	615	680	721	787	837	906	945	1000	972	954	832	736	559	467	328	290	228	225	211	207	212	198	209	188	203	177	191	166	177	151	161	137	144	124	128	111	113	98	97
64	170	1	2	119	0	1953125	12	0.0	0	1.00	0	0	V0.2	0	0	38	81	44	82	47	81	53	82	59	83	68	82	76	82	85	83	94	83	103	83	110	83	117	82	120	81	123	80	121	83	123	100	134	124	149	160	184	221	241	293	309	374	403	471	491	560	584	661	695	778	818	906	943	1000	981	942	851	703	572	409	315	213	168	152	122	153	116	161	121	165	124	163	124	159	122	147	117	135	109	122	102	109	95	97	87
64	170	1	2	119	0	1953125	12	0.0	0	1.01	0	0	V0.2	0	0	59	106	75	101	89	94	103	84	117	72	128	62	140	58	149	61	157	74	163	92	168	115	172	138	174	162	179	186	186	209	198	240	217	271	237	305	271	356	319	415	373	484	451	566	527	640	611	722	715	815	833	915	955	984	1000	918	886	694	635	435	424	272	335	212	317	191	309	175	299	163	284	152	265	141	240	134	213	128	182	127	152	127	121	130	93
64	170	1	2	119	0	1953125	12	0.0	0	1.00	0	0	V0.2	0	0	53	68	57	69	60	71	64	72	70	73	74	75	82	77	89	79	96	80	103	82	110	81	114	81	119	79	122	75	122	72	130	83	145	102	166	136	205	193	263	264	331	347	424	442	511	532	603	633	713	749	836	875	962	973	1000	918	868	684	584	393	328	194	188	126	144	131	140	144	139	150	138	152	131	148	126	142	119	132	110	121	102	109	94	97	87
64	170	1	2	119	0	1953125	12	0.0	0	1.01	0	0	V0.2	0	0	32	118	46	118	61	114	78	109	93	101	110	92	125	84	140	78	154	80	167	85	178	99	188	115	197	135	206	155	216	176	231	205	253	234	273	270	308	321	355	383	406	455	478	543	548	624	624	713	719	814	830	925	947	1000	989	934	882	705	635	435	429	270	332	213	310	194	301	179	293	165	281	148	266	128	244	112	222	99	196	92	171	92	144	98	118
64	170	1	2	119	0	1953125	12	0.0	0	1.01	0	0	V0.2	0	0	103	67	111	60	119	52	124	44	131	36	135	33	139	35	142	45	144	58	145	74	145	88	145	102	145	113	146	120	147	124	158	134	178	148	201	171	239	217	293	285	352	368	432	470	507	564	589	670	690	787	808	913	927	999	975	930	862	679	601	379	365	183	242	122	209	132	207	142	207	146	207	143	201	135	193	122	183	107	172	90	160	71	148	54	136
64	170	1	2	119	0	1953125	12	0.0	0	1.00	0	0	V0.2	0	0	61	60	63	62	65	66	67	69	68	73	70	79	72	84	74	91	78	98	79	104	80	111	81	115	79	120	77	120	70	124	74	136	91	153	117	182	163	232	229	298	301	375	398	469	490	557	586	657	700	772	821	901	937	1000	963	949	819	727	533	439	278	235	150	151	131	131	145	130	156	132	160	129	155	124	150	120	141	113	128	105	117	99	104	90	91
64	170	1	2	119	0	1953125	12	0.0	0	1.00	0	0	V0.2	0	0	66	55	68	57	70	62	72	66	73	71	74	76	74	84	77	92	76	99	78	107	79	114	78	119	77	123	73	124	69	127	75	137	95	154	123	181	170	231	239	295	311	375	409	468	499	555	597	657	712	770	832	900	953	1000	973	948	828	725	541	438	283	233	157	148	142	126	154	126	162	126	165	128	161	123	154	119	144	114	132	106	119	100	106	92	93
64	170	1	2	119	0	1953125	12	0.0	0	1.01	0	0	V0.2	0	0	103	65	115	54	125	41	132	30	139	30	142	44	144	64	142	87	139	113	133	137	129	161	125	185	122	208	124	229	128	250	141	278	165	306	190	337	230	383	285	435	350	495	437	569	527	634	622	706	731	792	852	891	970	961	1000	908	864	712	598	471	380	319	291	265	271	247	261	238	248	231	229	223	207	215	179	205	149	193	118	182	91	169	70	155	60
64	170	1	2	119	0	1953125	12	0.0	0	1.00	0	0	V0.2	0	0	55	65	57	67	60	70	64	73	65	76	68	80	72	85	75	91	79	97	82	103	85	108	86	111	85	115	82	117	76	120	76	135	89	153	113	184	157	234	221	300	291	377	388	472	477	558	573	659	685	772	807	902	925	1000	956	952	814	727	533	439	277	241	147	161	126	141	138	140	148	138	153	133	151	128	145	122	138	114	126	107	115	98	103	91	91
64	170	1	2	119	0	1953125	12	0.0	0	1.00	0	0	V0.2	0	0	37	69	41	69	45	71	50	71	56	72	63	71	70	72	77	73	85	72	93	72	100	72	104	70	108	68	109	64	105	66	107	83	117	110	136	148	173	208	232	280	301	362	395	461	486	553	582	656	695	775	822	905	947	1000	987	942	856	705	575	408	314	205	162	137	113	140	110	150	117	157	120	156	120	152	120	142	116	133	111	122	105	111	99	99	91
64	170	1	2	119	0	1953125	12	0.0	0	1.01	0	0	V0.2	0	0	98	71	97	79	95	87	91	96	86	103	81	112	74	120	69	130	64	138	62	148	61	156	61	163	62	169	63	173	60	179	64	194	78	213	101	242	141	289	201	348	270	419	366	504	461	580	563	668	685	767	819	879	954	961	999	904	868	684	584	412	336	222	225	137	212	112	221	104	227	100	228	97	221	90	210	85	194	79	176	75	158	74	138	75	119
64	170	1	2	119	0	1953125	12	0.0	0	1.01	0	0	V0.2	0	0	38	111	47	111	57	109	67	105	78	101	89	95	100	88	112	83	124	76	135	70	146	66	156	63	165	61	171	58	176	58	186	70	203	90	226	120	263	173	317	238	379	318	461	415	540	512	623	622	719	749	827	890	931	1000	951	958	815	732	548	443	308	259	173	210	126	214	113	223	110	226	107	222	102	214	96	200	93	184	89	165	87	144	87	122	88
64	170	1	2	119	0	1953125	12	0.0	0	1.01	0	0	V0.2	0	0	119	7	123	13	125	23	126	36	126	50	123	64	119	79	115	95	109	111	103	126	97	139	91	152	84	161	80	168	76	172	82	185	98	201	121	229	160	275	217	336	280	410	369	498	458	580	557	672	675	774	810	888	947	968	1000	907	876	682	597	403	348	211	232	128	216	104	223	99	227	98	226	94	219	88	208	84	193	79	174	76	155	76	134	78	112
64	170	1	2	119	0	1953125	12	0.0	0	1.01	0	0	V0.2	0	0	92	62	100	57	108	51	115	44	120	38	124	36	129	38	132	48	135	59	136	73	138	87	139	100	140	111	140	117	141	121	150	131	171	147	196	174	235	222	289	287	346	368	425	465	503	560	588	665	691	782	809	909	932	1000	978	932	861	687	601	390	362	194	242	134	210	137	207	145	208	148	208	145	202	136	195	124	183	108	171	93	159	77	147	62	134
64	170	1	2	119	0	1953125	12	0.0	0	1.01	0	0	V0.2	0	0	62	92	72	90	82	85	91	79	101	73	109	66	118	60	127	57	136	57	143	61	150	68	157	76	161	83	167	89	171	94	185	107	206	125	230	154	268	204	320	270	378	350	454	449	530	544	609	652	705	773	815	906	925	999	960	942	841	701	582	405	350	223	231	176	196	182	189	191	188	192	185	187	181	176	173	161	164	141	156	122	147	102	139	80	131
64	170	1	2	119	0	1953125	12	0.0	0	1.01	0	0	V0.2	0	0	8	121	14	124	23	127	33	126	46	125	58	122	72	119	87	115	102	111	117	105	132	100	144	94	155	89	163	86	167	87	175	101	190	123	210	153	245	204	300	266	366	340	454	431	542	520	632	624	738	747	852	887	959	1000	976	967	824	753	537	472	282	286	144	226	103	222	101	226	104	227	101	223	97	214	89	203	80	188	70	171	62	155	55	138	52
64	170	1	2	119	0	1953125	12	0.0	0	1.01	0	0	V0.2	0	0	114	8	118	19	120	30	120	42	118	56	115	69	110	85	105	99	98	114	92	130	86	143	79	154	73	164	69	170	67	177	73	193	92	213	115	242	156	291	214	353	282	424	372	512	466	591	567	678	687	779	822	890	955	966	1000	904	867	684	583	411	332	223	223	144	214	121	223	116	229	114	228	112	223	108	209	105	192	100	172	98	153	98	130	99	107
64	170	1	2	119	0	1953125	12	0.0	0	1.00	0	0	V0.2	0	0	46	64	48	65	52	66	57	67	62	68	67	68	73	70	80	71	88	72	95	72	101	72	107	70	110	68	112	62	110	60	115	74	130	100	151	138	192	199	251	271	320	352	414	453	506	544	601	649	715	770	842	897	963	988	1000	929	868	695	586	396	322	193	174	124	128	131	122	146	124	153	127	156	128	152	121	144	116	135	111	125	105	114	99	102	91
64	170	1	2	119	0	1953125	12	0.0	0	1.00	0	0	V0.2	0	0	34	70	38	72	42	73	48	73	54	73	61	73	68	73	76	73	83	74	92	75	99	74	104	73	107	72	107	70	101	73	103	91	112	118	130	156	168	217	227	288	296	370	390	467	480	556	575	660	689	778	814	906	937	1000	974	945	846	708	566	411	305	211	156	144	108	143	108	153	115	157	122	157	122	150	123	142	119	131	114	121	108	111	101	100	93
64	170	1	2	119	0	1953125	12	0.0	0	1.01	0	0	V0.2	0	0	112	31	119	23	124	14	127	13	129	21	130	36	130	51	128	68	126	87	124	104	119	120	115	134	110	146	108	154	107	160	117	174	136	193	160	220	198	270	255	335	315	412	399	506	484	594	577	691	690	799	820	915	951	990	1000	917	881	680	611	390	365	192	252	115	232	103	235	104	240	106	240	101	234	94	221	86	207	77	192	70	173	65	153	65	134
64	170	1	2	119	0	1953125	12	0.0	0	1.02	0	0	V0.2	0	0	92	68	95	75	99	84	102	94	106	105	110	116	117	128	124	141	135	154	147	168	162	182	177	198	195	215	215	233	236	254	262	282	292	312	322	346	361	393	411	448	464	510	535	584	604	653	676	732	763	823	859	926	956	1000	984	953	869	755	636	525	448	396	357	349	324	328	303	309	282	288	261	264	237	239	217	216	194	192	175	172	158	155	146	143	136
64	170	1	2	119	0	1953125	12	0.0	0	1.00	0	0	V0.2	0	0	37	77	42	78	46	79	53	80	59	80	67	81	74	81	82	82	91	83	100	83	107	84	113	84	116	83	117	82	114	85	116	102	125	128	143	164	179	223	238	294	304	374	397	471	486	560	580	663	693	780	816	905	938	1000	975	942	845	707	568	414	310	217	165	154	121	154	117	160	123	164	126	161	126	154	122	144	118	134	112	121	106	109	98	97	89
64	170	1	2	119	0	1953125	12	0.0	0	1.00	0	0	V0.2	0	0	40	79	44	81	49	81	54	82	61	82	68	83	75	85	83	86	91	87	99	89	106	89	111	90	114	89	114	89	110	92	111	109	120	134	137	170	173	227	229	295	296	375	388	470	477	560	572	660	684	777	806	905	929	1000	967	945	838	713	562	424	308	228	162	161	118	156	115	159	123	162	127	159	128	152	125	141	119	129	112	117	106	105	97	94	87
64	170	1	2	119	0	1953125	12	0.0	0	1.01	0	0	V0.2	0	0	120	7	125	16	126	27	127	39	125	52	122	68	118	83	113	98	107	114	100	129	94	143	86	154	80	164	74	170	70	175	77	188	94	206	117	234	156	281	214	343	280	416	369	505	462	587	562	677	682	780	816	892	950	966	999	906	876	683	594	405	344	216	230	131	215	107	221	101	228	99	227	97	220	91	208	86	192	83	174	81	154	82	134	82	111
64	170	1	2	119	0	1953125	12	0.0	0	1.01	0	0	V0.2	0	0	115	13	121	11	125	18	126	29	126	43	124	57	122	72	118	89	114	104	109	119	103	134	98	146	91	155	86	162	84	167	90	179	108	197	132	224	171	272	227	335	292	410	379	500	466	584	564	678	680	782	813	897	947	974	999	912	877	680	598	398	352	205	236	122	218	102	223	99	228	97	227	95	221	88	209	83	194	77	176	73	158	72	138	72	118
64	170	1	2	119	0	1953125	12	0.0	0	1.01	0	0	V0.2	0	0	114	6	118	15	121	26	121	38	120	52	117	65	114	80	108	96	103	111	97	126	91	140	85	151	79	160	74	167	72	173	78	185	96	205	120	235	161	283	219	345	284	417	373	506	466	588	566	677	684	778	818	892	954	969	1000	904	870	683	589	406	341	216	229	134	214	112	222	108	229	106	227	103	220	98	207	95	192	90	174	88	155	88	133	89	111
64	170	1	2	119	0	1953125	12	0.0	0	1.01	0	0	V0.2	0	0	118	17	121	28	122	40	121	53	118	66	114	79	108	93	101	108	95	122	88	135	82	147	76	158	69	165	65	172	62	177	66	190	83	209	107	237	147	284	206	346	273	417	367	504	460	581	562	669	683	771	818	881	951	960	1000	905	868	686	579	414	330	228	218	146	204	120	213	114	219	111	218	109	213	106	198	102	183	98	163	96	144	94	122	95	99
64	170	1	2	119	0	1953125	12	0.0	0	1.01	0	0	V0.2	0	0	89	76	87	86	84	95	79	103	73	111	67	119	62	127	59	136	58	143	61	151	67	158	75	163	82	168	89	175	93	182	101	200	116	223	138	253	176	301	233	360	304	425	397	507	494	582	596	668	712	766	843	881	968	967	999	919	855	710	564	445	317	265	211	193	203	172	212	165	217	161	215	156	205	148	194	140	176	134	158	128	136	123	113	119	90
64	170	1	2	119	0	1953125	12	0.0	0	1.00	0	0	V0.2	0	0	70	35	71	38	73	44	73	48	75	54	74	60	76	67	78	73	80	79	83	84	86	88	88	89	90	87	92	81	93	73	103	74	126	89	153	118	197	173	260	245	329	326	422	424	512	515	605	616	717	735	841	863	962	959	1000	908	864	680	578	388	319	185	177	107	135	110	132	127	133	137	131	141	126	141	124	137	117	129	109	120	102	111	96	99	89
64	170	1	2	119	0	1953125	12	0.0	0	1.00	0	0	V0.2	0	0	50	70	53	71	57	72	61	71	66	73	72	74	79	75	86	76	94	78	101	79	108	79	114	78	118	76	121	72	121	70	127	83	142	104	163	140	203	200	261	270	329	353	422	450	510	541	605	643	716	760	839	885	962	980	1000	920	865	687	584	395	326	196	184	131	141	135	135	149	138	156	135	157	130	153	126	146	120	136	112	124	104	111	96	100	89
64	170	1	2	119	0	1953125	12	0.0	0	1.01	0	0	V0.2	0	0	88	79	101	70	112	60	123	48	131	41	138	43	142	54	145	74	146	97	145	121	143	146	142	169	140	192	142	214	146	236	157	265	178	294	201	326	238	374	292	430	352	493	436	568	520	636	613	711	720	798	841	896	961	965	999	910	873	702	609	455	397	302	308	245	289	225	280	213	269	206	253	196	227	187	202	180	172	170	142	163	113	155	85	148	66
64	170	1	2	119	0	1953125	12	0.0	0	1.00	0	0	V0.2	0	0	35	77	39	77	45	79	49	79	57	80	64	81	72	81	80	82	88	84	97	84	104	85	109	86	112	85	113	86	109	89	110	107	119	132	136	169	171	227	229	298	296	377	389	473	478	562	572	663	685	778	805	904	928	1000	964	941	834	708	559	418	302	223	158	159	115	155	115	162	122	162	124	160	126	151	124	142	120	132	114	120	107	107	97	95	90
64	170	1	2	119	0	1953125	12	0.0	0	1.01	0	0	V0.2	0	0	59	107	75	102	89	94	103	85	117	74	129	66	140	60	149	64	158	77	164	94	169	117	174	139	177	163	182	186	188	209	199	238	218	268	239	304	273	353	321	413	375	481	451	562	527	638	612	721	714	813	832	916	955	986	1000	915	882	692	631	434	423	271	333	211	312	189	304	174	294	161	280	151	262	138	236	130	209	124	180	122	150	122	121	125	93
64	170	1	2	119	0	1953125	12	0.0	0	1.00	0	0	V0.2	0	0	65	48	65	52	67	55	68	58	72	61	75	64	79	68	84	73	90	76	95	77	102	79	105	77	110	75	114	69	115	65	124	74	140	95	163	131	203	191	261	265	330	350	424	448	511	540	605	644	716	761	838	887	962	985	1000	922	862	685	579	392	320	194	174	131	129	139	122	153	125	160	128	161	126	156	122	148	117	137	112	126	105	113	100	100	91
64	170	1	2	119	0	1953125	12	0.0	0	1.00	0	0	V0.2	0	0	43	76	47	78	51	79	57	79	64	79	71	80	80	81	88	81	97	81	105	82	113	81	119	79	122	76	125	74	125	75	130	92	142	115	161	152	197	212	256	285	322	366	417	465	506	556	601	659	713	777	837	905	962	998	1000	935	866	699	585	403	326	207	182	146	135	149	128	159	129	164	130	165	130	159	124	150	118	138	111	125	103	112	96	99	89
64	170	1	2	119	0	1953125	12	0.0	0	1.01	0	0	V0.2	0	0	22	125	11	130	13	133	29	133	47	131	67	125	88	120	108	112	130	104	150	99	171	96	189	97	207	103	224	114	240	129	263	153	288	181	314	216	349	267	397	331	447	407	517	498	580	585	648	684	732	792	826	911	922	1000	950	940	835	712	597	451	396	298	301	254	274	244	261	232	253	216	244	198	235	173	221	148	208	119	192	93	178	74	162	64	146
64	170	1	2	119	0	1953125	12	0.0	0	1.00	0	0	V0.2	0	0	77	41	77	45	80	50	80	56	82	62	84	68	86	74	87	81	92	87	94	93	97	96	100	99	104	98	107	94	112	88	123	91	144	102	170	130	212	183	274	252	342	333	435	430	524	519	615	622	727	738	849	864	968	957	1000	902	865	677	582	390	328	191	193	120	154	121	146	136	146	146	144	151	135	145	129	140	121	132	112	121	102	109	94	97	86
64	170	1	2	119	0	1953125	12	0.0	0	1.01	0	0	V0.2	0	0	60	110	75	106	89	98	104	88	118	76	131	66	143	58	152	61	160	73	168	92	172	114	176	138	179	161	185	185	191	209	202	239	221	269	241	305	275	354	322	414	375	483	452	567	528	641	612	723	715	816	833	915	953	984	1000	915	886	690	636	432	430	269	340	208	320	186	311	172	301	160	288	145	266	134	244	126	216	122	185	120	155	122	124	125	95
64	170	1	2	119	0	1953125	12	0.0	0	1.00	0	0	V0.2	0	0	33	70	37	71	42	72	46	73	51	75	57	76	63	78	69	80	76	83	82	85	86	88	89	90	90	92	89	94	82	99	80	117	87	141	105	176	146	232	209	301	279	380	375	476	464	561	558	663	671	777	791	902	907	1000	942	946	806	714	527	426	273	229	131	155	98	144	111	145	125	145	133	142	135	135	135	129	130	121	123	111	114	101	104	93	94
64	170	1	2	119	0	1953125	12	0.0	0	1.01	0	0	V0.2	0	0	15	125	30	126	45	124	62	120	81	113	98	105	117	95	134	87	150	82	165	82	179	90	192	102	204	118	217	137	229	157	245	185	268	215	290	251	324	303	370	365	420	440	489	529	555	612	629	706	719	809	824	921	934	1000	975	932	864	700	626	434	424	272	329	221	305	206	296	191	286	173	276	155	263	133	243	112	224	94	201	82	177	78	154	83	131
64	170	1	2	119	0	1953125	12	0.0	0	1.01	0	0	V0.2	0	0	58	105	73	100	87	94	101	84	115	75	127	66	138	60	148	64	156	76	162	93	168	115	173	138	176	161	181	184	188	208	200	237	219	267	239	303	275	352	322	412	376	481	452	563	529	637	612	721	717	815	833	916	955	986	1000	919	883	695	632	436	424	274	335	215	315	193	307	177	297	164	281	153	263	142	240	131	212	125	182	123	152	123	123	125	94
64	170	1	2	119	0	1953125	12	0.0	0	1.01	0	0	V0.2	0	0	58	105	73	100	87	94	101	84	115	75	127	66	138	60	148	64	156	76	162	93	168	115	173	138	176	161	181	184	188	208	200	237	219	267	239	303	275	352	322	412	376	481	452	563	529	637	612	721	717	815	833	916	955	986	1000	919	883	695	632	436	424	274	335	215	315	193	307	177	297	164	281	153	263	142	240	131	212	125	182	123	152	123	123	125	94
64	170	1	2	119	0	1953125	12	0.0	5	1.02	0	0	V0.2	0	0	79	71	86	75	92	79	99	85	105	93	111	103	117	115	124	129	132	146	142	165	153	184	167	206	185	229	206	255	231	282	259	315	293	348	327	386	370	434	422	487	475	547	544	616	609	679	677	750	757	833	845	926	934	1000	959	958	850	775	634	565	462	440	375	388	338	358	309	329	284	303	257	270	229	240	205	214	184	189	166	170	152	154	142	143	136
64	170	1	2	119	0	1953125	12	0.0	0	1.00	0	0	V0.2	0	0	52	71	54	72	56	74	61	76	66	77	73	79	80	79	89	80	97	80	105	80	111	79	117	78	122	76	124	76	123	78	126	95	137	121	152	157	185	218	241	289	305	372	398	471	486	558	576	660	688	777	808	903	930	1000	969	943	836	707	562	418	304	224	159	162	114	159	115	166	123	166	129	162	130	152	127	143	123	129	116	117	109	105	99	93	89
64	170	1	2	119	0	1953125	12	0.0	0	1.00	0	0	V0.2	0	0	43	75	47	77	50	78	55	80	59	81	65	84	71	87	77	89	83	93	89	95	94	98	97	101	100	104	98	106	93	112	92	129	99	150	116	183	153	237	214	305	284	383	377	477	464	561	557	662	671	775	789	901	908	1000	943	948	809	721	534	435	282	240	144	169	114	157	121	155	132	153	136	150	137	141	136	131	130	121	120	110	111	99	101	90	90
64	170	1	2	119	0	1953125	12	0.0	0	1.01	0	0	V0.2	0	0	11	122	25	123	39	123	57	119	74	113	92	105	110	97	128	88	144	83	160	82	176	88	188	99	201	114	214	133	228	153	245	181	268	210	290	245	324	296	371	360	420	433	490	523	557	607	627	699	718	804	823	919	933	1000	973	936	863	704	624	439	422	279	329	227	304	212	296	197	288	182	276	162	262	140	244	118	224	98	201	84	179	79	157	84	133
64	170	1	2	119	0	1953125	12	0.0	0	1.00	0	0	V0.2	0	0	57	53	59	54	61	57	63	61	64	65	65	71	67	76	68	84	70	90	71	98	72	103	70	108	67	109	65	111	58	110	63	120	83	135	114	162	163	214	231	280	303	359	403	455	493	542	589	643	704	761	830	894	953	1000	984	955	836	726	545	437	284	228	151	135	130	112	143	114	152	117	157	121	155	120	150	117	140	114	130	108	119	103	107	96	93
64	170	1	2	119	0	1953125	12	0.0	0	1.01	0	0	V0.2	0	0	83	87	97	79	110	69	120	56	130	47	138	44	144	52	148	69	150	91	151	115	150	138	150	162	148	186	149	209	154	232	164	260	183	290	204	321	239	368	291	425	350	489	432	565	515	634	605	708	711	796	834	897	959	968	1000	906	874	695	615	449	403	291	314	231	295	210	287	199	276	190	260	182	236	172	210	166	182	158	150	154	120	148	91	143	68
64	170	1	2	119	0	1953125	12	0.0	0	1.00	0	0	V0.2	0	0	37	81	41	82	46	82	52	83	58	84	65	84	74	85	81	86	90	87	98	88	105	89	111	89	113	90	114	92	111	96	111	113	118	136	131	171	166	229	224	299	291	379	384	476	475	564	565	661	675	778	799	905	920	1000	957	942	826	708	552	420	298	227	155	163	114	157	112	161	120	161	124	158	129	154	123	141	119	129	112	117	105	104	95	92	86
64	170	1	2	119	0	1953125	12	0.0	0	1.01	0	0	V0.2	0	0	42	84	45	86	51	89	57	91	66	92	75	94	87	96	97	98	109	101	121	104	134	109	147	113	158	118	170	126	181	136	197	155	218	180	240	212	279	265	331	330	391	405	478	497	558	578	642	670	741	776	853	894	968	979	1000	921	869	690	598	419	368	256	256	212	226	211	215	211	206	206	195	195	183	187	169	173	154	157	140	139	124	124	110	110	99
